-6.000088724413312757e-01
-5.998487229886273475e-01
1.000057370817357461e+00
-2.705019881199670351e-02
-9.999898822509739604e-01
-7.900544801955411423e-01
-5.999981286968683047e-01
1.278357528101247559e-02
-8.071117723337504213e-01
-2.448079037070081398e-01
1.000749876023949020e-01
-1.000069017771854307e+00
1.938388565884789916e-01
-4.377403819320289241e-02
2.138339885931402062e-01
3.853574054171449714e-01
-6.452871527691089737e-02
-1.000113698782876703e+00
1.818366341967862509e-01
-1.029653648581152076e-01
3.842265048486043222e-01
3.981908963695293124e-01
-1.683498772076686967e-01
-8.087385348663813645e-01
-9.999537350782861100e-01
4.057171978142435353e-01
-3.288427453863607131e-01
-6.000378127878496226e-01
-3.093721610640153274e-01
1.000196719924787286e-01
-9.999637846791109563e-01
-8.178785411588230803e-01
-7.887671560569711193e-01
-9.997768516021884322e-01
-1.296017154485567917e-02
1.000041970427607119e+00
-9.999635279971681445e-01
9.999501711685643279e-01
4.085337043401789936e-01
-5.999330134983573704e-01
1.000145749150163965e+00
-7.981328088520387443e-01
-1.496974223425189265e-01
1.000071142710724365e-01
-3.107748320945726839e-01
4.002932343337745058e-01
9.999110135897379403e-02
1.000124393680505985e-01
1.000064532738175749e-01
1.977050559276236907e-01
-1.000104877718503760e+00
-7.983046156227872059e-01
3.951761288801700078e-01
3.971694948242972534e-01
-3.623648818191904653e-01
-9.999871685593103576e-01
-7.955211421749662781e-01
3.930245602124940452e-01
8.274402853428461727e-03
-1.000033628327792634e+00
-8.286326829158198806e-03
3.932516216024141698e-01
-1.000066071674983847e+00
-3.642872039925608152e-01
-9.999779540902374864e-01
9.985498226006397915e-02
-1.000003364933071959e+00
4.096843928540203073e-02
-8.077735502432887849e-01
4.129709615584647442e-01
-6.000529859328117555e-01
-3.143625901609560791e-01
9.999136685322175533e-02
1.669593852473361117e-02
2.030050960544248773e-01
1.000937991936982074e-01
1.953278592995160712e-01
1.000194844141178097e+00
-1.543724718668149087e-02
-8.202725617984287787e-01
4.023022808068434375e-01
4.014882075748169576e-01
2.329269432171596765e-01
1.949762528787412907e-01
1.000093683079186890e+00
4.042237870942498867e-01
-1.000121461529295042e+00
-6.000363353497329966e-01
-1.000101637544331679e+00
4.080772912175551631e-02
-1.000264206483129970e+00
9.990004099750027233e-02
9.993157033612616591e-02
-6.001378620110177087e-01
-5.833114783121633867e-03
-8.050092719755935766e-01
-7.869507269025197704e-01
-3.585030308303915336e-01
4.042733697966349737e-01
-3.243438304374722247e-01
3.906003186155836415e-01
-7.980632867159391797e-01
-3.065233262408575965e-01
1.001636410785610304e-01
9.987526831143996031e-02
1.000045554801135550e+00
3.937436601332684055e-02
4.105487879182549982e-01
1.001402895286878925e-01
-3.170157687647993661e-01
1.923375715871250280e-01
-2.604469592542355549e-01
-6.000568084152013704e-01
9.998313562223121176e-01
4.179510665829552218e-01
1.948292421276058561e-01
1.001385357903497031e-01
9.999512439281413867e-01
-9.999046174556346367e-01
3.958726160281894058e-01
1.000125456602055651e+00
4.098113578495465315e-01
1.002565203882084255e-01
4.048550139158634265e-01
-6.001631962765006101e-01
3.801724235945582175e-01
-2.640187462307916899e-01
4.033067736847383844e-01
9.999612012854562915e-01
1.000161436781165092e+00
9.982371094561647007e-02
1.970076318392309789e-01
3.971839467374352894e-01
-8.049133356343459722e-01
1.000106210993414457e-01
1.000061104399399659e+00
1.000044822906183573e+00
-9.999188949293006390e-01
-6.000050492530781820e-01
3.896821448141916666e-01
2.911674791337747273e-02
4.084449855672679375e-01
9.996150586247937175e-02
3.864491705581137859e-01
3.153437582901565117e-02
-2.841444394026053644e-01
-5.999990459977986301e-01
2.085683029780582842e-01
1.000180198577401924e+00
-1.000099523942580726e+00
-7.678815252847495110e-01
9.999833898749581618e-01
4.177663649566022430e-01
-6.000334089312122643e-01
9.997714664437125365e-02
-4.054592486921404330e-03
-3.863578485454270406e-01
-7.955653998199962995e-01
1.929524074696772062e-01
1.000532491845418925e-01
1.000045884148244690e+00
2.060690886134564359e-01
1.888312142735681376e-01
-3.210264513308188072e-01
-1.000040822365579452e+00
4.579575323860639313e-02
4.001978267445875370e-01
-8.096595489329454498e-01
1.999686133415893852e-01
9.998890723647190226e-01
-7.880060301376331511e-01
-6.000916933363222849e-01
-1.000032509792223134e+00
-3.277298435677206828e-02
-2.479849377413457234e-01
-6.000846841496284556e-01
-1.005503057167223251e-03
2.104832282807439781e-01
-9.998615215811034185e-01
1.000028767344277369e+00
-7.964575456874761761e-01
4.049861330002026416e-01
-3.121605722683932216e-01
9.999862739021186941e-01
-9.999476534739429878e-01
-6.328020556455718482e-02
2.048067420896706459e-01
1.003003123295365950e-01
-8.015127213054099586e-01
-3.362197624170621957e-01
1.939487458694144021e-03
-3.059909306717996658e-01
2.082084860263088144e-01
-5.037485935717729568e-02
-6.000667792917087073e-01
-5.999951696729337591e-01
4.017503793873714590e-01
1.000020831591199810e+00
9.980809403745100061e-02
-2.511674460468891201e-01
2.189131805757789651e-01
1.000427343851568451e-01
9.986714052802096730e-02
-8.014693432417200336e-01
-6.001356272622289101e-01
-6.000366962882454080e-01
1.000019195826905349e+00
-5.998617007537850876e-01
-6.001064811415945943e-01
9.999729149627987201e-01
2.276102634009270209e-01
-7.939955100314680658e-01
4.131116560178326180e-01
4.883015483504768439e-02
1.988133979285331976e-01
-8.044489003206580779e-01
-1.000109786990566851e+00
-8.042635033547334000e-01
-1.000027402430217371e+00
9.999893133034160053e-01
1.000108831526204556e+00
-8.298137201029531784e-01
-3.577298012211210243e-01
-1.741013680630020682e-03
-7.973480138732638167e-01
9.999596688190940386e-01
-6.000841077679754942e-01
1.001030970085443339e-01
-9.999596395722819553e-01
4.016456984376040595e-01
1.950092082101164970e-01
1.000082705340874956e+00
-6.003126201477841928e-01
-5.999725517989963341e-01
-2.594933461480160020e-01
1.000075816098834780e+00
9.992818728010395557e-02
9.998619129139780792e-01
9.999492340004629831e-01
-9.999916122122057827e-01
3.911466083652968551e-01
1.000612328215826491e-01
3.983738620802030894e-01
1.000267746063272928e-01
-7.063261098577543196e-02
-2.221205475541915622e-02
1.873749838366789433e-01
4.150329566588216168e-01
-7.938897609519411924e-01
-6.000463391481799524e-01
3.973865616756371288e-01
1.000187075750505139e+00
3.381025883545837191e-02
-8.038881084131671573e-01
3.895930438800901952e-01
-1.212268606805777388e-01
2.045524000126752173e-01
-1.000041991171271905e+00
-1.995625261235980663e-01
4.063893072330794776e-01
1.968533441063555767e-01
-2.657534555076933227e-03
9.999891869137158551e-01
9.999105763146165504e-01
9.999727997665848189e-01
1.001174416158063102e-01
-2.576055507749157661e-02
-1.000150520910769059e+00
-3.698631240042767887e-01
-3.025580141229025077e-01
9.999958760667100321e-01
-8.023544136491620460e-01
-8.127567693790401782e-01
-5.999822549809807892e-01
-3.099424330182298792e-01
-9.999130180433136728e-01
2.041506234143017628e-01
9.988132105842291442e-02
-6.001266620663676665e-01
7.932761037922198000e-02
1.000006109867445314e+00
1.982290519216883262e-01
1.941456799530096033e-01
-2.192673945749458453e-02
-2.991201895956109857e-01
-2.334268753425804144e-01
-2.207962251996317682e-01
3.967633623881373084e-01
-1.829439171842917600e-01
9.999386442989791624e-01
1.000092492372081754e+00
-1.118907298828484935e-02
2.089112087755924663e-01
2.014515603874584837e-01
1.224076520818841857e-02
-2.811193668549225033e-01
-5.997970300970540958e-01
-9.999367592345491662e-01
2.035894321536386165e-01
2.248437871705075489e-02
