-5.998769574698689100e-01
-5.998980395102457841e-01
1.000019566995216103e+00
-4.804189015097615895e-02
-9.999941434930138540e-01
-7.940200999999437181e-01
-6.001110689752140459e-01
-5.189524199192039472e-02
-8.170219563540788155e-01
-2.881414472078320244e-01
1.001361877227912589e-01
-9.999869119982655041e-01
2.154239734006439255e-01
2.608486341738327878e-03
2.032959212108892133e-01
3.965485578533582411e-01
2.928706543060776574e-03
-9.999747383176476045e-01
2.017406478365486588e-01
1.677614898693508515e-03
4.069943045357732880e-01
4.151051293918703866e-01
-3.225163456259272365e-01
-8.043635055586128013e-01
-9.998699301748136259e-01
4.088598317172045804e-01
-2.660831703433870210e-01
-5.999263644165293563e-01
-3.861701278634360190e-01
1.001457031238689316e-01
-9.999122532958608645e-01
-8.063890593589735367e-01
-8.100639316173104953e-01
-1.000046068850655390e+00
-3.745539817300794216e-02
9.999541890171189662e-01
-9.999994390207433970e-01
1.000030339539403235e+00
3.940580231711418024e-01
-5.998983555715421412e-01
9.999804896625923423e-01
-8.202429925138655653e-01
-2.502490152599957662e-01
9.983520528471040434e-02
-3.145979939802587277e-01
3.952572000204697678e-01
1.000880931830694376e-01
1.002038680742741161e-01
9.998023298425406935e-02
1.961256787847755756e-01
-9.999822586018753956e-01
-8.153802106798847538e-01
4.076910811053356953e-01
4.023602602758870606e-01
-2.932983415110070324e-01
-1.000206858331569304e+00
-8.044242630596807331e-01
3.970568971183187079e-01
3.721200747462112546e-02
-9.999469833598875201e-01
3.984094950183203476e-03
4.086755738089715706e-01
-9.999879234095147007e-01
-2.781808153658961724e-01
-9.999604287533621072e-01
1.000461177315684902e-01
-9.999364557896763817e-01
-3.185899826055129530e-02
-8.030565329076697623e-01
4.046514691170582378e-01
-6.000124662890703453e-01
-2.408695106913441852e-01
9.999286498079697216e-02
2.405759271301075378e-02
2.003637939520351297e-01
9.995983830990752550e-02
1.973253669568185709e-01
1.000033932847358198e+00
2.821537319033448274e-02
-8.098514665259197720e-01
4.053676433387672917e-01
4.080511727877291772e-01
1.923764816528870103e-01
2.035416016780296766e-01
1.000113962744543450e+00
4.075836370208582582e-01
-9.999518020030887522e-01
-5.999450678773241563e-01
-1.000027797936350549e+00
-2.708223959065052255e-02
-1.000107290452562747e+00
1.002449429951601939e-01
9.995047790333437543e-02
-6.000913463776095247e-01
5.299953249510806069e-02
-7.934802387153839787e-01
-8.111022338340756477e-01
-2.813159106508342777e-01
4.118241808460380016e-01
-2.478390061827927537e-01
3.981889786123533614e-01
-7.969421953567387140e-01
-2.223139445161241290e-01
9.996775182934175552e-02
1.000341788356348544e-01
9.999237228254762577e-01
1.938784693335091763e-02
3.940948336713850364e-01
1.003126232990390471e-01
-3.031835362384028842e-01
2.029486129966170394e-01
-2.557116981163001235e-01
-6.001391900195247597e-01
9.997924047859274577e-01
4.201396001030352489e-01
2.051815053355187102e-01
1.000219250248066960e-01
9.999540970781671811e-01
-1.000073268758803868e+00
3.992564909109608817e-01
1.000027770311012087e+00
3.994100043780124953e-01
1.000771587692434461e-01
3.984127224989859606e-01
-6.000562064675520890e-01
4.035773148953935574e-01
-2.822345238949026114e-01
4.176089790080264597e-01
1.000038874536030908e+00
1.000028692496483407e+00
9.984942199516888550e-02
2.013535694274902754e-01
3.886130032958522440e-01
-8.173521307229444366e-01
9.989027917759724096e-02
9.999107439365100269e-01
1.000100900108033875e+00
-9.999558326288505716e-01
-6.000189565249649526e-01
4.050864883076966128e-01
6.074549928303775437e-02
3.943529456779151232e-01
1.001061251617070963e-01
3.994213395845455650e-01
1.854087741628926075e-02
-3.027092086059267606e-01
-5.998177477432691251e-01
2.030278672594665323e-01
1.000102383955238983e+00
-1.000200853897294406e+00
-7.995180828514619753e-01
1.000038973013004373e+00
4.022233830824875067e-01
-5.998846592830436864e-01
1.000820792258328429e-01
4.542721881332582867e-03
-3.692085220902152631e-01
-8.145761561959695696e-01
1.878700812924083141e-01
9.990722081004370370e-02
1.000016234298550577e+00
1.897370905042250200e-01
2.359831010230543924e-01
-2.699112727323665362e-01
-9.999432722930728934e-01
3.272312228547223645e-02
3.906981483757815399e-01
-7.983173926379998342e-01
2.141093654059499085e-01
9.997944808654208870e-01
-7.907950407317523300e-01
-5.999989034040577041e-01
-1.000003559776963868e+00
7.199278747808459181e-03
-3.114814880539337749e-01
-5.999029341895936174e-01
5.115583359931046709e-02
1.896830316702676211e-01
-9.998179883162920945e-01
9.999736658853068949e-01
-7.950263356656439573e-01
3.912387376944444495e-01
-3.384900008542331418e-01
1.000096600031053162e+00
-9.999775069367839997e-01
1.404642547068686055e-02
1.906694993422673734e-01
1.000454783655945618e-01
-7.945750949841374755e-01
-2.997908207125637992e-01
4.011652306311148941e-02
-3.185913301046574553e-01
2.134093253288970871e-01
-8.653861068706819593e-02
-6.000092967324783810e-01
-6.000146478887309343e-01
4.060542713226533706e-01
9.999641547033430999e-01
1.001156211248705880e-01
-2.840461252356917821e-01
2.090311671685764761e-01
1.001109840589286121e-01
1.000331919904012545e-01
-8.072256556866850286e-01
-5.999970767348430378e-01
-6.000679860004559663e-01
9.998903469792012055e-01
-5.999197210954615445e-01
-6.000219658540625334e-01
9.999321513816733509e-01
1.931381638354053298e-01
-8.097496027156797505e-01
4.065592765824654897e-01
-1.018185688737758415e-02
1.942817043575184588e-01
-7.973467258725441820e-01
-9.999675561983552008e-01
-8.003645705697318702e-01
-9.998160594004233959e-01
9.999179328772768161e-01
1.000056050046886025e+00
-7.962930903004443728e-01
-3.447418364605647212e-01
-5.499352188326257253e-03
-7.901738042943442508e-01
9.998107938720125487e-01
-5.999164436975518155e-01
1.001191309119954242e-01
-1.000178929803605898e+00
4.081854642403230371e-01
2.116646097370674939e-01
9.999361593687603467e-01
-5.998563482294209104e-01
-5.998100891248544508e-01
-2.275950245618255652e-01
1.000053535792132520e+00
9.998985066213558759e-02
1.000023173286147538e+00
9.999951010854580824e-01
-9.999721189329950910e-01
3.964699818876719073e-01
1.000700769723915917e-01
4.082519607030354325e-01
1.000544646387493131e-01
-1.201573270621367380e-02
-1.114282843996874765e-02
2.066807205342812703e-01
3.908120692129796181e-01
-8.006261896379457399e-01
-5.999665388400745591e-01
3.998557130196230269e-01
9.999068776309192330e-01
-7.052259221666698844e-03
-8.017797606130735444e-01
3.850519599965500639e-01
-4.245697793486256227e-02
1.939871621037769500e-01
-1.000114726144146315e+00
-3.524652616290549489e-01
4.090510191419335362e-01
1.914716721739561367e-01
-4.358767661696434648e-02
9.999183276079386395e-01
1.000220112293398911e+00
1.000059124803056365e+00
1.000778116917664662e-01
-4.442383914510335263e-02
-1.000138193854572366e+00
-3.581674609015720323e-01
-2.353110357191585678e-01
1.000037121323704703e+00
-7.987103473441318213e-01
-7.829111695758030898e-01
-6.000121266749740556e-01
-1.981228746164446497e-01
-9.999758514273030530e-01
2.059443652954939252e-01
1.000659182109341766e-01
-5.998749056172331118e-01
4.387020186900322805e-02
1.000007649769385720e+00
2.162240483507673894e-01
2.020657407552528539e-01
-4.187725109622385949e-02
-2.819598675919433584e-01
-3.365577210888645587e-01
-2.059922367683721944e-01
3.877496347316046199e-01
-2.637017128859644455e-01
1.000144831567945092e+00
9.998428958973775149e-01
4.464329692886132017e-02
1.982237827141163644e-01
2.058286692548509933e-01
-5.546207444591527702e-02
-2.465310943476110572e-01
-5.998252838352157168e-01
-1.000006383446982561e+00
1.971567162962163111e-01
6.045360209218539685e-03
