-6.000258022950254455e-01
-5.997984407592718004e-01
9.999848343572362852e-01
6.328699559182339451e-03
-9.997854606073560690e-01
-7.917822311638417210e-01
-5.999020812062204611e-01
-1.131631294673294229e-02
-8.048641895203572094e-01
-2.977259400533970868e-01
1.001371089278179499e-01
-1.000094202087866702e+00
2.097911204190661127e-01
-2.400053380803253422e-02
2.083372781332858137e-01
3.861235205412073546e-01
4.223133397597964717e-02
-9.999190143573049028e-01
2.057515329457496878e-01
-4.895358174902286752e-02
3.998283548039081592e-01
3.949732547699796315e-01
-2.690269705737796668e-01
-8.085992310734059219e-01
-1.000039179996462524e+00
3.859655451115521219e-01
-2.557960157780805321e-01
-6.001654331261850883e-01
-2.965157705901739771e-01
9.995255161124019794e-02
-9.999144766406178331e-01
-7.810584509694216138e-01
-8.043133039606296109e-01
-1.000027390334474520e+00
1.964423173705264966e-02
9.998411945264777945e-01
-9.999065870298557979e-01
1.000034630157497606e+00
3.866361453548596283e-01
-6.000049947618814050e-01
9.997036067048611363e-01
-8.055949519798107916e-01
-2.628251440740194123e-01
1.000199913127016449e-01
-4.038246539274967795e-01
3.947147228425672560e-01
9.997529197865781536e-02
9.979375733771821133e-02
1.000957292428050621e-01
2.039032196298776189e-01
-1.000066058101985345e+00
-8.065498453873348739e-01
3.898135535852262912e-01
3.991995213633836581e-01
-2.590676389114669464e-01
-9.999338382376152801e-01
-7.994811612468890605e-01
3.907768771370638272e-01
-2.710942776676884824e-02
-1.000028250403303121e+00
-1.956272381284300185e-02
3.979709520767663600e-01
-9.999310615749268383e-01
-3.431796885053234325e-01
-9.999463660219159999e-01
1.000694337192749028e-01
-9.999912608360602695e-01
-1.245267286969775795e-02
-7.870076941906453127e-01
3.926133270527552011e-01
-5.997959440333685555e-01
-2.598757336157682674e-01
9.985930643468476919e-02
5.911131562010873280e-02
1.863437411774743202e-01
9.994443019316878729e-02
2.017879276986861981e-01
1.000010193158184846e+00
-6.857107853125531116e-02
-7.980122532918397793e-01
3.963706258186581177e-01
4.185190807489612697e-01
2.067359585040996206e-01
2.042173284833933289e-01
9.999649334073935636e-01
3.986830227139660510e-01
-9.998782511000728901e-01
-5.999622396420349890e-01
-1.000083961395216825e+00
-5.810301358345796446e-02
-9.999659291901370484e-01
9.996644200161189375e-02
9.992540277276268368e-02
-6.001826230274237561e-01
-4.298602348140162510e-02
-8.148793458142670199e-01
-7.886301602625253038e-01
-2.409828812118688657e-01
4.004832129161007837e-01
-3.176760773883525180e-01
4.170215285413593209e-01
-7.986744836472648990e-01
-3.077833385797119070e-01
9.979265304367550271e-02
1.000347439839239100e-01
9.998869399797133406e-01
-2.695532445819459610e-02
4.003671881634668361e-01
9.998968414035684649e-02
-2.743521234279290844e-01
2.012653092459535664e-01
-2.950867032163084214e-01
-5.999504473313577169e-01
1.000130032831344495e+00
4.065039338546814762e-01
2.039706293500888612e-01
1.001876521714304552e-01
9.997706206391120398e-01
-1.000104895347254663e+00
3.961088701252443722e-01
1.000206432607508189e+00
3.984743004514895715e-01
9.996200118415968228e-02
4.040294788490417233e-01
-5.999172047791462292e-01
3.938339358905358356e-01
-2.454342988952594729e-01
4.012328359256099319e-01
1.000000432519887239e+00
9.998740766533436020e-01
1.001135818921727316e-01
2.139574045303075100e-01
3.991974277604500299e-01
-7.968668085682553137e-01
1.001022424162478774e-01
1.000052481751821043e+00
9.999328772896731721e-01
-1.000067474368806275e+00
-5.999941318202514084e-01
3.954902879741059585e-01
-4.760364612079696911e-02
3.920133186283411009e-01
1.000945674676305547e-01
4.214699998956191185e-01
7.399878280367837291e-02
-3.903315319441675313e-01
-6.000031074729467173e-01
2.086562257943662124e-01
1.000051126255996126e+00
-9.997487466903027808e-01
-7.979955897265076370e-01
1.000026441738337102e+00
3.943577566786531374e-01
-6.000366552531622988e-01
9.991498528216015418e-02
1.072724488153498773e-01
-2.992656653896220154e-01
-8.027532125653734640e-01
1.774910174777154792e-01
1.000420060168020348e-01
9.999424270496982681e-01
2.033026525917681071e-01
2.068339935628243365e-01
-3.052528588862782888e-01
-9.998663802099104769e-01
-4.371508190007992317e-02
3.981215847216008630e-01
-7.942516992295942657e-01
2.049906303801594387e-01
9.999025899510723958e-01
-7.973104426730743821e-01
-6.000815940803537751e-01
-9.998475631052254897e-01
5.696116553778636515e-02
-2.182189160838070019e-01
-6.001547495682801880e-01
-2.117791781531872582e-03
2.007193091469243185e-01
-9.999932567228063673e-01
9.999533610275611606e-01
-8.100623187230869826e-01
4.110168360811831678e-01
-3.176659585139089970e-01
9.999046525375374639e-01
-1.000051740719105853e+00
1.653056261744124955e-02
2.131372282472400737e-01
9.995158951423495364e-02
-8.154141448606285758e-01
-2.605289228405658353e-01
3.962838544330873902e-02
-3.104967133496042697e-01
2.161307734111377887e-01
-1.115394327793571838e-01
-5.999393376188897342e-01
-5.999581768861291797e-01
3.913376692423852221e-01
9.999869794480146235e-01
1.000658882091127605e-01
-2.649803271675912342e-01
1.932071021163106750e-01
1.002053838069990599e-01
1.001494359973658099e-01
-8.126348733413609748e-01
-5.999754308276671333e-01
-6.001633254299511000e-01
9.998810646888296461e-01
-5.999238641106109382e-01
-6.000311049838729094e-01
1.000012748126490880e+00
1.854633634435021716e-01
-7.871698514819035486e-01
4.036696837296749329e-01
-3.371860692355939382e-02
2.036795846047617653e-01
-8.189774219496873675e-01
-9.999161118489728883e-01
-7.821421654029325765e-01
-9.999604711877215779e-01
1.000093023759611954e+00
1.000015838399595181e+00
-8.046211007735574183e-01
-3.645164102541282869e-01
-8.147317061239051084e-02
-7.927351459641761577e-01
9.999925012321653206e-01
-6.001285983947065583e-01
9.996026982438283026e-02
-9.999779358243262584e-01
3.933546611851908570e-01
1.978447833345183260e-01
1.000056851328927188e+00
-5.999887748935828213e-01
-6.001351168386110935e-01
-3.402997857873434340e-01
9.998922589663474803e-01
1.000413058401499883e-01
9.999738229485707341e-01
9.999831252838092821e-01
-1.000028253354283025e+00
3.965551767337052169e-01
9.990313181334969928e-02
3.982768420503057238e-01
1.000252105336213448e-01
-1.068730224692132497e-01
2.324983275454516052e-02
2.055671762820820980e-01
4.240566407676307770e-01
-7.970304614531895648e-01
-5.998198630028792611e-01
4.006177224912667589e-01
1.000047647754019220e+00
-6.397770316884537900e-02
-7.932013978055804104e-01
4.147416308174795563e-01
3.654902405337608767e-02
2.036866600801257032e-01
-9.999911055919296077e-01
-3.745292419933475836e-01
4.216115555846064455e-01
2.043147912029743829e-01
9.767703577004393026e-03
1.000152253169849015e+00
1.000073901330393644e+00
9.999527406548084363e-01
1.001116145957259979e-01
-9.716611775185564348e-02
-1.000013936569522421e+00
-2.858767158513664808e-01
-1.424043695131557985e-01
9.999492018774539526e-01
-8.088625777652943549e-01
-7.937312011237119824e-01
-6.001212015889958451e-01
-2.645556432962276605e-01
-1.000160718803595694e+00
2.083419987875475554e-01
1.000653396663249983e-01
-6.000193499905830397e-01
-8.064328729190084130e-03
9.999825425281055891e-01
2.061389331402025404e-01
1.973917494036015463e-01
8.460442303215615252e-04
-2.277798725699500815e-01
-2.973261673166768815e-01
-2.888260384462004171e-01
3.897574854237242370e-01
-3.350488483856798871e-01
1.000049729922719122e+00
1.000013134024236860e+00
1.499853397148653150e-02
1.905514823841361061e-01
2.025424840285720285e-01
6.711602391623948394e-02
-3.398666558525170189e-01
-5.999542928916142825e-01
-1.000156968895702825e+00
2.081257362435877667e-01
-7.675446634656814260e-02
