-5.999449501497812198e-01
-6.000217772325209253e-01
9.999731642015927680e-01
-8.692268292205656763e-03
-9.999008560627818953e-01
-7.954515645125699308e-01
-5.998608948077898129e-01
5.390506943738600232e-02
-7.884182660425762545e-01
-2.788062894376596712e-01
9.987025775472943567e-02
-1.000111673769153553e+00
1.946076085619398710e-01
-4.580278523292202059e-02
1.987273679897158807e-01
3.926018481300643792e-01
7.388889634198936296e-02
-9.999791181692407882e-01
2.123451920277326932e-01
4.309989178759510153e-02
3.938146103008631771e-01
3.949768388706394462e-01
-3.502676538222593838e-01
-7.918575515865002856e-01
-9.998431630062927233e-01
4.255750804840765511e-01
-2.610973488489294891e-01
-5.999438907083218808e-01
-3.397145301986276844e-01
9.998601545183902206e-02
-9.998828128132188908e-01
-8.220212510862379141e-01
-8.044687903660313610e-01
-1.000083882929079238e+00
9.480198942891638475e-03
9.999539532084237292e-01
-9.996999532655584941e-01
1.000012837223986040e+00
3.910722777996665789e-01
-5.999170673681399890e-01
1.000128478940353949e+00
-8.047046238356386771e-01
-3.368748640369629843e-01
1.002145984418854052e-01
-3.326738562264893728e-01
4.123980908849601557e-01
1.000428670714422069e-01
9.997608059632273614e-02
9.995376484092820257e-02
1.934580074221371460e-01
-9.999960887315773039e-01
-8.122157961629066225e-01
4.159435524866045286e-01
3.907227685739512735e-01
-2.852895438972594677e-01
-9.998860332391770189e-01
-8.010646024125418485e-01
4.142345631943704642e-01
1.276593307743735528e-02
-1.000100265734412242e+00
2.292748608325137494e-02
4.019796272458636133e-01
-9.999899882745106883e-01
-3.047552024372529589e-01
-9.999942993838689675e-01
9.981546989431139272e-02
-9.999662449595688729e-01
-3.833754141074337957e-02
-7.995974864423402995e-01
4.021721653244068606e-01
-6.001325785729445528e-01
-2.990527998393904818e-01
9.983049451407478847e-02
8.748242751286272600e-02
1.920041887424146221e-01
9.994984014235167025e-02
2.017215309130740153e-01
1.000054141750597259e+00
-1.052470914484431863e-01
-8.022944516022787464e-01
3.931902504652342589e-01
3.703016122665754861e-01
1.902985928441262853e-01
2.003305592104086541e-01
9.999142605383891658e-01
4.024110975903538168e-01
-9.999546115503179511e-01
-6.000718231972875794e-01
-9.999684082656286055e-01
-3.426225090077451331e-04
-9.999880019609042048e-01
1.000825163115692390e-01
1.002312688307697153e-01
-6.000022532332167646e-01
4.065306612327063140e-02
-8.082837776416254005e-01
-8.013483594660062437e-01
-2.301653966609285007e-01
3.951129319153318109e-01
-2.798850757468522299e-01
3.957951229719849917e-01
-8.036442827813492507e-01
-3.258089332923568282e-01
1.000201888903650416e-01
1.001145306167390697e-01
1.000076307702994605e+00
-4.302141888586930030e-02
4.159797328714681663e-01
9.995509989899692416e-02
-2.510877908547904380e-01
2.015149731707570058e-01
-3.344225978713885050e-01
-5.998884905835136783e-01
1.000101536852819883e+00
4.062749508563827661e-01
1.779335786809720932e-01
1.000103226706642034e-01
1.000017862155604176e+00
-1.000080000933490476e+00
3.837377297402477239e-01
1.000025725053367287e+00
4.295544130330177790e-01
1.001540574137256417e-01
3.992872144510007382e-01
-5.998860325660507753e-01
4.017709660929184579e-01
-1.984891538500721531e-01
3.922926852074802850e-01
1.000019303491646916e+00
9.998771816413672964e-01
9.986296749945819395e-02
1.859964379476689855e-01
3.857359378701615826e-01
-7.816824697193606175e-01
9.988052855796888951e-02
1.000000903933353502e+00
1.000016609987549154e+00
-9.998423718181428388e-01
-6.000787324953270607e-01
4.103410357883893189e-01
2.710807653927287467e-02
3.924326781638945993e-01
9.975070745050931831e-02
3.920748213811264815e-01
-1.056872970249132931e-01
-2.730559546191217435e-01
-5.998939154504639992e-01
1.976137787144775226e-01
1.000199619899683423e+00
-9.999537938719306185e-01
-8.127063511089915870e-01
1.000085793342794016e+00
3.992027331275381785e-01
-5.998715519331192514e-01
9.988056398076584907e-02
-3.223834426085224036e-03
-3.145621166995033469e-01
-8.033210834298363245e-01
2.066215988412293258e-01
1.000872114211403680e-01
1.000015767221460239e+00
2.042236211841607085e-01
2.100476500084303977e-01
-3.774780491512907399e-01
-9.999968916585822987e-01
-1.171921905731621583e-01
4.077315125929103501e-01
-7.999813500212671347e-01
1.971928768135988441e-01
1.000076312671691170e+00
-7.975278906397038625e-01
-5.999310961796014974e-01
-9.999643847886388048e-01
5.108123790936485581e-02
-3.184157960543765875e-01
-5.998886136931033120e-01
-6.359841490115115958e-02
1.999250018084401392e-01
-9.998223624691906508e-01
9.998811379126414378e-01
-7.832802268487619735e-01
3.804098952974933057e-01
-2.493775590202035597e-01
1.000235611014676174e+00
-9.998831778643123558e-01
1.089866076503251402e-02
2.139237269741601222e-01
1.000288165890231701e-01
-7.936710890591139878e-01
-3.661564541630500935e-01
-1.111551229694413973e-01
-1.987236622803964514e-01
2.085662043256254761e-01
-3.958400172285497787e-02
-5.999474796169634860e-01
-5.998912812546075557e-01
4.091513919568443569e-01
9.998227500985669147e-01
9.990254914714678802e-02
-3.371778557728939973e-01
2.024732910740997538e-01
1.000469174235834174e-01
9.997921461045827796e-02
-7.979639213422281552e-01
-5.999254042586799063e-01
-5.999526739908606077e-01
1.000075193819810471e+00
-6.001514841020031410e-01
-5.998196654284388973e-01
1.000120980108696989e+00
1.880256691825483994e-01
-8.061348739867283397e-01
3.997194877436878735e-01
-1.006357446892133939e-01
1.974412663916848276e-01
-8.082653587166377385e-01
-9.999715043279289173e-01
-8.156928984388683856e-01
-1.000043495621435463e+00
9.999693026036452492e-01
9.999992270018056573e-01
-7.993813540685464902e-01
-3.210709897718925232e-01
-3.682774690814215324e-02
-7.858629821353916300e-01
1.000150329159952944e+00
-5.998893520091017617e-01
1.000487665907356660e-01
-1.000103360576003686e+00
3.996827347999485358e-01
1.977412139582364059e-01
9.999895755504401018e-01
-6.000298534154109298e-01
-6.001961376566764539e-01
-3.153522344523596588e-01
9.999859672045418035e-01
1.000824933117828025e-01
1.000032395036376753e+00
9.999708806318918786e-01
-1.000045976709138085e+00
3.866541694795845863e-01
9.986813961668046524e-02
3.885279383706129464e-01
1.001056060142586496e-01
-9.233187174937715694e-03
7.804131202997745959e-03
2.079513138585422083e-01
4.185988488048040246e-01
-7.950028385756010563e-01
-6.000510013016364663e-01
4.017564707994220607e-01
1.000182445918241125e+00
-1.682376031426714713e-02
-8.011729624441313868e-01
4.038298624408730442e-01
4.929041464533309713e-03
2.048156596648807448e-01
-1.000126652902978863e+00
-3.446112545105720071e-01
3.913660603797048387e-01
2.110939480365114918e-01
-4.254066290364178632e-02
1.000008977541481991e+00
9.999497042995061369e-01
1.000096469805054511e+00
1.000553907335854226e-01
-4.737313046084884460e-02
-1.000192057261489964e+00
-3.720829230315019220e-01
-1.967260577936334465e-01
9.997744788061153631e-01
-7.877329300181137306e-01
-7.856811423473382128e-01
-6.000168851374207968e-01
-3.297839719408068304e-01
-1.000155276819429284e+00
2.035414625086511275e-01
1.000620159456297870e-01
-6.000073681729288788e-01
5.462720767580561687e-02
9.998997859677919431e-01
2.049731894142177990e-01
2.026868146573375107e-01
-1.304415358355626164e-02
-3.211347988654629226e-01
-3.058814516860338673e-01
-2.540613107419606997e-01
4.027435555337690598e-01
-2.557346751755050218e-01
1.000029953726475185e+00
1.000138697540104094e+00
4.171429202369730110e-02
2.098418043578644809e-01
2.065917678641089328e-01
9.448700589717275861e-03
-2.948331033240461641e-01
-6.000169737362608391e-01
-1.000114494197055004e+00
1.915064412584558950e-01
-1.508152496802261412e-02
