-6.000827201835071678e-01
-6.000194021144644729e-01
9.999142733024202201e-01
-5.962757368954455656e-02
-1.000008521244692750e+00
-8.066415369426965798e-01
-5.999529316036272819e-01
2.814001475374002317e-02
-7.947909372172299314e-01
-3.256283473376541115e-01
1.000057061417078397e-01
-9.999329950269514322e-01
1.923595910041204782e-01
2.092088550477525302e-02
1.870919812261523374e-01
3.828657289792513629e-01
7.602301528248107954e-02
-1.000136401301000566e+00
1.999204195109131610e-01
6.103563548347121226e-02
3.907517667051400578e-01
4.002803030112367932e-01
-2.591739420653993431e-01
-7.825695102199670128e-01
-1.000029348156447506e+00
3.800980311637081055e-01
-2.413745276286845820e-01
-5.998970569123492913e-01
-3.101214784529477408e-01
1.001600337765571058e-01
-1.000092428226387220e+00
-7.925766812358108204e-01
-8.018406102279994618e-01
-9.997998389739168879e-01
3.850922407529116381e-02
9.999940888193752375e-01
-1.000025630603473381e+00
1.000019970045648465e+00
3.939986792161572215e-01
-6.001148076859962321e-01
1.000134855615782747e+00
-8.089931988944297769e-01
-2.302861040668143233e-01
1.000175007375323777e-01
-3.210037298426476893e-01
4.007129923304726393e-01
1.000385665220125397e-01
1.001560857362198409e-01
1.001464946477333279e-01
1.861546622479119395e-01
-9.997994265789598156e-01
-7.855362502161924443e-01
3.910159857181425003e-01
3.981488760432721485e-01
-2.249129864998726525e-01
-9.999339013810374377e-01
-7.967226137046942158e-01
4.053286159188833615e-01
1.491292822093890150e-02
-1.000102831763347355e+00
-4.246396708296368283e-02
3.989501066835107190e-01
-1.000074673600493069e+00
-4.115341851098828774e-01
-9.999516781068267246e-01
9.999612491808412829e-02
-1.000078758111887733e+00
-4.680879945946629823e-04
-7.969852214279086189e-01
4.098245603798532644e-01
-6.001579705223598626e-01
-2.528514425018804634e-01
9.989272920756689378e-02
-7.396848939715765237e-02
2.055603132854025294e-01
9.996155617022403628e-02
1.895908780050790943e-01
9.999832255658179792e-01
6.673757146419290187e-02
-7.948931570018935577e-01
3.972553868905608909e-01
3.801210958770436243e-01
1.878634937392775484e-01
2.078157119103384576e-01
1.000177604517571872e+00
4.070874009084040068e-01
-9.999607739178512089e-01
-6.001981452478704071e-01
-9.999346191434331788e-01
-9.999925828621778617e-03
-1.000158543590322413e+00
9.985822693238699532e-02
9.995596939888969079e-02
-5.999952318816508257e-01
6.539366931046723674e-02
-7.901757780291667199e-01
-7.989364853222831186e-01
-3.599767333651328061e-01
4.029636259372834650e-01
-3.275194151320756086e-01
3.953131954634029332e-01
-8.021106157149459071e-01
-1.995250777163053990e-01
9.996536615586733288e-02
9.984561267192751388e-02
1.000159508252541407e+00
-5.588190365613524002e-02
3.746115775501090983e-01
9.993679740992918170e-02
-2.571467875186433938e-01
2.136047434560932601e-01
-2.297488433832334809e-01
-6.001168510514711674e-01
9.999970624087990423e-01
4.063918940902763177e-01
1.923191991879385221e-01
1.001546030316046304e-01
9.999528995867574821e-01
-9.999425011802887120e-01
4.006115435128914104e-01
9.999553545686388212e-01
3.859569127194286131e-01
9.996390859745783730e-02
4.021820181169352693e-01
-5.998301778656175420e-01
4.063581638949719799e-01
-3.303558328811094791e-01
4.036343549953055332e-01
9.998166282553023754e-01
9.999184218896730592e-01
9.993750467116495340e-02
2.056503776784798787e-01
3.958855242102741201e-01
-7.992832840075897449e-01
9.990414713922309009e-02
9.999946490577779068e-01
9.999272375136242230e-01
-9.998301771863027376e-01
-6.000533351089450962e-01
3.909469194388869862e-01
6.994916717382494882e-03
4.076312432664118135e-01
1.001486406233075416e-01
4.080892363173864723e-01
-8.633420409929022307e-03
-3.482375865541871840e-01
-6.001974919396967367e-01
1.950856443150489616e-01
1.000079672372128803e+00
-9.999308023754805985e-01
-7.902365978649460443e-01
1.000092118180315293e+00
4.122097390536335060e-01
-5.999963420522894664e-01
1.001924164986288390e-01
3.261860633756582389e-02
-3.715208847172957185e-01
-8.064074504656716380e-01
1.915557788140387629e-01
9.989202096038514445e-02
9.998232096928136858e-01
1.974629399571558863e-01
1.978071435079347962e-01
-3.360733446605709829e-01
-1.000082548132146698e+00
4.374347909359851266e-02
4.042204188781979290e-01
-8.194270145104507463e-01
1.881300110681431159e-01
1.000072959125742234e+00
-7.982804154399868457e-01
-5.999357451829363530e-01
-9.999543040979550490e-01
-4.050284041687925163e-02
-1.848433746808327005e-01
-6.000886979088886353e-01
2.493472970526697252e-02
2.037047808615404798e-01
-9.998764342348164247e-01
1.000247633582449280e+00
-7.956996904623920841e-01
4.041197344947566883e-01
-2.831081439481519801e-01
9.999746151804453920e-01
-9.998948726767704631e-01
-5.701895677619622099e-02
1.907640299615630808e-01
1.000491916288958616e-01
-7.955980341550934476e-01
-3.192439366246216381e-01
-7.674278391991162795e-02
-2.813922019039851175e-01
1.997006111164556508e-01
1.012326470599721334e-01
-5.998465016642617886e-01
-5.999264140518845156e-01
4.131759380687277106e-01
1.000105302861357126e+00
9.996124793342818504e-02
-3.600784610319485157e-01
2.089380843080424210e-01
9.986810625979068712e-02
9.988870159645549252e-02
-8.086507442507645527e-01
-6.000328265751815326e-01
-5.999878569661085681e-01
9.999881700405165441e-01
-5.999598873092975015e-01
-6.000933567115547262e-01
1.000085396845358021e+00
1.949673976134402020e-01
-8.044585013854983480e-01
3.964253149510023055e-01
-7.924179113971341337e-02
1.902201669220713598e-01
-8.100861193117191439e-01
-1.000141567660344233e+00
-8.047078972826929855e-01
-1.000125102824122481e+00
9.999686864535286546e-01
9.999225390317888484e-01
-8.090671604100961867e-01
-2.670516311600960591e-01
-3.386904919565133371e-02
-7.955866568515042037e-01
9.998852355692584570e-01
-6.000316292990395262e-01
9.991910606123854954e-02
-9.999963483633593775e-01
4.046023776160869168e-01
2.191497652687389719e-01
1.000131481200831063e+00
-6.000377397510081590e-01
-6.000048447519470418e-01
-3.232603663841754349e-01
9.998197710603029531e-01
9.984617756678119960e-02
1.000015122438569160e+00
9.999708882074507255e-01
-1.000035416257121446e+00
4.037012265237606701e-01
1.000759646111740037e-01
4.039786218204874935e-01
1.000446577847621116e-01
9.221065831080091542e-04
-2.068180582107848053e-02
1.920831694056895911e-01
3.678884969323377163e-01
-8.064574484379312125e-01
-5.998082689735554363e-01
4.092369014863925791e-01
9.998636426097571306e-01
-1.441283532668806260e-02
-7.918496365344293020e-01
3.806652987219731887e-01
-7.255565469115034249e-02
1.939052386978814546e-01
-1.000058922058371769e+00
-3.356781236598869178e-01
4.129289183073843739e-01
2.006441038933285126e-01
-6.289980777977001447e-02
9.999708917397501784e-01
1.000060876158572976e+00
1.000040506840589760e+00
1.000420815550644021e-01
4.273746636326312964e-03
-1.000006722116908886e+00
-3.092996258307444402e-01
-2.861259832166945238e-01
1.000148260336104045e+00
-8.007516894931834273e-01
-7.935663029256506684e-01
-5.999211984787051755e-01
-2.554641760502031067e-01
-9.998523736291002884e-01
1.807044808351165877e-01
9.996524346320063981e-02
-5.997831418430039641e-01
6.574009417133615252e-02
1.000067999522599616e+00
2.083289070187123448e-01
1.976130548817834065e-01
5.326803873417076951e-02
-2.971811512759489626e-01
-2.686355101955306135e-01
-2.590400062592321251e-01
4.080256291582982642e-01
-2.584643193679527773e-01
9.999350363316142909e-01
9.999022417279984642e-01
2.421600324905344437e-02
2.144975323752761065e-01
2.035039645514801487e-01
3.275606337842065785e-02
-3.412838248773438221e-01
-5.999403295872354214e-01
-9.997997624381733672e-01
1.958022214553237494e-01
-1.015073088161452114e-02
