-6.000040747767706462e-01
-6.001102901655616106e-01
9.999068137635569453e-01
2.507721486906882083e-02
-1.000125956415858886e+00
-8.233404592882307416e-01
-5.997876912182749098e-01
5.030441638649330027e-02
-8.066846835411463079e-01
-2.303072801581319551e-01
9.993277036854035511e-02
-1.000107527801227469e+00
1.863677345789292450e-01
-9.504892126056366242e-02
2.056973221949400243e-01
3.978752210339703832e-01
3.660710811267019887e-02
-1.000142853530543441e+00
2.065336888897482681e-01
2.815182368375199109e-03
3.888587177448037391e-01
3.992169489462670806e-01
-3.187107925878677750e-01
-7.863864583979349732e-01
-1.000014417800930255e+00
3.842106906165989599e-01
-3.017681797192895976e-01
-6.000137325242734798e-01
-2.410018797152507219e-01
1.000888187576907257e-01
-9.999390125534883822e-01
-7.990560782697746500e-01
-7.968833998850701761e-01
-9.999960162661034602e-01
-1.660881444143230690e-02
9.999896206972110901e-01
-1.000022098461390785e+00
9.997737169167483229e-01
4.004052239256761792e-01
-6.002044345422544724e-01
1.000046842527337665e+00
-8.213328144039847567e-01
-2.677501446593707479e-01
9.987600309978722501e-02
-2.856849822616173706e-01
4.009230543913102074e-01
9.996353429337992424e-02
1.000160629328522288e-01
1.000248128669894015e-01
2.008898590115961724e-01
-9.999726971739650860e-01
-8.182678872860841279e-01
3.954705659617212543e-01
3.885513338561862318e-01
-3.214582039615941911e-01
-1.000246271810288468e+00
-7.853756052394988973e-01
3.831153968800850018e-01
3.432830203554634949e-03
-9.999987994478009012e-01
-9.075414120545151342e-02
3.995608563053064666e-01
-9.999043504062145038e-01
-2.702987652010433450e-01
-1.000017498931719651e+00
9.997671788976997265e-02
-9.999805117833491241e-01
-8.870507926047151159e-02
-8.085498307202471091e-01
3.905203485784459194e-01
-6.000326852919173337e-01
-3.635712067746217357e-01
1.002719542121056073e-01
-1.267368580343978049e-02
2.029341427683631349e-01
9.987935289882125811e-02
2.076622735015024868e-01
9.999801516928378264e-01
1.101503999160266534e-02
-7.919594307690464019e-01
4.031324471012051602e-01
3.887814325996079012e-01
2.014976368369725823e-01
1.977954710502173308e-01
1.000039859832734690e+00
4.059851051599546734e-01
-9.999907325892463117e-01
-5.999490083272112084e-01
-9.998624033446933401e-01
-2.197840351976954737e-02
-1.000058475217561638e+00
9.999824530655410104e-02
9.988486169726445985e-02
-6.000093641548573942e-01
5.385239554604027978e-02
-8.036107172855003755e-01
-8.085037844661274731e-01
-3.167949518828383493e-01
4.085741225280369870e-01
-4.213273789224212251e-01
3.896657174765703613e-01
-7.888778213538835127e-01
-3.081168314600362668e-01
1.000965508229780115e-01
1.000458026016296242e-01
1.000085023788451988e+00
9.714103310380460543e-02
3.948651626638647882e-01
1.000645597728652414e-01
-3.219113990052833718e-01
2.112841960857602397e-01
-3.381029034134880318e-01
-6.000065129447924583e-01
9.999765481584798055e-01
4.023628666722864899e-01
2.072179960713112501e-01
9.999127014011872927e-02
1.000108222123866852e+00
-1.000076204914898570e+00
3.931840506049689155e-01
1.000245176156568938e+00
3.899933635584821312e-01
1.001856410365315059e-01
4.082972347981976280e-01
-6.000019706958311660e-01
4.050314746218121598e-01
-2.336256498073374099e-01
3.910629835130224330e-01
9.999080162125080218e-01
1.000047194756982227e+00
1.000155934510425365e-01
1.903085066254875390e-01
3.995840482446348374e-01
-8.119734899715734810e-01
9.990707544733708201e-02
9.999207528032907355e-01
9.999720307639786698e-01
-9.999878618627735527e-01
-6.000022174598990121e-01
4.015882365421972189e-01
1.416229717543825151e-02
3.901276260890957914e-01
9.998182951196421531e-02
3.918608123980377722e-01
2.453473278633137855e-02
-2.446523402500473399e-01
-6.000653422342343557e-01
2.133427879564047391e-01
1.000040406750860589e+00
-1.000026701014964603e+00
-8.126130782984199996e-01
9.999053429648259161e-01
3.954410411692249605e-01
-6.000787732941135211e-01
1.000574986326774468e-01
-2.501389814524248960e-03
-2.383877687552387048e-01
-7.935247460649034190e-01
1.864235521775993165e-01
1.000055725550109409e-01
9.999826386532318923e-01
1.966354730726458666e-01
1.911983085706645824e-01
-2.276902883419763268e-01
-1.000028398730189449e+00
6.161583460310861293e-02
4.028690940541660992e-01
-8.039175938776251806e-01
2.049823992390525929e-01
1.000026181848992834e+00
-7.977548650544774578e-01
-5.999667577844294275e-01
-9.999904809349522417e-01
-3.282711494152364129e-02
-3.492617344567680582e-01
-5.998342563638557889e-01
-6.449493206556396760e-05
1.985868112095146021e-01
-1.000202547967598221e+00
1.000051446563334778e+00
-8.094105688760904194e-01
3.946163762974593259e-01
-3.223768862523311851e-01
1.000052347816290821e+00
-1.000059718774375161e+00
5.739643756056327789e-03
2.043042173625458369e-01
1.001429814658458956e-01
-7.976256987881652494e-01
-3.298755911402556085e-01
5.230856298148967021e-02
-3.580301635458430498e-01
2.010893794591999684e-01
-4.584020639470164711e-04
-6.000180120169146258e-01
-5.997274637395116903e-01
4.114051705303925499e-01
1.000008534244660297e+00
9.971407964678130620e-02
-4.083197939329362147e-01
1.987846094423259546e-01
1.000263617247205972e-01
1.001917389010639342e-01
-8.005884254895043739e-01
-5.998809059359559992e-01
-5.998129047919080747e-01
9.999304119072033314e-01
-5.999914910288519643e-01
-5.997398507775631993e-01
9.999757661819533849e-01
2.046290571913138012e-01
-8.003227713437582880e-01
3.947256709111596207e-01
2.302378330655284466e-02
2.044017433233729364e-01
-8.026037906141398892e-01
-1.000015874338396671e+00
-8.026629679502195192e-01
-9.999649180472693910e-01
1.000010983165021017e+00
1.000192791710880158e+00
-8.018956192350529255e-01
-2.905296499473971061e-01
-1.805705400278444575e-02
-8.036708674169045219e-01
9.999298249994152954e-01
-6.002255354676684362e-01
1.000614598240459896e-01
-1.000069720252172001e+00
4.099127570852674207e-01
1.941230049489220122e-01
9.999582468316622341e-01
-6.001123933555981838e-01
-6.000733915141365227e-01
-3.258341121089330938e-01
1.000017019884711589e+00
1.000922166651017631e-01
9.999601918742138107e-01
1.000021850805824730e+00
-9.998672299297696187e-01
3.963190416800765337e-01
9.982836495684717371e-02
4.045732878912030039e-01
9.989058344593207406e-02
2.162814631014080280e-02
3.899319888987588453e-03
1.983931306630520308e-01
4.149989512038688710e-01
-7.886196871415595000e-01
-6.001481590501961394e-01
4.160461470893818126e-01
1.000001470148140115e+00
7.193602000656328099e-02
-8.164810941236448905e-01
4.161468623172871473e-01
-1.167818257663319160e-05
2.041033800851383417e-01
-9.999654676428553213e-01
-3.112381434911283273e-01
3.912695251243685224e-01
1.916674336131578005e-01
6.141273180202383442e-02
1.000057461804946479e+00
9.999695158825215868e-01
9.998825785000061694e-01
9.995861219599597169e-02
-2.011170255859459546e-03
-1.000085494883106385e+00
-3.833993954404808502e-01
-2.670614750792281722e-01
1.000117200921014637e+00
-7.866688797477165984e-01
-8.158759135225498449e-01
-5.997267810461693882e-01
-2.780691971628689863e-01
-1.000071053768421647e+00
2.058884532462355588e-01
9.978012656751361620e-02
-5.999312796049992569e-01
1.830144891074684046e-02
1.000054724317563037e+00
1.918346793077250756e-01
1.958328025064920153e-01
3.228135074186667258e-03
-2.651307133890105638e-01
-3.795099493449830552e-01
-3.203473300227603349e-01
3.906876018982621823e-01
-2.670872251409839859e-01
1.000092955966440433e+00
9.997932196500730617e-01
-6.615572745013328926e-02
1.948249893068926542e-01
1.995813792772760387e-01
1.196979936876205186e-02
-3.191017747252681280e-01
-5.999640248129791686e-01
-1.000004758743892053e+00
1.899876577165168778e-01
6.853155284445498069e-03
