-5.999846618267562492e-01
-6.000287853797001691e-01
1.000217287360228191e+00
7.367542321093234481e-02
-1.000013589568911954e+00
-7.886850656215328437e-01
-5.999757940459314876e-01
-3.121884612622259636e-02
-8.006891646735503354e-01
-3.409488787947422272e-01
1.001621061616695535e-01
-1.000046195235437363e+00
1.961382327034479345e-01
-2.367777214245821160e-02
1.941065594885747481e-01
3.970018548216218690e-01
-8.495977733393705877e-02
-9.999769748258441338e-01
2.125758151086363512e-01
-3.250079947370367733e-02
3.851270433251844927e-01
3.981848961242984708e-01
-2.280412752709253810e-01
-8.072901428700864912e-01
-1.000025131281553570e+00
4.025957529571089766e-01
-2.928579384637872152e-01
-6.000398395649301220e-01
-2.848201544740610047e-01
1.001089200044717326e-01
-9.999550560884129524e-01
-7.996780096534842341e-01
-7.987937130547224651e-01
-1.000186695317505148e+00
-5.527006311338357458e-02
9.998914354358777734e-01
-9.999406800737806744e-01
9.999644528951230349e-01
3.939620749032936020e-01
-6.000442952480515846e-01
9.999898715305044483e-01
-7.713301646436806491e-01
-3.610945439848598504e-01
9.989190433058396656e-02
-3.403011810524590453e-01
3.885030948529565875e-01
1.001007203006684526e-01
9.995079402841078320e-02
9.993761183535244952e-02
2.173706638560012894e-01
-9.999035330810296385e-01
-7.997309709842729264e-01
3.981888604421685018e-01
4.068755158822608409e-01
-2.854669490391283926e-01
-1.000138835569992501e+00
-8.092073101967426352e-01
4.085940505654530042e-01
4.106661296791829126e-03
-9.999242910956653851e-01
4.308019414378223833e-02
4.141516373274066742e-01
-9.999591297489882624e-01
-3.593842233878399850e-01
-9.999287294618316446e-01
1.000337823591385400e-01
-1.000077227536505076e+00
-6.726223254015895048e-02
-8.089986358187466475e-01
4.135776423310448813e-01
-6.001151604492146463e-01
-2.814501475468970670e-01
1.000268581561028075e-01
-6.445264027298774900e-02
1.953065008968057348e-01
9.984560446435686298e-02
1.951281290906784205e-01
9.999843521704048221e-01
3.691561841189967136e-02
-8.070776386057961771e-01
3.934516430272254062e-01
4.027266102146829785e-01
1.929657598459121326e-01
2.047672751190377505e-01
1.000098068116122452e+00
3.929251187382760691e-01
-1.000114709689089665e+00
-6.000214402680325021e-01
-1.000111354646932904e+00
-1.101953202535171372e-01
-1.000103497657151452e+00
9.986447509910734155e-02
1.001578589307244443e-01
-6.001147635047110462e-01
-7.214977392905226605e-02
-7.934755651032944224e-01
-8.063704007543034402e-01
-3.238161870091358918e-01
4.127909461155245818e-01
-2.939843113553039511e-01
4.130850173656634428e-01
-8.084003065929507015e-01
-3.382080009452590463e-01
1.001017958594265650e-01
1.002073704923601982e-01
9.999840054708784010e-01
1.095192634716250918e-01
4.145123849557407758e-01
1.000411230938843543e-01
-2.621771260906222700e-01
2.021866967024923412e-01
-2.763480164047559806e-01
-5.999881007229104224e-01
1.000020700812496166e+00
4.135336581708387582e-01
1.998760782419739812e-01
1.000448159961752626e-01
9.999294412973880330e-01
-1.000200212098077523e+00
3.905336549162715665e-01
9.998423578989418248e-01
4.129953641517849494e-01
9.980519783510261034e-02
3.971141743801057111e-01
-6.000562418067798554e-01
4.008176300966102557e-01
-2.625818769111505913e-01
4.010224208415749669e-01
9.999867275016020018e-01
1.000081244061041819e+00
9.995846754754399155e-02
1.958670113314173178e-01
4.052289933842311287e-01
-7.832010445668122767e-01
9.997132228798966125e-02
9.998869372090388730e-01
1.000032797975620280e+00
-1.000153487915530492e+00
-6.000707789968944272e-01
4.144924421818073079e-01
-2.596310107022037003e-02
4.005476129083044290e-01
1.000929886767243648e-01
3.944248871232043929e-01
-7.961008319657980961e-03
-2.447228447594172740e-01
-5.999792150071663333e-01
2.072035991800874055e-01
9.998220874534127223e-01
-1.000011556293332937e+00
-7.969249093727033273e-01
1.000088259304849903e+00
4.109105479678807904e-01
-6.000624926232916989e-01
1.000967579934456397e-01
-4.159788966425800871e-02
-3.318146232983617550e-01
-8.092220700061684147e-01
2.025174211585112904e-01
1.001163728465395142e-01
1.000011596045961904e+00
2.064204121405164571e-01
1.921278747506424689e-01
-2.514324269759258268e-01
-1.000169793074856761e+00
-5.795588430146782211e-02
4.062711156293183912e-01
-7.932910452858711325e-01
2.148965820476667898e-01
9.998704531356051861e-01
-8.279638005632824482e-01
-6.000181226279945879e-01
-9.998943262835582324e-01
5.376561338307355581e-02
-3.516510479565795322e-01
-5.999508678954099672e-01
2.377670326221635599e-02
1.935970033158362080e-01
-1.000054731323706703e+00
1.000025626962469216e+00
-8.064380205151118197e-01
3.913029922001492467e-01
-2.812125381071336472e-01
9.999903068487869806e-01
-9.999570029265962834e-01
-3.021360232342085866e-02
2.006305733318176632e-01
1.000410407684874659e-01
-8.130025812687240450e-01
-2.826794311276911720e-01
9.934853262220599834e-02
-3.260647483559762638e-01
1.993406102078461306e-01
-4.286223351454471198e-02
-6.000644722015657795e-01
-6.001941155363995639e-01
3.884434822944024535e-01
9.999067548888800339e-01
1.000822516288619179e-01
-3.799021222481098192e-01
2.087123573249128339e-01
1.000398726397832699e-01
9.991131032738899409e-02
-7.726839036678266881e-01
-5.998888474966569406e-01
-6.000511447252008246e-01
9.999454964594782780e-01
-6.000518048851137820e-01
-6.000175643276833837e-01
9.999895176094147908e-01
1.911705622018841921e-01
-8.001834201156371451e-01
4.008097595100083010e-01
8.406700991846328963e-02
1.959036459316659540e-01
-7.993554019131771105e-01
-9.999165807508268999e-01
-8.101671153871000675e-01
-1.000164462299991452e+00
9.999868950974700743e-01
9.998126466200086826e-01
-8.102188712268335591e-01
-2.917964825475700130e-01
5.729202882295572619e-02
-8.130598421366685979e-01
9.997995990879902095e-01
-6.000147693118236258e-01
9.989301700008265672e-02
-1.000112850727830072e+00
3.988395626352959078e-01
1.989044995245407843e-01
1.000025348853850193e+00
-5.999805355185818811e-01
-6.001737195409394543e-01
-3.532882019052863143e-01
9.998026580139801611e-01
9.996586611287340551e-02
9.999484256659348924e-01
9.999596298814322770e-01
-1.000163789952784654e+00
4.113538219082139569e-01
1.000592358945388144e-01
3.910513035654243907e-01
1.000594881009027604e-01
5.350518965888524658e-02
-5.561999578160885943e-02
1.830786194314530935e-01
4.049891806723542875e-01
-7.950311333219562959e-01
-5.998862487543266120e-01
4.040364457353767813e-01
1.000029201668804602e+00
-2.100253782879493020e-02
-8.113377774960193189e-01
4.084956079283187935e-01
-6.550824036038825626e-02
2.011433434211995774e-01
-9.997462998271786638e-01
-3.319852850366778463e-01
3.970927817238630864e-01
1.847637452219110243e-01
-9.481685961740095314e-02
1.000054283558887924e+00
9.998595732659172342e-01
1.000159524479964590e+00
9.989023759969103966e-02
1.310653598798920509e-02
-9.998242589982186956e-01
-3.108340410201188564e-01
-3.036057232185275234e-01
9.999398658316328570e-01
-8.016832466393839507e-01
-7.891495086873182574e-01
-6.002034377730239845e-01
-1.784592846821765888e-01
-9.999463841679044895e-01
2.046563784632411676e-01
9.985504915270726478e-02
-6.000723310474803673e-01
-4.876652453271256016e-02
1.000208180862916407e+00
2.085942800245635109e-01
1.772859413291904551e-01
3.572869024385575548e-02
-3.492813801361507320e-01
-3.444724108320234013e-01
-3.813525754018651237e-01
3.970620523891451592e-01
-3.010152665041505582e-01
9.999524068853290482e-01
9.997550842461521148e-01
-1.059638315885841620e-01
2.082370001306455831e-01
2.046131390385254600e-01
-5.541697023921397791e-03
-2.929154285678284841e-01
-5.998036758301533711e-01
-1.000093104586657677e+00
2.045672799920698892e-01
-9.908660187515679063e-02
