-5.999170004950308277e-01
-6.000818105976568617e-01
9.998312169944256755e-01
-6.972477435819923047e-03
-1.000049706750510081e+00
-8.139568719868262026e-01
-5.999231500052383259e-01
-3.841614250584491665e-03
-8.044986052054253767e-01
-2.686933674479978773e-01
1.001657899716873884e-01
-1.000061524464580076e+00
2.092352214747969508e-01
2.215906400311900074e-02
2.161050492362557585e-01
3.954539705559892981e-01
-3.007566219861108892e-02
-1.000122357145145635e+00
2.045294482099140332e-01
4.343622163301960604e-02
4.090019897434450935e-01
3.967526501045589016e-01
-2.769967240191129609e-01
-7.978081193561759044e-01
-9.999913047032720215e-01
4.096080188628712371e-01
-3.122189129010228270e-01
-6.000016925441371551e-01
-2.709725845931292287e-01
9.989120664971759544e-02
-1.000324093988252283e+00
-8.035993614287894049e-01
-8.028582140313427207e-01
-9.998382464931823144e-01
-6.105223901004820652e-02
9.999151459881369108e-01
-1.000116583034977413e+00
1.000071459708111954e+00
3.952299128065922540e-01
-6.000609227573864279e-01
9.999477670600042112e-01
-7.954141427868496317e-01
-3.321520241956968933e-01
9.996967178233014117e-02
-3.123164636110513093e-01
3.968359304566953516e-01
9.984464416807822817e-02
1.000686009293274836e-01
9.998496447768857875e-02
1.909722810603402543e-01
-9.999908263432858435e-01
-8.064111799412315706e-01
3.850166188788028410e-01
4.090011047018551338e-01
-2.510666057754203373e-01
-9.999365958625944240e-01
-8.078427313524991771e-01
4.018755048275474695e-01
-7.563107681579694930e-02
-1.000076843271593852e+00
3.941150617289597424e-02
4.178988880189705157e-01
-1.000162740075927204e+00
-3.385210654642325512e-01
-1.000060945239640287e+00
1.000445599728822105e-01
-1.000075183378802413e+00
6.874482022526887115e-02
-8.039161066658886412e-01
3.987476719254790525e-01
-6.000637993841608786e-01
-2.912380438278411310e-01
1.001081730528026320e-01
3.555291099007806127e-02
1.961218437005073090e-01
1.000671989073115969e-01
1.947943152854674231e-01
1.000045964438380341e+00
1.045115365475452890e-01
-7.903598909949904883e-01
4.087245663481622882e-01
3.926140532737686928e-01
1.998737466557351239e-01
1.838533981014514040e-01
9.998995412105398106e-01
3.891788835605288210e-01
-9.998666699650274881e-01
-5.999232065339781261e-01
-1.000159701130253209e+00
-6.703354278443851566e-02
-1.000202869209013468e+00
1.001257907532914632e-01
9.982865239544030933e-02
-6.000037679177970817e-01
3.432312065838440118e-02
-8.127367955419322332e-01
-8.094193939273615079e-01
-1.620751326881983423e-01
3.998586964845011194e-01
-1.804470652110693463e-01
4.092335203386502362e-01
-8.038709325257448191e-01
-2.439205860924441582e-01
1.000488616330386521e-01
9.999285396294804729e-02
9.999620814938463553e-01
-7.463188329051723136e-02
4.092485254596060495e-01
9.992134032995282633e-02
-3.360716165046188086e-01
1.957382914201460933e-01
-4.062880009802306569e-01
-5.999965858668219187e-01
1.000104922974435429e+00
3.900602668663276651e-01
1.930153552876174294e-01
1.000193388974298381e-01
1.000115381101772005e+00
-9.999911626613492421e-01
4.045119121948227980e-01
1.000147298228930559e+00
3.953202319394701902e-01
1.000811790056935074e-01
4.048103940574038773e-01
-5.998534382233485784e-01
4.020386080989083455e-01
-2.163185672195409026e-01
4.052309101798539093e-01
9.998758367778897149e-01
9.998529575581078799e-01
1.000163057454094562e-01
1.926284227537233273e-01
4.014599774783909059e-01
-7.966511818232027142e-01
1.000808833817659338e-01
9.999641529051850330e-01
1.000116442296030250e+00
-9.999476788600109023e-01
-5.998692639538178994e-01
3.924435434034765913e-01
5.823537567492076406e-02
4.090445346256354475e-01
9.983767123784705044e-02
3.857057947199896697e-01
4.968806327862722999e-02
-3.316741456176366953e-01
-5.999691482075191207e-01
2.031908724904923635e-01
1.000025752728022521e+00
-1.000041685800830749e+00
-8.134189595034755360e-01
9.999818979045763667e-01
3.848175432815467700e-01
-5.999009181848692362e-01
9.987442640375848724e-02
-3.532937750841010777e-02
-2.787279859149949246e-01
-7.885378102237120546e-01
2.174255392951612575e-01
9.999465072553087586e-02
1.000114782418852322e+00
1.915300267623926134e-01
1.847405541029179532e-01
-3.408869440307704668e-01
-9.999480291557223399e-01
8.150702443402108033e-02
3.961347331318644249e-01
-8.140212017038379599e-01
1.935340911324864854e-01
1.000000890320206004e+00
-7.943989826516258956e-01
-5.999452043594580841e-01
-9.999233147353935314e-01
3.994458886449320234e-02
-3.162864262023715178e-01
-6.000122696131109379e-01
4.494066097742233090e-02
1.937153326742413750e-01
-1.000018891904440599e+00
1.000094357727015160e+00
-8.101308812768047707e-01
3.931776128224822031e-01
-1.616543007834798373e-01
9.999132622041767560e-01
-9.998714706902077642e-01
1.189082749526100199e-03
2.014388941489461404e-01
9.995976407708977163e-02
-7.989748180926687926e-01
-2.506751811267634023e-01
-4.443188514454333342e-04
-2.941088189187870960e-01
1.874043093937895199e-01
-1.680393185542135986e-02
-6.000594077066169207e-01
-6.001174077838374865e-01
3.790924279899499094e-01
9.999720815980656097e-01
9.994009662227018587e-02
-2.273746287818301237e-01
1.915898082806948288e-01
1.000150677457206649e-01
1.000281943968459875e-01
-7.869824007189500925e-01
-6.001343606509302875e-01
-5.999671961269854581e-01
1.000013241033755218e+00
-5.998422382188054458e-01
-6.000794797067724451e-01
1.000046862810194837e+00
1.901250748844216798e-01
-7.952606833054328694e-01
4.056129930368025938e-01
3.061503656288812325e-02
1.909663354995355389e-01
-8.252517356406806615e-01
-1.000111793286816431e+00
-8.097736759784113225e-01
-1.000024382009803370e+00
1.000036809065022458e+00
1.000053554747940776e+00
-7.999363164896265976e-01
-3.537115664576111485e-01
4.098973461563010234e-02
-7.898898861364778146e-01
1.000052754158304857e+00
-6.001858703430714703e-01
1.001153070129704448e-01
-9.999727109982831097e-01
4.060540827891979676e-01
1.990184716355930528e-01
1.000040771458220901e+00
-5.998670339195948387e-01
-6.001160389839521603e-01
-3.055187026783853232e-01
9.999719753645736064e-01
1.000212974254306025e-01
1.000249200576698527e+00
9.999740926338631652e-01
-9.999678306760270141e-01
4.144122637779476537e-01
9.999783537852506565e-02
4.054916535115630216e-01
1.001156982354216990e-01
-4.084240187408792050e-02
-2.401642636792373359e-02
1.945834704028203410e-01
4.117474037625331595e-01
-7.950694246480893845e-01
-5.998481343575131630e-01
3.882868978548227323e-01
9.999367571579431679e-01
-5.416240142382992145e-02
-7.943104952174481204e-01
3.951438775747476706e-01
1.573320443529245896e-02
2.021954419866419661e-01
-1.000124944777917468e+00
-3.439541704785964993e-01
3.921826908706805837e-01
2.228210854789251516e-01
-1.564502573171538610e-02
1.000076405063777152e+00
1.000153050151865619e+00
9.998661721897219579e-01
1.001060792805902877e-01
-2.792652345155315421e-02
-9.998961848101972638e-01
-3.730825668845334508e-01
-2.936865494733476023e-01
9.999633355699641957e-01
-8.088354825674842763e-01
-8.116412924140822271e-01
-5.998733022281822480e-01
-2.526619886263625769e-01
-9.998337275338028407e-01
1.996247699676173826e-01
1.000307125422866955e-01
-5.999722305251520282e-01
-6.912898789229016128e-02
9.998289454102834428e-01
1.986657777498835042e-01
1.931852793365541332e-01
6.880930712369014157e-02
-2.919072877274860867e-01
-3.065750784743594970e-01
-2.828673238502845688e-01
3.979657079406736520e-01
-3.775806998091876254e-01
1.000044018765010589e+00
9.999676898803752101e-01
-5.310683910934425184e-02
2.088331256315782702e-01
2.237367821748561802e-01
3.528113893894856135e-02
-2.987927865423533613e-01
-6.000859581975144241e-01
-1.000002821324405433e+00
1.989670466045285468e-01
-1.456790856141191026e-01
