-5.999578600790254068e-01
-5.999237097783284289e-01
1.000035741840330950e+00
-4.004156182596396024e-02
-1.000035155829403388e+00
-8.070584585181757031e-01
-5.998314670163027440e-01
-1.772365339441446183e-02
-7.987918064023533660e-01
-2.847565001380933936e-01
1.000226029783743420e-01
-1.000001739503178388e+00
2.034807220267711436e-01
3.358355282054516916e-02
1.910210886838209499e-01
4.026785961941857228e-01
-8.300719072112065777e-02
-1.000026628145559426e+00
1.952739881358815099e-01
-1.184431701047605062e-02
4.097428950601613162e-01
3.954547562499537428e-01
-3.109805187383392622e-01
-7.957458934331714806e-01
-1.000037048277345075e+00
4.004919086095661829e-01
-2.088721881125877589e-01
-6.000655837506886359e-01
-2.754464312895666955e-01
1.000487863724256743e-01
-9.997842325558125021e-01
-8.314632149515079895e-01
-8.053442040409611868e-01
-1.000005284750032697e+00
-4.666778271725287308e-02
9.999831477451567308e-01
-1.000065674081298317e+00
9.999800442563694380e-01
4.090344036625990221e-01
-5.998617985314836920e-01
9.997583819190272170e-01
-7.877222148131206581e-01
-2.879386583214839090e-01
9.999652988639398665e-02
-3.705676893287293550e-01
3.969739210457224332e-01
1.001623796483558509e-01
1.000202621487850524e-01
1.000272343845562129e-01
1.977077950397498896e-01
-1.000041901307103354e+00
-8.023585428511396112e-01
3.979354516943031661e-01
3.870988661805730424e-01
-3.083217475818018638e-01
-1.000018281241378038e+00
-7.962736643945796944e-01
4.055913784390585142e-01
1.829201909186440114e-02
-1.000132022365078255e+00
6.219282970678103456e-04
4.046207030797968618e-01
-1.000130734667640242e+00
-3.278865640158996064e-01
-1.000077758703875830e+00
9.995206283263279035e-02
-9.999239221531658339e-01
3.383824740761198768e-02
-7.971809168767099996e-01
4.109305973334257955e-01
-6.000236848100356513e-01
-3.564039120949983319e-01
1.000709880016679432e-01
1.309474015878200719e-02
2.030375449993489234e-01
9.988257928347009373e-02
2.170989694888095789e-01
1.000177282758905939e+00
-2.144143941097711743e-03
-7.991074656767545026e-01
3.980424288654029752e-01
4.092556490884732279e-01
2.134012782358014615e-01
2.035788509247148659e-01
1.000026096380673968e+00
3.793537007653882687e-01
-9.999879236392946735e-01
-6.000052896209312481e-01
-1.000072156005795465e+00
2.677704412684349736e-02
-1.000011170133984439e+00
9.996684125056054526e-02
9.995903766423139269e-02
-5.998825584073278483e-01
-3.093113502334375597e-02
-7.811164591792696399e-01
-7.849950808804995184e-01
-2.830583577358719016e-01
3.845977783527700367e-01
-2.952943082112738371e-01
4.146966598112448166e-01
-7.895684293330316184e-01
-3.355688082053557286e-01
1.000270072741278188e-01
9.994923114930420738e-02
9.999148871412680828e-01
-2.566481084307763172e-02
3.991843268030129122e-01
1.000401696436564042e-01
-2.575400578058371082e-01
2.026924167467924198e-01
-2.814935983200329561e-01
-6.000942417704141496e-01
1.000033428332270491e+00
3.773848025280520657e-01
2.060601529240243257e-01
9.992221289481527380e-02
1.000088252973973191e+00
-9.998553146768094368e-01
3.927016868532426930e-01
1.000105680237743933e+00
4.009526435632322361e-01
9.976839702022498313e-02
4.058687225984992097e-01
-6.000016338137291738e-01
3.930974350186915434e-01
-2.334147796767051253e-01
4.002231676870550703e-01
9.999467190592600252e-01
9.999384544329795732e-01
1.000898951068365794e-01
2.173431917820680404e-01
4.035226505236300665e-01
-8.077246631874388516e-01
1.000295278877165878e-01
1.000047639774375829e+00
1.000058654561160720e+00
-1.000166496394539140e+00
-5.998887637534631168e-01
4.015201370823757165e-01
1.661267094857422563e-02
4.069224675482919218e-01
1.001522210996616674e-01
4.109713724887876229e-01
3.086426022518735240e-02
-2.824349279225334408e-01
-6.000956668268719874e-01
1.915992604274248112e-01
9.998544818480449292e-01
-9.999434103219061454e-01
-7.782141323320737047e-01
9.999456797297328059e-01
3.910410329577514998e-01
-6.000326332976786414e-01
1.000665232180878161e-01
-5.101996674184060276e-03
-2.964447205244826744e-01
-7.952788782241817511e-01
2.058056646566825965e-01
9.997723505628230978e-02
9.999322915437277581e-01
1.943937614369569133e-01
2.108779505420339540e-01
-2.770342067601671010e-01
-1.000066228994152651e+00
5.006063656091520875e-02
4.175702935031413432e-01
-8.055058493217230886e-01
1.805925614007521662e-01
9.997949746262175807e-01
-8.164306420064088021e-01
-6.000337296995370551e-01
-1.000097807207327882e+00
-3.077110631430527571e-02
-2.608058056548166470e-01
-6.000315396274199520e-01
7.125194126816725149e-02
1.931622782450060360e-01
-9.999612889496946044e-01
9.999900456468061583e-01
-8.144752780380400958e-01
3.904718197410915748e-01
-3.179707050757665798e-01
1.000074637278215661e+00
-1.000017032912543069e+00
-2.101069872580050429e-02
1.952186038182888439e-01
9.997466907510334233e-02
-7.912292182067061086e-01
-2.743492243371642436e-01
3.999590651124835389e-02
-2.911867115098382142e-01
1.975479170076674673e-01
-2.485749197332846536e-02
-5.998361981331878923e-01
-5.999944037549550524e-01
4.199398233409191716e-01
1.000085854252741768e+00
9.990697669105032264e-02
-3.186359612126705709e-01
1.991786588378802458e-01
9.988985284556729793e-02
1.000621875778499176e-01
-8.000116384742762543e-01
-5.998993114580211117e-01
-5.999997610759597588e-01
9.997017684945407323e-01
-5.999815822848493241e-01
-6.000668965704875069e-01
1.000049552642709116e+00
1.960677208351254142e-01
-7.967756119629069156e-01
3.920533556482537207e-01
1.558355806035968205e-03
1.974723650481234882e-01
-7.993399198542016082e-01
-1.000098258817110564e+00
-7.868098666462075563e-01
-1.000075628893818847e+00
9.996705167286630278e-01
1.000057095576200039e+00
-8.013986236413150888e-01
-2.432995170695158305e-01
9.554193062173514661e-02
-8.041905520923053885e-01
1.000063508846036786e+00
-5.999066607329134326e-01
9.997269427947810816e-02
-1.000096186664315434e+00
4.104743386248169701e-01
1.979695756506314186e-01
1.000017716073389185e+00
-6.000503111635001607e-01
-6.000578330968261431e-01
-3.115700649961830049e-01
1.000008682039678076e+00
9.993501515838894289e-02
1.000054109403721192e+00
1.000062609300185201e+00
-1.000107355401013365e+00
4.142857034068163635e-01
9.983444273055536167e-02
4.098189569530820142e-01
1.000605208470077279e-01
-2.839162939389616377e-02
-4.868240708128341449e-02
1.963658682784985843e-01
3.970556136226140453e-01
-8.032129303827975075e-01
-6.001086402654440821e-01
3.910705423053410512e-01
1.000034752591452802e+00
8.439470794487538563e-02
-7.951587020819582685e-01
4.163427730161340379e-01
1.051508431090982312e-02
1.930913473805412062e-01
-1.000116634686681660e+00
-3.007321248197428742e-01
4.090542470788045004e-01
2.198201514126163769e-01
7.901871876072772902e-03
9.999757892323264397e-01
1.000166468485454541e+00
1.000032646245266887e+00
1.000615126617166450e-01
-8.398611738345189426e-02
-1.000000107239596980e+00
-3.612454190172830759e-01
-2.784791409617009550e-01
9.999770858077036140e-01
-8.068893395602544372e-01
-7.961530386506044943e-01
-5.999567072452107741e-01
-3.112898683379178855e-01
-1.000163918997109658e+00
1.894135431017375526e-01
9.998345353251379686e-02
-5.999980839090666151e-01
2.309568678546438519e-02
9.999738279346152003e-01
1.913621582415107047e-01
1.927121413169187725e-01
6.257252286324216373e-02
-3.463592323830195774e-01
-2.669872824038556636e-01
-2.729327624652957418e-01
4.052438920732012173e-01
-3.236039954525067319e-01
9.999042309504472259e-01
1.000182402830555928e+00
1.404129995797266106e-01
2.076762062549693255e-01
1.899299752933437668e-01
9.218801640759340110e-03
-2.518885282705405348e-01
-6.001004813597978771e-01
-1.000172430898713882e+00
1.958918211104420659e-01
5.143552495665248275e-02
