-6.000292022062244657e-01
-6.000920281702105674e-01
9.997398564300066237e-01
7.157087028555196573e-02
-1.000121405507178984e+00
-8.078041890592718710e-01
-5.999360153524044836e-01
2.531752050370010554e-02
-8.019981979093934177e-01
-3.190187931589843484e-01
9.998973014122183867e-02
-1.000038012103355634e+00
2.032427173477638072e-01
5.206878319318389986e-02
1.935529012539954907e-01
3.968039201353192325e-01
-3.192819324724983227e-02
-1.000096774362787322e+00
2.167568875320806110e-01
-3.341041050616119258e-03
3.802704716726853507e-01
3.999483154456472400e-01
-2.558691928099208202e-01
-7.995361851686962895e-01
-1.000046220491044746e+00
3.991772102527450516e-01
-2.743418777638700345e-01
-5.999528495580013221e-01
-3.157444229126112334e-01
1.001454065564668650e-01
-1.000114038905587588e+00
-7.991824257207791327e-01
-8.010506880578845967e-01
-1.000068028406252196e+00
3.713286569259819508e-02
9.999174652365512284e-01
-1.000081307039391021e+00
1.000123672347826398e+00
4.146419794349076593e-01
-5.999508904580566071e-01
9.999804705329529142e-01
-8.041130505089222336e-01
-1.672826604037966070e-01
9.997877966803210559e-02
-3.421758353984740153e-01
4.028511717475118381e-01
1.000168306739283863e-01
1.001412851400703269e-01
9.990104861868633057e-02
2.026687517667043470e-01
-1.000067731847722907e+00
-8.024555761457345948e-01
4.075570157414743488e-01
4.030107830076051223e-01
-2.642361202000905740e-01
-9.999084124760858616e-01
-8.022517347619658734e-01
4.209061900507518605e-01
-6.439327770558320174e-02
-9.999960189322033566e-01
3.806744119628072132e-02
3.945231008756887037e-01
-1.000114648811785356e+00
-3.675655819117908396e-01
-1.000036253888380910e+00
9.991966935888828283e-02
-1.000108241588238078e+00
7.283235941584234943e-03
-7.976114180772119200e-01
4.006050371779653618e-01
-6.001770883198812578e-01
-2.876234145802394337e-01
1.000548799464683752e-01
-7.683371126287115438e-02
2.116951519042717667e-01
1.001523783305329346e-01
2.025280280414663847e-01
9.999690608518300161e-01
-2.618169446212668255e-02
-8.095621212172205983e-01
4.038575947845350345e-01
3.977178090544143951e-01
1.854126895511831741e-01
2.154495466266737047e-01
9.999969045671821544e-01
3.958295112108702885e-01
-9.998919062775086797e-01
-6.000450062871167667e-01
-9.999034723258420909e-01
-5.560329747880139034e-03
-9.999823943024507278e-01
1.000657178819406579e-01
9.987821578951501522e-02
-6.000954664537874184e-01
-5.973208290427856060e-02
-8.005082154283218454e-01
-8.142337124776418689e-01
-2.525468150833866110e-01
4.132561203800232952e-01
-3.131974000853203211e-01
4.065604796774112684e-01
-7.855632930330352925e-01
-2.158781028254252998e-01
1.000498161077490039e-01
1.000431860432299258e-01
9.997823678281675397e-01
-1.243898386209162377e-01
4.071773398938542399e-01
9.995628230673557491e-02
-3.556581855573548445e-01
2.029454017329463400e-01
-3.603214598265057633e-01
-6.000343055225058064e-01
9.999369046417103668e-01
4.073095774039545147e-01
2.102020065960038264e-01
1.000314625860980328e-01
1.000018993270185286e+00
-1.000028211787406640e+00
4.072647652241591087e-01
1.000050766632713861e+00
4.020246331210785007e-01
9.989553820932486894e-02
3.999563282790028484e-01
-6.000941683300586860e-01
3.974101662090022691e-01
-3.646141030956386864e-01
3.919976917179461284e-01
9.999399886959675632e-01
1.000050222033560532e+00
1.000004961689424793e-01
1.941894657493720422e-01
3.982298974655059665e-01
-8.043320843513936946e-01
9.994069878486550040e-02
1.000111417662850055e+00
9.999183838076884934e-01
-1.000007517684707192e+00
-5.999156801377726334e-01
3.878333519579093558e-01
5.106834455159771358e-02
3.978566097325960116e-01
1.000920568489441081e-01
3.948537518525336298e-01
8.936293775087150726e-02
-2.482374889394068362e-01
-6.000781441170573993e-01
1.991448915575833589e-01
9.997163783596531017e-01
-9.998154473170850487e-01
-8.231988430670954537e-01
1.000119820745821508e+00
4.017014485728681583e-01
-6.000371297194249109e-01
1.000261193469085125e-01
2.724418017589655058e-02
-3.730289697662601545e-01
-7.975727187116915529e-01
1.979873020486165591e-01
1.001214115578788755e-01
9.999138954204963570e-01
2.031030875727795060e-01
1.883502228267173728e-01
-2.483873289691207464e-01
-1.000010060490637676e+00
-5.598743575601947131e-02
4.061937367885094519e-01
-8.025161091734090979e-01
1.997428419358605878e-01
1.000038879735178687e+00
-8.009325631383433786e-01
-5.998345594218625898e-01
-9.999910920981240903e-01
-7.998114980554689273e-04
-2.238219219792993431e-01
-5.999207460522092417e-01
8.956140373568276247e-02
2.019272057842860235e-01
-1.000053443328273284e+00
9.999774402602367163e-01
-7.941577847012685210e-01
3.821109042547755630e-01
-3.766602431558654374e-01
9.999917637424133865e-01
-1.000036139528301282e+00
-1.044522871938635133e-01
2.126205559526028188e-01
1.000133652856625421e-01
-8.070877295596379231e-01
-2.193109601562917010e-01
-7.903470342450864827e-02
-2.703656557987015874e-01
2.060592148741409446e-01
9.237507284775572924e-02
-5.999502368442672928e-01
-6.001826625368148482e-01
3.990877169640408839e-01
1.000064845324660112e+00
1.000178731301272494e-01
-4.139439445076166235e-01
2.197539649689117525e-01
9.999119380929052947e-02
9.999814914384377862e-02
-8.013959067188818342e-01
-6.000983432121207439e-01
-5.996985948864835825e-01
9.999128024794200487e-01
-5.998214613099613901e-01
-6.000642209972558705e-01
1.000063796646001535e+00
2.012407851609684939e-01
-8.023669788844874917e-01
3.982698761712847868e-01
-2.636780674455341950e-02
2.071225684964316527e-01
-7.950174462084628191e-01
-9.999391309887448731e-01
-8.020127074279436163e-01
-9.998905592960124489e-01
1.000009487880209269e+00
9.998804114379734598e-01
-8.011300475643629015e-01
-3.720782404362728002e-01
7.805649952427870519e-02
-7.877853920555840661e-01
1.000039673347942859e+00
-6.001331498030669787e-01
1.000881832742181593e-01
-1.000179625065509725e+00
3.886710796695056480e-01
1.981915443515918918e-01
1.000154750597080699e+00
-5.999916645233371870e-01
-5.999340573052335257e-01
-3.449477899672346859e-01
1.000013272511804496e+00
9.995688277674577571e-02
9.999417889645896285e-01
1.000123398578978140e+00
-9.999288875415472955e-01
4.057276016462073587e-01
9.988247061575049324e-02
4.041670366628848377e-01
9.996914439344836700e-02
1.403804694133262143e-02
2.470248735768865514e-03
2.004353853142690212e-01
3.770460258766362704e-01
-8.058495436591276428e-01
-5.998759261395680831e-01
3.874030149452026284e-01
1.000066992485538098e+00
4.465114280855887741e-02
-7.968318210236585708e-01
4.106631782767999894e-01
-1.856964647008076466e-02
2.154148344464754394e-01
-9.999750302283442194e-01
-1.438583477004894695e-01
3.867739636656825630e-01
1.947673412575613161e-01
-1.178059696377369014e-02
1.000201487602124351e+00
1.000021227185869277e+00
9.999564771647198036e-01
1.000389850748125975e-01
6.562466809856495886e-02
-9.999783142191884799e-01
-2.215077189649376499e-01
-2.826185719224992288e-01
9.999186256617734747e-01
-7.981499307315604863e-01
-7.995069361082759452e-01
-5.998940819312036377e-01
-2.541118638780175409e-01
-9.999267277544537924e-01
1.869099149067270371e-01
9.998855231270031840e-02
-6.001612234116479039e-01
-5.269347931171439181e-02
1.000044481966151144e+00
1.876255464085655467e-01
1.777703987824379717e-01
7.176964949396885673e-02
-3.210292971203796974e-01
-2.730274689890658246e-01
-2.764101279888874219e-01
3.840816433535295671e-01
-3.321206812886353665e-01
9.999723044913717551e-01
9.999325750576345539e-01
-5.737409217009780543e-02
2.099812871137713144e-01
2.040406022983227430e-01
1.071947301579810885e-01
-2.721189023506153659e-01
-5.997914881349490912e-01
-1.000189397877118580e+00
2.096684042626792144e-01
4.518750132186865470e-02
