-6.002386327520258247e-01
-6.001300929723175637e-01
1.000068954891840001e+00
6.197209088173877278e-02
-1.000120931873599073e+00
-8.119370634699343281e-01
-5.999148963145742863e-01
-6.052414545959309417e-02
-7.852115181764862673e-01
-3.222626830794214636e-01
1.000632024524267527e-01
-9.999074612657397054e-01
2.000049223945471744e-01
-2.955219754297827225e-02
2.083943209039408606e-01
4.052338166474987458e-01
1.893339194723100971e-02
-9.999279640294961302e-01
1.956382227377873873e-01
1.954078458160774315e-02
4.004867103475285850e-01
4.055286618776544616e-01
-2.863975102961919816e-01
-7.988606730605413153e-01
-1.000059421213942201e+00
3.913039200765119907e-01
-2.566323395343922953e-01
-5.999968590337999563e-01
-3.006034667698526675e-01
9.993672278629101013e-02
-1.000026494078041672e+00
-8.005854298340319142e-01
-8.031622761180654546e-01
-1.000090685479741115e+00
-4.669978970329185142e-04
9.999635846826607777e-01
-1.000256646538405958e+00
1.000025802255427587e+00
4.015433700832939934e-01
-6.000834182113959914e-01
1.000007914949864185e+00
-8.217449177126228133e-01
-3.367833005225772669e-01
1.001580066948953018e-01
-2.994172448874119485e-01
4.076170127276600996e-01
1.000034976487947369e-01
9.985034926036194525e-02
1.000375342632410375e-01
1.886435776767097505e-01
-9.998830746549901560e-01
-7.887245055547622563e-01
4.045650046724503790e-01
3.864519274917916913e-01
-4.248657355784588030e-01
-1.000129187519758656e+00
-7.787833932317590468e-01
4.000022765770484545e-01
-1.088166313162772757e-02
-1.000029640153125232e+00
-3.709796260453918082e-02
4.027626771485459112e-01
-9.999268931063660659e-01
-3.102576574588608027e-01
-1.000014067872394996e+00
1.000220642525534026e-01
-9.999659141036425503e-01
2.720777190587013797e-02
-7.885309633506658589e-01
3.960380362783528230e-01
-6.000114806675430623e-01
-2.282568983729171275e-01
9.990276445510525016e-02
4.629071536144522235e-03
2.080120996263976063e-01
9.984952102975749866e-02
2.008696170852238005e-01
9.999918544365328232e-01
-7.262536744556491453e-02
-7.888649458030572159e-01
3.970668194805639373e-01
3.854298340822666646e-01
2.036312285113120457e-01
1.707833086275266921e-01
9.999173404154321210e-01
4.073901265003076477e-01
-1.000011484584451216e+00
-5.999438320592336282e-01
-1.000143106252211922e+00
1.322555217608654791e-02
-9.999439895799751010e-01
1.000094309083428973e-01
1.000543505737133826e-01
-6.001579611849732210e-01
6.336588134391282767e-02
-8.115129042481381560e-01
-8.011856597479485309e-01
-2.272466342906687697e-01
4.013080805423113184e-01
-2.706682869819431181e-01
3.741951948583676080e-01
-8.170941320848976730e-01
-2.690183377480275806e-01
9.999141040049834561e-02
1.001067108333021927e-01
9.999529411933297807e-01
-1.015731962727646071e-01
3.934087641511631595e-01
1.000000681752373916e-01
-3.399526697138451903e-01
1.746216664763658166e-01
-3.878509886936614137e-01
-6.001478985983552672e-01
9.997895647307059042e-01
3.922133283410963456e-01
1.977251652674068549e-01
1.001269898509328932e-01
1.000016694374990411e+00
-9.999923207382237500e-01
3.981660334491133324e-01
1.000011880172978262e+00
4.082007782278193608e-01
1.002520238812634329e-01
4.141919471034702371e-01
-6.000655804559138495e-01
3.894965935096497134e-01
-2.646155264114229411e-01
3.885902073639482812e-01
1.000175392001582564e+00
9.999747281028638080e-01
1.000684297786428867e-01
2.078048643322227829e-01
3.876056812537721497e-01
-8.184758138699461671e-01
9.993274097143994839e-02
9.998767003528881148e-01
9.999612012588009469e-01
-9.999091774790518361e-01
-6.000545794490792506e-01
3.914917871703901819e-01
6.801375421554163581e-02
3.665413836057660468e-01
1.000374737001843706e-01
4.157983141904001978e-01
3.389091905398551163e-03
-2.728331801395577072e-01
-6.000012165304432488e-01
1.891213048626564364e-01
9.999475190226316812e-01
-1.000033047937567865e+00
-7.859750352824135256e-01
1.000117635423393159e+00
3.755799635379069579e-01
-6.000767643297242326e-01
1.000868629116370007e-01
3.819514750625979671e-02
-2.328328923655545724e-01
-7.871280022068092297e-01
1.742367686353857303e-01
1.000393964845138900e-01
9.999342476624717424e-01
2.153592770857592764e-01
2.177733995450538140e-01
-2.945581190758683188e-01
-1.000054999711726733e+00
-4.046436773152470301e-02
4.234468224576214967e-01
-7.871166469865741311e-01
2.106244108096213541e-01
1.000126450983196191e+00
-8.207181007348233193e-01
-5.998676155213111816e-01
-1.000119384961541735e+00
4.738400508428683433e-02
-3.415548848430554063e-01
-5.999721831157126539e-01
2.275030207039114086e-02
1.993749038303110621e-01
-1.000126804348313581e+00
9.999163647239901476e-01
-8.012646774913405601e-01
4.002705427036237773e-01
-2.693980975400721012e-01
1.000146206652753333e+00
-9.998740397166238081e-01
-5.332949907556638371e-03
1.836208079381120850e-01
1.000899735259908330e-01
-7.942165261173761426e-01
-2.711982957443014874e-01
-3.414564665996427245e-02
-2.493443778808354661e-01
1.919799448515353280e-01
-1.239912510012116525e-02
-6.000968797937827892e-01
-5.999755923895674359e-01
4.203189197848203884e-01
9.999803790938593950e-01
9.992923703913758615e-02
-3.184088381250892996e-01
2.091692994849341791e-01
1.000169810744820642e-01
1.001209035162380495e-01
-7.903021822091185200e-01
-5.999788850685588981e-01
-5.998754032944467740e-01
9.997892667399458366e-01
-6.001009108366720524e-01
-6.000081441907747504e-01
1.000251241469864771e+00
2.174313878215761442e-01
-7.989087781551962308e-01
4.060654329075665259e-01
-4.475802284926125307e-03
1.953050087746807661e-01
-8.048001277464225112e-01
-9.999445545573392158e-01
-7.837103841071885180e-01
-9.999556798853580508e-01
1.000030325589476465e+00
1.000066547032892661e+00
-7.786075940130503525e-01
-3.059755922284294605e-01
-8.551540963086402825e-02
-8.015431250751344772e-01
1.000265518908835416e+00
-6.000483174147611676e-01
9.991972479598015822e-02
-1.000047753299818210e+00
3.949266083117619064e-01
2.060380439602043923e-01
1.000182465380761831e+00
-6.001323323507986585e-01
-5.999728404648860813e-01
-4.100903972941879472e-01
1.000046460346712074e+00
1.000208561635513305e-01
1.000151087257578730e+00
1.000088580586998566e+00
-1.000053690257121763e+00
4.065042717496821778e-01
9.990971202385701133e-02
3.889090286352954173e-01
1.001495403633356485e-01
1.186593194256457401e-01
8.740268412397512662e-03
1.990751746611633677e-01
4.083564062663673777e-01
-7.949311609466355177e-01
-5.999097044480726781e-01
3.982537420002588702e-01
1.000049197922976862e+00
-3.635792317909081195e-02
-7.966682918688212656e-01
3.917376601407679959e-01
-4.307844798606979414e-02
1.926826583829621131e-01
-9.999195058306937778e-01
-2.528412513343217816e-01
4.105183365781367444e-01
1.942732032273858656e-01
2.497233877807299163e-02
1.000171220592005250e+00
1.000160124317983845e+00
9.998972239193587574e-01
1.002479249068653627e-01
1.181790313843242984e-02
-9.997891552147903926e-01
-2.395279142184192356e-01
-3.289279800052815061e-01
9.998593688056635065e-01
-8.008644771325786893e-01
-8.059432090617020261e-01
-6.000278260379322548e-01
-2.727206680950113871e-01
-1.000032333165562060e+00
1.966043141673917971e-01
9.998276896732422037e-02
-6.000043691020208181e-01
-4.479237871411910488e-02
9.999365465544471920e-01
1.808910973551539625e-01
2.118831781663942371e-01
-2.794063934279860870e-02
-2.621787209117312223e-01
-3.301711255942089140e-01
-2.988447679141939539e-01
4.074270708065451108e-01
-2.932479664214227011e-01
1.000032969821487594e+00
9.999948607740748452e-01
5.063957886820363852e-02
2.021053058397773716e-01
1.889082551417605726e-01
-2.692905910382923512e-02
-2.094737875596281995e-01
-6.001223018111072616e-01
-9.999642046018341057e-01
2.142169818759878386e-01
-2.739988086981502702e-02
