-5.999560326435195989e-01
-6.000024523859418535e-01
9.998883111238517918e-01
8.626565870688156223e-02
-9.999373987478865633e-01
-8.055602000458902401e-01
-5.999639991351847224e-01
5.228708233557160384e-02
-8.070411304376287065e-01
-3.145399865631000047e-01
1.000330726685015603e-01
-9.998966781691334127e-01
1.974527204240426326e-01
-2.862482461985337359e-02
1.938996505886917132e-01
3.875037226592076833e-01
1.886088220222021869e-02
-1.000032143952743535e+00
1.940726079912581670e-01
4.257560508793824250e-02
4.031396121542165645e-01
4.034014978305686117e-01
-3.332951551565540016e-01
-8.033352365015709040e-01
-9.999148689898340603e-01
3.987390511111748026e-01
-3.143398393644453170e-01
-6.000757206555566992e-01
-3.805268742551491390e-01
1.001719844813054455e-01
-1.000119834366033356e+00
-7.799347022825915410e-01
-8.062408986246323295e-01
-9.997318549233926710e-01
-6.495965173453512043e-02
1.000154625317303925e+00
-1.000143041293716895e+00
1.000001375367487011e+00
4.072888926155022182e-01
-5.998675575392607984e-01
1.000039336696652903e+00
-8.112623640514294854e-01
-3.314081917808976985e-01
1.000974155941243421e-01
-2.352530353833167109e-01
3.739364149338035848e-01
9.998343775569067116e-02
9.992242032690221154e-02
1.000710972531516918e-01
2.037399402808057203e-01
-1.000083866674072564e+00
-7.998858671066720882e-01
4.064603165038218058e-01
4.062849570719993531e-01
-3.306968249804290716e-01
-1.000105104470596862e+00
-8.105970980070884568e-01
4.001304676617245537e-01
3.226355646774255181e-02
-1.000067748841511062e+00
-3.946954589329513922e-03
4.008735566520428284e-01
-1.000114080887015700e+00
-2.698386010613040842e-01
-9.998287750248107120e-01
9.985393980438689310e-02
-9.999626363649103400e-01
-3.215978006290616531e-02
-8.031302361971944803e-01
4.025698113441490422e-01
-6.000465198221361929e-01
-3.295200912246584179e-01
9.988069851411950084e-02
-4.750527709915992186e-02
2.175527012218098633e-01
9.987695548512116883e-02
2.024182511601723966e-01
1.000036499008150059e+00
-3.489895263263216585e-02
-8.023161382878337688e-01
3.919373447090627183e-01
3.867313576083478144e-01
1.939704259558760191e-01
1.862724172220097396e-01
9.999704997755390901e-01
4.004406589811948525e-01
-1.000084384181691100e+00
-5.999552910084623436e-01
-9.999196722744027044e-01
-3.003268395973723512e-02
-9.998442193629016872e-01
1.000003432871847259e-01
9.991754832302049416e-02
-5.999484060329349777e-01
3.936823489187800396e-02
-8.067066997948280083e-01
-7.987281777686099371e-01
-2.491503814053765142e-01
4.026930570491552563e-01
-3.264735374440895788e-01
3.877838363667222010e-01
-8.004118412088994106e-01
-2.747430821205757989e-01
1.000953374414692565e-01
1.000484543486633432e-01
9.999853948625987421e-01
-5.012276847698202836e-03
4.062467635244295661e-01
9.996867145801556498e-02
-2.200312248726403741e-01
1.983676255096173124e-01
-3.200099636959776728e-01
-5.998871896303104023e-01
9.999789950781617920e-01
3.885605415961975728e-01
1.985191011015006723e-01
9.984731503616393888e-02
9.999538319914572648e-01
-1.000040472249501544e+00
4.075607309350087748e-01
9.999910323399509027e-01
4.004358589544815827e-01
1.000149335774699749e-01
4.171275553482862719e-01
-6.000099911063320191e-01
3.989219820057818833e-01
-3.582170097059053093e-01
3.852819295152249968e-01
9.998484271867533746e-01
1.000076899998114000e+00
1.000340109416159307e-01
2.061938162311346412e-01
4.078244271761451989e-01
-8.034631784849065594e-01
1.001975532770796457e-01
1.000149484246977805e+00
1.000123994616967549e+00
-1.000015840611392814e+00
-5.999265687995235519e-01
3.906698517955933814e-01
-3.164156481044225200e-02
4.254076784717253368e-01
1.000192221587620223e-01
3.881305368275762002e-01
1.656934125167345770e-02
-3.465013448732368051e-01
-6.000307545889244087e-01
1.946294124222864019e-01
9.998815341837483661e-01
-9.998611184327944601e-01
-7.988726390802679544e-01
9.997984693559516245e-01
4.227253232598464083e-01
-6.001275304944950761e-01
9.995474868864828721e-02
3.315516705775984480e-02
-3.123089565953734437e-01
-8.016437548662727064e-01
1.986346584247653535e-01
9.984106780193102715e-02
9.999536773033305126e-01
2.169994597027144478e-01
2.075969463482982558e-01
-2.704794406782068950e-01
-1.000057075954735808e+00
2.158924427966576673e-02
3.874752660217432587e-01
-8.105116957039906200e-01
2.038913820458005399e-01
9.998980283376958100e-01
-8.038159902925663403e-01
-6.000990223775677368e-01
-9.998485446299564261e-01
-7.031833148925724537e-03
-2.393030296840129023e-01
-6.000065330886720227e-01
5.699107154238919337e-02
2.023264009405808528e-01
-1.000001959980567845e+00
9.999962949206526730e-01
-7.923300404773663264e-01
4.031906200316606181e-01
-3.486357152259034753e-01
1.000145284983513960e+00
-1.000070290697752773e+00
1.759393976854811345e-02
2.029205887093585847e-01
9.989994842044763734e-02
-8.074152594181935871e-01
-3.351247648509413923e-01
-1.562198986767031339e-02
-3.437574609037243878e-01
1.907927043923773602e-01
1.062424304674992603e-01
-5.999621660910360310e-01
-6.000519087242704996e-01
3.955805914267283563e-01
1.000088967140966734e+00
9.993192722013749529e-02
-3.506029581255735161e-01
1.854281644481502733e-01
9.993795588596704471e-02
9.994492179539486709e-02
-7.944548880178449179e-01
-6.000009723433270548e-01
-6.000830130038112831e-01
9.999157535351733683e-01
-5.999231641817084348e-01
-5.999454941535706798e-01
1.000068640392426378e+00
2.050677854160337932e-01
-7.971524556927216398e-01
3.976722916713446021e-01
8.538412474397760743e-02
2.034796812144033795e-01
-8.064526849530190278e-01
-9.999060987102221798e-01
-7.814991213398131409e-01
-1.000143075944712523e+00
9.998910822068969306e-01
9.999028780505794245e-01
-8.034676580529332979e-01
-3.150571487058799747e-01
6.724806559099550350e-03
-8.041956480631984316e-01
1.000182962085230498e+00
-6.001123748839716221e-01
9.995838768203697822e-02
-9.999902596376541997e-01
3.815986331435905488e-01
2.101505325714745631e-01
9.999226625323465178e-01
-5.998815844585146939e-01
-5.999277892069544427e-01
-3.213396815657792449e-01
9.998521069845173193e-01
9.995959227399191238e-02
9.999463790628458915e-01
9.999331777943344379e-01
-9.999947512161886376e-01
3.934665575231224288e-01
9.996170714886479236e-02
3.888048294759509638e-01
1.001299562014143635e-01
3.277038995640278035e-02
-1.543312923804639018e-02
2.030339836955040445e-01
4.078495201794401503e-01
-7.940526154591651675e-01
-5.999181328235227983e-01
4.050893932784737639e-01
1.000134431209388275e+00
1.350900180286992991e-02
-8.034147201708967678e-01
3.909505129953521063e-01
-3.308423577177184525e-03
1.976344314506998934e-01
-9.998784695152609370e-01
-3.829116441523250369e-01
3.963490601976976113e-01
1.833020065903692430e-01
-5.218712979115994882e-02
1.000155056964483036e+00
9.999632817934833717e-01
9.999916120295415656e-01
1.000729252736308333e-01
8.604054993446291766e-02
-1.000060606773476302e+00
-2.987439496028048147e-01
-2.818556295978499326e-01
1.000170521131084733e+00
-8.030786376756716693e-01
-8.034297397572200961e-01
-5.999445081472585262e-01
-3.847535651313008787e-01
-1.000084478463968640e+00
2.006612875480602576e-01
9.997806134414002899e-02
-6.000831091481059199e-01
8.176656949096597349e-03
1.000047132108212722e+00
1.886970721860824485e-01
1.931863624654573119e-01
-6.804101898630363077e-02
-3.458827546752872295e-01
-3.558839135510384333e-01
-3.217319928983392030e-01
3.945890152714734977e-01
-3.704742466464164274e-01
9.999042652038034884e-01
9.999599584881854186e-01
1.068889693433590360e-02
1.888339497773365849e-01
2.172045109828223131e-01
-3.496834072942646421e-02
-3.337449691825864484e-01
-5.999507339991503319e-01
-9.997456815447379741e-01
1.935192567662622765e-01
1.690791215943181908e-02
