-6.001920811749352769e-01
-6.002462838310967941e-01
1.000065584013514197e+00
-2.099774570301059240e-02
-9.998973107134205840e-01
-8.014979700431712484e-01
-5.998743836139390773e-01
1.112881184488024311e-01
-7.995605084694816789e-01
-3.157353876934479442e-01
1.001016508555872542e-01
-1.000115158884397726e+00
2.155328585330902602e-01
4.196860725964592087e-02
1.826854682939558217e-01
4.000433286964245605e-01
5.399518825751906115e-02
-9.999678201111437126e-01
2.027223812299276118e-01
2.998035962459301429e-02
4.021892997508598189e-01
3.886468596748018922e-01
-2.914426502183701806e-01
-8.098001588002445850e-01
-1.000032469249540146e+00
3.850829475624589215e-01
-3.329101971880443211e-01
-6.001191686356167621e-01
-3.373421083996918091e-01
1.000561678507798508e-01
-9.998322005060831241e-01
-8.042388988671359540e-01
-7.893539901473423104e-01
-9.999408401170701843e-01
2.828500713467232627e-02
1.000210911692944737e+00
-9.999926520330211233e-01
1.000032946962494007e+00
4.098002803625572787e-01
-5.999312777187945089e-01
1.000068780221989195e+00
-8.018242017474115357e-01
-3.119949501744030407e-01
1.000723336989034346e-01
-2.815309716116344285e-01
3.952581787061651419e-01
1.002056506609996650e-01
9.990008850919490646e-02
1.001288492276770775e-01
2.040085371411085313e-01
-9.998564067942078415e-01
-7.902478993977828381e-01
4.109324554570092936e-01
4.094861805419199308e-01
-3.355568317953941393e-01
-1.000004785436066967e+00
-7.972886217949807230e-01
4.020182512839047817e-01
5.207088471207584578e-03
-1.000066569900122326e+00
8.616854557089033417e-02
4.057229852998197606e-01
-1.000152263822800647e+00
-4.644422548512340820e-01
-1.000045514099740407e+00
1.000666065590557069e-01
-9.999475290718445875e-01
6.179133458274386342e-02
-7.939201407771681041e-01
4.060535688279565680e-01
-6.000103658999470513e-01
-3.244406305489860309e-01
9.999352367581693102e-02
6.124206026537483416e-02
2.008765339297220176e-01
1.000502313216698053e-01
2.246483498750265206e-01
1.000156524545110504e+00
-6.097527968501506579e-02
-7.972935040704386411e-01
3.950563980538780440e-01
4.047345767712854370e-01
2.072182248479867983e-01
1.877293847933071413e-01
9.998323760194443022e-01
3.983308131102668015e-01
-9.999588930113334495e-01
-5.999114948919717083e-01
-1.000029689091124885e+00
-8.732327752998882142e-02
-1.000119433580390460e+00
1.000592031214664057e-01
9.990590705352292433e-02
-5.999903219045152891e-01
7.582081270583639065e-02
-7.914500772099353210e-01
-7.909991145949235580e-01
-2.961850350130695864e-01
3.934720612197717959e-01
-2.447029336531958144e-01
4.044335680157332136e-01
-7.932903930405523774e-01
-2.812146907184069344e-01
9.996661247021471075e-02
1.000794300266031611e-01
9.997166166690513167e-01
5.274172896037712666e-02
3.874505405025702731e-01
1.002273699188834660e-01
-3.306268080005672627e-01
1.938051287024872005e-01
-3.183622194743516154e-01
-6.002338538963207792e-01
9.999482950702200945e-01
4.123395166433468373e-01
1.996434383584669292e-01
1.000835030593128228e-01
1.000003124774461849e+00
-9.999393730444308126e-01
4.003095521683204816e-01
9.999650393166904516e-01
3.928326448857162867e-01
9.995639674319789503e-02
3.865577822517219930e-01
-5.998828791596017007e-01
4.218521010000532701e-01
-2.358458225613555004e-01
3.966649294061070918e-01
1.000031423181235501e+00
9.998721478820670194e-01
1.000828759083444985e-01
1.927662362397339901e-01
4.100916512401577840e-01
-7.900971873827621339e-01
1.001177889322429487e-01
9.999548178111238306e-01
1.000042969719969754e+00
-9.999433588189257094e-01
-5.998679584167125878e-01
4.065935792695509199e-01
-3.585071774692738522e-02
4.066924178407901880e-01
1.000900061122112078e-01
4.012478020003070744e-01
-5.173563225855540987e-02
-4.072389260121345722e-01
-5.999848885620588934e-01
1.947079474650895703e-01
1.000003397303426134e+00
-1.000042360166751187e+00
-8.072894945854459658e-01
9.999037724942947403e-01
3.832115794381438234e-01
-6.000461511612590337e-01
1.000469515541339977e-01
9.526883162452509657e-02
-2.593475163063680422e-01
-7.919221798634992204e-01
2.109057298684901272e-01
1.000994675706418924e-01
1.000162891772108376e+00
1.955447483424887500e-01
2.150027371039235635e-01
-2.369311042820403945e-01
-9.999315475342310799e-01
3.930668900090811789e-03
4.020720057142866954e-01
-7.954357415126948050e-01
2.062341512132904453e-01
1.000087265168243755e+00
-7.940928473335751026e-01
-6.000226240044721493e-01
-1.000068930900863684e+00
1.406365236212744063e-01
-3.327540856040490658e-01
-5.999826838296652420e-01
-3.944573705286775339e-02
1.983097999921286658e-01
-9.999373189252241945e-01
1.000039119741682692e+00
-8.134754300146868067e-01
3.994451748497578336e-01
-2.769260599895598807e-01
1.000024925967723632e+00
-1.000044649681243625e+00
-2.875824981505034281e-02
1.996153003147881910e-01
1.000198896194668952e-01
-7.800668950992762918e-01
-2.986689760890857137e-01
2.147610031218052939e-02
-2.288597121146769553e-01
2.049005637598190210e-01
-2.737336303375001098e-02
-5.999884131624059203e-01
-6.000231591176343748e-01
4.047240838781444028e-01
9.998612379328432054e-01
1.000006876797252114e-01
-3.292640588008634017e-01
2.191577255075861930e-01
1.000706759730656398e-01
1.000376281368086234e-01
-8.067209326007382941e-01
-5.999043420179992481e-01
-6.001587538546728773e-01
1.000116742208610576e+00
-5.999220249227055213e-01
-5.998856777047416600e-01
1.000127857077139248e+00
2.137788167604839640e-01
-8.144199299157830474e-01
4.025667052201499230e-01
1.346913574703000743e-02
2.015218096162529338e-01
-8.032687987078075409e-01
-1.000248119277606484e+00
-8.072748643909772870e-01
-1.000065827638674021e+00
9.999162493938612561e-01
1.000057657450777793e+00
-7.989132255558034634e-01
-3.268089252503015851e-01
3.534052244067736187e-02
-8.051439133652463775e-01
1.000155237333871572e+00
-5.998703276824295383e-01
1.000729559517352235e-01
-1.000084017857143737e+00
4.102489453299907884e-01
1.848535558493593078e-01
9.999034840487799336e-01
-5.999323742467724818e-01
-5.998047662886668574e-01
-2.818540171809012507e-01
1.000165527307225855e+00
1.000076663151396039e-01
1.000098034194675689e+00
1.000054390918324820e+00
-1.000078449234415023e+00
4.035191261368983873e-01
1.000225203726443496e-01
3.967145272264537836e-01
9.993148067369975185e-02
-6.142588023142832310e-02
5.429568575968877348e-02
2.029682499633223280e-01
3.927296451302021429e-01
-7.965739468757579989e-01
-5.999073586305299077e-01
4.119021356953643798e-01
1.000007154176426605e+00
-2.544621074340244760e-02
-8.016607281666651152e-01
4.192810041292497347e-01
-1.206174966371381246e-01
1.991465231552121684e-01
-1.000109742003484570e+00
-2.799629307435518855e-01
3.976347213784220402e-01
1.923161488113624418e-01
4.093580902394307330e-02
1.000049670008685165e+00
9.998997251049828172e-01
1.000055544280325837e+00
9.980608382940106549e-02
4.579374475239142428e-02
-1.000072401459067395e+00
-3.438089115938485207e-01
-3.371918128051075714e-01
9.999079351637852886e-01
-8.094387690335603791e-01
-8.058878336067051285e-01
-6.000749634978327363e-01
-3.425975546220253465e-01
-9.998341098108015634e-01
1.942039698759298050e-01
1.000868527856056400e-01
-6.000017686626774038e-01
-2.119727038091037338e-02
9.997689579633741719e-01
2.082627184212735572e-01
2.046530788032182024e-01
-4.179604445826928284e-03
-3.224035694158585708e-01
-3.113585398287380679e-01
-2.973755109294768939e-01
3.953034335217904816e-01
-2.676760482740565550e-01
9.999172052844468306e-01
9.999957033212636404e-01
-5.231846155388561459e-02
1.990884642061394039e-01
2.004559981458615414e-01
-2.708300203357078689e-02
-3.559625600917097898e-01
-5.999499176144391654e-01
-9.999525275956624437e-01
2.179484992622379158e-01
2.428279627876446523e-02
