-6.000379246856937243e-01
-6.001780242674322752e-01
9.999139586240829436e-01
-1.773772729920191846e-02
-9.999434969621645575e-01
-8.150772960083759733e-01
-6.000502076758530423e-01
3.532104348043502845e-02
-8.005353241891235427e-01
-3.237876163272769836e-01
9.991865163421477514e-02
-9.999056919210416172e-01
2.023176311924831106e-01
-3.605544056403162112e-02
2.014032902275953441e-01
4.100798120726666940e-01
9.969546840339762322e-03
-1.000188996986034473e+00
1.903233167390646907e-01
-3.124525145130671588e-02
3.935959333134628757e-01
3.865392819137865588e-01
-2.345581074787581044e-01
-7.889812481655592569e-01
-1.000011816379995588e+00
4.193893058098915327e-01
-3.282076911351302639e-01
-5.999946310334730581e-01
-3.418822702911332723e-01
1.000962901675112177e-01
-9.999729843226311532e-01
-8.179418571058871823e-01
-8.030585510217301826e-01
-9.999312201029070257e-01
2.853819350858789738e-02
1.000275697442624789e+00
-9.999962280318430707e-01
1.000027820508642584e+00
3.974715452907071622e-01
-5.999922102186251438e-01
1.000076976395365191e+00
-7.990232456871954048e-01
-3.367112376489939107e-01
9.994563402630622651e-02
-2.932743105816217888e-01
4.016287906098472416e-01
1.000415137744565253e-01
1.000882858240698253e-01
9.991780890624110678e-02
2.178568637808445951e-01
-9.999664523507019176e-01
-7.921035336369649515e-01
3.988865309215011146e-01
4.007923362737730311e-01
-2.661452791299005471e-01
-1.000022900916416990e+00
-7.844506796704466822e-01
3.824432677887648069e-01
-8.636647938535474411e-02
-9.999103755056424347e-01
3.580785692173120427e-02
4.014592745858016620e-01
-9.996488466339855661e-01
-3.148827776716014992e-01
-9.999988980085892099e-01
9.994272620492758441e-02
-1.000090324225080929e+00
-6.918917172012592487e-02
-7.950630885898407607e-01
3.773804061275123911e-01
-5.999787688151184684e-01
-3.456475807219817620e-01
9.989726619680591724e-02
-9.076587114398175504e-03
2.026104014125875707e-01
1.001442985890767523e-01
2.139448021801927946e-01
1.000093653894157164e+00
-5.699475426238435199e-02
-7.841348283118053653e-01
4.055511970987536463e-01
4.049243067616037917e-01
1.911405938706932095e-01
1.999572011535947214e-01
1.000028989191798168e+00
4.026071339711865260e-01
-1.000155931976138390e+00
-6.000867498721359494e-01
-1.000037783599610153e+00
8.647456711104438420e-02
-1.000038431981627562e+00
9.990789374535453959e-02
1.000324198295829969e-01
-5.997907307616097139e-01
2.513768492774857803e-03
-7.925856098013053241e-01
-7.990017157947406634e-01
-3.517206136445659159e-01
4.105876187017805656e-01
-3.060349369994675994e-01
3.926403442130682597e-01
-8.019688985454079821e-01
-2.575649467853498020e-01
1.000169803391435658e-01
1.000137009359905738e-01
9.999116036012507536e-01
-3.825937337274207262e-02
4.017107574633285716e-01
9.993948607002720030e-02
-3.562631409827831663e-01
1.982957649249056931e-01
-3.359574049912620319e-01
-5.999233383319527713e-01
1.000157939099021398e+00
3.864940466676505260e-01
1.900613676801768126e-01
1.000511296462335553e-01
9.997678484339734828e-01
-9.999762516027900228e-01
4.072350851772493230e-01
1.000070508265501035e+00
3.895020073408803629e-01
1.000106032090998937e-01
4.104479586102389721e-01
-6.000040839065743370e-01
3.874034098271759152e-01
-3.261191032109214127e-01
3.866085041120580490e-01
9.998925081962916073e-01
9.999929779456936396e-01
1.001654589631557485e-01
2.057684772214734281e-01
4.183574767102771763e-01
-7.983124607088447622e-01
1.000349317199561161e-01
9.999426324557288970e-01
9.999383912164889754e-01
-9.999559622142371040e-01
-5.998825282584517860e-01
4.265772333256895310e-01
1.352598455376229341e-03
4.186471177979143587e-01
9.990923350979545592e-02
4.172940255832672807e-01
-2.429853356328750841e-03
-2.402666198105230522e-01
-5.998826679359509084e-01
1.988540950218038172e-01
1.000090819928766805e+00
-1.000105559231669883e+00
-8.056922883689008330e-01
1.000064681516816600e+00
3.956301449793059866e-01
-5.998911144635918902e-01
9.987662639240840745e-02
-6.174505690320737650e-02
-3.474974050953368865e-01
-7.854287046120755900e-01
2.028413079486638404e-01
9.996582074832864595e-02
1.000018788217654109e+00
2.036262510202975495e-01
2.018513102405965487e-01
-3.459091251176664161e-01
-1.000034882999821129e+00
-1.929342557756738227e-02
3.966586797558071531e-01
-8.023234804499880246e-01
1.997578866667185649e-01
1.000116197682411334e+00
-8.216605645778034539e-01
-6.000845649527620784e-01
-9.999719316172013261e-01
-4.455232025052952016e-02
-3.646599234621450969e-01
-6.002029630326884968e-01
-5.454404808175133956e-02
1.914662135406607624e-01
-9.999890887385789462e-01
9.999522099633978423e-01
-8.099696874667390301e-01
4.064472639762710671e-01
-2.170556893505046214e-01
1.000016014439544909e+00
-1.000054369180117364e+00
-2.058948817039334828e-02
2.143083802694688289e-01
9.998330429069264558e-02
-8.236088031604121840e-01
-2.454323424104995488e-01
3.723993759232140099e-02
-3.148103527397618229e-01
2.048528692466885237e-01
-8.131504408803129705e-03
-6.000026772095398142e-01
-6.000235397737117005e-01
4.064424724538742151e-01
9.999379398007122166e-01
1.001028585762357842e-01
-3.309803965808522652e-01
1.964228028281933269e-01
9.995239001460233530e-02
1.001252695948743193e-01
-8.178480549548816647e-01
-5.999334576742018088e-01
-6.000984650510760021e-01
1.000011784381797497e+00
-5.998766200691768580e-01
-6.001187194690186244e-01
1.000104562044400014e+00
1.896772636592021222e-01
-7.793452355105592311e-01
3.912434002476001815e-01
-1.131022280677984049e-01
2.031246677097039155e-01
-8.026195344913519270e-01
-1.000045983914615189e+00
-8.104318116082909196e-01
-1.000177198070288709e+00
1.000038936426083547e+00
1.000099417970079285e+00
-8.184220454563402303e-01
-3.143265195269075996e-01
-9.958832578038624705e-03
-8.083277774052106679e-01
1.000063007874654630e+00
-5.998741321388265657e-01
9.989096233177624518e-02
-1.000306208954153231e+00
4.202516636979450881e-01
2.027625145522843064e-01
9.998002849398014424e-01
-6.001122007498430611e-01
-6.000005351582067270e-01
-2.886372764881087738e-01
1.000158734936458238e+00
1.000349830995159034e-01
9.999786286716949579e-01
9.998196635480123273e-01
-9.999843441710452030e-01
3.862878930807813749e-01
9.991227533499205671e-02
3.872793627456118104e-01
9.999502639605863108e-02
3.776785144542765121e-02
9.364250790057128404e-02
2.202768972669127689e-01
4.050626567058974170e-01
-7.907049258881595488e-01
-5.998106739510148389e-01
4.019543528118073028e-01
9.999085383669735760e-01
-2.641881886032442991e-02
-8.092540062256313727e-01
4.051755250662862351e-01
-4.897204856387961380e-02
1.891731129361758912e-01
-1.000048004566473026e+00
-3.267441789045960054e-01
3.886984050872786534e-01
1.965342033246372799e-01
-4.751039103761568044e-02
1.000163645361575426e+00
9.999420729463759372e-01
1.000020947124568460e+00
9.999049059737608047e-02
-2.062587061279075318e-02
-1.000037231289011341e+00
-2.913045379343924823e-01
-2.805927482268551487e-01
9.999562791594812650e-01
-7.926644367546210601e-01
-8.026358759992361369e-01
-6.000070785130579010e-01
-2.809586151797606735e-01
-9.999820147552224148e-01
1.936372360908518164e-01
1.000389899612540018e-01
-5.998569663937970420e-01
-4.101511758823050968e-02
1.000138295643674624e+00
2.115679631598762211e-01
2.086166809336161276e-01
2.849054966523548865e-02
-2.901156197558649730e-01
-2.776289939100774484e-01
-2.757622327285540464e-01
4.013215652167541614e-01
-2.633834138285733872e-01
1.000094154083124964e+00
1.000023728177573679e+00
-5.519873606873595961e-02
1.963528966067750181e-01
1.961689025927120522e-01
-1.572431451401950023e-02
-3.366162938132703508e-01
-5.998661108402725262e-01
-1.000060668064968183e+00
1.877190763156356967e-01
9.628174613100378386e-04
