-5.998820843612751030e-01
-5.997033110683087642e-01
1.000131102714939768e+00
-3.270073367348531879e-02
-9.998220580048721162e-01
-8.073601610283214214e-01
-6.000202390930325924e-01
-5.156021716618383599e-02
-8.140841501157370930e-01
-2.504167022575110590e-01
9.990156018836396368e-02
-9.999676224225584331e-01
1.895519482455566562e-01
-1.374555343111416861e-01
1.824658769937124725e-01
3.765345556331006760e-01
-7.967241899864371812e-02
-9.999772560629398566e-01
2.027892344695868265e-01
7.259752559275864381e-02
4.170053386052020028e-01
3.883734791586029300e-01
-3.375099333261961654e-01
-8.135132739612671582e-01
-9.998680059405521403e-01
3.968521658463122215e-01
-3.024984241249782935e-01
-5.999936801477179227e-01
-3.261037602847184913e-01
9.988898730520252844e-02
-9.998719859347857675e-01
-8.090770208505750904e-01
-7.747042226182014879e-01
-1.000253468495520659e+00
1.635504583363780323e-02
1.000051849365238832e+00
-1.000037039150521556e+00
9.999081009706475287e-01
3.896133878727134348e-01
-5.998714082779117440e-01
1.000063183854343229e+00
-7.902935528665367970e-01
-3.190976466231503772e-01
1.000118715302719535e-01
-2.830204319278518121e-01
3.905841733342471644e-01
1.000148831675983646e-01
1.000479723747720456e-01
9.996873497895306104e-02
1.913207447895959312e-01
-9.997802835656015574e-01
-8.044500017419213833e-01
3.849406305751864599e-01
4.149516830346772767e-01
-2.243049323350484459e-01
-1.000034116117258565e+00
-7.825920219888395923e-01
4.032520017808595703e-01
-3.966218666435165907e-02
-1.000111654495715596e+00
5.267415171147817043e-02
4.193237650903925973e-01
-9.999824000708018579e-01
-1.749313046337865885e-01
-9.999556585312762147e-01
9.996045742253698019e-02
-1.000115958029987873e+00
-3.589665324990275880e-02
-8.059239083716429608e-01
3.905769410360955263e-01
-5.999710827757871456e-01
-2.675154582878766507e-01
1.001280436302611904e-01
-2.986014523724309089e-02
2.059416310482050372e-01
1.000069217748466577e-01
2.053331997781161489e-01
9.999626856322167967e-01
4.034307878411488163e-02
-7.903403741565627749e-01
4.061646590875361285e-01
4.147920735088566624e-01
2.038227905351284730e-01
2.079543272821954558e-01
9.999736334539053306e-01
3.815221246139850475e-01
-9.999893390824822204e-01
-6.000508026406885520e-01
-9.998785766927090757e-01
8.954417708241142054e-03
-1.000049324171345955e+00
9.998453411929671131e-02
1.000419084686319654e-01
-5.999185243905709175e-01
-5.022163029919769761e-02
-7.978173539401398617e-01
-8.023254367547333343e-01
-1.994167727483410757e-01
3.795326343957578508e-01
-3.105136696153456555e-01
4.095245504645094181e-01
-7.902010644578154608e-01
-2.956106781959354501e-01
1.000015906156761919e-01
1.001080597957108020e-01
9.998590831867422146e-01
-2.428968123190988759e-02
4.117679879342830973e-01
9.999103456820288005e-02
-3.333309132004238506e-01
2.100000630743206476e-01
-2.724388680477108360e-01
-6.000123391763247938e-01
9.999409460549847362e-01
4.050218225028343055e-01
2.055964134841136715e-01
1.000884958422968846e-01
1.000048148144317306e+00
-1.000045503084625587e+00
3.771821320847173475e-01
9.999510049717291738e-01
3.909906956731098449e-01
9.996523800674890492e-02
4.008759880336068560e-01
-5.999487850413768308e-01
3.905825830280797994e-01
-2.455703234691758441e-01
3.982071966746930092e-01
1.000022535307692140e+00
9.998425847708801717e-01
1.002010544390328495e-01
2.079173958357054819e-01
3.908708388358492214e-01
-7.891978558242159769e-01
9.994471125198818584e-02
9.999934034530075788e-01
1.000078850379026107e+00
-9.998861874433923047e-01
-6.000452105739086939e-01
4.048652368458771633e-01
-1.792181919780681115e-02
4.020279715359664219e-01
1.000729194192630789e-01
4.066570254027208620e-01
4.652338212379086846e-02
-3.130068072901248666e-01
-5.999360647391621670e-01
2.044216632591948635e-01
1.000047341462742878e+00
-1.000015546173728342e+00
-8.208854655880760687e-01
1.000045677945135436e+00
3.768126356143775002e-01
-6.000588676071840766e-01
9.994687475128255505e-02
2.433882638653012478e-02
-3.031439311045078244e-01
-8.025039901099201289e-01
2.094063347482352788e-01
9.989661744467523419e-02
9.999100698604622695e-01
2.119041291911726577e-01
1.936655011349709965e-01
-3.234743839141789312e-01
-1.000082410055339377e+00
-6.130804533257851185e-02
3.921025497275264504e-01
-8.021556664254303470e-01
2.043293346827189938e-01
9.998544912876002888e-01
-7.905847086823224457e-01
-6.000899817070002307e-01
-9.999628965101332589e-01
4.081661347053558084e-03
-2.436133740839401263e-01
-5.997653352697300821e-01
-4.168850809792445239e-02
1.869915679035031864e-01
-9.999729609994478796e-01
9.999775612488345233e-01
-7.970470735564354481e-01
3.983507045299592986e-01
-2.816240363818111048e-01
1.000094188537248741e+00
-1.000087183249167122e+00
-1.965225322777656297e-02
2.193173743582079172e-01
1.002098610686618929e-01
-7.938883229100565098e-01
-3.287353238913941489e-01
-4.194774122084107132e-02
-2.904438065984516482e-01
1.923329962696802287e-01
3.504890529252574494e-02
-6.001914485324584270e-01
-5.999475807891215817e-01
4.084335335967443914e-01
1.000179237952232070e+00
9.992022053224759726e-02
-2.272047021541523937e-01
2.057736554592689560e-01
9.982671731903360046e-02
1.000925881153563041e-01
-7.950301146104150618e-01
-6.001131211348673666e-01
-6.000158875815344572e-01
1.000100946579126626e+00
-5.999891714533274190e-01
-6.002363535048250709e-01
1.000015656936841468e+00
2.109397153270870240e-01
-8.189405336917250366e-01
4.095711096525737616e-01
-2.593468694062188440e-02
1.851052009498390660e-01
-8.100787865235600238e-01
-1.000034501969162326e+00
-8.022991805727837100e-01
-1.000284811285812925e+00
1.000081439147065376e+00
9.999948211094976669e-01
-8.083573733633456770e-01
-2.842059491310953145e-01
8.509007712896818690e-03
-8.120131385864093332e-01
9.999034961211112904e-01
-6.000800245778808995e-01
1.001260421283260843e-01
-9.999446366863756763e-01
3.905787130901173243e-01
2.161876175894206775e-01
1.000097138109120598e+00
-5.999139169476775946e-01
-5.999925034550155356e-01
-2.857427912718747409e-01
9.999189843887072993e-01
1.001462968001863851e-01
1.000077980059300709e+00
1.000093283624362117e+00
-1.000092635128517093e+00
3.973250056929641949e-01
1.000520347375416508e-01
4.114808158970172380e-01
9.995285002983468614e-02
7.556694693348109913e-03
8.004452138200539302e-02
2.097868614747656346e-01
4.039894812186017869e-01
-7.998061972151845334e-01
-5.999121597689164309e-01
3.734677469664995919e-01
9.998727308699998373e-01
-4.483295876507926297e-02
-7.946411224326869194e-01
4.003780862550173070e-01
2.295713402980927367e-02
1.886273079212579529e-01
-1.000086703701360102e+00
-3.571458982413611150e-01
3.760958230656820667e-01
1.825732535955198188e-01
-2.274610793714257687e-02
1.000025676058776902e+00
1.000176748427724194e+00
1.000047125178260776e+00
1.000487967760741864e-01
-3.262940709030167502e-02
-1.000053086025000315e+00
-3.494541867599857410e-01
-2.836865403447953460e-01
9.999801181093070923e-01
-7.945316906701881399e-01
-7.979392947159003047e-01
-5.998542804780624405e-01
-3.722454064351918834e-01
-9.998741684345601177e-01
2.125030119734672152e-01
1.000363493908587725e-01
-6.000577428729355622e-01
-1.016851322700271787e-01
1.000141783372703763e+00
1.951602960283053689e-01
2.013335992593678070e-01
-4.591408590930498579e-02
-2.836752503401741565e-01
-3.179734683300110554e-01
-2.023496853128094464e-01
3.950674299683197277e-01
-1.907043226983622386e-01
1.000048466062868346e+00
9.999329041371465276e-01
3.003546196127193646e-03
1.966614037572378126e-01
2.134294371424425574e-01
1.133132326613962848e-01
-3.132715179357692947e-01
-6.000308028196454924e-01
-9.999176696910334616e-01
2.071638087362697445e-01
8.436652124858934343e-02
