-6.000751453020680692e-01
-6.000060259754946834e-01
1.000141168978946338e+00
6.914196008836002993e-02
-1.000064620522603143e+00
-8.010762124892737424e-01
-6.000766665149654955e-01
-2.367540494715743987e-02
-8.063247298868828628e-01
-3.999123813721893184e-01
9.988246678972008408e-02
-1.000032923996695633e+00
1.973570037053148374e-01
5.376018768585807961e-02
1.904930438952266714e-01
3.960376669101817737e-01
-2.673972734288691810e-02
-9.999627576526605166e-01
2.054657443386342375e-01
1.801276757481263396e-02
4.010518220363025743e-01
4.043049295709976176e-01
-3.313681393576706768e-01
-8.075179898392252920e-01
-9.998195828534509610e-01
3.796746403213485110e-01
-2.508621981308023496e-01
-6.000688316804145828e-01
-2.473197734826910466e-01
9.993163665588619682e-02
-9.999596055786685866e-01
-8.047650877050979146e-01
-7.752417913673730343e-01
-9.999652062526506180e-01
6.111913619929155994e-02
9.999432964669824342e-01
-1.000064863959218231e+00
1.000231251846506630e+00
4.089248901829712901e-01
-6.001021276611755439e-01
9.999621223883061738e-01
-7.898622193009434689e-01
-2.919779994182158389e-01
1.000700471886510484e-01
-3.231062280809688936e-01
4.078761707937397230e-01
9.984830803028378610e-02
1.001851324142124383e-01
1.000999361900491436e-01
2.202065293051493344e-01
-9.998803437123501281e-01
-8.020911416917257952e-01
3.986939013378585916e-01
4.025658294835738338e-01
-3.421673367814820343e-01
-1.000094325024283748e+00
-7.938336018035198061e-01
3.854867312305199634e-01
-2.640408553429520952e-02
-1.000045897528160532e+00
4.472320223084528396e-02
3.979746460871443348e-01
-9.999562206122347696e-01
-2.719346109610041307e-01
-9.999981320646067484e-01
1.001481484873471550e-01
-1.000130404990913657e+00
-6.404286429572024486e-02
-8.012305593434375650e-01
3.976844898486475710e-01
-6.000075311037093018e-01
-3.493621935535595746e-01
9.994556568956670939e-02
1.349771231131718756e-02
2.147204334162885475e-01
1.001219520467251517e-01
2.028939023718020762e-01
9.999353516821561927e-01
-2.217222508245364487e-02
-7.929610400349321742e-01
4.017279284617609747e-01
3.877689474860638308e-01
2.085511737555670597e-01
1.942842485836436262e-01
1.000067764523550284e+00
4.072413363492211058e-01
-1.000043566464184241e+00
-6.001988105629626480e-01
-1.000208453236878459e+00
-6.834679456171848314e-03
-1.000059669486470515e+00
9.984768516346118061e-02
1.001285343664986283e-01
-5.999601363155814271e-01
-3.822723015484296577e-02
-8.055474168101592891e-01
-7.967302913897408301e-01
-3.272479162159120936e-01
4.030098864777777457e-01
-2.028496189206827061e-01
4.034400096594809026e-01
-8.001364710777981726e-01
-1.988481486665127085e-01
9.981060072298006403e-02
9.978919975294987810e-02
9.999996706735724272e-01
-4.307362106271936386e-02
3.888513560340560726e-01
9.990587001442272075e-02
-2.608140452996249303e-01
2.162944580187768084e-01
-4.010242438679610943e-01
-5.999850006320281981e-01
1.000122478263266057e+00
4.017029467861414904e-01
1.853944921373416599e-01
9.976876467105411095e-02
9.999486262957452132e-01
-9.999378467855806196e-01
4.209226097246810405e-01
1.000157041277579317e+00
3.978629272221515523e-01
1.001304969601746475e-01
3.928152093948811818e-01
-5.999233977672474571e-01
4.036588270085165187e-01
-3.254471339273501407e-01
3.978225968488084408e-01
1.000077045452613334e+00
1.000044303304558957e+00
1.000452978628530581e-01
2.000650714814114495e-01
4.101370263452721598e-01
-8.120169292291471441e-01
1.000225218178433101e-01
1.000063255565274867e+00
1.000058174297234759e+00
-9.999975279748030133e-01
-6.001058179362488421e-01
3.841530260768459826e-01
-1.320871429715570616e-02
4.049716043241380348e-01
1.002510486813974339e-01
4.088453837613721942e-01
3.928296547018136041e-03
-2.261905556295050745e-01
-5.998205694833127488e-01
2.050418738836998767e-01
9.999416775415753689e-01
-9.999113360242575244e-01
-8.143698207113754250e-01
1.000014350198404012e+00
3.984057776060042078e-01
-6.001575395391006706e-01
1.000382808569905552e-01
7.338589826894743873e-02
-2.986483745031197623e-01
-7.888424278010157664e-01
1.954508857333023819e-01
9.974946086983536853e-02
9.999481695813075000e-01
2.072258200684842788e-01
1.912960527025052981e-01
-3.832411450776358475e-01
-1.000177828227586607e+00
-9.665640065269306969e-02
3.885217913364824582e-01
-8.075042296134490316e-01
2.093058733468512178e-01
9.999572362702146000e-01
-8.135032555844653457e-01
-5.998862188704069398e-01
-9.999464006378675496e-01
-2.117422982932130882e-02
-2.893630221708296535e-01
-5.999912001605270939e-01
-7.448706032324513282e-02
2.109636437594266944e-01
-9.999042160436071303e-01
9.999870358651492541e-01
-8.003789029382563092e-01
4.134467396810047601e-01
-2.563334123776975781e-01
1.000045709178217779e+00
-1.000062632878989222e+00
-4.508711143735807947e-02
2.082892291552694841e-01
1.000546050020709177e-01
-7.899490180667223527e-01
-2.194015976172400406e-01
1.575602285761694421e-02
-2.199178635982708130e-01
1.999254213533367963e-01
-1.535650783008726643e-02
-5.998511232655480141e-01
-6.000147603147403252e-01
4.058456997824169687e-01
9.998857603646394976e-01
1.000004626781674927e-01
-3.374633644938479504e-01
1.939108430279214423e-01
9.996936079419466159e-02
9.995585855273780851e-02
-7.975547977561421309e-01
-6.000084412212888241e-01
-6.003001530533921271e-01
9.998746875998038020e-01
-5.999974688058237193e-01
-5.999761006517682072e-01
9.999983847166812323e-01
2.161462513080165126e-01
-8.079022938295034040e-01
3.996624713957526720e-01
-1.106784465179791802e-02
1.921345582731307233e-01
-7.965639539142149728e-01
-1.000033953828711519e+00
-8.203468633610071503e-01
-9.999156496369508984e-01
9.999269649586790543e-01
1.000004074639345042e+00
-7.874389974244009327e-01
-3.288251769157041204e-01
-1.119949557826699534e-02
-7.890490283317347364e-01
9.998274419409504121e-01
-5.999996131024312174e-01
1.001392553625819470e-01
-1.000057810702309702e+00
4.035210551051700012e-01
1.956829126265224039e-01
9.999805682409117491e-01
-5.998884020178059107e-01
-5.999958890984060655e-01
-3.377380167786311893e-01
9.999986262751054955e-01
9.994102414580668947e-02
9.998971995779235566e-01
1.000203267799615547e+00
-9.998139999352627649e-01
4.200577927603632022e-01
9.981548541439551336e-02
4.012810431983291903e-01
1.000969910530141310e-01
6.403481531930586834e-02
-3.720957537260021625e-02
1.881527375845551131e-01
4.162189834285294765e-01
-7.851267923441769270e-01
-6.000385142483830592e-01
3.897010428402672422e-01
1.000029832154157416e+00
-5.866100146675275184e-02
-7.993346305563110432e-01
3.895655533009691474e-01
-2.161585817922548336e-02
2.104834090088116560e-01
-9.999980121535186894e-01
-3.397734808056483979e-01
3.843735275978494292e-01
1.866951886401651828e-01
-6.132667814983691623e-02
1.000124312757394662e+00
9.999529246745705313e-01
9.998747463671121549e-01
9.991328357015226425e-02
-8.863340576902785026e-03
-1.000015227446302335e+00
-2.876756468382715703e-01
-2.682518945872985894e-01
1.000009026527397316e+00
-8.107823817630114283e-01
-7.890355299741717010e-01
-5.999719514709004331e-01
-2.519531309966264176e-01
-9.999538269982037875e-01
2.195677704973427735e-01
9.992082629970258645e-02
-5.998673779809711171e-01
-3.486674627977984220e-03
9.998792963501492714e-01
2.098362771871556676e-01
2.073605453725349823e-01
-3.172164455987157988e-02
-3.010988421889307931e-01
-2.907840725167589735e-01
-3.220483928492782755e-01
4.168886486682002457e-01
-2.997227463120995528e-01
1.000030402962143627e+00
1.000026453188187503e+00
-9.004988960717588697e-02
2.069906713348172167e-01
2.075934264478096203e-01
1.202625324606117901e-02
-2.414450988272835719e-01
-5.999494166990360089e-01
-9.998853520042726428e-01
2.109443283250159729e-01
5.634513449271311147e-02
