-5.998832641546728572e-01
-6.000177875702993324e-01
1.000005324986546817e+00
6.386284165851344174e-02
-1.000146680315210590e+00
-7.983617158494344945e-01
-6.001051054895332193e-01
-4.286315129289109543e-02
-7.969629833816412878e-01
-3.379538884778174879e-01
1.000817388381779610e-01
-9.997771665196979463e-01
2.105663314341571501e-01
-5.603734263951447997e-02
1.999319591784992911e-01
4.015508495284492718e-01
-1.961738599469077873e-02
-9.998752189473302243e-01
2.145949255500345376e-01
4.513813382655277456e-02
3.832697681154904057e-01
3.860300162479514130e-01
-3.283615637688928057e-01
-8.004381163047382675e-01
-1.000079819223294475e+00
3.869558999914279318e-01
-3.314743546628447501e-01
-5.998694856187730684e-01
-2.605876100268097462e-01
9.995175495082919692e-02
-1.000046773125613520e+00
-8.131325409352717637e-01
-7.969083372799078413e-01
-1.000021608667149842e+00
-2.670707112162756455e-02
9.998676082930962883e-01
-1.000033414910533214e+00
9.997968417324696322e-01
3.944447655817623355e-01
-5.998734744451731382e-01
1.000121981165092766e+00
-8.206714877281655607e-01
-3.156858524962449786e-01
1.000642721024249671e-01
-2.920647445668405062e-01
3.933230196991075456e-01
1.000995724281724952e-01
9.996021093467848118e-02
1.001413695312040331e-01
2.026346965187058313e-01
-1.000118124527740626e+00
-8.047203412525675281e-01
3.995252943250450772e-01
4.009708301489681159e-01
-2.331064900390094896e-01
-9.999840209451067441e-01
-7.966814362991272436e-01
3.909602375822850973e-01
3.170459253436519464e-02
-9.998930931964803426e-01
-2.685393760301246768e-02
4.060997872432928202e-01
-1.000160165961502701e+00
-2.957312800603580372e-01
-1.000029979529535096e+00
1.000206727680891944e-01
-1.000073798793435387e+00
-2.940546943236128224e-02
-8.057050872659600183e-01
3.875081419303432195e-01
-6.003085635487752647e-01
-3.166955232374905616e-01
9.990883273198397641e-02
6.494902452987605379e-02
1.974382706389565534e-01
9.998086876881186191e-02
1.952397633686822898e-01
1.000133193219136851e+00
1.190150956033418986e-02
-7.899794769215694457e-01
3.907163364089309421e-01
4.113584752221045582e-01
1.990764773531373544e-01
2.140571860773559099e-01
1.000164314619536476e+00
3.952534836590986256e-01
-1.000015123957007868e+00
-6.000792215810659691e-01
-1.000030516548030546e+00
-3.507502448746081108e-03
-9.999924618008708688e-01
1.002985052441416336e-01
1.001128533300855716e-01
-6.000769028704810992e-01
-5.182454182736324910e-02
-8.224612014125529669e-01
-7.875455865361676855e-01
-3.410955563144990044e-01
4.085676453136445896e-01
-3.275622968310112904e-01
3.958114372288664140e-01
-7.903089836955707881e-01
-4.082189091817970406e-01
1.000523716371983368e-01
1.000662981167178556e-01
1.000126363038661870e+00
-4.646393561667699901e-02
3.999516385421497122e-01
9.997555623018779258e-02
-3.133194231354954340e-01
2.233456850517667180e-01
-3.223590670769647115e-01
-6.000821672790133121e-01
9.999079020712302590e-01
3.976737041774819903e-01
2.010269167720756256e-01
1.000322819748752923e-01
9.999428183273031401e-01
-9.998055439701648561e-01
4.104273985424328752e-01
1.000074622548021486e+00
3.962602250019428007e-01
1.000944009691517866e-01
3.918770817152981145e-01
-5.998890535961027837e-01
3.932881836695402700e-01
-2.003168824986099050e-01
3.989023966914072572e-01
1.000145399473716612e+00
9.998696061934435608e-01
9.989345525721736452e-02
2.061535739566822401e-01
4.035788584901323084e-01
-8.017335560365873581e-01
1.000251679475481908e-01
9.999459913198833760e-01
1.000152218086754807e+00
-1.000120449536611167e+00
-6.000138114768446274e-01
3.909799294522300350e-01
-7.498067757077243878e-02
3.936817992489835549e-01
1.000089671839050759e-01
4.115294821730125507e-01
-4.314840585560894559e-02
-2.991230536430289355e-01
-6.000345992699263054e-01
1.915623649911631365e-01
1.000004755345585528e+00
-1.000074329698599662e+00
-8.207922368146672865e-01
1.000080989746806148e+00
4.039847616243027462e-01
-5.998442534067223164e-01
1.000831381043994217e-01
-4.472396303847997467e-02
-3.525989033742198964e-01
-7.935304488693348812e-01
2.021517235429034498e-01
1.001120783296579608e-01
9.998913085500181763e-01
2.167219296242001714e-01
2.105865590500991813e-01
-2.275746210928778213e-01
-9.998337883821775129e-01
-2.435012305323160098e-02
4.061422936309132536e-01
-8.093114549813004155e-01
2.121136239134236989e-01
9.999581517971987132e-01
-7.883331526153859459e-01
-6.000315641273203937e-01
-1.000043849255400685e+00
9.388893036580912496e-03
-2.859768179472429450e-01
-5.999686471557759138e-01
-3.047638364390923334e-03
2.084505253398951374e-01
-1.000001317541083345e+00
1.000134515159923465e+00
-7.900305230458141148e-01
4.039213319142084813e-01
-3.171258627253165652e-01
1.000046634373761290e+00
-9.998993499614827751e-01
5.283238960730040484e-02
1.990272468227286262e-01
9.997824220870259182e-02
-7.975064855093718652e-01
-3.148789751447800267e-01
5.586426521799159328e-02
-2.505899928515119002e-01
2.077578686135709563e-01
-1.354272625804842957e-02
-5.998003612574062116e-01
-6.000829122460118459e-01
4.024243350168257849e-01
1.000042846000832153e+00
9.998006855262472903e-02
-3.399055887842982737e-01
1.892538264599612496e-01
1.001185995884713437e-01
9.989684403693026293e-02
-8.017454613617220893e-01
-6.000895099929675069e-01
-6.002392826225475542e-01
9.999270564299278519e-01
-6.000682949748211703e-01
-6.000364384523020345e-01
1.000078706966891051e+00
1.780067541455468971e-01
-7.975090052305134902e-01
3.974708584512147702e-01
5.710588761091332094e-02
1.960851120132013625e-01
-8.064924094012303479e-01
-1.000029175258499992e+00
-8.004357356763780462e-01
-1.000092642314797775e+00
9.998486306812823798e-01
1.000065272656883275e+00
-8.242281557504981260e-01
-3.779226758151068566e-01
2.419745050655480734e-02
-7.821262404711943894e-01
1.000095708208325496e+00
-6.000000431922223321e-01
1.000667741531721944e-01
-1.000012167138105035e+00
4.010906002667320447e-01
2.061570858237115056e-01
9.999644046337085035e-01
-5.999668689907111663e-01
-5.999917393093586737e-01
-2.230081841630280892e-01
1.000080894476188309e+00
1.000756832339989161e-01
1.000006705274957941e+00
9.998516946973610153e-01
-1.000085440540956938e+00
3.908347963322000851e-01
9.984660449263381421e-02
4.101901555480519379e-01
1.001324535218274803e-01
4.797624043427482082e-02
1.903140221441270222e-02
1.999950743287763899e-01
3.905655354142904545e-01
-8.027027246987836762e-01
-5.999457689307190478e-01
4.007435534817399003e-01
9.999671094460635956e-01
2.429657680998732056e-02
-8.115033383878887951e-01
4.149952950067986035e-01
2.756699126704764344e-02
2.021849399360276522e-01
-1.000085460489548161e+00
-3.613844326939766316e-01
4.049821258010916081e-01
1.918685977254915020e-01
5.899816181573252355e-02
9.998514660502790807e-01
1.000110213058027053e+00
1.000019784623164654e+00
9.999416606602239133e-02
4.386381485522136692e-02
-9.998787182285917563e-01
-4.143272634224639539e-01
-2.073061672601095862e-01
1.000150629739231523e+00
-7.876918532928595118e-01
-7.956887591258048342e-01
-5.999557215939949062e-01
-3.693331462519378050e-01
-1.000149120917711354e+00
2.022736700744049709e-01
9.982265321981323436e-02
-6.001308779942546856e-01
-6.075953795873786922e-02
9.999505100690240234e-01
2.042777750192639741e-01
1.874637673126671455e-01
-1.724330706717609393e-02
-2.714542170662752607e-01
-3.004019473790487949e-01
-3.054470266395256650e-01
3.853711121682199536e-01
-2.308966275431145743e-01
9.998320267104685577e-01
1.000030044927278317e+00
-2.280762952807052768e-02
1.920123109240524928e-01
2.063967073055538726e-01
1.645897405866150048e-02
-2.753190728031773005e-01
-5.998581717809893243e-01
-1.000023287870501543e+00
2.189400541359902974e-01
-2.864584396063064170e-02
