-5.998488575213245522e-01
-5.998676156344161514e-01
9.999573202779594716e-01
9.869438446818067090e-02
-1.000026587235109066e+00
-8.316912031310190745e-01
-5.998560262846476254e-01
4.125950290642715901e-02
-7.883948945614542847e-01
-2.557328843849548394e-01
9.995896919461462471e-02
-1.000004267741515740e+00
1.963028312286867194e-01
3.805022561480019688e-02
2.057237509256719388e-01
4.024880664026827537e-01
-4.678927275284827658e-02
-9.998931936021391298e-01
2.073898678852751920e-01
3.654930242796485679e-02
3.940205741813287421e-01
4.020642727850122222e-01
-3.462494196614795960e-01
-7.989811491900755680e-01
-1.000111440555792264e+00
3.943141768428614635e-01
-2.904559733299280633e-01
-6.000179883073576415e-01
-2.513628836431882618e-01
1.000099185999076407e-01
-1.000255045863197800e+00
-8.128870643363090842e-01
-8.130112101024483673e-01
-1.000019436846690812e+00
-5.043244191289722456e-02
1.000008014400211476e+00
-9.999073332560817207e-01
9.998437313157790829e-01
4.042394927879154887e-01
-6.001055634369493186e-01
9.999108662685055604e-01
-7.913387858533005303e-01
-4.023945685091756541e-01
1.001219150773849098e-01
-4.213815738897340180e-01
4.170279367161940365e-01
9.984878024632687366e-02
1.000134991066676665e-01
1.000503613235232819e-01
1.745414237487044884e-01
-1.000034512036935386e+00
-8.094509985256165274e-01
3.990977116260561175e-01
4.048235822035053388e-01
-3.864911862252068953e-01
-1.000082287698722094e+00
-7.853439553771779380e-01
3.849419809543115356e-01
-4.021102943423576770e-02
-1.000023111804940301e+00
1.148079932046633909e-02
3.806840107317481792e-01
-1.000084280840374706e+00
-2.796369868881232179e-01
-9.999952501606900190e-01
9.995063525650714487e-02
-1.000075614499726040e+00
-8.479848246235602294e-02
-7.979750765334876483e-01
4.060066074038729544e-01
-6.001579665508464112e-01
-2.418857563652322684e-01
9.990923380443580970e-02
1.951150165048840673e-02
1.917855277485144283e-01
1.000143845933115644e-01
2.064166226941556992e-01
9.998800013962081401e-01
-6.208206025147819385e-02
-8.067769661080214094e-01
3.881972957308419403e-01
3.922552199728102096e-01
1.901313280857476751e-01
2.057212115763804305e-01
1.000055050769345755e+00
3.967420975619289081e-01
-9.999747903848370534e-01
-6.002506058849707005e-01
-1.000049202667276926e+00
2.288271375247501183e-02
-1.000216102844103228e+00
9.995659970033574093e-02
1.001012194282113188e-01
-6.001001296727356271e-01
5.500803960264674664e-02
-7.940059917941516554e-01
-7.841754352340383205e-01
-3.901420143970111276e-01
4.016528016115221700e-01
-2.997805153025669411e-01
4.086771982850760931e-01
-7.886965185430228065e-01
-2.909179886731308451e-01
9.989790964096111059e-02
1.001209286526901360e-01
9.997793121825905294e-01
3.865471860559127615e-02
4.038670500150527976e-01
9.986913988242525353e-02
-2.941362801544937233e-01
1.914093038035088457e-01
-2.545852520604326430e-01
-5.999487907254885677e-01
1.000059916399978155e+00
4.012203363600767014e-01
1.996628937691994898e-01
9.994565636193863956e-02
1.000220749189347336e+00
-9.999206755556904191e-01
3.874065993000149755e-01
9.999158385193650522e-01
4.068627545417269897e-01
9.990803257096859957e-02
4.088016403521467224e-01
-6.002037190887626883e-01
3.980832911659702988e-01
-2.390513792702474993e-01
3.887050154242234212e-01
1.000006091359170179e+00
1.000101290059512760e+00
1.000805823401604566e-01
1.830004983960438203e-01
3.949797857809557722e-01
-7.925776212661614917e-01
9.996182052142295327e-02
1.000018075921069283e+00
9.999964285880331705e-01
-1.000021758468802036e+00
-6.000986542939038548e-01
4.079699439909844072e-01
3.543864644143060461e-02
4.112540619928936603e-01
1.000805984893259198e-01
3.974899472993501104e-01
-2.019486320930254444e-02
-3.724357953171634761e-01
-6.000209315204197980e-01
2.053224691273983493e-01
9.998791568151438325e-01
-1.000090212086593766e+00
-7.902952251195343170e-01
9.999065651750435046e-01
4.083396198566869861e-01
-5.999700468500037687e-01
1.001356612717297784e-01
4.061029430488466430e-02
-2.703768408010183144e-01
-7.806380063741529263e-01
1.984174155153960450e-01
9.995152421009091681e-02
1.000117300062290049e+00
2.042289832318929799e-01
1.818913795756215701e-01
-2.600597723278134099e-01
-9.999257812808524104e-01
-6.846328722435245095e-02
3.925960528399711769e-01
-7.973028787464017109e-01
1.881674529281937291e-01
1.000032784217038673e+00
-7.784863772992135500e-01
-6.000414828576510207e-01
-9.999463418969193329e-01
5.611728591157131435e-02
-2.531492161074481162e-01
-5.999272921658469482e-01
-2.790878475711282541e-03
2.084341246546577153e-01
-9.999104035294698045e-01
9.998809866730310469e-01
-8.140105189927923091e-01
3.949909400870872389e-01
-3.306701937988822948e-01
1.000008995883195473e+00
-1.000012166301204042e+00
1.738279300818317864e-03
2.005000279545519626e-01
1.001780882216160573e-01
-7.904538393396611795e-01
-2.490574535098991071e-01
-1.142176793100520282e-02
-3.482140411404319180e-01
2.210030347831693498e-01
-6.972613158351891050e-02
-5.997765983743862384e-01
-6.001225973585090356e-01
3.975382248800115592e-01
1.000082112549736335e+00
9.993628177293778503e-02
-3.360735101240650557e-01
2.046211949073966363e-01
9.997234486933520570e-02
9.994344627059498221e-02
-7.901197450735364392e-01
-6.000196079825123041e-01
-5.998694001117250707e-01
9.998882466749118292e-01
-6.001237968613416518e-01
-6.001444930003960732e-01
1.000052088737263700e+00
1.864931625980158769e-01
-8.093718130755920281e-01
3.909524450516738137e-01
2.810613502108228606e-02
1.917331139208162671e-01
-8.056490628529769937e-01
-1.000067581393018878e+00
-7.973275262406426256e-01
-9.998889690144284748e-01
9.999346671615058080e-01
9.999287567750702044e-01
-7.742710767284691764e-01
-3.011937566886216944e-01
1.114194864624120929e-01
-8.040482617502839879e-01
9.999558364445327863e-01
-6.000928346960652249e-01
9.999507612827865377e-02
-1.000003212279377163e+00
3.944731139239117668e-01
1.996539601623448235e-01
1.000156894905099847e+00
-6.000307973750601542e-01
-5.999700734787002387e-01
-2.606761861413757209e-01
1.000234188139667912e+00
1.001022679993524567e-01
1.000000042815441859e+00
9.999079009838692800e-01
-1.000019676981662942e+00
3.942439185310699368e-01
1.000046704632403527e-01
3.930489967690917186e-01
9.981659367267742278e-02
1.229792113841463586e-01
1.165531108192049276e-02
2.045971876471850970e-01
4.007691305317916952e-01
-8.079475988775326467e-01
-5.999465269543177159e-01
4.158735234279225534e-01
9.999408111228617058e-01
-4.177498419719194445e-02
-7.942012020864148703e-01
3.971423872737172567e-01
-4.904440955659719603e-02
2.173120720926156046e-01
-9.998862409702036214e-01
-3.493986942044421395e-01
4.029487063079476017e-01
2.163339292282295545e-01
2.505789643348020970e-02
9.999184114240238230e-01
1.000117924125307756e+00
9.999771710030137539e-01
1.000964975570863280e-01
-6.052766084787464251e-02
-1.000020267090317105e+00
-3.426217855124581990e-01
-1.936064525778799505e-01
1.000050435458871734e+00
-8.171205942223757068e-01
-7.926778673538535935e-01
-6.000347658412292784e-01
-4.088401938972673344e-01
-9.997625886948622309e-01
2.098305707518867969e-01
1.000874433753708298e-01
-5.999554504945472377e-01
-3.882118888667238261e-03
1.000005862444593330e+00
1.927818872714731901e-01
1.994497348815166549e-01
-1.572955474415967461e-02
-3.099109516843536194e-01
-2.526200551925279481e-01
-2.594443534359918702e-01
3.999088174981044741e-01
-2.404398498468473255e-01
9.999009769839019013e-01
9.998785262719451783e-01
-6.399714114874593962e-02
1.981181296785768098e-01
1.882273120346706075e-01
-8.619334817614227040e-02
-2.991995775611521191e-01
-6.000629288104115666e-01
-9.999033120788747286e-01
1.995827255347890627e-01
2.094999107951386278e-03
