-5.998333063622193206e-01
-6.000776589659044813e-01
9.999856101333125524e-01
-2.495211665019271899e-02
-9.999781032170556028e-01
-7.957686460383454063e-01
-6.000248549252238384e-01
-5.702841452209007900e-02
-8.053080292058543144e-01
-3.406494267963663947e-01
1.000070891980573556e-01
-1.000025207121594928e+00
2.104964716951003290e-01
2.461053772662995243e-02
1.872838349863880369e-01
3.884148222550592444e-01
2.611437589052839278e-02
-9.999403227729026788e-01
1.912652153818180378e-01
-5.599521612320497443e-02
3.942273980286224999e-01
3.873777198638546637e-01
-2.429932862001693838e-01
-7.984674752654732366e-01
-1.000071496999118681e+00
3.992460721315655992e-01
-2.705945033243408182e-01
-6.002392645591929643e-01
-3.144899926550577818e-01
9.992947976266838839e-02
-1.000011386987515127e+00
-7.989544269305208779e-01
-8.264927039391419816e-01
-9.999312911293344319e-01
-5.137485573332777750e-02
9.998551512344678871e-01
-9.999036443455172618e-01
1.000022010711076659e+00
4.064531422351402301e-01
-5.999716585377000699e-01
1.000117993211018241e+00
-7.978858957832252186e-01
-3.277313294764628293e-01
1.001121232812955258e-01
-3.535933555443986909e-01
3.996103809134918805e-01
9.996056215462711947e-02
1.000059366732086313e-01
1.000238047883929421e-01
1.998623614360504619e-01
-9.999904386478590812e-01
-7.961348020759810851e-01
3.979725901216087935e-01
3.895746260791793647e-01
-2.546953071685274517e-01
-1.000073304253344730e+00
-7.772620021252062417e-01
3.925636584634010773e-01
7.362562150458773491e-02
-9.998400303905516928e-01
2.236761161441017109e-02
3.802773539718308227e-01
-1.000018375125587333e+00
-2.948752138554422420e-01
-9.999072209493869989e-01
9.999238272545168948e-02
-9.999288496418421435e-01
-3.624427118104813633e-02
-7.957439605446448017e-01
3.955351371902376956e-01
-5.999533603654451097e-01
-3.538461387316761964e-01
9.997161072172995600e-02
4.945039632688057185e-02
2.163377324533023449e-01
9.989751019413316280e-02
1.953211874815203586e-01
9.999852383370760878e-01
-7.000630424035628185e-02
-8.093879971726710698e-01
3.919837078142591746e-01
4.116725680276934751e-01
2.164579659119803823e-01
2.021711719659046169e-01
9.998902681807961823e-01
4.068952120418432572e-01
-1.000208435979035082e+00
-6.000249371109269703e-01
-1.000110707555230238e+00
5.679592294400803015e-02
-9.999708610480135818e-01
1.000736324225273283e-01
1.001795357827776622e-01
-6.001811386593218778e-01
-4.538609832521977444e-02
-7.977958133190794499e-01
-8.011854137756101446e-01
-3.643810645636577639e-01
3.776681825876438414e-01
-1.852085003112503014e-01
3.939795991249920304e-01
-7.920443972482846817e-01
-3.259900178792978775e-01
9.994289888496062091e-02
1.002225002415989275e-01
9.998925895801957786e-01
-1.064299014468427645e-02
4.127268262631121898e-01
1.000335441835957656e-01
-2.617573762050573460e-01
1.888187941889074573e-01
-1.884418404413555903e-01
-5.998949473875739846e-01
9.999409240782932695e-01
4.177598817569426748e-01
2.095404730523919845e-01
9.991648275609889274e-02
1.000061735545905384e+00
-9.999461547334861367e-01
3.962514765669716277e-01
1.000031161624581166e+00
4.182141398671503918e-01
1.000156739157163494e-01
4.037070561351306930e-01
-6.001530426880040681e-01
3.838923935150863054e-01
-3.545478985827242857e-01
3.975859917917447528e-01
1.000016800488884749e+00
1.000106244527444677e+00
1.001134940879062768e-01
2.046600301451491632e-01
3.955879664216773173e-01
-7.958272488331356032e-01
9.992269796820556216e-02
1.000028747040503374e+00
9.998695898579914587e-01
-9.998856020596146310e-01
-6.000073232143304791e-01
4.000975167571493851e-01
3.443101300901829642e-02
4.058504406551143862e-01
9.986581623590969070e-02
4.127866893552751826e-01
3.527781348420854640e-02
-2.653033534755375178e-01
-5.999484281744519309e-01
2.041630262309302446e-01
9.999703357424906125e-01
-1.000057949978207406e+00
-7.868519313102553259e-01
1.000229150564795111e+00
3.943899977435620374e-01
-5.999916975008764419e-01
9.997512802459437853e-02
6.326076332911077793e-02
-3.494423936813462750e-01
-7.898531658415882672e-01
2.014138067514907315e-01
9.995638867527181781e-02
9.999099785622991288e-01
2.151545561097613080e-01
1.863135063576157879e-01
-3.674159349265523344e-01
-9.999324449654439784e-01
-1.088384104253219409e-01
3.892208738368189147e-01
-8.032074674410449866e-01
1.938273478927637350e-01
1.000072862945242003e+00
-7.929856856440351542e-01
-6.002006719520819322e-01
-9.999963522427811613e-01
-4.851935644299349565e-02
-3.340121336690748399e-01
-6.000406462121686824e-01
-7.678022966933983895e-02
1.933245794372695225e-01
-9.999304714290603302e-01
9.996522925583913866e-01
-8.095815798607246538e-01
4.218183494298026748e-01
-2.961929184296668294e-01
9.998984006307741756e-01
-9.999442631336149523e-01
-4.169205786719588219e-02
1.897388643215992543e-01
1.000867328622990771e-01
-8.115794380168712685e-01
-3.753159646274960015e-01
3.686488924494552705e-02
-2.896483263469130653e-01
1.940848654342841872e-01
-1.121527091914169098e-02
-6.000150850751112541e-01
-6.000844361946999772e-01
4.047216640067172744e-01
1.000054074543443416e+00
1.001615885471806855e-01
-3.264794046048866138e-01
2.012766260152593634e-01
9.985376855026922849e-02
1.001182202259968124e-01
-7.991673323646362181e-01
-5.997838601814966530e-01
-5.999887876669806053e-01
9.999023163123450519e-01
-5.999462496003069578e-01
-6.000324804675125634e-01
9.998951347959657010e-01
1.966234904346997325e-01
-8.036360422338869602e-01
4.014740059502645564e-01
-6.570180172430793719e-02
1.762886192753129744e-01
-7.862451642311908406e-01
-9.998264609516751555e-01
-8.031708786926552435e-01
-9.999402461738413628e-01
1.000072890249436242e+00
9.998609368253742469e-01
-7.977466715960775945e-01
-3.297180895389431599e-01
-1.977324269659083700e-02
-7.945684374092067959e-01
9.999218092638021416e-01
-6.000293252245961773e-01
1.000705494320974220e-01
-9.998405253590078035e-01
3.940564115518698229e-01
2.109946186430708970e-01
1.000029099842222324e+00
-6.001119429379744297e-01
-6.000643126893459023e-01
-2.426617534102584739e-01
9.998914522913406877e-01
9.989367093646615847e-02
1.000137611771009016e+00
9.999190760103470188e-01
-1.000134721996252418e+00
3.920467040802780856e-01
9.991807787182521716e-02
3.998902651920740459e-01
1.001018575949949724e-01
-3.301587155745804719e-02
1.032168754791794318e-02
1.946945318658693524e-01
4.061912258944693210e-01
-7.967125954134172128e-01
-5.999663748993050438e-01
3.999511153141686037e-01
1.000055028146568548e+00
1.983258390476932628e-02
-7.991967575392374679e-01
4.081518175507680701e-01
3.264130450475075801e-02
2.044224009379974616e-01
-1.000109885552039168e+00
-3.379674600122926642e-01
4.137460314729703992e-01
1.857587874215270440e-01
4.846546991330800969e-02
1.000095051471044494e+00
9.999590721416614647e-01
9.999275891575704067e-01
1.000193751197620967e-01
-6.629271958693577771e-02
-1.000016549083172279e+00
-2.752577976277759686e-01
-2.918521264823288330e-01
1.000167202414073087e+00
-7.887035306568941362e-01
-8.141542057233613905e-01
-5.999983078016682958e-01
-2.910718202179816139e-01
-9.999076958848880370e-01
2.092925776092870727e-01
9.981795833963844067e-02
-5.999368141111128816e-01
7.007233920444305708e-02
9.999899226800843532e-01
2.002766274157075088e-01
1.947248446653630782e-01
1.913257527577786818e-02
-2.570855779707795774e-01
-2.946468667553305831e-01
-3.638043472650582810e-01
3.989996388586364851e-01
-3.384819342487874194e-01
1.000066594695439237e+00
9.999203517524309914e-01
-6.967312802290755343e-04
1.905582601455272918e-01
1.870749926591943058e-01
4.750002111728322818e-02
-2.891085765331843360e-01
-5.998281075112391614e-01
-1.000037873295290147e+00
2.076026797862856876e-01
2.332645348997782961e-02
