-5.999367714171082167e-01
-6.000086491754607065e-01
1.000052267501315928e+00
5.318951408402858294e-02
-9.999849426316053114e-01
-8.044401306908358640e-01
-5.998804280671848899e-01
6.332715603311996067e-02
-7.936695406250730001e-01
-2.575063793564002501e-01
1.000762213276689960e-01
-1.000054953737108177e+00
2.076678505862479540e-01
-7.150147250623330175e-02
2.080665358470859261e-01
3.947887026232493324e-01
-1.671045464786839740e-02
-9.999822613735602772e-01
1.926200230851078110e-01
-8.980926680890716218e-02
3.964059486152682332e-01
4.005056365345807667e-01
-3.767953415315828947e-01
-7.910961331470155455e-01
-9.999095068265438924e-01
4.042306435296766920e-01
-2.727922812920169915e-01
-5.998442252993282375e-01
-3.113637330069581877e-01
1.000130375561691515e-01
-9.998475151420602725e-01
-7.971378521033981590e-01
-8.232048693495827019e-01
-1.000093301656528322e+00
4.420322027519194008e-02
9.999517057572452350e-01
-1.000004402124135217e+00
9.999383464336804028e-01
4.044796715185416947e-01
-5.999341909682925911e-01
1.000146167596171143e+00
-7.984897747026059589e-01
-3.063684117272374441e-01
1.001271946611979047e-01
-2.356534782002884798e-01
3.807194273641839044e-01
1.000127207583494660e-01
1.000765966812966201e-01
9.997522145985592024e-02
1.950921007198106738e-01
-9.999179790268206691e-01
-8.041042620073767244e-01
4.029105170069596231e-01
3.852767188761527795e-01
-2.844479206296610663e-01
-9.999783905986748822e-01
-7.977289108431502296e-01
4.099998572181557943e-01
7.603476661702366149e-03
-1.000138614105614332e+00
-1.465096191630650517e-02
3.881024950618108260e-01
-1.000161653306137710e+00
-2.246015671036546424e-01
-9.998528688682903898e-01
9.989520376189985063e-02
-1.000039590465452877e+00
2.448765962368853327e-02
-8.209522016080491591e-01
4.042655927116137193e-01
-5.998578623288280953e-01
-2.284006653544910503e-01
9.992420141712816950e-02
-6.523637394365311773e-03
2.073184310312382039e-01
9.994578987810516513e-02
1.994825311236471665e-01
1.000091356989317726e+00
3.555684252950396993e-04
-7.908574117124462788e-01
4.272307690435814265e-01
4.182729460686830381e-01
1.938352551212366714e-01
2.042466244097489170e-01
1.000070917197486420e+00
4.088306485922874045e-01
-9.999432287298292144e-01
-6.001082670330830648e-01
-9.999975121154783819e-01
-6.304708675510738158e-02
-1.000043260962979463e+00
1.000270233925036611e-01
1.000284250104642864e-01
-6.000112822454766182e-01
-1.097769808681667118e-02
-7.994010890158163019e-01
-7.972913350947715694e-01
-3.774693125861845466e-01
3.965560057364641566e-01
-2.963339990090779752e-01
4.112088481976499676e-01
-7.904589433100381868e-01
-3.093014869641911302e-01
9.969013569820739384e-02
9.996579620537092425e-02
9.997957333670208779e-01
4.532912096581510203e-02
4.104581699539769368e-01
9.995758515271498112e-02
-3.096834407779642806e-01
2.064529896048578061e-01
-2.528012404110557831e-01
-6.002125803483298050e-01
9.999031736842169948e-01
3.978199747568157418e-01
1.905113766092199623e-01
1.000950231592353246e-01
9.999117261709608018e-01
-1.000171916780670855e+00
3.929480692812082898e-01
9.999284208290952769e-01
3.929180224681237954e-01
1.000101282539205966e-01
4.005831276132093000e-01
-5.998942334872968685e-01
4.035633727022947537e-01
-3.292335890272842791e-01
3.886874548273377417e-01
1.000151444099451670e+00
9.999620073369642759e-01
1.001586556594572380e-01
2.101798724232404048e-01
4.089189537890738357e-01
-8.045333235394356297e-01
1.001147922465139561e-01
1.000035085781714628e+00
1.000016419486142505e+00
-1.000006752704074797e+00
-5.999021544287224117e-01
4.113082644204799632e-01
1.445127366241677827e-02
4.153910473104724943e-01
9.992561507935417142e-02
3.957192157290493895e-01
-1.179146159011653684e-02
-2.943825965733374850e-01
-6.000028523673783809e-01
1.943941796085620621e-01
1.000065742912895850e+00
-1.000157555106663931e+00
-8.044343180292939932e-01
9.999943492186591509e-01
3.934705819324776921e-01
-6.000016990199852351e-01
1.001385431525025210e-01
1.118552711178182231e-02
-2.929425259263779280e-01
-7.900293117403355270e-01
1.922104402596435668e-01
9.999696813225170122e-02
1.000029799563270538e+00
2.058543464647791532e-01
1.895388721999607395e-01
-3.116586338063252470e-01
-9.998709231475638726e-01
-6.798853360436669935e-02
3.976636325966350083e-01
-8.098002823024885721e-01
2.067509800064470660e-01
9.997256630125841426e-01
-8.060026645634134068e-01
-5.999813497389637762e-01
-1.000055107076002869e+00
1.058432488315931147e-01
-2.983066048193047659e-01
-5.999571954166998955e-01
-4.128738576968809387e-02
2.002149576813632148e-01
-9.999433582891401606e-01
9.999541137388593404e-01
-7.861883157744918860e-01
4.060201755424178716e-01
-3.052335191878626786e-01
9.999856969680679386e-01
-1.000013947210225185e+00
-6.238303331161493270e-02
2.022502612297054914e-01
9.992180647807623328e-02
-7.770819067344760800e-01
-3.100322284376552662e-01
-5.131808719970100408e-02
-1.685290278427889754e-01
2.210423281304208509e-01
-5.223654434745150094e-02
-6.001486936582101084e-01
-6.000247170692216692e-01
3.860576523112894121e-01
9.999691699145667467e-01
1.001466921143680522e-01
-3.633911892995480564e-01
2.058351286143242642e-01
1.001537107563372359e-01
1.000779871645144786e-01
-7.887760875653724302e-01
-5.998266779492630318e-01
-6.000902817080502327e-01
1.000006338744326317e+00
-5.999803501008481588e-01
-6.001264057063299129e-01
9.999262138100130093e-01
2.004093743062707322e-01
-7.867726193645009358e-01
4.017867745363117860e-01
1.717313856860819554e-01
1.974674359636129639e-01
-7.981275012432863525e-01
-1.000041878230158332e+00
-8.050989793044526222e-01
-1.000127793696744982e+00
1.000282510165610761e+00
1.000060672670115558e+00
-8.090708088949789545e-01
-2.699634688748365208e-01
3.598227139613058984e-02
-8.084584772105447570e-01
1.000048091611628109e+00
-5.999956629564719979e-01
9.995759740519169489e-02
-1.000035692357698958e+00
3.915359243394420097e-01
2.084536778701794324e-01
1.000018758271122410e+00
-5.999846919143958512e-01
-6.000416038667274465e-01
-2.939269996634272242e-01
1.000081151412145264e+00
9.979368231896786068e-02
9.999919237576938569e-01
9.999116574037874017e-01
-1.000275920241505467e+00
3.852557999254530019e-01
1.000226179402906451e-01
3.978785083172133863e-01
1.000268373901805757e-01
1.216432550510057088e-02
1.851840103526437506e-02
1.970383782161739816e-01
3.943084498437584018e-01
-7.958152705360337364e-01
-6.000361817275853271e-01
3.897868923339921077e-01
1.000031548754263477e+00
3.138624961401032150e-03
-8.013667933589138093e-01
4.141791403805202276e-01
3.278958055572983588e-02
1.863639594764703866e-01
-9.999283725651156862e-01
-3.754323408659296923e-01
4.289612050215337313e-01
1.996678867675276692e-01
-9.237544395630747224e-03
9.999577654373311697e-01
9.998718261812311603e-01
1.000107177478461784e+00
9.994096771417480818e-02
-7.121983543052365362e-02
-1.000161511851513696e+00
-3.017159096507167071e-01
-2.655300103147961721e-01
9.999757798967022770e-01
-7.858990637258301826e-01
-8.303226796499028062e-01
-6.000557862481434857e-01
-3.864770022770891433e-01
-9.997687721672543493e-01
2.034470976570116330e-01
9.996622680542517625e-02
-6.000536480787682647e-01
-1.582420900788912609e-03
9.999491628279375544e-01
1.958628697040547817e-01
2.060308640718938322e-01
-3.095301197840781907e-02
-3.362343823485708372e-01
-2.774599298740216824e-01
-2.590641386530383450e-01
4.043169485194721413e-01
-2.774383023246378421e-01
9.999864157514906093e-01
1.000050670680776799e+00
-7.049785634894580044e-02
1.773252731529268711e-01
2.047501072010821099e-01
-6.250955544879946424e-02
-3.066225444588636662e-01
-6.000315970959401168e-01
-1.000069224807108137e+00
1.904223515221619145e-01
-6.118877019590921590e-02
