-6.000240401641764310e-01
-6.001734745617888223e-01
9.999217605792761754e-01
-2.313354890301257474e-02
-1.000023464282392416e+00
-7.819703058249393157e-01
-6.000898570702158930e-01
-3.542302507562850034e-02
-8.047174825392416908e-01
-3.167015732445080389e-01
9.990503919009804945e-02
-1.000117538158261210e+00
1.892956444777460223e-01
-8.720338072155400799e-03
2.050121376877963308e-01
4.162646304684895493e-01
2.952567279845210238e-02
-9.998826676796780388e-01
2.050072253960898150e-01
-6.732012712577639668e-02
4.041656558041938907e-01
3.867016503178517528e-01
-2.609773866185184921e-01
-8.158804683857774354e-01
-1.000173327497377862e+00
4.020735001821670873e-01
-3.231739141280314254e-01
-5.999510166076753581e-01
-2.464544689606126271e-01
9.987632217436311077e-02
-1.000092444554133930e+00
-8.138087514806165990e-01
-8.044404269134652896e-01
-1.000106804233626523e+00
-7.436479662820502656e-02
9.997763156826917630e-01
-1.000068705886122178e+00
9.999758456205523061e-01
4.080874258947899680e-01
-5.998520157419278132e-01
1.000075668523534578e+00
-8.127304971535277422e-01
-3.061209839761188101e-01
1.001132395327511415e-01
-3.209781319519062759e-01
3.972103438702566103e-01
1.000768197208265625e-01
9.991956186596270828e-02
9.999769698348762170e-02
2.032896870209448814e-01
-1.000145429379230455e+00
-7.929186212601446737e-01
3.915911677078977582e-01
4.064842397604531143e-01
-2.662189700682008331e-01
-1.000003681143112333e+00
-8.097497816496420642e-01
3.907910240976887883e-01
1.444515005056009882e-01
-9.999619617971119423e-01
-8.940205851917405744e-02
3.979524359454850724e-01
-9.998996251033877014e-01
-3.097170994026763324e-01
-9.999920538576809736e-01
9.992778252986798948e-02
-9.999151524828496784e-01
-3.198026618080310971e-03
-8.054475238687781591e-01
3.996754941058049404e-01
-5.998913183218469447e-01
-2.807751112375723168e-01
9.991893969484415272e-02
2.046075146022677954e-02
2.047150479150894598e-01
9.998648259629103197e-02
1.825738357699380754e-01
9.999837538695535155e-01
2.426765930062905162e-03
-8.007172989165074473e-01
4.163349477161377710e-01
4.152461516181220058e-01
1.993245263877670148e-01
1.926706738872821789e-01
1.000098955963730996e+00
3.978933731331028567e-01
-1.000035975169225377e+00
-5.999406106784125337e-01
-1.000033066391950332e+00
2.799463544067348764e-02
-1.000059458012473090e+00
9.992659746460141879e-02
1.001340040917271662e-01
-5.998056863750343970e-01
-1.501496544627207476e-02
-8.158828633105634776e-01
-8.085253190268775203e-01
-3.492564511026195473e-01
3.926545713748978983e-01
-2.828623554879238222e-01
3.986059050677844828e-01
-8.189735938642789259e-01
-2.353648188039703659e-01
9.996500456610200869e-02
1.000668825923043542e-01
1.000078094881801327e+00
-7.398666364583533772e-02
4.060051558854107512e-01
9.992606663120812138e-02
-3.901871449982512452e-01
1.917734408019380610e-01
-3.508117120247845611e-01
-5.998943958841433943e-01
9.998556907393217896e-01
4.218271386971582659e-01
1.950225317941265413e-01
1.000400113245643180e-01
9.998418848280820059e-01
-9.999419645838701909e-01
3.802371288235887881e-01
9.999647060018497235e-01
4.170408056991168899e-01
9.983776265148616713e-02
3.910712615618510690e-01
-5.999343808069330652e-01
3.983784572192555773e-01
-2.918009306735787622e-01
4.064313430503422864e-01
9.998380119596805837e-01
1.000017764407256093e+00
1.001478912655039272e-01
2.094359656891941202e-01
4.002022426467040650e-01
-7.987204142930058870e-01
1.001531349217447547e-01
9.998421883317216707e-01
9.996619589554973651e-01
-1.000023372543820344e+00
-6.000973493548086291e-01
4.061886327084277548e-01
-3.119349519177410865e-02
3.980564332025917085e-01
1.000158497005826375e-01
3.811353581836481319e-01
-1.314939701891525495e-02
-3.148105107234845379e-01
-6.001015868512242779e-01
2.106547451668353554e-01
1.000166113376786292e+00
-9.999996519597795785e-01
-8.014701956647554137e-01
9.999702576895943551e-01
4.022010415293627572e-01
-6.000332050484817881e-01
1.000019615334961365e-01
-4.818929717221670517e-02
-3.141747743076136468e-01
-8.105678737900351427e-01
2.055599490204536861e-01
1.000171961060950104e-01
9.999816975876217873e-01
2.061072229462278804e-01
2.071253825508065083e-01
-2.911759035235918502e-01
-1.000045514550709447e+00
-5.953504038902543427e-02
3.837566723008836167e-01
-7.985742955530981124e-01
2.129868363897937100e-01
9.999607560903560621e-01
-7.878529376705877274e-01
-6.000180108752006802e-01
-1.000191959380171580e+00
7.218145089309414841e-02
-2.518976296598888776e-01
-5.999960128792368730e-01
1.151461525057593249e-01
2.050302310529761585e-01
-9.998895188293417391e-01
9.999553101695028978e-01
-7.995448607286628206e-01
4.053282600743574049e-01
-3.025931927550047362e-01
9.999776630946694000e-01
-1.000221385030779064e+00
-1.125929048332083710e-01
1.844896502721441733e-01
1.000359361306892708e-01
-7.935668553459068741e-01
-2.376988904640906786e-01
-2.183285384951806282e-02
-2.977391238873637880e-01
1.800696967685814220e-01
6.360235514915614508e-02
-5.999541377467082492e-01
-6.000258799802230536e-01
4.053261770990418955e-01
9.997648635682676588e-01
9.987941948255292524e-02
-2.572231208523284574e-01
1.856594565796878260e-01
9.999724806320960113e-02
9.986605643495928553e-02
-8.126630914808290473e-01
-6.000010794870580533e-01
-6.000051285455111350e-01
9.999286578464671171e-01
-5.998060737099502049e-01
-6.001121115052138189e-01
1.000166617658279522e+00
1.945637716881695456e-01
-7.959437298208885680e-01
3.953243535849728096e-01
5.511853944423793228e-03
2.128017029132958648e-01
-7.867280277411360379e-01
-9.998869429771158890e-01
-8.042626627009705764e-01
-1.000092914422376911e+00
1.000054271889998736e+00
1.000127166042070970e+00
-7.949405376111098320e-01
-2.086242577764184924e-01
2.562122040502536058e-02
-7.946576752612873884e-01
1.000186380539290321e+00
-5.999475073392159796e-01
9.991792390990049400e-02
-9.998548247916977383e-01
3.810014095573229231e-01
1.891106891880379171e-01
1.000091486340224822e+00
-6.001207406986078796e-01
-5.999295553961965233e-01
-3.347244750156244675e-01
9.999511894173489512e-01
9.988524900238907045e-02
9.999329589344815306e-01
1.000052180728473461e+00
-9.999510582851069973e-01
4.046123870417382973e-01
1.000199681436272775e-01
3.750333733210984843e-01
1.000050842468759721e-01
-4.654385955887141435e-02
-5.138190657528274308e-02
1.925933911364320628e-01
3.883673868086025549e-01
-8.041705525062760040e-01
-6.000008512963503904e-01
4.011087376245654479e-01
9.999577799295437108e-01
-4.550174856608690810e-02
-8.038590503625382411e-01
3.996559595739656578e-01
-2.336957814277624765e-02
1.884186732300738853e-01
-1.000154682712136367e+00
-3.527090457191856543e-01
3.988746950369218558e-01
1.900586931010192493e-01
-3.218388234458564867e-02
9.999695087771289792e-01
1.000123722578365015e+00
1.000092709959185422e+00
9.985622803556980231e-02
8.238174267228060010e-02
-9.999548149683309406e-01
-2.520112321036549474e-01
-2.661106266646616758e-01
9.999556339222182011e-01
-7.880014753193596011e-01
-8.037050519544666205e-01
-6.000803767354830898e-01
-2.067944343909385307e-01
-1.000135098330532823e+00
1.997299033818834557e-01
1.001127967707020477e-01
-5.998576654087627302e-01
-3.133981306748408885e-02
9.999992812584328483e-01
1.922643343587274456e-01
1.915512947943065480e-01
-4.183927831730701458e-02
-3.626435093733125226e-01
-3.650483876759363921e-01
-2.999817941004985222e-01
3.945146948368794537e-01
-3.046054424782469461e-01
1.000070848962592684e+00
9.999903557688840650e-01
7.672302968796404846e-03
1.871847466296878149e-01
1.786387190663556168e-01
-5.538108071805813298e-02
-2.076932618948157117e-01
-6.000081968116197650e-01
-9.998956963299935330e-01
2.210875511372455138e-01
-1.228776084433319121e-01
