-5.999289063698449720e-01
-5.999619829323087350e-01
1.000024345036885531e+00
5.024304744222028024e-03
-1.000100346563170373e+00
-7.878569302595354040e-01
-5.998181826954327445e-01
-1.034348063925028954e-01
-8.080040150066100102e-01
-2.928997519530160965e-01
9.994835860035054809e-02
-9.999305619083264096e-01
2.161749095502895346e-01
-2.131595192439201397e-02
2.038720567977749809e-01
4.001159021536135341e-01
2.171382121516531039e-02
-9.999662473719220790e-01
1.936717282730074097e-01
7.396325481981172456e-02
4.002219372675786535e-01
4.092347517162380766e-01
-3.459937883614432330e-01
-7.917034587693356773e-01
-1.000112413106633014e+00
3.930321572974776467e-01
-2.978122950030568372e-01
-6.000186723933719213e-01
-3.335712275928391923e-01
9.994533299889843403e-02
-1.000020839011268592e+00
-7.883320207934968460e-01
-8.059228381717351564e-01
-9.998285173888064037e-01
-6.052561402306280876e-03
1.000098062225765805e+00
-1.000171325411117529e+00
9.998967778452405586e-01
4.114941352348481796e-01
-5.998783918212361455e-01
9.998476135894209804e-01
-7.948978277655007751e-01
-2.987259120937507118e-01
1.000794551870565485e-01
-3.197278175564610692e-01
4.090552839628145976e-01
1.000001205189742365e-01
1.000224331398040650e-01
1.002041889336681840e-01
1.984832255575008364e-01
-1.000049828177947076e+00
-7.966373952052396845e-01
3.814974324164293606e-01
4.108832415338011246e-01
-4.163770271160442404e-01
-9.999988424438389645e-01
-7.966529279560113919e-01
3.853547370607445788e-01
5.293209163658693650e-02
-1.000047179460078706e+00
3.618124558378812278e-02
3.885180937815226332e-01
-9.999977072441252890e-01
-2.504607100988248125e-01
-1.000100620864175616e+00
1.000809899688051979e-01
-1.000195074152745223e+00
5.316552348378961179e-02
-8.059637608429162103e-01
4.198536107898851455e-01
-6.000118767558856314e-01
-2.237538330558654365e-01
9.987601103116805490e-02
1.749847534952032879e-02
2.164886968963391223e-01
1.000074647263188010e-01
1.965985922040128508e-01
1.000118143350924083e+00
-3.503395006713083681e-02
-8.083234507692851345e-01
3.847833227039267334e-01
3.956264105045554369e-01
1.899887921787411227e-01
2.187093575633927145e-01
9.999010406498786141e-01
3.996675540477385158e-01
-9.999029225874764837e-01
-6.000517096406438045e-01
-1.000102216094697072e+00
-2.092607831186273429e-02
-9.999835146265614316e-01
1.001498572085430666e-01
9.995100657471894801e-02
-6.001128428180122487e-01
3.120065692629851034e-02
-7.983712764394040873e-01
-7.990717062684955518e-01
-2.420755699640524949e-01
4.189803256041763624e-01
-3.571127275283914604e-01
3.828645376018850466e-01
-7.951142350105112611e-01
-3.045250838804064442e-01
9.995703996537086411e-02
1.000196882849898744e-01
1.000050574173295903e+00
8.533727416125783116e-02
3.899838330771109307e-01
9.992595701270412523e-02
-3.916062966067254125e-01
1.932940098091391889e-01
-2.498450361864788249e-01
-6.000955326676445933e-01
1.000025431284830457e+00
3.913729095995617802e-01
1.966819761877441342e-01
9.978615986453995279e-02
1.000046039121298636e+00
-9.999404037881479690e-01
4.048661405521620238e-01
9.999108342873181954e-01
4.084456297107111333e-01
1.000861569354576791e-01
3.800541582973008259e-01
-5.998708845197057160e-01
3.922345248646559313e-01
-3.727175609004607648e-01
3.818813308500774717e-01
9.998474357251406763e-01
9.997785965579769618e-01
9.995239364949588812e-02
2.009028113072534316e-01
4.050818250709397050e-01
-8.017341911988653536e-01
9.985659305283442477e-02
9.999852903848077679e-01
1.000084206786654439e+00
-9.999515026307019827e-01
-5.999699509969174116e-01
4.010014164279104287e-01
-7.894923034469593370e-02
3.943705575243094952e-01
9.983321063569525200e-02
3.989795624167820076e-01
4.895357789265775486e-03
-3.070326603634062623e-01
-5.999671029714470638e-01
1.998883888164241507e-01
9.999851104933397128e-01
-9.999622994461533354e-01
-7.994863337008075721e-01
9.998312623743742522e-01
3.836444494992021781e-01
-6.000629200195853885e-01
1.001877291421453403e-01
-2.225276452561971222e-02
-3.462837097829080668e-01
-7.970925454272282940e-01
1.884420552072534616e-01
9.987010545570601527e-02
9.998974325185423506e-01
2.020042535009358431e-01
1.916615159401438562e-01
-3.097413295518893772e-01
-9.999444248388302814e-01
-1.261259643935645491e-01
3.996327976768613843e-01
-8.040313391315142555e-01
2.033894753525657961e-01
9.998650951338355908e-01
-7.883921312218690192e-01
-5.996893054954544056e-01
-1.000061848738858394e+00
-3.105084117153757151e-02
-3.240421580419976522e-01
-5.998923097469754939e-01
-1.776487952074417079e-02
2.211299953478648161e-01
-9.999552032689766889e-01
9.999286240902589551e-01
-8.125320578393043780e-01
4.030917291581903594e-01
-2.825389308974145530e-01
9.998675677238152426e-01
-1.000012671690474253e+00
-2.408645942166993612e-02
2.097724163567746269e-01
9.992688805836384691e-02
-7.873391485662651901e-01
-2.975984534154490491e-01
-3.631889682107811157e-02
-4.101886395281171827e-01
2.042550159493267126e-01
6.162510346725237620e-02
-6.001393950941330546e-01
-6.001136363694402620e-01
3.946000937067554726e-01
9.998652982668734257e-01
9.993416927229141489e-02
-3.642511059574515819e-01
1.981039876711585546e-01
9.994324503746127020e-02
9.989283275662469430e-02
-8.025743533428075782e-01
-6.001037139207133775e-01
-6.000567054802915523e-01
9.999486353936625216e-01
-6.001121228389442175e-01
-5.999811791405196271e-01
9.998573302456300604e-01
2.179277482971584967e-01
-8.104922564242676986e-01
4.050269910776881366e-01
2.440440851279683521e-02
2.005335594544669087e-01
-8.068824697509350274e-01
-1.000160175786151129e+00
-7.941543345105818164e-01
-9.998627586759042396e-01
1.000092553263366213e+00
1.000055769439029296e+00
-7.906912116790467682e-01
-3.519254138747356375e-01
-1.499134970911850107e-02
-8.075998264316006647e-01
1.000090939218750252e+00
-6.001809790255849819e-01
1.000900042720575811e-01
-9.999287709374636846e-01
3.990287760916589876e-01
1.965971518076796987e-01
1.000104324943122958e+00
-6.001018374148425760e-01
-6.001444802944464474e-01
-3.123797300176656688e-01
1.000086002097981375e+00
1.003377387585283331e-01
1.000012003186022680e+00
9.999700654389745980e-01
-9.998354949871908204e-01
3.863937434761677836e-01
9.982227152100547896e-02
3.987063682773984152e-01
9.988075667966921090e-02
2.609446345517215174e-03
-2.826503398677054912e-02
1.963943475833875019e-01
3.950262662568306826e-01
-7.802888227192827930e-01
-5.999797743994111920e-01
4.055353130360168090e-01
9.999767039988738393e-01
1.064443963385696031e-02
-7.955531689071276835e-01
4.094649314602495926e-01
7.366198769748308339e-02
1.927315935671300995e-01
-1.000204063384912301e+00
-2.933281756548282160e-01
4.019099183223459049e-01
2.026170642598447980e-01
-4.548441240227751869e-02
9.999734267105411245e-01
1.000118304767518840e+00
9.999104941599287200e-01
9.994602417005579720e-02
6.268028185177491884e-02
-9.998305138637717526e-01
-2.422281645723755039e-01
-3.052560356619056781e-01
9.999650547765592812e-01
-7.998245590685345574e-01
-8.001028714509630380e-01
-6.001889931738018102e-01
-3.626899425303343749e-01
-9.999329364126647857e-01
2.172550772644426254e-01
1.000214622851107460e-01
-5.998965714972592789e-01
8.455652971350902103e-02
9.999681598453057374e-01
1.947875343370242540e-01
1.895529560410423586e-01
-7.431912699254648869e-02
-1.745869741151914734e-01
-3.108489468243638698e-01
-2.955209636243103510e-01
3.863195523416192989e-01
-2.933073456361665610e-01
1.000183421360345992e+00
1.000083601814535150e+00
-6.536945629377539924e-02
2.107693082526411743e-01
2.039613176293944841e-01
5.596984474271631677e-02
-2.678059003056306731e-01
-5.999697083886604831e-01
-9.999791850236089408e-01
2.131782659559268434e-01
-3.475419091677788702e-02
