-6.001332142462393326e-01
-6.000289442747570590e-01
9.999233803420803923e-01
-8.594207752975650816e-02
-9.998506607845378813e-01
-8.045758897308430413e-01
-6.002041778880795597e-01
-3.151431487825955002e-02
-7.954916757520018589e-01
-3.632470309297526345e-01
1.000734813231598519e-01
-9.999198241925649766e-01
1.988096440171117085e-01
-4.255528288846330276e-02
2.035277212447210160e-01
3.944581637290560661e-01
-9.420147094538823193e-03
-9.998176447322132399e-01
1.984414810021788433e-01
-1.129000334523094957e-02
3.878192764801638437e-01
3.956832033148690031e-01
-2.499851737019553877e-01
-7.875057639327773806e-01
-9.999454757488163148e-01
3.990229635467297253e-01
-3.317679083461436140e-01
-6.000235017389251579e-01
-3.630554817573453663e-01
1.000339887274298983e-01
-9.999000082982173465e-01
-7.949922115547282120e-01
-7.925986160756370857e-01
-1.000128765644190398e+00
-2.650338040067795609e-02
9.999786218513240232e-01
-9.998830297703114045e-01
9.999464064951487652e-01
3.841940035468592862e-01
-6.000360588372393167e-01
9.999194231959375179e-01
-8.030736230962092215e-01
-3.532997173232877430e-01
1.000345820269714775e-01
-2.920957563383354549e-01
3.876157821532713599e-01
1.000533910569544188e-01
9.997418605206682962e-02
9.998618901184808117e-02
2.055812909480480566e-01
-9.999591337388951118e-01
-7.994179581116883648e-01
3.984068808831507380e-01
4.003927634331478358e-01
-2.947132954124819793e-01
-9.998906892494294762e-01
-7.794964952149938675e-01
3.833533784876359540e-01
2.745378450917259835e-02
-9.997244998096291857e-01
1.340084273403327822e-02
3.965454824809966916e-01
-9.999658211117393725e-01
-3.173780370834746178e-01
-9.999236696844496786e-01
9.992929240112877198e-02
-1.000114830032035940e+00
1.440216538356178799e-02
-7.997047096367624341e-01
3.901775263911588243e-01
-6.000200832518558514e-01
-2.877466326993412538e-01
1.000132122991643918e-01
-6.386450227043369461e-03
1.896419781803204141e-01
9.999831367701163265e-02
2.076446462878936139e-01
9.998681030619941401e-01
-7.341404686238009458e-02
-7.807125114222729367e-01
4.073392451644006207e-01
4.057930334598584543e-01
1.876504832294012548e-01
1.867847271181509450e-01
1.000078912549573706e+00
4.097187044156604951e-01
-1.000265782225022937e+00
-5.998844559427313206e-01
-1.000005492749232783e+00
-1.671744621822903940e-02
-9.999860168620967604e-01
1.000215257480537301e-01
1.001428292292994154e-01
-5.999332321269816859e-01
-1.704718005640760634e-02
-8.089203693005566631e-01
-8.128420681766684863e-01
-3.150067632338944268e-01
4.020388223972479191e-01
-3.507511268938557913e-01
4.146156585300348474e-01
-8.035267289181883266e-01
-2.630879277835756480e-01
1.001265732327458052e-01
1.000548599634621671e-01
9.999406000160597774e-01
-3.216997954302644458e-02
3.923717897278818922e-01
1.001563258212990054e-01
-2.687152535402807518e-01
2.079600323463643985e-01
-1.977895324329586035e-01
-5.999761424401304222e-01
9.999753962227856396e-01
3.805705644132701959e-01
1.935627599607847582e-01
1.001508460121069838e-01
9.999980432623384319e-01
-1.000034509412081940e+00
3.993614213147604342e-01
1.000017387761796606e+00
4.028735962189560760e-01
1.000343678996444413e-01
3.985316482605972821e-01
-5.999081705241565698e-01
4.093991762470906015e-01
-3.267751427340970793e-01
3.881933708269238448e-01
9.998017743749114672e-01
9.999155043216909622e-01
9.994594767853610950e-02
2.035203067799539467e-01
4.044512179199957758e-01
-8.091203427087764188e-01
1.000412376083981009e-01
1.000152310231209096e+00
9.999975634413742487e-01
-1.000005023705834883e+00
-5.999502117354376107e-01
3.929512724970821713e-01
2.800881586309182658e-02
3.885132025815373757e-01
9.995412635744047036e-02
4.032465446638048290e-01
-5.257109467475945368e-03
-2.803392924647163942e-01
-5.999985270200742793e-01
2.023003274184016487e-01
1.000035516341121422e+00
-9.998603914645293189e-01
-7.965396236226147675e-01
1.000063723840428853e+00
3.898206288079137383e-01
-5.998329234407993038e-01
1.000202785279843964e-01
5.477756220459759767e-02
-3.019849775507340572e-01
-8.045771039832881888e-01
2.004266481005705647e-01
9.988367735571861139e-02
9.999923395806787907e-01
1.847056240860339149e-01
2.058814677282951588e-01
-3.044575028952234974e-01
-1.000115154872772694e+00
5.173056249829338649e-02
4.008472977647516977e-01
-8.026326471969933429e-01
2.026874932229254800e-01
9.997930993320980342e-01
-7.975664343490043162e-01
-5.998941895689026138e-01
-1.000019468387542743e+00
-1.232479136630120903e-01
-2.449558172424420033e-01
-6.001051358764195598e-01
-5.728062100688194672e-03
2.114538419069089681e-01
-9.997185068645914052e-01
1.000068422334478457e+00
-7.990693527550989383e-01
4.175819312898236269e-01
-2.525277221258241944e-01
9.999131493700985640e-01
-1.000012376867077002e+00
7.391187719825573210e-02
2.044490908983501165e-01
1.000545960792103423e-01
-8.075020157961537715e-01
-2.000926971508385221e-01
1.130030599708859752e-02
-3.320730603022474248e-01
1.842710332121909600e-01
-1.381725832568342707e-02
-6.000763688120440698e-01
-6.000011805305260904e-01
3.959798796171984381e-01
9.999418145836984628e-01
1.001199414732219101e-01
-3.963705543192196923e-01
1.987657811918966122e-01
1.001894858807402672e-01
9.998954333561517471e-02
-7.859075363388763336e-01
-5.999683373842912282e-01
-5.999166562832217720e-01
9.999408233003881374e-01
-5.999153309861021688e-01
-5.999804890461506446e-01
1.000028328505067288e+00
2.137203016169672565e-01
-7.984874513247456340e-01
4.109219488900884287e-01
-1.276512123100897733e-01
1.874760441740673245e-01
-7.973228054654509789e-01
-1.000111959233852987e+00
-7.897341892257450091e-01
-9.998367586800217532e-01
1.000101173474545080e+00
9.998790918566576869e-01
-8.045669484980019215e-01
-3.390863460867195589e-01
6.304310661621685685e-02
-8.157936977075608276e-01
1.000038246473360593e+00
-5.998840285971471786e-01
9.998833835563583627e-02
-1.000094339108730246e+00
4.041496080957935333e-01
1.976664153896015852e-01
1.000008729866445512e+00
-6.001848709696632200e-01
-6.000626631569682123e-01
-3.767604840220868390e-01
1.000059947363856949e+00
1.000648097010182896e-01
1.000050473648921745e+00
9.999554187893727741e-01
-1.000040905403396074e+00
3.943897461265794546e-01
9.980817498652916342e-02
3.752869543850704259e-01
1.000341620673861898e-01
-3.902863989171670434e-02
-7.407799699656128500e-02
2.011151383696444805e-01
4.207674512637458730e-01
-7.870490607709045294e-01
-5.999285708320118982e-01
4.176434569949563080e-01
9.998836422977608329e-01
7.380067150765277917e-02
-7.917500696407924199e-01
4.174602103574133749e-01
8.229759574197666183e-02
2.033828192307045590e-01
-1.000098697365600753e+00
-2.911547756127277342e-01
3.973769211165034121e-01
2.000737850993601075e-01
-1.289937833225782843e-02
1.000083746133137108e+00
1.000063629625711048e+00
9.998456636227163186e-01
1.001634102200378296e-01
-6.320934858964460945e-02
-1.000118113093719341e+00
-2.863991672139127864e-01
-4.115000143781956665e-01
9.999943444179363317e-01
-8.023796353524418334e-01
-7.970049616045304930e-01
-5.999752198905544676e-01
-2.009266971992952344e-01
-1.000196641273991327e+00
1.830351059407191172e-01
9.993450704864975664e-02
-5.998942752785743071e-01
-5.528393211255726997e-02
1.000161272012447755e+00
2.074895856622059609e-01
2.229550531394362267e-01
-2.233650817728084770e-02
-3.120362260235480245e-01
-3.401057614582237987e-01
-2.128677774736217887e-01
4.029589774886020437e-01
-2.795244918628795316e-01
1.000032751329148928e+00
9.999345651752735709e-01
-3.476847138196097198e-02
2.035370119217351503e-01
1.942884604819189176e-01
2.433701135822312345e-02
-2.846667723601746802e-01
-6.000565348448827496e-01
-9.999976789580240499e-01
2.090739740034583405e-01
-1.214546708063175525e-03
