-5.999541587551102673e-01
-5.999175042758362331e-01
9.999760465315172819e-01
4.032405711876967114e-02
-9.998954533951405210e-01
-7.931815306474241378e-01
-6.000233294006855900e-01
2.042534180029197816e-02
-8.014390339365534688e-01
-3.223048029167362993e-01
1.001267447634537205e-01
-1.000094723034392397e+00
1.775766496155944119e-01
-3.318921716028485486e-02
1.937776391468330750e-01
3.924077486997332165e-01
4.608171231863466416e-02
-9.999522892888149661e-01
2.058791448117688327e-01
-1.108173853589593805e-01
3.906441564158648627e-01
4.108570974482830263e-01
-3.515587614172642761e-01
-8.053280417234296440e-01
-1.000035192753282232e+00
3.929041140649536246e-01
-3.429727563041587990e-01
-5.999721880941223384e-01
-2.920754313341724084e-01
1.001234297535202322e-01
-1.000004506297097917e+00
-8.008934952937336593e-01
-8.038829222766419313e-01
-9.999158204155308427e-01
5.336895446674774779e-02
9.998978412436896335e-01
-9.998985004145444222e-01
9.999915711636339077e-01
3.957744284357881392e-01
-6.000114207484912310e-01
1.000129340504068765e+00
-8.029286583450638837e-01
-2.750797479802316037e-01
1.000725262477551725e-01
-3.361105419489654467e-01
4.042320306680768360e-01
1.000323705943449853e-01
1.000089521028311862e-01
9.997380620967449838e-02
1.980830319655335070e-01
-9.998644440511844644e-01
-7.926085501874654549e-01
4.201320805150968729e-01
3.951016147561788316e-01
-3.310240743071397040e-01
-1.000048591662360931e+00
-7.915991938271870199e-01
3.831946373452013721e-01
-1.004454573686856533e-01
-9.999365376186789556e-01
1.222095706733535014e-01
3.957264753022141646e-01
-1.000138375565360560e+00
-3.136807566182325813e-01
-9.999145481934857971e-01
1.000526775835168802e-01
-1.000123438442900303e+00
3.946086323789901873e-02
-7.961063765438114448e-01
4.221424672362916186e-01
-6.000550796710550916e-01
-2.976746414026555931e-01
1.000218316593215612e-01
-4.140298683161903331e-02
2.177362290414007195e-01
1.001728115326922242e-01
1.978211733813370898e-01
9.999951954460103432e-01
4.278320214317263281e-02
-8.088856124036023498e-01
4.084151780314165814e-01
3.851930076571261630e-01
2.040977761016231629e-01
1.980988994224893718e-01
9.999706347533355855e-01
3.896966006049260023e-01
-9.998954934798588434e-01
-6.001836913987413924e-01
-1.000031148201821818e+00
-4.047585504030229431e-02
-9.998640541471557341e-01
9.995629796365347597e-02
9.994930626051963529e-02
-6.001765839691589610e-01
-3.076061240681178879e-02
-7.954601956415531250e-01
-7.890566425179645904e-01
-2.360684766349543939e-01
4.091875796625416006e-01
-3.801384103540058623e-01
3.909735645290268180e-01
-8.060180781451712351e-01
-3.070654272057963263e-01
9.986942234693954590e-02
9.987166294061376737e-02
9.998566046952102049e-01
4.645684158680254972e-02
3.772439692487035701e-01
1.000754546496709363e-01
-3.546151918285407878e-01
1.879240419582276778e-01
-3.119369511669186634e-01
-6.000367140836181390e-01
9.999604851434092945e-01
3.990196968616145923e-01
1.917377045011919301e-01
1.002151805871110274e-01
1.000111334918412753e+00
-1.000010051180767690e+00
4.018175585409460848e-01
1.000011747296749354e+00
3.993939287728502929e-01
1.000331870989273619e-01
4.107584718576118843e-01
-5.998312689827778321e-01
3.926585776572646957e-01
-2.822364670237419992e-01
3.952070085199823057e-01
9.999455998676040069e-01
1.000092584537238372e+00
1.001318452658023217e-01
2.015254061422899479e-01
4.035052850890582521e-01
-7.887618181565050346e-01
9.990510724659149022e-02
1.000057982714190441e+00
9.999949289973233402e-01
-1.000003288086049436e+00
-5.999060857783342637e-01
4.031039676994909726e-01
-8.579722785948828978e-02
4.114284467717330140e-01
1.000175741865703544e-01
4.050695248974129914e-01
1.061591224367721895e-02
-3.592868839178923190e-01
-6.000088811611263839e-01
1.899976525939598981e-01
1.000059863879650512e+00
-1.000096895788080475e+00
-7.822984254488837275e-01
9.999914474369738793e-01
4.056974065783856553e-01
-5.998798929752811038e-01
1.000131511685645458e-01
3.620970647355721550e-02
-3.759049873003764142e-01
-8.224157958110794864e-01
2.079337414368543635e-01
1.001651546697601008e-01
1.000032560509913626e+00
1.905660666659032554e-01
2.062525470106568171e-01
-2.683799168901445653e-01
-9.998459045701202363e-01
6.407301985925727139e-02
4.042391738708490667e-01
-7.780786264394724538e-01
2.084254125795556023e-01
1.000065729057238340e+00
-8.043408586289721995e-01
-6.000716755989166096e-01
-9.999166845329531261e-01
2.572954819377314475e-02
-2.962948650046773880e-01
-5.998863495127136902e-01
-5.109432583686229767e-02
1.960311646244656814e-01
-9.998754266821078263e-01
9.999644623347297978e-01
-7.999541666903302595e-01
4.108059101797104651e-01
-2.469314924711598080e-01
9.999282278047861849e-01
-9.998581889669649891e-01
1.920937557847482435e-02
1.900318904922652097e-01
1.000760194133980818e-01
-8.006788402167923646e-01
-3.199671734948343338e-01
2.869593198860608332e-02
-1.696789277929599826e-01
1.999106588712293020e-01
-6.696015520564156664e-02
-6.000716390155104163e-01
-6.002308201569499513e-01
3.932107032280805492e-01
1.000026753576849670e+00
9.982781410987950910e-02
-3.960068602530846249e-01
2.000653314943397765e-01
9.998302459536770326e-02
1.001480355846140202e-01
-7.948142346572178996e-01
-5.999737405038688687e-01
-6.000854170648631802e-01
1.000015443950181382e+00
-5.998857319310502145e-01
-5.998322774743776176e-01
9.999458936515085439e-01
2.097025205447632934e-01
-8.239730637136059022e-01
4.207837311605043262e-01
2.318816658684913056e-03
1.925733500601407300e-01
-8.024141650778285895e-01
-9.998607861244028783e-01
-7.752790331783890876e-01
-9.999013238361686984e-01
9.998536121120152886e-01
1.000092769331935028e+00
-8.034526870120254349e-01
-2.865372240805306170e-01
5.688311528633583671e-03
-8.013084912343350075e-01
1.000025426702390696e+00
-6.000447808554417728e-01
9.994378496586667215e-02
-1.000023918683802693e+00
3.979953782667630668e-01
2.095903810001166490e-01
1.000069926723112346e+00
-6.001324123738180916e-01
-5.999089295356109242e-01
-3.431507238642498847e-01
1.000054962939143088e+00
9.982088155917152872e-02
1.000074649732029863e+00
9.999336219211005794e-01
-9.997903814873724260e-01
3.902013045876071562e-01
1.001153520563427129e-01
3.945460073630774334e-01
9.997599748297625322e-02
1.819811953351015837e-02
-3.125494434300119667e-03
1.943887786162817044e-01
4.123747686755414033e-01
-7.909034034358247700e-01
-5.998994508372691437e-01
3.915840450759885405e-01
1.000046248804352222e+00
1.009391853247005033e-01
-8.046385117012482269e-01
4.160765187284438116e-01
1.759332066790619473e-02
2.258247003197388636e-01
-1.000107090309590774e+00
-3.379090197047946997e-01
3.933882979706758709e-01
2.056973714954585253e-01
1.543247532306755467e-02
9.998768377649394079e-01
1.000042357847701568e+00
1.000127571462429588e+00
1.000681598641873643e-01
7.658810230619900183e-02
-1.000016020020831453e+00
-2.879847067691958529e-01
-3.539498226107830603e-01
1.000176736023121071e+00
-7.823959981373426187e-01
-7.979366480760631264e-01
-6.000313897968115873e-01
-3.975060709855998686e-01
-9.999618732836155210e-01
1.985965989723678105e-01
9.997550360744589248e-02
-6.001493461182030309e-01
4.106715564407004138e-02
1.000127137232908137e+00
1.753384468926789952e-01
2.121865071697672522e-01
7.201189911445260612e-03
-3.482935385683725849e-01
-3.101741740994772845e-01
-2.708091919952547166e-01
3.900178003221235201e-01
-3.483575572650587371e-01
1.000063304097075667e+00
1.000084734438425382e+00
3.924837608744876499e-02
1.820007858857902172e-01
2.018981355559401891e-01
-4.056606487740208045e-02
-3.282497492141318585e-01
-5.999805984299996231e-01
-9.999409039636469876e-01
2.079634615010821919e-01
1.013413674043476126e-01
