-5.998581662960317251e-01
-6.000555343974672828e-01
9.999832621079276507e-01
3.165968866774338669e-02
-1.000051432723863432e+00
-8.159130356776845838e-01
-6.000261288659641812e-01
1.929598340700132766e-02
-7.858455734040875607e-01
-2.991766423383072637e-01
9.990217454194710855e-02
-1.000250860844138501e+00
2.115993870247958597e-01
-4.265230523383509859e-02
1.864876668907547996e-01
3.927918729618411486e-01
2.446907778712281711e-02
-9.999170275340919511e-01
2.010576756688453315e-01
-5.641456245926697310e-02
3.944840371872370688e-01
4.044968928654562590e-01
-2.943631112622203672e-01
-7.898425540277019818e-01
-9.999320450263817772e-01
4.009864934791573243e-01
-3.453180097057375608e-01
-5.998877986385077188e-01
-2.935568738658008714e-01
1.000795093481411657e-01
-9.999252206400699450e-01
-8.132366842085169134e-01
-8.171799177585080676e-01
-1.000062330381125797e+00
-1.772101383673611212e-03
9.998654049250366160e-01
-1.000172423949940770e+00
1.000140564235357354e+00
3.867775623955497233e-01
-6.001011827727084080e-01
9.999952814455421723e-01
-8.083387569243316584e-01
-3.538825758871325666e-01
9.998773725342995078e-02
-3.212554702773701698e-01
3.907546915229792028e-01
9.997762479025965043e-02
1.000095141471182281e-01
1.000023169433874176e-01
1.965676820454708151e-01
-9.998531168293532945e-01
-8.042267651662556860e-01
4.118594513976879812e-01
3.867086543745051896e-01
-3.816437854666993035e-01
-1.000103208131563726e+00
-8.090249607179805791e-01
4.055437835705017480e-01
3.351867094023980309e-02
-9.998768873874774865e-01
-7.741517493262264904e-02
3.868594630057191064e-01
-9.999721904117355731e-01
-3.394295789193179647e-01
-9.997771979487471983e-01
9.993948358092240303e-02
-9.998909795473641671e-01
5.561963320821408782e-04
-7.887468230285735737e-01
4.009084772990783030e-01
-6.000801242362575616e-01
-2.655872687609422411e-01
9.999469330377015741e-02
2.900950152527681167e-02
2.060564021487254205e-01
9.990221316064659685e-02
1.874035994477211975e-01
9.999834076871134680e-01
-1.758491984108037642e-02
-8.181472843188215549e-01
3.953598257911279390e-01
4.107893011429484265e-01
1.880606141744914361e-01
2.067081725385787605e-01
9.997787460103665369e-01
4.023891781186723637e-01
-1.000010668977505457e+00
-5.999532836679050130e-01
-1.000014293983515046e+00
5.202554022344583508e-03
-9.999993409064799055e-01
1.000234321455314435e-01
1.000388780442254544e-01
-5.999681036047319616e-01
6.233427330606686190e-02
-7.943591528686384517e-01
-8.016420260018362054e-01
-2.722303865104743759e-01
3.921540173946900243e-01
-2.822713572935260373e-01
3.918754783836308486e-01
-7.953939290872400480e-01
-2.974722220032290365e-01
9.996659638404228887e-02
9.995766095831826181e-02
9.999967265755265178e-01
-5.001663239110042819e-02
3.997278154992543464e-01
1.001016783218052625e-01
-3.362807239492614508e-01
1.857122205114098146e-01
-2.964650741392739763e-01
-5.998384525909669085e-01
9.999830954589539189e-01
3.836666869615161790e-01
1.953625652902614696e-01
9.998920470333381993e-02
1.000224731038956039e+00
-9.999381878932260825e-01
4.067917620489076014e-01
1.000168468700529889e+00
3.954688259962211294e-01
9.998273042266389576e-02
3.951194312327754310e-01
-6.000680259103620129e-01
4.033196818224379365e-01
-2.636389674081349166e-01
3.971315031418704566e-01
9.999693341877805564e-01
9.999222928700208790e-01
9.995293730078844141e-02
1.989241219683348660e-01
4.053131511714442858e-01
-7.998232868509187465e-01
9.988391600872000009e-02
9.998482897813462111e-01
9.999622274130032240e-01
-1.000066692846544036e+00
-5.997803331545168426e-01
4.035626182495443137e-01
2.146258281833627463e-02
3.983514906171624070e-01
9.999242196436236574e-02
3.976953010424363333e-01
1.534035605533726025e-02
-2.697448203164668490e-01
-5.998729067829138284e-01
2.048107148725271665e-01
1.000230262898860412e+00
-9.997780509666213122e-01
-7.941908184708276197e-01
1.000080281179801522e+00
4.113325876742019993e-01
-6.000484689307954422e-01
1.001161287015166768e-01
-1.518951250745582265e-02
-3.567814700025357944e-01
-8.007131149801959280e-01
1.912977690544017950e-01
9.999383314577700577e-02
1.000076059844341447e+00
2.026220413024255873e-01
1.982925025975916800e-01
-2.552174112421425889e-01
-1.000143298463094910e+00
-6.983469804778508205e-02
3.942133463144233962e-01
-8.077451701385744975e-01
2.198828763950451126e-01
9.999255522145115149e-01
-7.889451451637761181e-01
-6.001057382189470824e-01
-1.000137084755327033e+00
2.337024532888360567e-02
-3.292378505742880046e-01
-5.999021235827124432e-01
5.451895259920123277e-02
2.055338550924844243e-01
-1.000233781346140605e+00
9.999212146918328159e-01
-7.949418149565246061e-01
3.994020553001961238e-01
-3.617345506360078455e-01
9.999640909190317117e-01
-9.999099570707227214e-01
1.858898490197697642e-03
2.316460322785551251e-01
9.995565366597042312e-02
-7.879829753677695114e-01
-2.746460705719839801e-01
-6.466837114163942468e-02
-2.831042854939734288e-01
1.991665979400626119e-01
-9.937324489139817696e-02
-6.000817704693621746e-01
-5.998817963372602424e-01
3.808448967930203044e-01
1.000093579870376059e+00
1.000104310301338645e-01
-3.083449021335911144e-01
1.892587846220710190e-01
9.977625978993785727e-02
9.990177560350009534e-02
-7.953451004179249439e-01
-5.999149117596240810e-01
-5.999124578695800292e-01
9.999770509985018707e-01
-5.999284132538620362e-01
-5.999980417020872592e-01
9.999698994615628944e-01
2.116239177622628587e-01
-8.179418804088710582e-01
4.153093794125490845e-01
-3.785311230067178734e-02
1.948730321141680932e-01
-7.844109697039085560e-01
-1.000025002428259313e+00
-8.148102654782982679e-01
-9.998857648551056077e-01
9.999269162386468235e-01
1.000020352386477018e+00
-8.093751260503525558e-01
-3.056196407690924266e-01
6.095934750683187908e-02
-7.948266982395348901e-01
9.999478284365812542e-01
-5.999275793052394334e-01
9.975177708600971305e-02
-9.998333443668544485e-01
3.940898598144947917e-01
2.021537365905826944e-01
9.998890634063573035e-01
-6.001358468542331570e-01
-6.000209137999529263e-01
-3.510034407265067991e-01
9.998346353551508248e-01
9.991593926209013654e-02
1.000104014895655258e+00
9.998763634744062268e-01
-9.998553254433030224e-01
4.153069097255021602e-01
9.997170386368178785e-02
3.976762471297849988e-01
9.987469059019661588e-02
6.352577759194065476e-02
1.755955708051084099e-02
2.016593903324769288e-01
4.085542521346209321e-01
-8.057571515020360842e-01
-5.999885852826125632e-01
3.980245677073011579e-01
1.000036441236821450e+00
-4.931813661811310090e-02
-7.846317146246206686e-01
4.041165870631315271e-01
-1.199425478052363464e-02
1.949027025892188514e-01
-9.998540347088767932e-01
-3.071497880163996386e-01
4.229944571821410704e-01
1.763898141979540479e-01
7.089981820007961247e-03
9.999011604524048469e-01
1.000033465851886572e+00
9.999748138347089865e-01
9.997196646490058569e-02
-2.287289926502085458e-02
-1.000041982312441569e+00
-2.933760583789865595e-01
-2.853417671965526869e-01
9.999091094757245335e-01
-7.936535711774131974e-01
-7.867460019439299623e-01
-5.998545135518483784e-01
-2.800231068655295030e-01
-1.000097496415701004e+00
2.013108373863803091e-01
9.998928473070167744e-02
-6.000578953887910627e-01
-9.072604857439204445e-03
9.998397515754013920e-01
1.960226937931231206e-01
2.022740279882600245e-01
-9.674829382908912284e-03
-2.805308896553805331e-01
-2.773489734610553037e-01
-2.217422537149715267e-01
3.979989189293367535e-01
-3.353028456776977473e-01
9.998834684302784215e-01
9.999975735772302921e-01
-2.954722057755565512e-02
1.969039004797399905e-01
2.171090050039567454e-01
-3.449431344540573874e-02
-2.861958224130193296e-01
-5.999105032614340249e-01
-1.000021376368790404e+00
1.991110217303287133e-01
2.699796394295580007e-02
