-5.997895869300239324e-01
-5.999684478362404816e-01
1.000135979949434262e+00
-5.807180623309198680e-02
-9.999428358937598738e-01
-7.879284703554245706e-01
-5.998393148888451210e-01
-7.956644567164751491e-02
-7.956278139958231632e-01
-2.839410427595118191e-01
1.000408709344353525e-01
-9.998692366753916261e-01
2.052813382401647846e-01
8.663955838882800992e-03
1.934757709831755323e-01
4.178155239671380028e-01
2.879803144479197927e-02
-1.000218703537511189e+00
2.014654391942424516e-01
-4.108410708985843485e-02
4.131165085225126377e-01
4.088904523681209380e-01
-2.506838006659030116e-01
-7.999998805332767526e-01
-1.000067495681877805e+00
4.036855189663827725e-01
-2.915642306266897354e-01
-5.998812992663086208e-01
-2.851037564837239913e-01
1.000443048918136096e-01
-9.998872517049399722e-01
-7.938424549220515214e-01
-7.942732920692546772e-01
-9.999057196280066728e-01
7.324694310556051878e-04
1.000101986489725592e+00
-1.000009927946662769e+00
9.999126036439482945e-01
4.076459425673586434e-01
-6.000005253977582775e-01
1.000045627846992913e+00
-8.025965140021895650e-01
-2.848385568091116316e-01
1.000257260061621634e-01
-2.520486517242651603e-01
3.847563640781607175e-01
1.001807096070016778e-01
1.001023411914977873e-01
1.000741028013297229e-01
2.038117313257939989e-01
-1.000101487743365380e+00
-8.126115649252874107e-01
3.875200225273083277e-01
3.986276486202572356e-01
-1.979635364518986251e-01
-9.999587322595746564e-01
-7.784376789039795241e-01
4.090316696712128497e-01
3.220110891651347534e-02
-9.999141479146111955e-01
4.130613437998082588e-02
3.979101332396980939e-01
-9.999911789345858892e-01
-2.289628522030593416e-01
-1.000027166164354275e+00
9.997449922933594746e-02
-1.000036614229619980e+00
-7.026211605044643815e-02
-7.827227937934526647e-01
4.056526455370217388e-01
-5.999327124351216955e-01
-3.541624137303909237e-01
1.001270014934434044e-01
1.264485452798516651e-01
2.084468335147237894e-01
9.992787247190064448e-02
1.993701115502125587e-01
9.999677544854226330e-01
2.389522055197336459e-02
-8.176562639744322514e-01
3.996098813286325657e-01
3.943417714867341606e-01
2.078030580051209442e-01
2.073571939311637247e-01
1.000009315381527930e+00
4.047158071801660317e-01
-9.999338454786479424e-01
-6.002131739532131638e-01
-9.999008587656078584e-01
-2.550629013528862496e-03
-1.000032005481734876e+00
1.000439262143999058e-01
9.996203911187520608e-02
-6.000118194350233525e-01
4.769713561038390476e-02
-7.984510669141170469e-01
-8.077574233651849678e-01
-3.193938983625610462e-01
4.036480720522870325e-01
-2.911237139913844807e-01
3.935047644380590959e-01
-8.061631197581622388e-01
-2.348046936461736234e-01
1.000291030676175447e-01
1.000581953409767771e-01
9.998139446058705859e-01
2.712021447064638137e-03
3.970555715687646980e-01
9.981659575743263846e-02
-2.582780767246030118e-01
1.939636653582874348e-01
-3.532092201999049164e-01
-6.000300707139296641e-01
1.000016375787124989e+00
4.139296433991173085e-01
2.023269939887008262e-01
1.000143383770301375e-01
9.999382925290558610e-01
-1.000083305727294425e+00
4.055348324928076953e-01
1.000044399505342962e+00
4.002651125577204039e-01
9.978764521210307936e-02
4.147825583269406091e-01
-6.001881836052440633e-01
4.058263854681009031e-01
-3.564869095846078251e-01
3.909732966019744405e-01
9.999100509622239619e-01
1.000041823169661503e+00
1.000635190617775727e-01
2.125787109963221400e-01
4.088635546445046898e-01
-8.241399394936014255e-01
1.001614309609417663e-01
1.000134181318147464e+00
9.999302202691234820e-01
-9.999194077882129772e-01
-6.002360547895586596e-01
4.101283915374477895e-01
1.152613915168222182e-02
4.011772893886050295e-01
1.002664662287166553e-01
3.954221496858297824e-01
-6.491258856552509227e-02
-1.923872925414677193e-01
-6.000225693424657836e-01
2.255520180982891199e-01
1.000043226721768708e+00
-1.000078606096576728e+00
-7.898066337776576962e-01
9.999590700912938113e-01
3.973627493168945812e-01
-5.999803484034661460e-01
9.999167277412759902e-02
1.492810496566998081e-02
-2.999117782575815294e-01
-8.003255551418582137e-01
2.035845072896010355e-01
1.000004320025982690e-01
9.999386155592948633e-01
1.834792902825059246e-01
2.103053272964558185e-01
-3.755308827692047657e-01
-1.000003649256522742e+00
6.893877047565594163e-02
4.112158501375645647e-01
-7.971941189168280095e-01
2.021162863057205106e-01
9.999469024447683596e-01
-8.112000854770622382e-01
-6.001234141134378364e-01
-9.998948277588182165e-01
-2.327533493985812010e-02
-3.319498563980026185e-01
-5.998698352360278818e-01
1.952672074105453459e-02
2.089242412034164886e-01
-1.000062525252681800e+00
1.000004465894547279e+00
-8.021699930201933171e-01
4.021334026321156108e-01
-2.864094697601708983e-01
9.999576586066071249e-01
-1.000074824008602370e+00
-1.401616516811014096e-02
2.135528951714118773e-01
9.977060553342895211e-02
-8.142175780087188564e-01
-2.577764223069017868e-01
-2.120158693664041596e-02
-2.797466003859073180e-01
2.168481744007008660e-01
-4.367839714709972898e-02
-6.002050940628244069e-01
-6.000921353390287205e-01
4.052617049172151931e-01
1.000047972907596616e+00
9.986648804426166703e-02
-2.266802700854033403e-01
1.908290392502305366e-01
9.998531301937860216e-02
9.997878035762471083e-02
-7.972097486336140459e-01
-5.999160549416503452e-01
-5.998019826587809300e-01
9.999650837872164910e-01
-5.999459623447225276e-01
-6.000096162035034597e-01
1.000065991303043633e+00
1.993064762633859899e-01
-8.116354898608825197e-01
3.779898173713933107e-01
5.046240238465909966e-02
2.054004907859104112e-01
-8.049555760981206287e-01
-9.999579134630334210e-01
-8.001490922108216441e-01
-9.999571600755635670e-01
9.999091262345688458e-01
9.998962779113875765e-01
-8.175042699537833357e-01
-3.456297174750699863e-01
1.626346883009284483e-02
-8.255257073265889201e-01
9.998865441430457857e-01
-5.999512976068679393e-01
1.000577931481104188e-01
-1.000021623860215314e+00
4.016153323184695201e-01
1.838883764376935681e-01
9.998918027304456446e-01
-5.999926992618352939e-01
-6.001169903375167536e-01
-2.987191410972550587e-01
1.000088322782646921e+00
1.001920532501055922e-01
1.000047757479725519e+00
9.999495215670997084e-01
-9.999922883796089623e-01
3.863014476356284588e-01
1.001763972775564088e-01
3.978946012021004064e-01
9.982486255250838658e-02
-3.489043261038689975e-02
-1.718390117142435877e-02
1.942010412480988657e-01
4.180915041484009609e-01
-7.995208850917631116e-01
-5.998960977398584138e-01
4.002590703096611247e-01
1.000061112852864031e+00
2.176180310585050515e-02
-8.060988449455464000e-01
4.032100102974159328e-01
-2.377680718674980362e-02
2.252186166673368073e-01
-9.999464564987443627e-01
-2.443242756214845934e-01
4.107985999519522813e-01
1.997252954610305165e-01
-1.494982676865171979e-02
1.000165821695294666e+00
1.000043518632235173e+00
1.000059328557620697e+00
1.002591796072569708e-01
-5.528864641426955301e-02
-9.999574292824899846e-01
-2.739984063979007956e-01
-3.017279458745774079e-01
9.998390084881143558e-01
-8.005942051454036923e-01
-8.114170390469247485e-01
-5.999774143318346020e-01
-3.115778838165839670e-01
-9.998924674903997278e-01
2.047015477693524543e-01
9.990155449416251998e-02
-6.000875631893823892e-01
3.215208275800920945e-03
1.000075054986341749e+00
2.091386722751995553e-01
1.952338894496117305e-01
4.429993495920953733e-03
-3.380410816890409564e-01
-3.255149095722238983e-01
-3.201835732535615597e-01
4.031257898978857224e-01
-2.417328018566920755e-01
9.998855098642546180e-01
9.998326112949081912e-01
2.900422842577143889e-02
1.938855400026421871e-01
2.126706177813758314e-01
-4.201108059473844525e-02
-3.001475986530994788e-01
-6.000755331248162072e-01
-9.999187837813425794e-01
2.019576431189199495e-01
-1.443972143432216242e-02
