-6.000889399306552630e-01
-6.002224132660380906e-01
9.999924080758345601e-01
2.454712070176419750e-02
-1.000037858818047187e+00
-8.145606208696596351e-01
-5.998400704784062620e-01
-4.495781221888058010e-02
-8.025943052658178756e-01
-2.719390031957085729e-01
9.997757218276460967e-02
-1.000000076607874266e+00
2.194960049235021304e-01
6.907050658780665431e-02
1.936490804860096782e-01
4.021301259830419861e-01
1.868371723962502715e-02
-9.999787333359347885e-01
2.022480193494887446e-01
5.207278293713373668e-02
3.990413669785691786e-01
3.958793854489755515e-01
-2.274624089327701992e-01
-7.861538984002736097e-01
-9.999607860044442686e-01
4.024445973040752800e-01
-3.219771764152339899e-01
-6.002262342030432185e-01
-3.948374718901094260e-01
9.990477998303595730e-02
-9.999018501401638614e-01
-8.064114255054680713e-01
-8.036310600913971758e-01
-9.999981126178735247e-01
1.029098686769233141e-02
9.998249619244279351e-01
-9.999744246050891183e-01
9.999250456711075152e-01
3.993723546742918851e-01
-6.000905710081392286e-01
1.000025166518312414e+00
-8.084011056285762553e-01
-3.602932454747257429e-01
1.000911345703209832e-01
-3.347335302862758932e-01
3.842198077683729451e-01
9.973155356292763563e-02
9.996741865659249104e-02
1.000722327289073343e-01
1.957466926900354454e-01
-9.999372026682838976e-01
-7.870794610146979453e-01
3.800451751065950234e-01
3.814851272343353639e-01
-4.699549897649271113e-01
-1.000064179579987833e+00
-7.891204756022788258e-01
3.967280266990354520e-01
-1.812172941878301829e-02
-1.000028793820874728e+00
-2.478985062138324910e-02
3.942181423338620982e-01
-9.999321779212585470e-01
-3.712114223915972122e-01
-1.000218195934860166e+00
1.001236581205029452e-01
-9.999638036305102951e-01
1.817349385668324754e-02
-8.009962614514505308e-01
4.187911375045573203e-01
-5.999574218099026357e-01
-2.104984321431115912e-01
9.998034619219518804e-02
-4.547777406658028154e-02
1.999286718245109618e-01
9.994633851016913872e-02
1.906137490330257755e-01
1.000068576449046232e+00
-8.181041202592727324e-02
-8.061972518208659899e-01
3.890583136730679792e-01
4.283021358446971183e-01
1.963741925950512057e-01
1.984370419696403209e-01
1.000075682571419211e+00
4.061758909737372414e-01
-1.000099738235692204e+00
-6.000228270779641715e-01
-9.999288184851570227e-01
3.484514778034147192e-02
-1.000043335908969766e+00
1.000423584472142774e-01
9.999856662444765731e-02
-6.000056859076793314e-01
1.330447736320994612e-01
-7.954192493939747921e-01
-8.299159577545172084e-01
-3.535508956074961961e-01
3.918475728240743972e-01
-1.912549856173114682e-01
4.091122487212635606e-01
-7.851308273612888078e-01
-2.667471789456375419e-01
9.993110658414745828e-02
1.002809846202877414e-01
9.999101049620496839e-01
5.516011419505141566e-02
4.013372366040852679e-01
1.000499116152819001e-01
-4.107532871439814048e-01
1.951084089100019181e-01
-3.271807778502371922e-01
-5.999283522949109271e-01
1.000251247354695172e+00
4.052314252453678156e-01
2.033679436536778851e-01
9.996819417224481197e-02
1.000168621178520345e+00
-9.997859711020767870e-01
4.006821749055191617e-01
9.997483462079936878e-01
4.101485324285794598e-01
9.997737349378287008e-02
3.889013668924016787e-01
-6.000065059090341490e-01
3.948564085943971902e-01
-3.084071720965356200e-01
3.918151124992385603e-01
9.999547673429139971e-01
9.999519627840049996e-01
9.993978760531252448e-02
2.106221224325172947e-01
3.873096647327148867e-01
-7.990017696424934757e-01
1.000471628702033350e-01
1.000124164658736214e+00
1.000066597401699786e+00
-9.999520534816900286e-01
-5.998586950953428421e-01
3.998537650188589976e-01
-8.021479953785533301e-02
4.067560850587415011e-01
1.000041329018908076e-01
4.100171503465903644e-01
-2.935000395122097649e-02
-2.353126696309957855e-01
-5.998141839628866601e-01
2.048881806538961348e-01
1.000072531546179588e+00
-9.998611315511334308e-01
-8.045962531603629841e-01
1.000050853633657200e+00
3.857567819569478473e-01
-6.000156881162737044e-01
1.001068589490734240e-01
-5.116467333054865174e-02
-2.975744321906424461e-01
-7.934439797056793697e-01
2.140736637851828050e-01
9.988463670979708109e-02
1.000068813347132490e+00
1.913516274418112506e-01
1.784163598432500220e-01
-3.000943976152960491e-01
-9.999347590972263999e-01
-4.777148627564249683e-02
3.926425729721887969e-01
-8.087502468080725038e-01
1.912128663532936812e-01
1.000019051386325630e+00
-8.014017896466988367e-01
-6.000264173553636615e-01
-1.000007869141623873e+00
-6.950026301204052792e-02
-2.115479816544058589e-01
-6.000165052067178983e-01
6.580246591198164741e-02
2.044131443274705418e-01
-1.000010676691420963e+00
9.998750957118840432e-01
-8.010884734971860377e-01
4.186821534766080877e-01
-3.071824965208876934e-01
1.000092833737663112e+00
-9.998719221883203279e-01
-3.367104260549143302e-02
1.936452725594174917e-01
9.998580095173924265e-02
-8.052449827195453658e-01
-3.590549020749592701e-01
-2.721433399803723299e-02
-3.778599078413715229e-01
2.134764358805966433e-01
3.609841275124484050e-02
-5.999735147061969753e-01
-6.001457690170849402e-01
3.992563465174649995e-01
1.000081241597551296e+00
1.000446237873826860e-01
-3.485011603294004279e-01
2.027619875767414648e-01
9.993108782598357498e-02
1.000391987486492218e-01
-8.098449600768028445e-01
-5.999139908629316231e-01
-5.998896509955392586e-01
9.999956772310057973e-01
-6.000180495307879669e-01
-6.000216658735861852e-01
9.999538322116614530e-01
2.039003327160023860e-01
-8.015506234651491591e-01
4.086800618082330749e-01
1.484351911045501786e-02
1.974680892083213180e-01
-8.034693718421244135e-01
-9.998149973888648123e-01
-8.161786710899311403e-01
-1.000296719650373811e+00
9.999781225436009668e-01
9.998509490848122017e-01
-8.042137886270074310e-01
-3.565826919121338756e-01
-4.922616916928495429e-02
-7.779176810732565395e-01
9.999481253409435721e-01
-5.998409071135105686e-01
9.997312082571316316e-02
-9.998937274094202854e-01
3.917745990694750935e-01
1.871485031281593936e-01
9.999697052992194690e-01
-6.000444114927788730e-01
-6.001115911193308783e-01
-2.020042425656066176e-01
1.000059864521458453e+00
1.001318703669467763e-01
1.000051601821862812e+00
1.000047791701745181e+00
-1.000201233300433090e+00
3.944091940442714939e-01
1.000892562030555460e-01
4.099216972809965331e-01
9.996488113661575192e-02
-6.123628161844233558e-02
-3.584171916654641660e-02
2.033251731742643786e-01
4.025907200247823559e-01
-8.057397481948487261e-01
-5.998476269327807087e-01
4.083442609155746306e-01
9.998479313313957118e-01
2.891770153892366316e-02
-8.055696458804677551e-01
3.943245555528365753e-01
-9.184412324559951268e-02
2.002039091076248389e-01
-9.999656734455545370e-01
-2.553528582844588612e-01
3.931981021914043861e-01
2.088002281132946281e-01
1.257038011857996018e-01
9.999820971655627444e-01
9.999401286199302019e-01
9.999630349462187429e-01
9.993664405094493386e-02
4.839278089953583800e-02
-1.000113880338656891e+00
-2.888432781266170313e-01
-1.775673598097090022e-01
9.998105878016169124e-01
-7.962359469409197033e-01
-8.097239276311124501e-01
-5.999217987483157488e-01
-2.677742395859127877e-01
-9.999504071130628224e-01
1.878352159077576189e-01
1.001180039019919643e-01
-6.001451373841995007e-01
3.786350882569204657e-02
1.000094233906418051e+00
1.953622473141257698e-01
1.938693996133801223e-01
-7.213691489863772316e-03
-2.412996336536493702e-01
-2.587637869575276639e-01
-3.169534533879977412e-01
3.981434710742169369e-01
-2.610741121513003304e-01
9.998992987502324237e-01
1.000036589747520299e+00
-2.450575439932599874e-03
1.790471984085743040e-01
1.949230643948116903e-01
6.170364621891391566e-02
-3.793450032649143822e-01
-6.000663104345337340e-01
-9.997692338820897140e-01
2.026945647498266390e-01
-2.614666120370304214e-02
