-6.000263728920993689e-01
-5.999523129394936927e-01
9.999431090118621190e-01
-4.304104688620816188e-02
-9.999737467008505964e-01
-7.959390977440997661e-01
-6.000306803656905164e-01
5.658945750891865040e-04
-8.169179055608147833e-01
-3.411314144709273188e-01
1.001424916327056797e-01
-1.000070274154032601e+00
1.984509934351074145e-01
-5.376107635598877110e-02
2.107282369143061440e-01
4.149631155866320142e-01
3.285101067424588128e-02
-9.998509008169846890e-01
2.030571250786631088e-01
2.385779500596399774e-02
4.001135573299174353e-01
3.959363341808082026e-01
-1.839197922837704779e-01
-7.887937618959883768e-01
-1.000119084433724659e+00
3.892338868976110144e-01
-2.647094642984357815e-01
-5.999337623731056945e-01
-3.480706814886554978e-01
9.993557077809904488e-02
-1.000083445124035464e+00
-8.190480314677868190e-01
-8.092552086657706090e-01
-1.000074493947422205e+00
6.481212131339163240e-02
9.998446241130878320e-01
-1.000082273804591804e+00
1.000086692075495609e+00
3.912277394065207803e-01
-5.999917937299252824e-01
1.000017859920477870e+00
-7.789815562323462173e-01
-3.370885879231464988e-01
1.000385704273706738e-01
-2.519227086209757105e-01
4.129302139549995143e-01
9.991702021000346823e-02
9.972163289183731683e-02
9.995538855304374193e-02
1.900140972497981473e-01
-9.999004339461129431e-01
-8.019504127123816550e-01
4.004475661169785705e-01
4.101810449113754697e-01
-2.514738232962856479e-01
-9.998298347038129252e-01
-8.156334346901250587e-01
4.012295812385772154e-01
1.035848451536513018e-02
-9.999985628007022065e-01
6.128828523727215816e-02
3.888891988868196647e-01
-1.000026160229757988e+00
-3.345468578320285324e-01
-1.000060187409614665e+00
9.996502003586033025e-02
-9.999819071732662934e-01
7.066895984860069313e-02
-7.968967455058669769e-01
4.082553609597914801e-01
-5.997898595652708664e-01
-3.141069184237167411e-01
1.000540616841366220e-01
5.415510476516791072e-02
2.064166134809474473e-01
9.998567907825973988e-02
1.899983755300821697e-01
1.000001142501587781e+00
4.027415456789455034e-02
-8.105083026572748039e-01
4.032887809201324836e-01
3.977384353775407777e-01
1.900601537447206002e-01
2.137597398286491812e-01
9.998324309366065643e-01
3.995262244720564349e-01
-1.000064679058281447e+00
-5.999041776386241365e-01
-9.999841298691737324e-01
6.983627042670843832e-02
-9.999240159792994742e-01
9.997042746320410067e-02
9.992862529493842794e-02
-5.998432154444397479e-01
5.586070270787895503e-02
-8.211589578849369797e-01
-8.154570378739278702e-01
-2.701467262597757601e-01
3.933498316197180933e-01
-2.674311564774161654e-01
3.809767514673077504e-01
-8.055427829522946448e-01
-2.630639843244488851e-01
9.991538134593518083e-02
1.000076466016200233e-01
1.000090168530537005e+00
4.658788241535335301e-02
3.912009445021812915e-01
1.000130673643882112e-01
-3.027201676262676888e-01
2.109323035928033774e-01
-3.249372417000166990e-01
-5.997648633373233729e-01
9.998518148989208321e-01
4.094364519070477493e-01
2.008868861406844231e-01
1.001280536674657995e-01
1.000104348623556128e+00
-1.000091735843089857e+00
3.973399594262235213e-01
9.999862111403735598e-01
4.198526738461638708e-01
9.997407251792871097e-02
3.803084575546847867e-01
-6.000376085774610235e-01
3.939010498213085243e-01
-3.727105613154512165e-01
3.991497542060693515e-01
9.999367358587183396e-01
1.000003021845274009e+00
9.995016457149330513e-02
1.749253657728369882e-01
4.010731295122290097e-01
-7.917927209092615604e-01
1.001258806112085287e-01
9.999554152955132391e-01
1.000004629131577616e+00
-9.999051987710294576e-01
-5.999409132813624534e-01
3.934305047866167859e-01
4.482287421110854597e-02
3.956040944786184399e-01
1.000989977634255540e-01
4.025583048724940549e-01
6.564428090894007528e-02
-3.316977149754871679e-01
-5.999822022988519077e-01
1.803049191700537013e-01
9.999520957544520972e-01
-9.999872326103590447e-01
-7.940086277623208399e-01
1.000087542062845447e+00
4.017926063200530362e-01
-5.999729593695333207e-01
1.000771822998619415e-01
-1.744222367021529274e-02
-2.222059630641111116e-01
-7.889792032228170049e-01
2.164283668805651040e-01
9.996458255155273032e-02
1.000093153045331196e+00
1.983812725315541037e-01
2.108810819864354869e-01
-2.064749780942862212e-01
-9.999614580823301679e-01
2.784125405159873154e-02
3.847333903541568234e-01
-7.700580286220759518e-01
1.918196291224185113e-01
1.000004109270958619e+00
-7.909563316767544983e-01
-6.001963089059370038e-01
-9.999272464338826438e-01
6.526407737632312911e-02
-3.549087546941844806e-01
-5.999539609191937295e-01
-1.929706291042983593e-02
1.944882012939048166e-01
-1.000074742164903219e+00
1.000008964957146862e+00
-8.015310898675326312e-01
4.096205168864772150e-01
-2.431568736016867238e-01
9.998993520760239839e-01
-1.000016734724412215e+00
-5.402619406950167139e-03
2.039460661406397313e-01
1.000941317747918585e-01
-7.989013786519254534e-01
-3.011695465362726476e-01
3.453717309771733857e-02
-3.539328334772003926e-01
1.946676510382890357e-01
-8.184374395981282302e-02
-6.001286863954465867e-01
-6.000690556305151580e-01
4.084206531676788932e-01
1.000246829604934051e+00
9.995828585151990409e-02
-3.071453544036640282e-01
1.987804925571358683e-01
9.993955237688049997e-02
9.989988703031096873e-02
-7.931553271594951049e-01
-5.998878518845062180e-01
-5.999463535414290005e-01
1.000079434373830400e+00
-5.998840518277451794e-01
-5.998806222879452532e-01
9.999489783275038457e-01
2.092588320787578948e-01
-8.057747300242114052e-01
3.937582413433248774e-01
-2.858372994485936652e-02
1.903975686676282475e-01
-7.928502581246110736e-01
-1.000068352758691770e+00
-8.102766802967484860e-01
-1.000049895517132192e+00
9.999405752988691498e-01
1.000069027825314150e+00
-7.927607327450494346e-01
-3.333083099770574598e-01
-5.604554575446842046e-02
-8.110199611285687782e-01
1.000111188873745505e+00
-6.001811705304394007e-01
1.000662885046555706e-01
-1.000055229618775465e+00
3.905707873306009659e-01
1.827645218208987787e-01
9.999774358181985345e-01
-5.997249095146690578e-01
-6.001028348184613836e-01
-3.446264255850691183e-01
1.000073511005383331e+00
1.001950973524666222e-01
9.998955540112360874e-01
9.999614044639718591e-01
-9.999419094395347596e-01
3.864494503394332869e-01
1.000629929275051594e-01
4.092327093906350521e-01
9.986845590308839060e-02
-6.275455029217347387e-03
-3.339742059269325269e-02
2.084585747991011817e-01
3.972274013931049730e-01
-8.126759978403339524e-01
-5.999986612029211130e-01
3.698237887853503825e-01
1.000041344584065239e+00
-4.895783611522289136e-02
-8.128579262935411442e-01
3.939560718651374804e-01
-1.573236916463379223e-02
2.047876613903368004e-01
-1.000052586473893612e+00
-3.212733496086533913e-01
3.947070308489513124e-01
1.944893644968132829e-01
-6.014073874463892605e-02
1.000085060670264259e+00
1.000022367249476352e+00
1.000025181422321552e+00
1.000295716551922870e-01
-8.368784529625537816e-02
-1.000035389902194760e+00
-3.119270252860343318e-01
-3.104818703356353460e-01
1.000050522328484126e+00
-8.015247728318842801e-01
-8.225184407293291144e-01
-6.000055455301714913e-01
-2.676431422771614055e-01
-9.999426942483107261e-01
1.957464240178754256e-01
9.992039502786292937e-02
-5.999502352375833958e-01
-6.037181460605002548e-02
9.999004684769928764e-01
1.902632388525773710e-01
1.962649030515700166e-01
-6.242654510957721531e-02
-3.316804831573896273e-01
-4.328087808930984881e-01
-3.457898876927778531e-01
3.917279156716009236e-01
-3.652862816311592264e-01
9.998874696048948296e-01
1.000168677640854265e+00
1.327257795092425668e-02
2.018802343671823596e-01
1.996726008140489450e-01
9.211303216224664371e-04
-3.377905520577038079e-01
-5.999412155768364396e-01
-1.000075099617431684e+00
1.849229130754536099e-01
1.050989511438266133e-02
