-6.000473856767126746e-01
-5.999907959562452708e-01
1.000033409539477391e+00
8.771126010530500700e-03
-9.999175851800367054e-01
-8.078803793163622515e-01
-6.001530921334616853e-01
1.169981730344600741e-02
-7.943951337829638915e-01
-2.046592885085606328e-01
9.982192861429625697e-02
-1.000020588375805319e+00
2.043218873829083515e-01
-2.748981506493664018e-02
2.026862665206086156e-01
3.993413474532447882e-01
-1.392950417745073277e-01
-9.999600552207547066e-01
2.022234668482955910e-01
-6.246768858102685895e-02
4.162242054913550815e-01
3.987008282053893793e-01
-3.567983270633571236e-01
-8.081602652587294155e-01
-1.000124465830989351e+00
4.098552833979474674e-01
-1.897718144017973563e-01
-5.998800835518860453e-01
-2.957812583167084286e-01
1.000837697367243928e-01
-1.000176593852292628e+00
-7.961239975450278283e-01
-7.996134170508998329e-01
-1.000025880447976023e+00
-7.796328170306732522e-05
9.998980293320253177e-01
-1.000065444793038383e+00
9.999489277311558455e-01
3.903881069892259914e-01
-6.001202000075778198e-01
9.999617064080786877e-01
-8.094076981709333873e-01
-2.941332575166186181e-01
1.000769584435294290e-01
-2.506715421101061714e-01
3.843835628407931693e-01
9.985584240929597233e-02
9.985561017158312014e-02
9.999568174344676541e-02
2.036710225328296486e-01
-1.000100808609175829e+00
-7.964434325291208649e-01
3.958664356664076678e-01
4.165720851074711795e-01
-2.941014039779724087e-01
-9.999316158467336235e-01
-8.058170736567418224e-01
3.802476324758479187e-01
3.189311673269544511e-02
-9.999482648313696709e-01
3.152087786900429484e-02
3.954272627628701575e-01
-1.000039209692407116e+00
-3.643644680007192549e-01
-9.999519586159699713e-01
9.997406802932241876e-02
-9.998626652231852319e-01
4.994592574199907542e-02
-8.045979040479218636e-01
3.906113967630975292e-01
-5.998930604993946147e-01
-2.643161639960532883e-01
1.000246555881182248e-01
-3.318662524342853859e-02
1.953145780104890428e-01
1.000418808439295509e-01
1.977279923706389275e-01
9.999449082214517670e-01
1.325181021985524267e-02
-7.832108438716958165e-01
4.014159266462420939e-01
4.037321777860394256e-01
2.074899267286220983e-01
2.056824009817475318e-01
1.000184281543078146e+00
4.016645029762144770e-01
-1.000050843086859320e+00
-5.999932000559521361e-01
-9.999289925184962069e-01
2.005220688508246862e-02
-1.000026539359172517e+00
9.988884650724115521e-02
9.999012053164195446e-02
-5.999718161492494373e-01
-3.571342692401739682e-02
-7.997437469146938538e-01
-8.183302954237150484e-01
-2.832931900042436890e-01
4.080609079207777046e-01
-1.948530938617701325e-01
4.030645287617958816e-01
-7.927034222993192270e-01
-2.696988810087415644e-01
9.991228048605518830e-02
9.981298555942071105e-02
9.999872300997136865e-01
-3.570080230070618154e-03
3.909940119870258801e-01
9.989443348434216829e-02
-3.556975980496038803e-01
1.891627996452192595e-01
-2.793487493886918083e-01
-5.999766131442169081e-01
9.999247976300223995e-01
4.125266181188833592e-01
2.027924168494407153e-01
9.998660519569577132e-02
1.000145812172219761e+00
-1.000076468943661867e+00
3.950371413189876502e-01
9.999022622755537881e-01
3.853856284639706753e-01
9.997154306822450542e-02
4.006658969210841192e-01
-6.001203889866728591e-01
3.915676512858097258e-01
-3.220377165652465457e-01
3.972938946294348739e-01
9.999850288002992693e-01
9.998186340040083886e-01
1.000511854433680098e-01
2.184740758792717286e-01
4.034237132098756340e-01
-7.915458899743550436e-01
1.000635713254007242e-01
9.998696540889885354e-01
9.998217902426103088e-01
-9.999605955271372304e-01
-5.999448724382104858e-01
3.835732708834873050e-01
-5.195366565483177518e-02
4.176840191021464754e-01
9.992822586829075426e-02
4.001961244181542754e-01
-3.012980867320879871e-02
-2.919066498427274059e-01
-6.000689819582163409e-01
1.836157939099187786e-01
9.999729280600592185e-01
-1.000040112878662679e+00
-8.076970176320695805e-01
9.999848124116513803e-01
4.037412614410099687e-01
-5.999822177188365302e-01
9.988314148051585795e-02
7.135056637618150677e-02
-3.331608080064800692e-01
-7.857652549757230265e-01
1.993019240666052960e-01
1.001459663282598250e-01
9.999735115721372081e-01
2.045229510301168063e-01
1.939368970478849152e-01
-2.538195563287248269e-01
-1.000010409477442463e+00
2.224876658691012088e-02
3.971116790071546609e-01
-7.907122183247781155e-01
1.735732538409444081e-01
9.999421000166509588e-01
-7.941939661735779588e-01
-5.999193371948112752e-01
-9.999621002678534820e-01
-7.288600199195346963e-02
-2.774674024754013035e-01
-6.001546214018572689e-01
1.834418578691016100e-03
2.144534532250258752e-01
-9.998572631202754524e-01
9.999990071071471753e-01
-7.930448814877762986e-01
3.683719632955093637e-01
-1.951503366443310683e-01
1.000010506561292756e+00
-9.999550182585619229e-01
4.628473725073549948e-03
1.995927539511060667e-01
1.001950906018865273e-01
-7.844341659857769766e-01
-2.798478301201313689e-01
-7.375955996896095632e-04
-3.502485134221462459e-01
2.156445358356121611e-01
-1.019149196737552387e-02
-5.998885707259341560e-01
-5.999515598791763660e-01
4.089248576127621493e-01
1.000124698045013361e+00
1.000152628654197712e-01
-1.981236586704864799e-01
1.813460664541718392e-01
1.000681700889627657e-01
1.000165967285553403e-01
-7.971340534269442113e-01
-6.000724608224505818e-01
-6.000534554482833682e-01
9.999308025884316997e-01
-6.001102108249354306e-01
-5.999926824429524519e-01
9.998407944101559419e-01
2.031071728240925467e-01
-8.070744038479906735e-01
4.003074980290153295e-01
-1.345671881511904533e-01
1.917006443553093964e-01
-8.039107514972039237e-01
-1.000053014777209981e+00
-7.831582632234210806e-01
-1.000226037457068617e+00
9.998574998168809902e-01
9.998311166215355650e-01
-7.843811921963929068e-01
-2.747290739354019129e-01
-8.102135962742078659e-03
-8.052235136908811874e-01
1.000013854798713631e+00
-6.000427871900525512e-01
9.985514585951939248e-02
-9.998727922294059489e-01
3.770431488344048176e-01
2.118053694508927887e-01
9.999742709474771507e-01
-6.000333605670857828e-01
-6.000540793572701759e-01
-3.028782237125656751e-01
9.999741266192999634e-01
1.001049304152350911e-01
9.998368399291944764e-01
9.999410055381753315e-01
-1.000108365856358317e+00
3.951583317358045022e-01
9.999284662213422936e-02
4.055501617971208339e-01
1.000210349743788640e-01
1.153238590294653199e-01
2.808317178396987912e-02
1.779539171993717028e-01
3.919275614675434283e-01
-8.125664904683516099e-01
-6.000351215334502886e-01
3.895274950557761628e-01
1.000004642294092916e+00
-2.686373362810484319e-02
-7.860477060807264937e-01
4.091102133844169986e-01
-2.770603296581879670e-03
1.816093455221215736e-01
-9.999047708281478819e-01
-3.302295244566778587e-01
3.871468594625526727e-01
1.930974502755411493e-01
-8.317385954593252417e-02
9.999446159901547171e-01
9.999636233222209958e-01
1.000064210629213468e+00
9.997925042882707669e-02
-6.924189988025085396e-02
-9.999336960665092811e-01
-2.896946404268811448e-01
-3.412798950596875880e-01
1.000058332675976436e+00
-8.103446544913393002e-01
-7.843294314657762722e-01
-6.001134745252312275e-01
-2.203187695184455897e-01
-1.000078068331368586e+00
1.967129435032721751e-01
9.989770561040436925e-02
-5.999629926576824923e-01
7.267369866445229885e-03
9.999728425265288489e-01
1.996394802118986178e-01
1.847559686179401917e-01
-5.713158460662061400e-02
-2.858998516488677200e-01
-4.060959083860510299e-01
-3.039712234953414471e-01
3.926662377786750979e-01
-2.561124605150357780e-01
1.000111791350912549e+00
9.999495542743693788e-01
-2.262921574581385278e-02
2.032997441082278200e-01
1.950407801856969825e-01
1.989964176537542886e-02
-3.978063822273859573e-01
-6.000402946749006095e-01
-9.999638350037040047e-01
2.098456562641900502e-01
-1.437645354918918109e-02
