-5.999725074938084823e-01
-5.998450172674686387e-01
9.998393948005629417e-01
-5.931321025855036677e-03
-9.998361505828459173e-01
-7.834782140108976778e-01
-5.998969936690926597e-01
-1.734357076339699752e-02
-7.980383599009991391e-01
-3.400495708818658258e-01
9.996843528674774493e-02
-1.000131940454984658e+00
2.012206094252245725e-01
-4.662436501346201023e-02
2.010339663577404845e-01
4.026256532934798793e-01
1.294172390639643580e-02
-9.999398391528250274e-01
2.000598367050355764e-01
-2.184958506757916918e-02
3.887298429557999313e-01
3.822419305070811069e-01
-3.434003734785980311e-01
-8.105177318412387644e-01
-9.997701711147229942e-01
3.890201772993359119e-01
-2.479207693869004692e-01
-6.001084206878263272e-01
-2.528418346079620571e-01
1.000423493614254200e-01
-9.999626627082597308e-01
-7.985500946152261914e-01
-8.024934919716799619e-01
-1.000042527657869051e+00
-9.726163705621600208e-02
9.999630838289421675e-01
-1.000015468313588229e+00
1.000106511785995300e+00
4.015289801388101654e-01
-6.000110084771720365e-01
9.999511632480365675e-01
-7.994752097188093654e-01
-3.087804229454498839e-01
1.000198709172938627e-01
-2.904873367609187018e-01
3.909072426312860116e-01
1.000853204268999652e-01
9.986725162432610881e-02
1.000116806017155024e-01
2.091291764613604220e-01
-9.999468031652319899e-01
-8.132006623407833645e-01
4.074228217767082993e-01
4.030784693895113624e-01
-3.599785645349128371e-01
-9.999323722890187671e-01
-7.866255537746286164e-01
3.919796822975423201e-01
5.329360304742587068e-03
-9.999477353411854175e-01
8.299535864718755179e-03
3.895931927196424893e-01
-1.000078390566148556e+00
-3.924961603551447298e-01
-9.999559239462163518e-01
1.000272727006967649e-01
-9.999528134847234240e-01
-1.089099452380371501e-02
-8.139434951364825643e-01
4.073642487737964557e-01
-6.000639044761250096e-01
-3.363648761747344840e-01
9.990586705144741120e-02
1.066607088117833314e-02
2.159711887357492477e-01
1.001553824459904540e-01
1.996710215244948960e-01
9.998266600367066159e-01
9.155431499810234852e-02
-8.127456582376675343e-01
3.999915926940412758e-01
3.861602037150065336e-01
2.032197516412900806e-01
1.913916069702732703e-01
9.999390941673375055e-01
4.042070102377439134e-01
-1.000018983579477272e+00
-6.000239632782230492e-01
-1.000096828772518709e+00
-8.177617657458326195e-02
-1.000069473931138875e+00
9.992876597406689931e-02
9.996093964979263502e-02
-5.999920217042750137e-01
5.529338382508446753e-03
-8.039287169255738830e-01
-7.937962832983701533e-01
-3.347732651278199079e-01
3.923677252297095297e-01
-3.137884086537688355e-01
3.847684121504512667e-01
-8.031161076296118306e-01
-2.785497986665710912e-01
1.000273342473034233e-01
9.986931289289724401e-02
1.000201670612165916e+00
9.279495008198732076e-02
4.099136976844485747e-01
1.001092901872131513e-01
-2.851799255901519281e-01
2.151105527122953442e-01
-3.548371932539251539e-01
-6.001676860623826881e-01
9.999506847442153346e-01
4.102637155413208503e-01
2.117129864247745130e-01
1.000880354388753307e-01
1.000030718190139334e+00
-9.999231767780448754e-01
4.092360375922773352e-01
9.999150005764532168e-01
4.051835807087847408e-01
1.001347640571186443e-01
3.918828558494146241e-01
-5.999576563663828743e-01
4.016908113101828048e-01
-3.043664725930960713e-01
4.010755789202209431e-01
1.000034496757321589e+00
1.000032486469367488e+00
9.976075806830604631e-02
1.997291171389252995e-01
3.793306323981621708e-01
-8.003844289182016070e-01
9.993250348453673604e-02
1.000122144172600258e+00
1.000139114024499065e+00
-1.000043647715746387e+00
-6.001611063540219781e-01
3.875380198940011067e-01
-4.104905230908476726e-02
3.941676909461012124e-01
1.000708101998561278e-01
3.971358789573916082e-01
-5.135626148895441889e-03
-3.250727841600813406e-01
-6.000222988424542825e-01
2.146968249440222853e-01
9.999013993562129166e-01
-9.999511946520456274e-01
-7.948316581599125241e-01
1.000174375716547770e+00
3.972837143988077746e-01
-6.000363284404865993e-01
9.996040318602200658e-02
9.900765936714191195e-03
-2.696726459250434749e-01
-8.072967109106889971e-01
2.099630663255577789e-01
9.992039930519160118e-02
9.999791794158675584e-01
1.918945856728702382e-01
2.107878816681948708e-01
-3.735097343552703508e-01
-1.000018991130287027e+00
-6.316330217558328852e-02
4.035740119267212656e-01
-7.811282943901503018e-01
2.109643371266164968e-01
1.000075671146288370e+00
-7.862710015594768231e-01
-5.998171759300071626e-01
-9.999785206742393129e-01
6.014268615069040536e-02
-2.761610011716169044e-01
-5.999406807810206965e-01
1.251057507502015536e-03
2.041999494359419132e-01
-9.999845908586221244e-01
9.999657142021721734e-01
-7.957043239044411242e-01
3.984700413604667091e-01
-2.830492422246333462e-01
9.999505552129854813e-01
-9.996624961420670363e-01
1.358594190806394590e-02
2.084548208856676355e-01
9.997780043145347573e-02
-8.099243930191817320e-01
-3.586247358559843668e-01
1.086313552296263585e-01
-2.873606703088160130e-01
1.846866715891556932e-01
-6.293621828027010784e-03
-5.999506413258642867e-01
-5.998439420791457088e-01
3.869638519944381128e-01
1.000014919155426618e+00
9.995607476714706008e-02
-3.189612197035494034e-01
2.142367904653248167e-01
9.996901312173556153e-02
9.994073818344895166e-02
-8.220692161277896037e-01
-6.000646578524337915e-01
-6.000177400812870543e-01
9.999814729342803021e-01
-6.000903952797094210e-01
-5.998512652395767697e-01
1.000060943014173365e+00
1.770212088671863360e-01
-7.962163880551399453e-01
3.865126448133145987e-01
-3.459890639518578039e-03
1.947528009465550047e-01
-8.104986397480290483e-01
-9.999085319418667961e-01
-7.932912850832258833e-01
-1.000052792333010032e+00
1.000066691556005694e+00
1.000090188781591838e+00
-7.859502223306294999e-01
-2.996750712847774945e-01
-3.938490848586388010e-02
-7.942064301453523045e-01
9.998761036810970282e-01
-5.998688957553245382e-01
1.001775325334415268e-01
-1.000011807155702925e+00
4.068133037554993447e-01
2.045618399235709928e-01
1.000112714214761667e+00
-6.000215879463771662e-01
-6.000138044618733568e-01
-3.313323186141182708e-01
1.000013213774646248e+00
9.994839981912041760e-02
9.998902183645701491e-01
9.999734914191571455e-01
-1.000093306343017519e+00
4.198870916353293903e-01
1.001554141081108934e-01
3.997091006915644007e-01
1.000075790380048624e-01
-4.045071845743822107e-03
-1.389572533248406572e-01
1.961273943049257062e-01
4.127712172081211550e-01
-8.015117138311523837e-01
-6.000900151596872956e-01
4.174819993808439045e-01
9.999382528646686419e-01
-4.173729258429599576e-02
-7.865039295283153820e-01
3.993425482483516364e-01
4.903063112105210397e-02
2.072925324248103829e-01
-9.999646857236060837e-01
-3.309764275984717896e-01
4.161461868333630187e-01
1.881265884883571715e-01
-6.764655015428504281e-02
9.999818385045957658e-01
1.000091208374776830e+00
9.999032669306457954e-01
9.990184007120307685e-02
1.393255471820838143e-02
-9.998819570508610255e-01
-3.215762152361606452e-01
-2.757647552441787053e-01
1.000041488140033241e+00
-7.867248691373590619e-01
-7.953678929973058143e-01
-6.000238827052141177e-01
-3.310984581209475142e-01
-1.000036384194246342e+00
1.865466545649911989e-01
1.000804435045994367e-01
-6.000903218461377531e-01
-1.656759720218823131e-02
1.000175370158207011e+00
1.986024830089626325e-01
2.071878388506992741e-01
6.069294645204158928e-02
-3.753841759393976019e-01
-2.533750767164640316e-01
-2.527593835316778725e-01
4.109982004630122754e-01
-2.649470445735868651e-01
1.000006842247354921e+00
9.999848250283431828e-01
3.510116273844687829e-02
2.039917611178151680e-01
2.001233831535785268e-01
8.579654052711514767e-03
-2.968114009286287325e-01
-6.000077213625700789e-01
-9.999137729158953380e-01
2.083349797101314849e-01
-2.086596318305911774e-02
