-5.998010170792390516e-01
-5.998989416930921026e-01
9.999376094151031236e-01
-3.839227872421815263e-02
-9.998903225924582472e-01
-8.068732995197395175e-01
-6.000373532183339575e-01
-3.593634274019676805e-02
-7.949249907978880314e-01
-3.531232235340148740e-01
9.992964282073241167e-02
-1.000008761082475717e+00
2.110828284749272643e-01
-5.420685819255384626e-03
1.936292258378065623e-01
4.104451797383980582e-01
3.410436999173143552e-02
-1.000122722436169287e+00
1.955528599935995870e-01
-7.104649546285699002e-02
3.955344165744283380e-01
4.023303554916178859e-01
-3.091058483014862968e-01
-7.995827882384631824e-01
-1.000025696199382308e+00
4.011116156026218738e-01
-2.679232555288887374e-01
-6.000984377976026352e-01
-3.322817540760050203e-01
9.990214932519564384e-02
-1.000136980888436611e+00
-8.026185676737965791e-01
-8.300543804967038808e-01
-1.000015537443526226e+00
1.162342401190879920e-01
9.998460947255711773e-01
-1.000019384462914607e+00
9.999943467433040079e-01
3.983066119192959498e-01
-6.002081930775324814e-01
9.999631900974548238e-01
-7.832190649241564939e-01
-3.453501633870205145e-01
1.001195225020838353e-01
-3.268727544642074379e-01
3.911364136200570774e-01
9.989156805784468740e-02
9.994153578472213251e-02
9.993049364653419642e-02
1.882961088992365917e-01
-9.999229435100520647e-01
-8.088549880304655160e-01
3.926007031206246167e-01
4.109765231205509961e-01
-3.108542061887701879e-01
-1.000116302719947559e+00
-8.007031034772059686e-01
4.124087414703940246e-01
-2.882075487485497023e-02
-1.000047019828204986e+00
2.738531454465326781e-02
3.972664219769829752e-01
-9.999234340003252397e-01
-2.386029800188144701e-01
-1.000076436768629229e+00
1.000825207787864601e-01
-1.000088960036717323e+00
-2.673935137167025855e-02
-8.278770596572933016e-01
4.079514742219390033e-01
-6.000713149730282359e-01
-2.608071000800424311e-01
1.000058439431015245e-01
1.325078325120167960e-02
2.005130046536303945e-01
9.997503093697916732e-02
1.837188190625263506e-01
9.999611120506559647e-01
3.160075788259843199e-02
-8.179672339925597724e-01
4.037774321230934160e-01
3.858962932916735200e-01
1.991124731654263236e-01
1.970349365721289214e-01
9.998505909248162071e-01
3.919997991083664646e-01
-9.999206651587988492e-01
-5.998922575779138677e-01
-9.999669063826359672e-01
-3.284010104042153766e-03
-9.998470058629345125e-01
9.995122279277326993e-02
1.000396603396000172e-01
-6.001100315564555920e-01
6.559116527295934251e-02
-8.038087434975808021e-01
-8.097676620673315284e-01
-3.138534149163580977e-01
3.892482173510571353e-01
-3.940387926277591490e-01
4.223949844849271829e-01
-8.007564133222994096e-01
-3.236976096288314286e-01
9.998666734387910704e-02
9.995555116403154194e-02
9.999386536133291203e-01
3.550299320640590978e-02
3.815257269228102821e-01
9.981016620931465466e-02
-2.443078001254357923e-01
1.918924456644087173e-01
-3.386664047255821264e-01
-5.998562761318707581e-01
9.999146056584206077e-01
3.913081802889741834e-01
1.899993400827741652e-01
9.987844661958902859e-02
1.000021321756628057e+00
-1.000123212653886595e+00
4.146813712933911655e-01
9.998971126429373468e-01
3.972584916678990052e-01
1.000613177391784930e-01
3.930826703686438606e-01
-6.001470959395837079e-01
3.960596908731635613e-01
-3.043479411749550056e-01
4.151215424884376337e-01
9.999268024615659556e-01
1.000208435269372309e+00
9.990915362162564040e-02
1.939405564394718062e-01
3.934506962402791741e-01
-8.086741041264529084e-01
1.000057375410452615e-01
9.998346002645461805e-01
1.000001499954746631e+00
-9.998981027182930470e-01
-5.999772719740015248e-01
3.955102429241060813e-01
1.510031143238985823e-02
3.867002087581713488e-01
1.001169218689133972e-01
4.191361201548341464e-01
7.270636828175740252e-02
-3.184814366278414521e-01
-6.000555274322203481e-01
1.970279303809308880e-01
1.000039465924641879e+00
-1.000033768964822878e+00
-8.059819503772247540e-01
9.999877011625816214e-01
4.026934296671338953e-01
-6.000782620452730365e-01
9.992310222168436507e-02
-5.921451318244701917e-02
-2.703149871576021046e-01
-8.054536593513729192e-01
2.133816843331426960e-01
9.984134345622974749e-02
1.000145078260177955e+00
2.066401189540559569e-01
1.861200674063174798e-01
-2.496654208322094393e-01
-9.999946537001414004e-01
5.786142011919501171e-02
3.985924772075568057e-01
-7.887306805402728438e-01
2.072376135348759363e-01
1.000258284599946590e+00
-7.909841005377400425e-01
-5.999142629197149468e-01
-9.997916747129429460e-01
1.671309632039399626e-02
-3.298010897170142730e-01
-5.999184149510037312e-01
-1.818954634834419812e-02
2.014770572506361657e-01
-1.000140825234481667e+00
9.999518696296144649e-01
-8.098615879320882893e-01
3.904781805257758198e-01
-3.027286862624035679e-01
9.999272511279442277e-01
-9.998652206035426593e-01
3.229436094545840800e-03
2.098491334729156166e-01
9.998382186466986399e-02
-7.820814452956224017e-01
-2.431511309019811773e-01
9.270129556087388159e-03
-3.301893241174875260e-01
2.146223542964141584e-01
-2.710262665135022148e-02
-6.000944640625852644e-01
-5.999023164427266241e-01
4.039801012706187300e-01
1.000004617142103092e+00
1.001149853725724209e-01
-2.220821322086554694e-01
2.044564411181304386e-01
9.983569683830098573e-02
9.984756032836331063e-02
-7.776911491264726362e-01
-6.000697887345367576e-01
-5.998839983483964522e-01
9.999257332928822573e-01
-5.999451466133891575e-01
-6.002616651405900949e-01
1.000094392328550574e+00
2.095464452152729640e-01
-7.890401690009033464e-01
3.995587566740845253e-01
-4.211213678917895276e-02
2.024997840721183273e-01
-8.017659398768838264e-01
-1.000020762133710939e+00
-7.929800496583836455e-01
-9.999490101805574849e-01
1.000087769080759470e+00
1.000008976331569599e+00
-7.951970522492967097e-01
-2.696444374588046755e-01
3.599782835085024030e-02
-8.085538037176207560e-01
9.999533718380427816e-01
-6.001688616504398111e-01
9.991346293089728436e-02
-1.000126598041366499e+00
4.158257534462694305e-01
2.136514507801411389e-01
1.000095624138495287e+00
-5.999844964525667956e-01
-6.000600301619591903e-01
-2.919149999671971640e-01
9.999156699894397038e-01
9.996611508050244621e-02
1.000137888645084017e+00
9.999442617793274923e-01
-9.999604648176187993e-01
3.945382106129998734e-01
9.976729480974594333e-02
3.938368448920059883e-01
9.990450180300655680e-02
-2.139053107789052558e-03
-2.794699207424168868e-03
2.103704261044414825e-01
3.957718186714964670e-01
-7.924019984382163484e-01
-6.000260522355467252e-01
3.882283686702092118e-01
1.000030087369806031e+00
-1.113807845056342949e-01
-8.166857161355968175e-01
3.980971053954103778e-01
-4.962980814718518513e-02
1.989537461062654833e-01
-9.999999778494458313e-01
-3.616684861285264230e-01
3.969578355151650029e-01
2.117313406750521987e-01
7.267363330755198525e-02
9.999358372001058148e-01
1.000115510452112888e+00
1.000077176574000637e+00
9.986835270138760823e-02
8.255307141814566263e-02
-9.999745311936407699e-01
-3.221944932469286704e-01
-2.270826584930324965e-01
9.999828738018528007e-01
-8.027717655843927824e-01
-8.037134829262050362e-01
-6.000311008730717655e-01
-3.250467005605415793e-01
-9.999585692361863121e-01
1.962932316577384873e-01
9.978118710307433414e-02
-6.000555812523611365e-01
6.994444792879286887e-02
9.999732950930015907e-01
1.781813948974943773e-01
1.956640577082401911e-01
-8.136289998486046990e-03
-2.088335217294436941e-01
-2.008253684689491614e-01
-3.990221943497341273e-01
3.887561953054188835e-01
-3.102078414846824450e-01
9.999904873970161256e-01
1.000106332410784171e+00
1.286028692295092257e-02
1.842519634960231301e-01
2.070289626773074154e-01
-2.838580017447235593e-02
-2.700170793912003986e-01
-5.998885433389893329e-01
-9.998728839648828304e-01
2.083636633637117597e-01
-3.327113840638004638e-02
