-6.000510480844314376e-01
-6.001114560619559279e-01
9.999712969741265667e-01
7.071391204634408512e-02
-1.000048963580360439e+00
-8.075055283745466994e-01
-5.999190318922242859e-01
-8.411921490660665898e-03
-7.973686123542744753e-01
-2.612441659062560984e-01
9.996784594125751600e-02
-1.000125312500140140e+00
1.977135433065734527e-01
1.368053079015171120e-02
2.049954181834706679e-01
4.051886201418609668e-01
1.836920844496793895e-02
-9.999900943556219168e-01
1.884404794886700707e-01
1.508900763516415368e-02
3.954277226270310197e-01
4.053048787505087458e-01
-2.808916344504414631e-01
-7.954013731525987341e-01
-9.998272116485417138e-01
3.958115850659773005e-01
-3.640173340298013538e-01
-5.999476722327744538e-01
-2.510354326622619148e-01
9.992487192528505535e-02
-1.000106465884764040e+00
-7.747211824609687714e-01
-8.074856115473763030e-01
-1.000044509669033355e+00
1.794565162982010229e-02
1.000050062839413112e+00
-1.000106152989979069e+00
9.998856241443768722e-01
4.165489235224475451e-01
-5.998574233054811966e-01
1.000044377988756228e+00
-7.906905432203970019e-01
-2.677975995789149688e-01
9.997614031496512843e-02
-2.411705877923986385e-01
3.852805116746492176e-01
1.001151596834010254e-01
9.999538084929147919e-02
1.000139440457269296e-01
1.762342198029836216e-01
-1.000162189736405249e+00
-7.943199579641898600e-01
4.048710226798846179e-01
4.121596080761998349e-01
-3.556212801598492845e-01
-9.999603231093886491e-01
-7.916856615449784362e-01
4.018452568894148036e-01
1.790350425655764383e-02
-1.000122692702811067e+00
-5.509839244014788640e-02
3.962474032542936397e-01
-1.000136091796167470e+00
-3.754547890563448842e-01
-1.000015021129637249e+00
9.991765713620794076e-02
-1.000030051240496265e+00
7.259387215488328094e-04
-8.007580729982234358e-01
3.967204347632939387e-01
-6.000727344205155633e-01
-3.534395448747464363e-01
9.990925259869723463e-02
-5.112242314782799307e-02
1.980464433267470070e-01
9.989103383764424970e-02
1.902446952202162256e-01
1.000036826771455001e+00
4.753627784459345945e-02
-7.943959833442477692e-01
3.973755344072284479e-01
4.017502822791538808e-01
1.925088461015113939e-01
1.940237190499293496e-01
1.000101208512771400e+00
3.920397814654479340e-01
-1.000013950257469197e+00
-5.999663694148792414e-01
-1.000114219543825733e+00
-1.129996334442672085e-01
-1.000056222952769192e+00
1.000843624249680430e-01
9.999105393477267234e-02
-5.999736479429050862e-01
-7.606077453011292691e-03
-7.853372985153924679e-01
-8.068758478407618284e-01
-2.542856517517077530e-01
3.957976904988029787e-01
-3.478355393764763215e-01
3.984157487244272544e-01
-7.791316368057125130e-01
-3.339246709427591830e-01
1.000933950019525648e-01
1.000151885763872206e-01
1.000001290035771762e+00
8.894391270076129619e-02
4.067001842073125206e-01
1.000585659449705900e-01
-2.984794678188257833e-01
2.063372043852996773e-01
-2.840262774493451658e-01
-5.999512209292306997e-01
1.000215702562579967e+00
4.029594314760555074e-01
1.920959949615263507e-01
9.990400390106397854e-02
9.998933752937386732e-01
-9.999609958637755147e-01
3.896639992667305652e-01
9.998476614456081046e-01
4.030899539868822989e-01
1.000006853986586258e-01
3.874974389845607381e-01
-6.000176130313533696e-01
3.998444040858297743e-01
-3.803556990115799508e-01
3.823510836004272995e-01
1.000027803357163014e+00
1.000068606341382393e+00
9.995709320257285813e-02
2.120909131355276089e-01
4.072507974973546552e-01
-7.932032514603682971e-01
9.993000450328355655e-02
1.000009558140388277e+00
1.000190779403367980e+00
-1.000113683294794109e+00
-5.998499209484514649e-01
3.899964786674925965e-01
6.646389786734453742e-02
3.947430897792478244e-01
1.001685200375778545e-01
4.002985141325874907e-01
4.920681160833802192e-02
-2.867519721443818614e-01
-6.001733218167814021e-01
2.136515406845295728e-01
9.999664492817649242e-01
-9.999523254344327983e-01
-8.005869903377994534e-01
1.000177903085587072e+00
3.947446757770642356e-01
-5.999662344825643645e-01
9.993407892039711526e-02
2.731716290419562015e-02
-4.012504495713767882e-01
-8.010039131879913565e-01
2.117443452262387782e-01
9.998682834288730170e-02
1.000060932801884572e+00
1.888351400917575029e-01
2.018196132028681200e-01
-3.823513730709284797e-01
-9.999635197297492839e-01
-2.309267545942352354e-02
3.931926807362040033e-01
-8.011606327420316420e-01
1.960502803138928773e-01
1.000056307148909029e+00
-7.953295496907993867e-01
-5.998927214408361630e-01
-1.000133480452875201e+00
-1.185835596244706053e-01
-3.177824444861804820e-01
-6.002043472910523203e-01
4.774614078841057929e-02
2.156467973949193762e-01
-1.000053048884914864e+00
9.999327096648128466e-01
-7.862846360552083746e-01
3.859823582314250157e-01
-3.268163269138216753e-01
9.998898934213691359e-01
-9.998643989476365679e-01
-5.014900967444113622e-03
1.962184141168053786e-01
1.000923832355339188e-01
-7.943188424396965264e-01
-3.429279002086516592e-01
-4.248299885988265218e-02
-3.193204715131861549e-01
1.984545530163604465e-01
-1.301542880959454668e-02
-5.998076212710727884e-01
-6.000124980394284657e-01
3.955628206779333578e-01
9.998490341486878652e-01
9.991240911814087966e-02
-3.270750136941502073e-01
2.083404817518590135e-01
9.995311207624574257e-02
1.001225872028409930e-01
-8.046516617124163107e-01
-6.002263690352022119e-01
-5.999025252127754282e-01
1.000057217746610716e+00
-6.000414593621866688e-01
-5.998132905901076839e-01
1.000071657255138025e+00
2.083563181288902444e-01
-7.941299451958689914e-01
3.882458040665606736e-01
1.042680607493583038e-02
2.131842719220785332e-01
-7.924415910306831234e-01
-1.000076751507951167e+00
-8.066578788463436567e-01
-1.000014483848878921e+00
1.000021407696981335e+00
1.000112217264083059e+00
-7.974151911668624360e-01
-2.487840215505084107e-01
-4.990602700138310754e-02
-8.048811264800297405e-01
9.999906312127200270e-01
-6.001635480953857460e-01
9.992054319243166838e-02
-1.000073664895831049e+00
4.085437529428261882e-01
1.994492152669169738e-01
1.000151841326466284e+00
-5.998785910503955376e-01
-6.002000419603918946e-01
-2.964519025860785639e-01
1.000070103851546266e+00
1.000176162787304174e-01
1.000050534946570480e+00
9.999456943051411306e-01
-9.998915226176047222e-01
4.095053595747331077e-01
9.995818914064019678e-02
3.861570968639148616e-01
1.001222892241329654e-01
1.679676872616630776e-02
-3.663231405074715563e-02
1.951187639162892951e-01
4.168385326926473122e-01
-8.015210326417218090e-01
-5.999390701693423367e-01
4.125951625848340298e-01
1.000153678575899763e+00
1.496116634083487044e-02
-7.959928836766552163e-01
3.910029591709383023e-01
-2.704716861213331616e-02
1.992574489221659584e-01
-1.000003225233757176e+00
-2.924898911354242848e-01
3.821263987635022952e-01
2.032826172205470239e-01
-9.326617402143234925e-02
1.000022838241654055e+00
1.000027633800988358e+00
9.998988069286065539e-01
1.001441084030433720e-01
1.098005453661605318e-02
-9.998588537483334981e-01
-2.982819655315074869e-01
-1.979701195610090725e-01
1.000067085113943488e+00
-7.945892105858144427e-01
-8.015689752248963407e-01
-6.000568934511129049e-01
-4.140828446227558524e-01
-1.000043945797924883e+00
1.958222517457172407e-01
9.989793078218718592e-02
-6.000131069393001004e-01
5.349727845967715452e-03
9.999905451669146572e-01
1.947941465493287505e-01
2.022382303025045125e-01
2.316416753781008059e-02
-2.550884870110690650e-01
-3.333923618340285389e-01
-3.701566141950233257e-01
4.102249227700886514e-01
-2.697100459466029720e-01
1.000023043486873098e+00
1.000115271847304532e+00
-3.469610170706292906e-02
2.064489154472778365e-01
2.036298478992420169e-01
-5.037429156235954247e-02
-3.583763044954839105e-01
-6.000792516689821277e-01
-1.000041415501548459e+00
2.057642625115239932e-01
-3.484293612229232701e-02
