-6.000835937482359439e-01
-6.000256555823844096e-01
9.999848538593807401e-01
6.979972992922637426e-03
-1.000175596846878401e+00
-8.103268148967172069e-01
-5.998949875839697521e-01
1.629579724395996063e-02
-7.908696535530145288e-01
-2.916175039272401182e-01
9.988742525837422670e-02
-9.999165171180762757e-01
1.997996848070787423e-01
1.272906248750317083e-02
1.994162695443759958e-01
4.015790551720917478e-01
9.709517318034083244e-02
-9.998162476307960178e-01
2.017416161669302321e-01
-7.825078328358579804e-02
3.920475650006938761e-01
4.024294541600764163e-01
-2.385111372753911385e-01
-7.865606028558467244e-01
-1.000076537409981370e+00
4.030318142181424923e-01
-2.789489292508254836e-01
-6.000970454672619470e-01
-3.788698609403571838e-01
9.991845324030308728e-02
-9.999564852529309045e-01
-7.948771182175048411e-01
-7.852793649820443145e-01
-9.999523828322243180e-01
-3.374019265014537722e-02
9.999678355160553922e-01
-1.000024482817524429e+00
1.000032671991857303e+00
3.945004070665047435e-01
-5.999653349859730422e-01
9.998896814469114824e-01
-7.949258541874864026e-01
-3.166437462153299798e-01
9.998767553051544910e-02
-3.757777354789080260e-01
3.931989523355969296e-01
9.994866788435073646e-02
1.001140241712162177e-01
1.002704502952674048e-01
1.899665899381332013e-01
-1.000116630434398912e+00
-7.786777352000866514e-01
4.118065475047726354e-01
4.067636858454659055e-01
-3.557998076730976011e-01
-1.000051207501075901e+00
-7.962220110184893285e-01
3.933927309725573918e-01
-3.696201677512478412e-02
-9.998987692154184259e-01
-3.802860063961657766e-02
3.860485602371033220e-01
-1.000096761951616342e+00
-2.547380566708795091e-01
-9.999757586083678484e-01
9.994505703545233932e-02
-9.999606836705262625e-01
4.856461346720822303e-02
-7.979522817501957244e-01
3.962177312266584317e-01
-6.001740020022907629e-01
-2.733481481043105177e-01
1.001151877613032787e-01
5.817376835948778052e-02
1.993183061645588949e-01
1.000340835765562847e-01
1.701975991504731112e-01
9.998709103898699713e-01
-1.592657289019449862e-01
-7.946937153848856461e-01
3.955366820764142921e-01
3.884154299374858454e-01
2.099720067186710004e-01
2.297709756553145410e-01
9.999056783704562967e-01
3.924584486940598804e-01
-9.998948791841723027e-01
-5.998763329479084305e-01
-9.999046437621365024e-01
-1.013032013613796023e-01
-9.999970533943342010e-01
1.000370837653175027e-01
1.000069367144690441e-01
-6.000849657001064985e-01
4.028760900449927795e-02
-8.092801129415075900e-01
-7.991404498297985937e-01
-3.180471774657123163e-01
3.945084700951126955e-01
-2.959478445050457984e-01
4.035077601297313854e-01
-8.017131658099063696e-01
-3.232724093104579755e-01
1.000518077154701341e-01
9.989213455803760966e-02
9.998336318179773530e-01
2.332132955332882202e-02
3.930126919481471970e-01
9.984973566414477586e-02
-2.636178180555502348e-01
2.109712293409946038e-01
-3.279599501653133187e-01
-5.999589570565716512e-01
9.999410646331803321e-01
3.973196641412579666e-01
1.956464369130069270e-01
9.988242602361939448e-02
1.000009050114379905e+00
-1.000093184958352088e+00
3.993585040571500100e-01
1.000079609053043272e+00
4.021456395744545942e-01
9.990819431781183813e-02
3.989946366050842741e-01
-6.001147904138756095e-01
4.047911588606603606e-01
-3.091901012855811093e-01
4.043717820151025433e-01
1.000036315202529336e+00
1.000165426825542658e+00
9.988896650819303891e-02
1.905073362221666178e-01
3.925944307115435961e-01
-7.985994343807515383e-01
9.990262304725545939e-02
9.999755230232192371e-01
9.998841619500316025e-01
-1.000032640072864742e+00
-6.001499056579226998e-01
4.068114620615868038e-01
-4.416109263239312299e-02
4.042945286898642632e-01
9.999756543217133697e-02
4.040027575743498356e-01
5.079212478050635499e-02
-2.630466085661232190e-01
-5.999993351112461459e-01
2.147408781287107049e-01
9.999025497939173501e-01
-9.997704743986315368e-01
-8.059604889458711341e-01
1.000014838000188089e+00
4.082261958958000037e-01
-6.000776237714404715e-01
1.001431011416523686e-01
8.689305766320337687e-02
-2.340579760968008460e-01
-7.907091752357191528e-01
1.915096361726872365e-01
9.995378270131131948e-02
1.000025716491808048e+00
1.896215780555808028e-01
2.058309363243079615e-01
-3.287008145630290756e-01
-9.999117826415014898e-01
-4.514365197739571983e-02
4.026246564554267215e-01
-8.152575490614828446e-01
2.185588698287274090e-01
1.000048647133237267e+00
-7.974846311735204196e-01
-5.998450897962023243e-01
-9.999834754116313507e-01
-1.641151505913162256e-03
-3.164471898555074603e-01
-5.998973850266635655e-01
5.803136800332646915e-03
2.143860728060258680e-01
-1.000011852436217819e+00
1.000114710256361450e+00
-7.854381151722964471e-01
3.939349583043731950e-01
-4.055733435658619435e-01
9.999892989338687865e-01
-1.000054695849044828e+00
6.004735730819240822e-03
2.050521805363182681e-01
9.988621026766303368e-02
-8.144782380717414672e-01
-3.314071260250757156e-01
-6.516719111616546545e-02
-2.188403599493472518e-01
2.176188954861981995e-01
8.298744003389010859e-02
-6.000101847413024103e-01
-5.999614203603907958e-01
4.150950994907617320e-01
1.000171666328717679e+00
1.001906760687195641e-01
-3.296692509859794895e-01
2.086290749424223323e-01
9.986135815295757445e-02
9.999208442611913494e-02
-7.827596310911172361e-01
-5.999430909116665323e-01
-5.999684208429858501e-01
9.999348868570877569e-01
-6.000818998228513168e-01
-6.000070178891566686e-01
9.999886245923199635e-01
2.218279416924183456e-01
-8.092455640587450372e-01
3.911359895648164886e-01
4.941900132455944589e-02
1.877712302749897089e-01
-8.152598404811643995e-01
-9.999487491653775706e-01
-8.026034409706686024e-01
-1.000067570308316833e+00
1.000031220841530510e+00
1.000029462745184228e+00
-7.980938513235963372e-01
-2.563725470402383189e-01
4.733017229818361343e-02
-8.007933639797042424e-01
9.999688175468169904e-01
-5.998931139294485515e-01
1.000047329672763413e-01
-1.000018633900188414e+00
4.001627409159180249e-01
1.940914979471670965e-01
9.999626539635567690e-01
-5.999105108162254840e-01
-6.001034999887074894e-01
-3.504512782024221673e-01
1.000036235125719486e+00
1.000415018653455085e-01
9.998586938802782598e-01
1.000106421767119613e+00
-1.000010544654517330e+00
4.104734918379143171e-01
1.000503577856982629e-01
3.914501541455016609e-01
1.000287373851546785e-01
1.961982336336536882e-03
6.684067271628121865e-02
2.150925968666865529e-01
4.062233846319964203e-01
-7.841526965854186404e-01
-5.998143115443813622e-01
4.028349112030624735e-01
9.998342800260537899e-01
-1.305093036178438248e-01
-7.914468040544142546e-01
3.975076943260431594e-01
2.720495964862883545e-02
2.057732265879101130e-01
-1.000021524792772842e+00
-2.504834741291674383e-01
4.059422692439684788e-01
2.072774304296911008e-01
6.806104617746974728e-02
1.000070585362829556e+00
9.999992763658310801e-01
9.999016632550187245e-01
1.000311308475026612e-01
5.583603053709967901e-02
-1.000021667736796127e+00
-1.655126663216467120e-01
-2.764813309694672538e-01
1.000163901006304812e+00
-8.136134275246754699e-01
-8.076938706429601655e-01
-5.999644180513736824e-01
-2.344220994396001845e-01
-1.000224565979324076e+00
1.937842683633640706e-01
1.000904952826830452e-01
-6.000700914959256060e-01
-9.461194847890601334e-02
9.999744756156188075e-01
1.905233522011384739e-01
1.999563561705811343e-01
1.860800075786972485e-02
-4.037598041197915100e-01
-2.545241089055917394e-01
-2.946653104276688584e-01
4.116380309263460435e-01
-3.325020274715707047e-01
9.999909029072190370e-01
9.999597336648827772e-01
-3.158341873514449588e-02
1.979213334436552008e-01
1.887202413992914996e-01
5.146004704635909199e-02
-3.663099450680035729e-01
-5.999301391292386487e-01
-9.999029101708954981e-01
2.041437526773410560e-01
-9.757337619776020043e-03
