-5.999873506732699147e-01
-6.000798214918893203e-01
9.998024491106493050e-01
2.385297313396593163e-02
-1.000008791765506944e+00
-7.990939256991678175e-01
-6.000451036906377933e-01
6.333437888541347538e-02
-7.952246312251812776e-01
-3.435216059280691292e-01
1.000091223590085371e-01
-9.997966640907141045e-01
1.942902199754079628e-01
8.049209359294701160e-02
2.246243360750020401e-01
3.929906758481312989e-01
-1.262937361233761914e-02
-1.000046476164220044e+00
1.821468296155891731e-01
2.046052764220281789e-02
4.119518544785074066e-01
4.063588024972372148e-01
-3.508687007211560016e-01
-8.064507022492337640e-01
-1.000157914506897505e+00
4.055490117601157629e-01
-2.417418252224516895e-01
-6.001684191534848445e-01
-2.844514039944675554e-01
9.982885180750697418e-02
-9.999524756150816041e-01
-7.959729569435324281e-01
-7.895203798497893999e-01
-9.999040733761584976e-01
-3.573885050341828878e-02
9.999407357788581141e-01
-1.000092233843777434e+00
9.999802389800210856e-01
4.085259170581148069e-01
-6.002090885252630015e-01
1.000214422071388665e+00
-8.103044467783705462e-01
-2.967415508313453465e-01
1.000466142963704758e-01
-2.472943585119390109e-01
4.038724243027281835e-01
9.999460787280911589e-02
9.988543327141975736e-02
9.984920601796125339e-02
2.040836619848413191e-01
-1.000013951973878212e+00
-7.966776279187658405e-01
3.857369452214781669e-01
3.896795536806689775e-01
-2.844127833486812529e-01
-1.000065977436982223e+00
-7.988484674734867008e-01
4.003833650216713780e-01
5.607855850847616452e-02
-1.000010483657844063e+00
1.084752045822791333e-01
4.075130214735628309e-01
-1.000026842636018598e+00
-3.250368785646898240e-01
-1.000070461194104698e+00
9.996867198335125659e-02
-9.999760419837012693e-01
-4.741829643429048245e-03
-8.125321690295473909e-01
3.978459949791110506e-01
-5.998409938874728065e-01
-3.081905350435576452e-01
9.988397890374711707e-02
-1.993178719056676318e-02
1.877155782806033124e-01
1.001135685053855945e-01
2.137011376794293593e-01
9.999622334462148210e-01
4.692498104493877248e-02
-8.015442529641975122e-01
4.030810473570666241e-01
4.069267641372327216e-01
2.086425317775545962e-01
2.138711112050308838e-01
1.000136354107234560e+00
3.823423006826092152e-01
-1.000094419899701936e+00
-6.001670597841571864e-01
-1.000028413070946920e+00
-5.914670178038530443e-03
-1.000054461886495716e+00
1.001404399947718460e-01
9.993282226121219525e-02
-6.001710684836629728e-01
3.302288144239045459e-02
-8.018509050296867002e-01
-8.013700408296680067e-01
-2.746025696605556288e-01
4.319676221009523531e-01
-3.058248389624041441e-01
3.947508909061194782e-01
-8.146283384824423157e-01
-3.068161582896511974e-01
9.997734189585125164e-02
9.989570186492910397e-02
9.999288816478827391e-01
6.809320140086304318e-02
4.126817883693436606e-01
1.001519243966497302e-01
-3.178718111037245331e-01
2.079956823082243500e-01
-3.641526290804910637e-01
-5.999823147794425271e-01
9.999802350756146208e-01
4.069163145295006112e-01
2.003328405994564410e-01
9.998070761876882984e-02
1.000011212369642077e+00
-9.999857805670498978e-01
4.104825904539448067e-01
1.000161700357307337e+00
3.793097210272056707e-01
1.000363853297009942e-01
4.050296125162505256e-01
-5.999212263142424950e-01
3.953487922566379376e-01
-3.919075041300910112e-01
4.012680231409287979e-01
1.000218441274592918e+00
9.999769009223615779e-01
9.998221865589125568e-02
1.908577126418234404e-01
4.014642276042632019e-01
-7.878460552327515298e-01
1.000851247436183172e-01
9.999736497301519034e-01
9.998234064627287143e-01
-9.998296920064271287e-01
-6.000071499328119007e-01
3.957321230076923935e-01
-5.151709863929765376e-02
3.932660621046840665e-01
1.000767244782522908e-01
3.988633989715709705e-01
-2.795216224092905710e-02
-3.443269298203138762e-01
-6.000285381158911857e-01
2.073965599332411869e-01
9.999406043442478076e-01
-9.999284872329246010e-01
-7.854274156122200701e-01
9.999913923550872719e-01
4.191855503856016796e-01
-5.999317720294151668e-01
9.989692843179209802e-02
3.207551990310130666e-03
-2.625960869302404466e-01
-7.995476764778898238e-01
2.035458630281260783e-01
1.001018637570046665e-01
9.998273189670239258e-01
1.986537725594193227e-01
2.128804673454333107e-01
-2.927087799028985637e-01
-9.999243167776655783e-01
7.752946050349113216e-02
3.902826670466615910e-01
-8.029642546718456231e-01
1.937251521339630189e-01
9.999748129277971076e-01
-8.053763545557682813e-01
-6.000630458738478445e-01
-1.000004032418649880e+00
-1.966925816796119553e-02
-2.840872468460683975e-01
-6.000491749162552013e-01
-5.609018043369103090e-02
2.011166907585735797e-01
-1.000039038805173419e+00
1.000050460344701131e+00
-8.075503061894990786e-01
3.933375594791235774e-01
-2.921264671620646403e-01
9.998919985836478563e-01
-9.999914850163038604e-01
-8.734552280541095157e-03
1.947922925249722659e-01
1.000393775161689813e-01
-7.960774915477747404e-01
-3.556213788503328477e-01
1.252675289510885859e-01
-3.525601516864212970e-01
2.034676613719475780e-01
3.328169409888873456e-03
-6.000674788904247769e-01
-5.999190316445962567e-01
4.089563788901119379e-01
9.997760934092717600e-01
9.997819523482991133e-02
-2.696642159739876532e-01
2.007078600725514528e-01
1.001102652992824638e-01
9.997021555853312369e-02
-8.069497892669044159e-01
-5.998177750684715592e-01
-5.999306505106155596e-01
9.999357337322538619e-01
-5.998370282300639067e-01
-5.999072122973826415e-01
9.998478171079782095e-01
1.950861411894293240e-01
-8.043538744540921215e-01
3.928400862992248999e-01
6.348686613080084529e-02
1.950419141672285195e-01
-8.137489066696740325e-01
-1.000112773922423148e+00
-7.925002833008133463e-01
-1.000034647362356699e+00
1.000142855126359365e+00
9.999217823968128416e-01
-7.988275306163132861e-01
-3.647363398372971965e-01
-5.211624856771879255e-02
-7.924704692082322754e-01
1.000135705581191914e+00
-6.000372423003222933e-01
1.000805304500358289e-01
-9.998733018936656336e-01
3.938648384767829969e-01
1.850392219424986384e-01
1.000040326959924064e+00
-5.998174154050643914e-01
-5.999682840486205704e-01
-3.263887623038949082e-01
9.999599340507234757e-01
9.986461521025323529e-02
9.999893613054067210e-01
1.000179170332299972e+00
-9.999513024498833946e-01
4.051652395804815621e-01
9.987026670660602290e-02
4.082369591061176251e-01
9.996297451359828501e-02
-5.644967417661106435e-02
6.506939176388691626e-02
1.993518202920992466e-01
3.898251539273144828e-01
-8.069593158796374288e-01
-6.000263987975009705e-01
3.944823770535086371e-01
1.000093176046408017e+00
-3.945890183739488022e-02
-8.072180043130305904e-01
3.895260539057239235e-01
-4.169765339211294053e-02
1.969300364296996397e-01
-1.000003906595330117e+00
-3.185026957497474887e-01
3.971404837822026801e-01
2.109331675704319287e-01
-2.101260851149520936e-02
9.999378052137454231e-01
9.999451883366319294e-01
1.000070283387139991e+00
1.000008388938152804e-01
1.836006401578980582e-02
-9.999279150422973883e-01
-3.245011097902762431e-01
-2.806161726934133238e-01
9.999004904656347836e-01
-8.118497442177358137e-01
-7.980753892266172489e-01
-6.000216379321917648e-01
-3.025194772302404744e-01
-1.000047299909442522e+00
1.977460042833170395e-01
1.000992378429113733e-01
-6.001126731268281445e-01
2.288613031069705248e-02
9.999514445917068173e-01
1.978322872748955186e-01
1.907795269273027117e-01
-1.212539067721178816e-02
-3.995797022113871666e-01
-2.386798623326892577e-01
-2.650090114418763854e-01
4.085938103596393756e-01
-4.093564923334405137e-01
1.000226287791908808e+00
1.000070711285216074e+00
7.006453883113811232e-02
1.962676055490043536e-01
2.083693427721083069e-01
-1.079661775776516452e-02
-3.714814619142037255e-01
-6.000311850309493211e-01
-9.999920873599501547e-01
1.754870588427078770e-01
1.063372619047195933e-01
