-6.001273008563419165e-01
-5.999584388580292416e-01
1.000083971456253940e+00
-4.540546620866858785e-02
-1.000244969962816421e+00
-8.127631005367004224e-01
-6.000540179392173101e-01
-4.340702479013488352e-02
-7.836538078106086713e-01
-3.150917868304653480e-01
1.001104749184112408e-01
-9.997491603922010750e-01
2.155907600164553295e-01
-6.041377744581915427e-02
2.112550907559312963e-01
4.171363995957951820e-01
1.071852591348959605e-02
-1.000219593958952879e+00
2.035053083879300728e-01
2.305244100232392915e-02
3.999385453009352553e-01
4.009553689718922120e-01
-2.660569547395379431e-01
-8.015332746317151980e-01
-1.000086754961685198e+00
4.068285190201019752e-01
-2.799629203927447851e-01
-5.999249317621078159e-01
-2.758593531288331957e-01
1.000992073753855793e-01
-9.999946813182942762e-01
-8.021768283688126555e-01
-8.043315477454815454e-01
-9.999370629296727708e-01
9.928405231088077709e-02
1.000041074828653231e+00
-1.000042946643661779e+00
1.000089514684894265e+00
4.135906354615498937e-01
-6.000976811044922421e-01
1.000008442631848737e+00
-8.058859029713542066e-01
-2.548599731243118005e-01
9.996648962644771874e-02
-3.524872087590261716e-01
3.989535711536568163e-01
9.987849248740997277e-02
1.002063297859829144e-01
9.980396727176003846e-02
2.102808746697312769e-01
-1.000122894740671065e+00
-8.026637072879939661e-01
3.930845815866885751e-01
3.953026897719877919e-01
-2.946699081831085643e-01
-9.999766884246887866e-01
-8.012002304704138878e-01
4.128220676361468167e-01
-5.736222669585196166e-02
-1.000016023978648860e+00
3.907107325771416728e-02
4.104302060474379621e-01
-1.000056108093287710e+00
-3.216927560371690142e-01
-1.000073633017364738e+00
1.000570756631292413e-01
-1.000032712119477418e+00
-4.831293299662194063e-02
-8.094710158806199818e-01
4.015369627167358901e-01
-5.998417246692782090e-01
-3.421660888477702778e-01
1.000341933081358992e-01
4.432470351487849403e-02
1.797719503426625787e-01
9.991474393316449043e-02
2.013808536202462973e-01
1.000070951552585630e+00
-5.884061481157966227e-03
-7.998380042715951266e-01
3.989968972358620136e-01
4.168374562236950576e-01
2.095441679381103428e-01
2.051863119981778560e-01
9.999675094792962460e-01
3.952471043304330856e-01
-9.999912821057520551e-01
-6.000506182812983536e-01
-1.000019861717449610e+00
9.022973490473067126e-02
-1.000048844048770480e+00
1.000507120002730455e-01
9.999224156932801089e-02
-5.999260454048663815e-01
-8.320066376300391808e-02
-7.921128914137897103e-01
-8.004532569143757437e-01
-3.555771202343618320e-01
3.982851377348149979e-01
-2.902273166012894201e-01
3.940538091406025623e-01
-8.088602513456711884e-01
-3.109428229776000641e-01
9.988300346569459198e-02
9.996875069396826685e-02
9.999943389118023385e-01
-2.277891954426015941e-02
3.926653350280683852e-01
9.996324690263955204e-02
-2.970931700738320691e-01
1.806139107285578138e-01
-3.399340915626636317e-01
-6.002713827452336171e-01
1.000074672325026892e+00
4.043315005223655501e-01
1.876793362905838369e-01
9.987445082901634519e-02
1.000018418121945141e+00
-9.999028448704636585e-01
4.042038582480474429e-01
1.000069254553008102e+00
4.077962137547525567e-01
9.996732100239574814e-02
4.003200739606228575e-01
-6.001228311583295394e-01
3.897803147530996548e-01
-2.729114698765002234e-01
4.097729481634486137e-01
9.999197061353657379e-01
9.999747343066315297e-01
9.992837525444557556e-02
2.053784662918903547e-01
3.938306632025498910e-01
-7.901848129665255405e-01
9.991839913764333225e-02
9.999003784170713560e-01
9.999008224848872084e-01
-1.000164194839236576e+00
-6.000028775734015385e-01
4.138084547695243254e-01
6.063826557672267331e-02
3.996768549466966913e-01
9.994104464269629173e-02
3.896710304205986408e-01
3.749565246973494970e-02
-3.364251712603802402e-01
-6.001793045588035280e-01
2.077071124565851579e-01
1.000080088791056809e+00
-1.000230806369452496e+00
-7.962647107698581639e-01
9.998752765635275930e-01
4.036071238765435720e-01
-6.001164545334592981e-01
9.988359913519995192e-02
4.707239114698012761e-02
-3.261668809760693288e-01
-7.845031282676969697e-01
1.877637301496092870e-01
1.000537635174836709e-01
9.999041701115417569e-01
2.031255930266377963e-01
1.965459785874349719e-01
-2.781773711060568921e-01
-1.000089894760765485e+00
2.251458056276588009e-03
3.937471800695450108e-01
-7.994040337785396355e-01
1.894994285649964361e-01
1.000068465783375604e+00
-8.185727077307550781e-01
-5.999968835358002739e-01
-9.999579532637953294e-01
-2.510787197549861627e-02
-3.933736699915776347e-01
-6.000840323261461551e-01
-6.749179413774945846e-02
1.995362149590254874e-01
-1.000061734885049791e+00
1.000039762864455506e+00
-8.093233785575411066e-01
3.935905569467514353e-01
-2.941457943710764078e-01
9.999857388031354599e-01
-1.000042090821059437e+00
-1.009158236072249006e-03
2.097061477135699625e-01
1.000045445500949565e-01
-7.955537726626674688e-01
-2.633043275241315762e-01
-2.165702122289849939e-03
-1.396539061412977456e-01
2.137979351213184220e-01
5.118035339249236287e-02
-5.999285365144917392e-01
-6.000776174189486056e-01
4.215405193764137914e-01
1.000032023286894001e+00
9.995575482839494375e-02
-2.732278662588027429e-01
1.990386025027159334e-01
9.993580081425075534e-02
9.996669657906623319e-02
-8.096797320203438231e-01
-6.000737753119116391e-01
-5.999993222996840014e-01
1.000071087995758390e+00
-6.000668284466793567e-01
-6.000692473257400739e-01
1.000071197630582498e+00
1.978402913123125384e-01
-7.958686124595113487e-01
3.936604146264834903e-01
6.220127850755316490e-02
1.888860823395504818e-01
-7.841142416486805988e-01
-1.000128636936284732e+00
-7.974004861091884555e-01
-1.000048234791118373e+00
1.000177759001072753e+00
9.998742676596545920e-01
-7.930444033390305902e-01
-2.920252169501358908e-01
-4.466186606455375269e-02
-7.765183787961049688e-01
9.998457656901987844e-01
-6.000193640875605139e-01
9.976957590479222648e-02
-9.999528950525781168e-01
3.892788295902599449e-01
2.024777223007546700e-01
9.999236961494111231e-01
-6.000945438742912863e-01
-6.000384642800133950e-01
-2.547630635024685231e-01
9.999169410307324757e-01
1.000444237585603052e-01
1.000222665704005864e+00
1.000033782959603990e+00
-1.000129998490922878e+00
3.954539456082406534e-01
9.989450813790065609e-02
3.888931701831132570e-01
1.001122415211771199e-01
9.868174002035473569e-02
7.697246878933440561e-02
1.985924388260028595e-01
4.008385999341134709e-01
-7.888261388333106527e-01
-5.999762601206091173e-01
3.991808815179211378e-01
1.000003990186544289e+00
-1.862105228290804673e-02
-7.915008243186948400e-01
3.929633030391507797e-01
3.321855194455312216e-02
1.994115440663224714e-01
-9.998770418570962493e-01
-2.589785062310839270e-01
4.082403215558084719e-01
2.033506161798969980e-01
-4.884820994210614664e-02
1.000102028074020488e+00
1.000078759071042489e+00
9.999043479510052457e-01
9.999693617739990881e-02
6.772485436395932201e-02
-1.000068387208463028e+00
-3.087818892004898230e-01
-2.460633455049535956e-01
1.000048570323461616e+00
-8.069113454291410026e-01
-7.908909322027989353e-01
-5.999144371022391287e-01
-3.131969698303184169e-01
-1.000120663452511494e+00
1.853338245769354520e-01
9.996584662978270919e-02
-6.000905566558527582e-01
-7.289703147389910848e-03
1.000083063118610172e+00
1.892792541976968668e-01
1.962864525005000860e-01
-3.426113731303387366e-02
-3.639664039035471754e-01
-2.771263464634801665e-01
-2.555524827182113490e-01
4.149687415378180977e-01
-2.799282897588171171e-01
9.999956867502802771e-01
9.999355442274759920e-01
6.882011336893331666e-02
2.014517598167501200e-01
1.949724007448321028e-01
1.145988729751791085e-01
-3.257149949021604374e-01
-5.997813367567974563e-01
-1.000115362251320805e+00
2.009245394110245331e-01
1.797647831556188278e-02
