-6.000570363156512155e-01
-6.000159732986323213e-01
1.000106612222581681e+00
-3.680269780298329324e-02
-9.999815716098066076e-01
-7.820372645745257145e-01
-5.999170797547379586e-01
7.944003777513054809e-02
-8.089836771277848504e-01
-3.163619095018502247e-01
9.998029710091739519e-02
-1.000128771245628378e+00
1.966316414478979091e-01
4.857666289109654340e-02
1.893820749991431962e-01
4.014019926310441466e-01
-2.470704525434971877e-02
-1.000210532430951149e+00
2.131707240204064602e-01
7.156401135862248963e-02
3.918704819267728734e-01
3.944069410394314135e-01
-3.516439843473669891e-01
-8.191651616407158443e-01
-9.999263760252103950e-01
4.046208107426713108e-01
-3.330644445238203355e-01
-6.000660062454667987e-01
-4.116493057949336398e-01
1.000360009515384868e-01
-9.999731229560955281e-01
-8.070766641020343801e-01
-8.000226120574277511e-01
-1.000060523397338530e+00
6.050227970885590362e-02
1.000106777105652878e+00
-9.997524955840052518e-01
1.000154557753115458e+00
3.989835018222981367e-01
-5.999084222101075392e-01
9.999678262837126130e-01
-7.978288823160968324e-01
-2.871282789465023355e-01
9.986832719995242247e-02
-3.025242564697404601e-01
3.951437021404130556e-01
1.000555750892591217e-01
9.993304425685149706e-02
9.992107252501088166e-02
2.022829520815807303e-01
-1.000048079112194177e+00
-8.000807442302737549e-01
4.088241895274427051e-01
3.980550156235767023e-01
-3.178270306249346699e-01
-9.998638380385034274e-01
-7.868240246753740452e-01
4.007475483600917432e-01
-5.615215689361494067e-02
-1.000002163607742967e+00
7.992187831943420306e-02
4.053590803739867687e-01
-9.997681641126781038e-01
-2.685643797743872963e-01
-1.000155450530940682e+00
1.000632986155824689e-01
-9.999435311060049791e-01
-8.996211589297437028e-02
-7.966946639197034497e-01
3.999632898179852902e-01
-6.001339502325716557e-01
-2.748850795604799169e-01
9.998912110491570138e-02
-9.687318805353106743e-02
1.929506852705770159e-01
1.001112630014123900e-01
1.927682528339200729e-01
9.999642088966903541e-01
-4.230730993205353285e-02
-7.989441782981426821e-01
3.937535523971900653e-01
4.161225099928081428e-01
1.926293019106725402e-01
2.189241332696975906e-01
1.000110413185039127e+00
4.045858489834723848e-01
-9.999948472582053105e-01
-5.999686849489891394e-01
-1.000054299107634437e+00
-2.077560953213848996e-02
-9.999930174513051995e-01
9.997710814119037392e-02
9.987205279794517110e-02
-5.998904159948154069e-01
8.017674044929876120e-02
-8.114434566672338311e-01
-8.044456753181749020e-01
-3.218744116368061348e-01
4.140004524381588058e-01
-3.511355789692301443e-01
4.050318241450451828e-01
-8.050243722515202371e-01
-1.933322887118639477e-01
9.992290923346125453e-02
1.000829360355039999e-01
1.000180148050762385e+00
-1.245113414827301451e-02
4.060761296571855361e-01
1.000718910422496166e-01
-2.360444805448915773e-01
2.002347076836167861e-01
-2.636969662521123081e-01
-6.000965370731864423e-01
1.000066705117485633e+00
3.804789377103607317e-01
1.865700413215028997e-01
1.000243269621939324e-01
9.999627605291141474e-01
-1.000010971242598856e+00
3.974981103549072858e-01
1.000051873797001445e+00
4.216238655280752368e-01
1.000236567127994053e-01
4.025548729632479894e-01
-6.000996940721762263e-01
3.995857526073584021e-01
-3.690684384405479856e-01
3.990471594005173261e-01
9.998035255036312741e-01
9.999211977450527256e-01
9.999676074750596388e-02
1.941644140589174616e-01
4.037813390478121045e-01
-7.983990877707662914e-01
1.000147637500894693e-01
9.998255323728805211e-01
1.000086534884141232e+00
-1.000004253612526872e+00
-6.000418877604937196e-01
3.992582034280890979e-01
-4.346670945654991340e-03
4.088562143199332977e-01
1.000228119781452346e-01
3.852444542979578945e-01
6.345646789254486345e-03
-3.106428603192095683e-01
-5.999685196684686472e-01
2.090410451847308226e-01
1.000060229201599427e+00
-1.000198912418727160e+00
-8.065291198963427943e-01
1.000169582579955030e+00
3.892806339392293480e-01
-6.000480219625927703e-01
9.986437237095549535e-02
-1.629747745146409993e-02
-2.539785858593185397e-01
-8.079757449454675333e-01
2.176579551882316665e-01
1.001427052922981148e-01
1.000022856243377944e+00
1.965509302614361076e-01
2.075003679169303006e-01
-3.907561379372659349e-01
-9.999267069264904384e-01
7.305402169711490423e-02
4.042779131881146792e-01
-7.908685739508465318e-01
1.948481574517840764e-01
9.999753132412854129e-01
-8.055534035208079535e-01
-5.999984066816955730e-01
-9.998997074756599268e-01
9.989195379774253036e-03
-3.083349135334353397e-01
-5.999101510500352008e-01
-7.024210180597469620e-03
1.864316770858723549e-01
-9.999413691182287289e-01
1.000131195703797937e+00
-8.057397618214788837e-01
3.844312287967749930e-01
-2.622248499661763987e-01
1.000053711061866801e+00
-9.998553049297637108e-01
1.274964675276202102e-02
2.044717186805436737e-01
1.000686811249884706e-01
-7.958726502804124303e-01
-3.539679161642647065e-01
-1.262450797234317967e-01
-3.232146319120676181e-01
1.988894554003126924e-01
-9.210731042790260698e-03
-6.001406882325089898e-01
-6.000789300473642340e-01
3.905157152413642474e-01
9.999270584498065606e-01
9.993239693458434714e-02
-3.339312625843945948e-01
2.043010221054679110e-01
9.995214279356784415e-02
9.982020756124833361e-02
-8.071075852711060428e-01
-5.999871889724633922e-01
-6.001593210699146530e-01
1.000131430045506198e+00
-6.000278939660621536e-01
-5.999483247083549076e-01
1.000030246369797648e+00
2.048122387491957963e-01
-7.914159745775314336e-01
3.966479085654553427e-01
1.089238444779153658e-01
1.958280290425965242e-01
-8.006793243878301825e-01
-9.998893741606922347e-01
-7.928888510573161019e-01
-1.000076474152345352e+00
9.999545715960185266e-01
1.000088006606987046e+00
-8.000675562437230548e-01
-3.834957667563981265e-01
-2.728488752976287665e-02
-8.173713926282474285e-01
1.000137270369811260e+00
-6.001268678921301003e-01
9.991833027736762851e-02
-1.000054689817426290e+00
4.096414364753433457e-01
2.048236713513828522e-01
9.997809238372007412e-01
-6.000281479387615802e-01
-6.001656332664950799e-01
-2.538349131884422016e-01
1.000008189043585682e+00
9.999178388382873317e-02
1.000093102539161061e+00
9.999422690067780728e-01
-9.999764588209681948e-01
4.099301284923431155e-01
9.995793366820802939e-02
4.056874866037109006e-01
1.002658869821991539e-01
1.585946349854288522e-03
-5.520682177503120555e-03
1.966333494265123660e-01
4.065523236705660404e-01
-7.972085931552065352e-01
-5.999293969475097965e-01
4.051869945842084264e-01
1.000011695625270258e+00
-1.609263071111657548e-02
-7.857156446524541371e-01
4.233441271036153530e-01
-1.501439593294842147e-02
2.066268681465658064e-01
-1.000102732507087255e+00
-3.236310361929659596e-01
3.945671752967747636e-01
2.141250185080078028e-01
-7.441984363804513003e-02
1.000074533612395955e+00
9.998868317821973939e-01
1.000104735547404866e+00
1.000959914102506898e-01
-6.531959243360178913e-02
-1.000008539293689269e+00
-2.949797957267715764e-01
-3.344792692768653875e-01
9.998041438414458915e-01
-7.988336056955186448e-01
-8.024105143665952733e-01
-6.000065381240758944e-01
-3.111981619779274899e-01
-1.000194042299818786e+00
2.100263991069319658e-01
9.999466893629503639e-02
-6.000719956976390268e-01
4.715035760995656827e-02
1.000058486363534671e+00
2.009209635070317301e-01
1.860800563413075870e-01
1.086642024166743492e-01
-3.071649482526982999e-01
-3.181142418271731276e-01
-3.763246546506625045e-01
4.039269667477892178e-01
-4.153549208629244704e-01
1.000077202262383169e+00
1.000070635601991054e+00
-1.751457990800934367e-02
2.019211337814271479e-01
2.102426402148533102e-01
-2.060743865400956054e-02
-3.213154515143020196e-01
-6.000148901883037844e-01
-9.999676537754548233e-01
1.990446103443833936e-01
-3.537470627388154820e-02
