-6.001766370481773638e-01
-5.999733561939608606e-01
1.000167962589041171e+00
2.504965892979509057e-02
-9.999628419463969520e-01
-7.842684414004609250e-01
-6.001404243285389795e-01
6.942430347602221441e-02
-7.941820955376578395e-01
-3.682903194423442494e-01
9.992201428856356538e-02
-1.000134514496227034e+00
2.049185524965694838e-01
-8.966415929433295406e-02
1.962592432439856371e-01
3.894248850327977629e-01
7.787088743674537572e-02
-1.000092158797918351e+00
1.832796162391474304e-01
1.108938863116468686e-02
4.094522022399789130e-01
4.079456404773403322e-01
-2.456055139161702483e-01
-7.837963654435506911e-01
-9.999799271544059787e-01
3.894841691440503739e-01
-2.436987055032345251e-01
-5.998644027653343702e-01
-2.483035858994591671e-01
9.996808001796711474e-02
-9.999532095295020628e-01
-7.697906295884854311e-01
-8.009731367795165369e-01
-1.000061213387237080e+00
-8.724754773134105190e-02
9.999346604282358664e-01
-9.998762773869531717e-01
1.000037525833199270e+00
3.873186282536779657e-01
-6.001767062244033335e-01
9.998980526018248494e-01
-8.107291801635003736e-01
-2.544167526777154076e-01
1.000309436327383311e-01
-3.153199521308538422e-01
3.990425389426109914e-01
1.000999885731094219e-01
1.000292267541888075e-01
9.995625960004889121e-02
2.023494300441245897e-01
-1.000047171838154059e+00
-8.129059751401181977e-01
4.147409681612757582e-01
4.034429048324771894e-01
-3.313046236926245336e-01
-9.998860538234843887e-01
-7.880279164460793906e-01
4.003217924935016936e-01
1.367141123329372425e-02
-9.999037542821465063e-01
-6.677222329063330075e-02
3.840795185128426659e-01
-9.999393213906111466e-01
-3.212926269019016345e-01
-9.998944836994397845e-01
9.995363241221781603e-02
-9.998136629722613744e-01
-6.638239823742252133e-03
-8.050408826534262152e-01
4.052746953702237587e-01
-6.001053251870154259e-01
-2.960364498674356581e-01
9.997192796077017385e-02
-9.113377198886732367e-03
2.007906921420857804e-01
1.000835977331417798e-01
2.027763064145772787e-01
9.999760100735999302e-01
-4.488746523470529826e-02
-7.893225743049404608e-01
3.981326439197547251e-01
3.956735804897987818e-01
2.085125906431517517e-01
2.056918327352983134e-01
9.998375859156090062e-01
4.092830509818248252e-01
-1.000035469480418993e+00
-5.999708774863042882e-01
-9.998972710352929116e-01
-2.214696068762621317e-02
-1.000083807258149937e+00
1.001403410266401839e-01
1.000558130575318755e-01
-5.999612675163300546e-01
4.310483111326601779e-02
-7.991001381241484847e-01
-7.954907437081731869e-01
-2.939333589649027467e-01
4.177016042444010036e-01
-3.354627682490244345e-01
4.079874331407934429e-01
-7.990307771337612497e-01
-2.532247405275879215e-01
9.998570217361894830e-02
1.000693176336628631e-01
9.998754621703106471e-01
-7.822001428288542085e-03
4.031426155741559825e-01
9.991083537222650302e-02
-3.333441694830324709e-01
2.061084511892299354e-01
-3.898863764388542652e-01
-6.000274356689372368e-01
1.000076405138154545e+00
4.022568531212981080e-01
2.085972665422506922e-01
1.000321118901474488e-01
1.000038690470734348e+00
-9.999163783778526327e-01
4.066093564860298604e-01
1.000132487398669223e+00
4.138709935715466082e-01
9.999128968975082299e-02
3.947829641975062476e-01
-6.000855690436734946e-01
4.064076329707970170e-01
-3.649151598955263642e-01
4.150000178982960475e-01
1.000079106279366803e+00
9.999522638816153997e-01
9.995569968226548918e-02
1.913737890934537889e-01
3.904423606857327922e-01
-7.990945063297518747e-01
1.000302754127160021e-01
1.000104443163466694e+00
9.998588141349057379e-01
-9.999567611065097728e-01
-5.999634563249113262e-01
4.208737747032958443e-01
-1.350945016385673991e-02
4.019712496682931735e-01
9.994391596331261840e-02
4.011090181474129546e-01
-1.063532716277338364e-01
-3.428252606441601902e-01
-6.000196427455658510e-01
2.076962418149947975e-01
1.000040248900478046e+00
-1.000001027990640168e+00
-8.054938061467745714e-01
9.999790844079343710e-01
3.878637638392500309e-01
-5.999143510729599837e-01
1.000754127564648377e-01
-4.582885611000588749e-02
-3.675405010123267702e-01
-8.041924868180011510e-01
2.035210315972506012e-01
1.000643348251662179e-01
1.000132510034992483e+00
2.053780303660670825e-01
2.152425862772003873e-01
-2.446760667194365635e-01
-1.000150491016901677e+00
-5.350213861138097132e-02
3.954686575594214548e-01
-8.078316180671557545e-01
2.044044918450825810e-01
9.999473756934316171e-01
-8.080721995812772951e-01
-5.998785114013470698e-01
-9.999481984553202363e-01
1.542685777214269742e-02
-3.458508685644846592e-01
-6.000608835591184631e-01
1.594478917191840053e-02
2.027602633320484959e-01
-9.998689715727631100e-01
1.000059291042002974e+00
-8.145481188854337695e-01
4.017193040771894763e-01
-4.193798738688732652e-01
9.999838514600604134e-01
-9.999447879241886161e-01
-3.772526338740640750e-02
1.887981896876395616e-01
9.970699972472593653e-02
-7.985720234784738913e-01
-3.629020438268952264e-01
-2.546692236782612320e-02
-2.363081270605234541e-01
2.218486947181767810e-01
-6.711879558057541606e-02
-5.998201411592697374e-01
-5.999314854994419743e-01
3.899677323317559674e-01
9.998351788621210323e-01
1.001195112792085534e-01
-2.757053558748708277e-01
1.948786798415316490e-01
9.991759605237983399e-02
9.996732135684581466e-02
-7.933645192212644970e-01
-5.997602682926972406e-01
-6.001610635172602848e-01
9.999888525182552002e-01
-6.001277041806918344e-01
-6.002296381494809374e-01
1.000003350739435692e+00
2.092978805901385408e-01
-7.964289259250941777e-01
3.866885250516930994e-01
-6.979719773180466380e-03
2.063445883177341678e-01
-8.101891318393358299e-01
-1.000108227881100653e+00
-8.043675170246805672e-01
-1.000118928684605724e+00
9.999041013003032718e-01
1.000244749072580763e+00
-7.989448645794677839e-01
-3.218319696660119078e-01
1.240688806078542490e-02
-8.043180966861475101e-01
1.000126005144948982e+00
-6.001744985373560493e-01
9.989075175125465555e-02
-1.000089570183688936e+00
4.217968515666649099e-01
1.973415156960358352e-01
1.000069460733178373e+00
-6.000128203698453788e-01
-6.000291735214701161e-01
-2.400464764172628440e-01
9.998824445037657327e-01
1.001886912754393899e-01
9.999120872365363510e-01
1.000218568415571996e+00
-9.999872994121068448e-01
3.991530127562053498e-01
1.000396677341033325e-01
3.990410303741625531e-01
9.998478805321656115e-02
8.081508811545573545e-02
-2.345416643530836079e-02
2.074077303715874399e-01
4.046851627498589399e-01
-7.795227483991715722e-01
-6.001830649031288933e-01
4.080280656352446300e-01
9.998458285851505867e-01
4.217869932873733602e-02
-7.868569395542419631e-01
4.024823648697680722e-01
-4.413133774863789091e-03
1.998122720550236930e-01
-9.999468704464379298e-01
-3.107980247717507805e-01
4.003087368860077100e-01
2.026716904337652891e-01
4.895482575161483330e-02
1.000064854617107590e+00
1.000105135028758196e+00
1.000118733263895887e+00
9.999913312151063882e-02
1.166697439507097776e-02
-1.000054655071874521e+00
-3.075484248725734449e-01
-3.134434078386965639e-01
9.999954935603758699e-01
-8.123436026695378676e-01
-8.147156082566229252e-01
-6.000115683937939925e-01
-3.604159239056831110e-01
-9.999805242057856480e-01
1.990446576539566526e-01
9.999604611477209970e-02
-5.998898229358171630e-01
5.038326214638647049e-02
9.999672462046652610e-01
1.872020553960951905e-01
1.880584514560692810e-01
1.277060346090639481e-02
-2.724846963594407812e-01
-2.207852577165873020e-01
-3.213412591945818964e-01
4.049811255188270342e-01
-3.306149042656062464e-01
9.999319604932275229e-01
1.000177287746985444e+00
2.226155766969563701e-02
2.032375472452462861e-01
2.151800130524192389e-01
-5.873928338877584809e-02
-3.455490702708866046e-01
-5.998860781969778122e-01
-1.000086701600793937e+00
1.812194579635354186e-01
-2.199195390357375907e-02
