-5.998340481616500908e-01
-5.999597851450365615e-01
1.000113058023587520e+00
-8.628676916925145934e-02
-1.000104896482274741e+00
-8.078490460182805588e-01
-6.001232285017814583e-01
-1.496866187323011091e-02
-8.066858984979753400e-01
-2.839973241948435256e-01
9.985862145862359207e-02
-9.999327787341083518e-01
1.815671865906028637e-01
4.799008125584049850e-02
2.188966235806857896e-01
3.882386453832017970e-01
3.793731793678544600e-02
-1.000132041529551374e+00
2.001211163748807531e-01
2.705218933243893134e-02
4.076136061700249558e-01
4.021426351849534675e-01
-2.596558845726382181e-01
-7.971158400062557936e-01
-9.998820070769162127e-01
3.997410631192289676e-01
-3.261919901526145749e-01
-5.999657192541743012e-01
-3.384597002766926988e-01
1.000503965582975191e-01
-1.000057598892254651e+00
-8.081823322620141914e-01
-8.039206393975403264e-01
-1.000058587245122199e+00
-5.667302968043580469e-02
9.999011125690719926e-01
-9.999694488890323862e-01
9.998884689282775406e-01
4.120602283707148761e-01
-6.000182884611395817e-01
9.999649448706645627e-01
-7.786155077617160636e-01
-2.981379893587732255e-01
1.000309448105957122e-01
-3.656276218966225122e-01
3.932288208741611668e-01
1.001306108463657640e-01
1.000810630627818332e-01
9.994495247696602580e-02
2.082932394510904062e-01
-1.000064027538969169e+00
-8.147056660644083070e-01
3.912215243093175587e-01
3.964032098009816485e-01
-3.449838302501389009e-01
-1.000061006895757387e+00
-7.986873818927123780e-01
3.997662828104975308e-01
-9.960825146538855590e-02
-1.000045739704059633e+00
3.013148260321276903e-02
3.905731585496500236e-01
-1.000159058238625942e+00
-2.934116047542679184e-01
-1.000036096273616559e+00
1.001292990274115086e-01
-1.000116955277931430e+00
5.693042225688792896e-02
-8.172552671677266733e-01
4.099935218808129500e-01
-6.002090748603069459e-01
-2.662741140916662363e-01
9.994478430177256012e-02
-1.008536554522929951e-01
1.954126745461805537e-01
1.000246323933870474e-01
2.183215574315370833e-01
9.999478160466718224e-01
-1.130512471162374577e-02
-7.778053429623875692e-01
4.037330354261327026e-01
3.924425687398387375e-01
2.018954671811799828e-01
2.068566657161321765e-01
1.000041549209846226e+00
4.040262730766772115e-01
-1.000019710329991929e+00
-6.000328078092720396e-01
-9.999000623885693217e-01
-3.573929919108455311e-02
-9.998942396355084972e-01
9.988153620713823011e-02
9.992918051544306957e-02
-6.000898876338591759e-01
3.163418932288793173e-02
-7.985557672296875742e-01
-8.048622320520710804e-01
-2.558637507961875612e-01
3.961191613650016929e-01
-3.533623527122360386e-01
3.959671105691088822e-01
-7.909059201681952755e-01
-3.704118428714646694e-01
9.988470565520883582e-02
9.989512259405512740e-02
1.000076362889289916e+00
6.841804329022210807e-02
4.100792598186172033e-01
1.001894700288443740e-01
-3.647361211757549349e-01
2.075595960320885391e-01
-2.854610630746462485e-01
-5.999018074845751114e-01
1.000128132976834117e+00
4.003771900106462556e-01
1.871161472235105261e-01
9.996590843412658800e-02
9.999116628066365697e-01
-9.998149443530419678e-01
4.242302347209521152e-01
1.000025408408971694e+00
4.041479449493310394e-01
1.000936093228711743e-01
4.019022433207984357e-01
-6.000617436140522898e-01
3.941136738110288529e-01
-3.412939420937691759e-01
4.004512506191976740e-01
9.999699179270927774e-01
1.000014401044232004e+00
1.001134944450129821e-01
1.895377589548822017e-01
3.838542602542248106e-01
-8.002952691993026058e-01
1.000101229966506439e-01
1.000139942447545893e+00
1.000228198017996117e+00
-1.000070847408939700e+00
-6.000679602182946715e-01
3.918203158980441136e-01
-5.825022548537733130e-02
4.032509801624928336e-01
9.985942228021049694e-02
4.130765068640370186e-01
1.056349770488936371e-02
-3.338757549730679841e-01
-6.000023269914871449e-01
1.857109736691210655e-01
9.999633011965608498e-01
-1.000017747884260011e+00
-7.886132221771376960e-01
1.000019774784949078e+00
3.958736919184037695e-01
-6.000529018431027817e-01
1.000754288596031188e-01
1.718287775226493008e-01
-3.033805153342785665e-01
-8.092864472115355312e-01
1.879607932849275687e-01
1.000522467451981645e-01
9.999520806278839880e-01
2.031661690613540683e-01
1.979156656936246483e-01
-2.306596288135834005e-01
-1.000042430961121775e+00
7.661946088580132153e-02
3.884713058579262746e-01
-8.062768329661863520e-01
1.974274611179469008e-01
1.000048947707256941e+00
-8.066640336931276689e-01
-5.999091641399938446e-01
-1.000068035209824124e+00
-2.344384208786421536e-02
-3.983586965571465077e-01
-5.999834112197433011e-01
-9.015569738970163893e-02
2.187679651529145231e-01
-1.000143657624032789e+00
9.999654846830888788e-01
-7.925624814641252236e-01
4.013994252542730790e-01
-2.690469765195284690e-01
1.000148094363082496e+00
-1.000141501839225899e+00
1.524132080612390118e-02
2.002539702989447612e-01
9.999642041965819961e-02
-8.144344774387473063e-01
-3.086681562151314395e-01
-6.722062812576637923e-03
-2.861043398357937528e-01
2.113349121252055263e-01
5.069314194621776792e-02
-5.999004573730691847e-01
-5.999690828955752675e-01
3.891208442422048885e-01
1.000098783371745403e+00
1.000153744839433617e-01
-3.166540716069312089e-01
2.149279434598759531e-01
9.983609185962838417e-02
9.998878759285136086e-02
-8.027031166017783992e-01
-6.000921205859025553e-01
-5.999458832564149580e-01
9.999930922815919443e-01
-6.001053913152359920e-01
-6.001748096771742924e-01
9.999972710107198903e-01
2.117922309159684935e-01
-7.866289197177479542e-01
4.099435767436410694e-01
8.727901207601333408e-03
2.100008963434097098e-01
-8.009870466260260446e-01
-9.997440796063103985e-01
-8.035865487707977151e-01
-1.000008609863594300e+00
9.999681266702190596e-01
1.000002167640304362e+00
-7.937700034871295607e-01
-3.479040626781230161e-01
2.442220817060149207e-02
-8.027365347642407833e-01
1.000045149600950589e+00
-6.000553671566503100e-01
1.000754899643758883e-01
-9.998430400316281608e-01
4.071355140319473098e-01
1.861495544485868292e-01
9.998981781210520836e-01
-6.000296983553112806e-01
-6.000112329590437943e-01
-2.447500109211604713e-01
1.000181600192006748e+00
1.000726902386225026e-01
1.000030290847937264e+00
9.998795053287499179e-01
-1.000042629077217082e+00
3.937796337787453638e-01
9.986321813908603795e-02
4.108575930850624780e-01
1.001679849213208406e-01
-1.924561724232144375e-02
8.090335784406549324e-02
1.974042908344145753e-01
4.019809267719328671e-01
-7.987854292060371231e-01
-5.998481551546612778e-01
4.026614108522102997e-01
1.000136773571804971e+00
-6.427610322721868941e-02
-8.168786902180057430e-01
4.069252521798965572e-01
4.789785011916085355e-02
2.028976794891868551e-01
-1.000176201411116850e+00
-3.092259616805185796e-01
3.947957213068830629e-01
1.854138541692388897e-01
-3.698465403089061000e-03
1.000012415323402459e+00
9.999860669378766165e-01
1.000102480900515900e+00
1.001425191888587890e-01
-7.774329052228989108e-04
-9.999855009377421888e-01
-3.498322678129528462e-01
-3.155282646788653556e-01
9.998577759971779555e-01
-7.948689098175237833e-01
-7.912187180650369633e-01
-6.000956355961795108e-01
-3.419932835597540022e-01
-9.999949944676630453e-01
2.107304861843538324e-01
1.000367227226577060e-01
-6.002207897542594095e-01
-8.805930289402708055e-02
9.999592457849520999e-01
2.007407386698168428e-01
2.121334638296207831e-01
-3.130770105487317833e-03
-3.934547148791339155e-01
-2.516931805699960667e-01
-3.036539285500424179e-01
4.057090397146128624e-01
-3.035478819386829841e-01
9.999898736316926717e-01
1.000001757402354086e+00
7.355458195753786926e-03
2.007616847553127526e-01
1.995118468668702905e-01
6.705978117612217300e-03
-3.237320291999291610e-01
-6.002181507151460593e-01
-1.000026838412753083e+00
2.008457443286878197e-01
-4.809370313448077701e-03
