-5.997956462404638867e-01
-6.002861981783034206e-01
9.999799120427924626e-01
1.809389879037289796e-03
-1.000071812124937676e+00
-7.924282239855158227e-01
-5.999961996190138480e-01
7.307578962230482089e-02
-7.919688757751977004e-01
-3.288665762825146444e-01
1.002504188671782814e-01
-9.999621534245739518e-01
2.213965432592274740e-01
2.970825641048999849e-02
1.958950781794021601e-01
3.896029339137875858e-01
-6.277590286526067709e-02
-9.999891722700767760e-01
1.960699868594066309e-01
-3.956678146443759481e-02
4.002080296168720186e-01
3.952027118062090838e-01
-3.083905328868772888e-01
-7.986143258710241000e-01
-1.000102757571257772e+00
3.947154638772424895e-01
-2.883607112461474831e-01
-6.000275510393744405e-01
-3.819230431966506578e-01
1.001686430089173546e-01
-1.000214574640281073e+00
-7.842249344152785184e-01
-7.825547809700527102e-01
-9.999522426350944126e-01
-9.267081022654534428e-03
9.999602886710419192e-01
-1.000167822255507266e+00
1.000095234371786157e+00
3.935239549227094180e-01
-6.000309775426300174e-01
9.998998928917298690e-01
-8.146709541594802095e-01
-3.414172172543419315e-01
1.000624422364723293e-01
-3.894510425404549281e-01
4.000102792502486238e-01
9.986856176910499650e-02
9.992881146639744083e-02
1.000074721313939929e-01
2.016104566017533073e-01
-9.999851640603855119e-01
-7.840141419806313516e-01
3.995064199292256979e-01
4.074380608553352934e-01
-2.741197984650384778e-01
-1.000025587448988729e+00
-8.139122063979578048e-01
3.978478340688240134e-01
-4.703652370472544836e-02
-1.000012476599474009e+00
8.665822886936894176e-02
4.014621935826853116e-01
-9.999567689328335840e-01
-2.968233437741849001e-01
-1.000081001866499841e+00
1.001198931019348093e-01
-9.999457870752612720e-01
-5.024218291232354638e-02
-7.961873154920683371e-01
4.199166811630648533e-01
-6.000065164007476470e-01
-3.483059279962358312e-01
9.985351211653008263e-02
-5.583900505808865600e-02
2.195364216202637386e-01
1.000240363828843598e-01
2.219347715142052369e-01
1.000096646079188245e+00
1.287788856320760435e-02
-7.902595305586425090e-01
3.919760186924757805e-01
3.888952478342057595e-01
2.001753549360552331e-01
1.973288474008197679e-01
1.000076698899132754e+00
3.975918635524298694e-01
-9.997908571686996426e-01
-5.998707852329190349e-01
-1.000012469368630530e+00
4.409205889169405534e-02
-9.999239469018730286e-01
9.977368727786650737e-02
9.985048917378534783e-02
-6.000519244335408287e-01
9.476395857452839244e-02
-8.046944500477667406e-01
-7.974961106200982863e-01
-2.769361305602001111e-01
4.088451946321163821e-01
-3.176587924212322944e-01
3.985303900799107568e-01
-8.062876492734871725e-01
-2.327304111716018142e-01
1.000418872847572138e-01
1.000265267588915236e-01
1.000067919477371836e+00
-2.213390671618317707e-02
3.805567490457298363e-01
9.985133739091640870e-02
-2.919939068512663050e-01
2.090147796622770227e-01
-3.844880056605990970e-01
-5.998904774207222124e-01
9.999273334218532483e-01
4.211633976239881894e-01
1.943250333485924131e-01
1.000133700102477791e-01
1.000060775596983031e+00
-9.999947927003931536e-01
4.038715351658042074e-01
9.999500947978473553e-01
3.858581601978827713e-01
1.000567554405732695e-01
3.903687273968005633e-01
-5.998657484488949532e-01
4.081329817909852831e-01
-2.548827026512006100e-01
4.113566169718291254e-01
1.000139152257140562e+00
9.999641193057411392e-01
1.000335952434561748e-01
2.024884428782617873e-01
3.880748896113740409e-01
-7.947639941114942319e-01
1.002108466173326634e-01
1.000032156618968049e+00
1.000107343785447078e+00
-1.000046148549413649e+00
-5.998690514751043867e-01
3.891800446070075581e-01
-8.032870777185477373e-02
3.922536486342125261e-01
9.999988320316587076e-02
4.133556084538888564e-01
-5.407556642856435614e-03
-2.397666126144838150e-01
-5.998606355296799419e-01
1.944352217777974845e-01
1.000081276995750112e+00
-9.998005776851913717e-01
-7.964702276289628013e-01
1.000202366195239501e+00
3.807159880556512666e-01
-6.001518430844158258e-01
9.990471180658652695e-02
-7.335087278102253583e-03
-3.485488226638192577e-01
-8.029408426951313293e-01
2.145601915538167259e-01
9.987990322929019005e-02
1.000082023231032347e+00
1.927007482158739904e-01
2.080578554388605728e-01
-3.894340795342230432e-01
-1.000195364208011473e+00
-2.152762308931090510e-02
4.092595017550151870e-01
-8.073771024529623475e-01
2.007245719800450356e-01
9.998736607183972280e-01
-7.873055317964264832e-01
-6.000142036855043992e-01
-1.000090884544629466e+00
-3.082216647343623511e-04
-2.769437033980912122e-01
-6.000480857021535108e-01
1.160187304775354283e-02
2.121709295202792167e-01
-1.000033950438154573e+00
9.999177038450284272e-01
-7.988340826759893210e-01
3.882708031629791279e-01
-3.604020543257746567e-01
9.998929064087311858e-01
-1.000059243462936509e+00
4.024997308806237128e-02
1.990348493544282504e-01
1.000232692397942796e-01
-7.877619138853215741e-01
-3.054823241239694176e-01
-1.079950556733101467e-02
-2.276853941479752008e-01
1.887834132822118205e-01
1.351451553793841034e-02
-6.001204619493492043e-01
-5.999641274747364861e-01
3.982966448001990512e-01
1.000086585350023816e+00
1.000204766747018470e-01
-2.973579682599049034e-01
1.897798130991153465e-01
1.000236690345202850e-01
1.000251826460910320e-01
-8.099452165283659300e-01
-5.998995588982640736e-01
-6.000232931818909599e-01
9.999614943083553475e-01
-5.999160602592454872e-01
-6.000746745339179400e-01
1.000023454316288696e+00
1.997911892146334578e-01
-7.967055368059116072e-01
4.074434997633764044e-01
-9.025932601159141963e-03
2.093314600418618721e-01
-7.898983928771415863e-01
-9.999114733849401304e-01
-7.907628536969106836e-01
-9.999247956748551491e-01
1.000105951203250410e+00
9.999013673604051355e-01
-7.876532902763639932e-01
-2.706665807095137155e-01
-8.088456344512083562e-02
-7.880180826859236598e-01
1.000040454674608448e+00
-6.001155417346955012e-01
1.000064142108571391e-01
-9.999768086780664866e-01
4.067690628992023938e-01
2.094710449915997974e-01
1.000067091760060256e+00
-6.001557587773149738e-01
-5.999312439599044922e-01
-2.384226910709937308e-01
9.999929126327089524e-01
9.999963674477078956e-02
1.000009062401463478e+00
9.999734623294860292e-01
-1.000072037869200070e+00
3.969789591806848206e-01
9.992681892698576651e-02
4.141849087669423612e-01
9.997400882828680335e-02
8.288286193066903007e-02
1.105370103993327940e-01
2.052841510375202350e-01
4.123002069012423054e-01
-7.945574622178697144e-01
-6.000245104930066464e-01
3.995588787793202257e-01
1.000140618313018814e+00
-6.987137691635124381e-02
-8.188344772420661499e-01
4.100362702232446255e-01
-5.334234904820145395e-02
1.933078210193898416e-01
-1.000078732726510822e+00
-2.819930300697173764e-01
3.921671158281073710e-01
1.839326589842841808e-01
-1.263274600805974063e-02
9.999946720724374183e-01
9.999118631798485923e-01
1.000033397404231472e+00
9.997059221612049351e-02
-2.383369858919215378e-02
-1.000117692579608697e+00
-2.992033538091932732e-01
-2.341091977010731073e-01
9.998644728405575721e-01
-7.920316493352352882e-01
-7.931873594125483651e-01
-5.999278637079523691e-01
-3.785104035158058378e-01
-1.000097669931009126e+00
2.103193927978004307e-01
9.985150799878809991e-02
-5.999972242714108894e-01
9.871195489805127676e-02
1.000023057824193540e+00
1.813892696786931769e-01
1.991126587823496830e-01
4.635456183001140928e-02
-2.823150119514745149e-01
-3.218275280037577457e-01
-2.613031596060746420e-01
4.057238535621889852e-01
-2.928738339454225459e-01
9.999905519034680834e-01
1.000026835813745851e+00
-2.222232506206958669e-02
2.107413154740705452e-01
1.897329060071987483e-01
1.408159771992914359e-02
-2.973739104038402581e-01
-6.000712374036440977e-01
-1.000022385272151704e+00
1.984197912163985500e-01
-2.787982228188148892e-02
