-5.998160441272871735e-01
-5.999690348278087226e-01
9.999538608001657947e-01
3.845058857643603428e-03
-9.999075058122899318e-01
-7.895399988586133677e-01
-6.001187165919399380e-01
-1.341492965571131936e-02
-7.997924996786844876e-01
-3.423173645814589494e-01
1.001772262240760020e-01
-9.998953457218111573e-01
2.060666060305821334e-01
-4.470148052035616965e-02
1.905539635316416680e-01
3.953809360277529827e-01
3.322836444844117637e-02
-1.000054674780438635e+00
2.101740641040268087e-01
-5.434196272131164296e-02
3.951882031572133691e-01
3.993035496941236828e-01
-2.465905049438636698e-01
-8.007022288891150197e-01
-1.000123147050939520e+00
4.054572415939378116e-01
-3.077111679683287027e-01
-5.999220691889626256e-01
-2.282052075907995692e-01
9.993122692386521844e-02
-9.999700654396478372e-01
-7.941850324543260342e-01
-7.999421443025980238e-01
-9.999054570236098893e-01
-2.149795209363893067e-02
1.000017731040551583e+00
-9.999403710831229475e-01
1.000042237310640569e+00
4.167930424408197165e-01
-6.001272641227420879e-01
1.000036687811396652e+00
-7.849898674038148227e-01
-2.996574199560048668e-01
9.998906982539063071e-02
-2.772537007731209480e-01
4.114668528628279143e-01
9.986716355481929652e-02
9.991699769931530750e-02
1.000508503773230723e-01
1.924722781776806446e-01
-1.000017687211923523e+00
-8.100695151837818964e-01
3.961828990879537327e-01
3.942092501006466687e-01
-2.632162533207925703e-01
-9.999030258992672726e-01
-8.106594247548417620e-01
3.934143536320022783e-01
-3.398978339872201632e-02
-1.000153276511208666e+00
-1.141428829302810512e-02
3.930646580264256507e-01
-9.999214810277352594e-01
-2.750033828590706664e-01
-1.000169217147065526e+00
1.000821980887012103e-01
-9.998889075611984145e-01
3.693649357562322350e-02
-7.951764021553265893e-01
4.052837901164382806e-01
-6.001234249373393892e-01
-3.952748976251708735e-01
1.000956839834609979e-01
-7.551782925808801783e-02
2.208620300712930418e-01
1.000930179144848553e-01
1.876563802436908013e-01
1.000181661512245856e+00
3.748104930483203701e-02
-8.136734609830709175e-01
4.072284002078909726e-01
4.012804188820033313e-01
2.032721845942807026e-01
1.966389343721062499e-01
1.000034403842679609e+00
3.935605912036961307e-01
-1.000035298519566629e+00
-5.999759801604817033e-01
-1.000005829145911740e+00
2.353719370478114976e-03
-9.999554607584866250e-01
1.000061210600073219e-01
1.001130725986832670e-01
-6.000424809201294618e-01
6.518389162447367491e-02
-7.848808963162303698e-01
-7.858824450706187736e-01
-2.563642418738151796e-01
4.028651627580417949e-01
-3.495144564949746457e-01
3.901483264721244959e-01
-8.069000848587206676e-01
-3.118308827921924542e-01
1.000210193528419667e-01
9.992409826894550762e-02
9.999425703320922176e-01
5.413731993852349128e-02
3.967512584419509714e-01
9.993790182762450625e-02
-3.208853590517494192e-01
1.847498149755087971e-01
-2.424973240149975173e-01
-5.999585573813263073e-01
9.999591769790309170e-01
4.170800764451378928e-01
2.088510007454145723e-01
9.998060597401299543e-02
1.000066289981540679e+00
-9.999559388577945462e-01
4.155593225265384327e-01
1.000087378430308149e+00
3.976210406638868711e-01
9.994691324357456164e-02
4.146046541534689767e-01
-6.001100907244122373e-01
4.002575692281043485e-01
-3.443365218177703024e-01
4.063849799535875218e-01
1.000019269847765235e+00
9.999953003608693658e-01
9.993844450218918041e-02
2.133878789982050772e-01
4.012727208518229727e-01
-7.932393185211099595e-01
1.000628290105605861e-01
1.000179673549909332e+00
1.000089539155482043e+00
-1.000003501601461009e+00
-5.999905691634288551e-01
4.032212442797843410e-01
5.440384365864704697e-02
3.997187264265611439e-01
9.996374385397527318e-02
4.041102184544490550e-01
9.279023106722039671e-02
-1.832226053318583570e-01
-5.998676787486889594e-01
2.006239563619777178e-01
1.000081964220837838e+00
-9.999979827368764562e-01
-7.914815783760575929e-01
9.999495868016416988e-01
4.000691330469569595e-01
-5.999904882401662087e-01
1.000047710003067469e-01
-3.520364152647411510e-02
-2.389452585761730197e-01
-7.992560536973229990e-01
2.064992105640662823e-01
9.981496195980514574e-02
1.000163730216865110e+00
2.029019894935115698e-01
1.917116732621151065e-01
-2.726651663655418334e-01
-9.997534793937419284e-01
-2.278115309525817825e-02
3.978127177274741744e-01
-8.025502452298525213e-01
1.948738276115017098e-01
9.999542570636861250e-01
-7.878544468635741982e-01
-5.998975572742071272e-01
-9.998054626793736466e-01
3.292007007134816615e-02
-2.260479147555895241e-01
-6.000573783897340530e-01
3.235969489099314866e-02
1.993805775337476882e-01
-1.000010166655428412e+00
1.000081476340233033e+00
-7.969658943632332848e-01
3.926777825213153550e-01
-2.932845805401533279e-01
9.997892114059356850e-01
-1.000034363039097318e+00
-3.205755168322759613e-02
1.913440541215387924e-01
1.000563692967258306e-01
-8.105044175503008930e-01
-2.141394497384998818e-01
-5.039179028410246952e-02
-3.247987062410754300e-01
1.947115633550228209e-01
1.129410547924583098e-02
-6.001397347611230337e-01
-6.000843527269955624e-01
3.931343208053874050e-01
1.000000295391317184e+00
9.988523104264143693e-02
-3.465491476418380845e-01
1.932433507838726139e-01
9.989354594478226657e-02
9.986121210926418579e-02
-7.664130523282286500e-01
-5.999079369273012663e-01
-6.000500033844576864e-01
9.998961619035379167e-01
-6.001482165366188726e-01
-5.998350773874331354e-01
1.000110035968468036e+00
1.992591578253332940e-01
-8.019102032528206969e-01
3.964045267510398762e-01
1.040134441077155032e-02
2.076101826193987310e-01
-7.871935858472167702e-01
-9.999323512799834779e-01
-8.044675934648187754e-01
-1.000087795655099976e+00
1.000038755500796128e+00
1.000009472918959919e+00
-7.815986960147636164e-01
-3.188423509344187612e-01
2.518155860725081185e-02
-7.962827727850666504e-01
9.999372234174658258e-01
-6.000067941337194899e-01
9.996567886493852584e-02
-1.000013759966926985e+00
4.096066805879070016e-01
1.811060475501500289e-01
1.000072696491667301e+00
-5.999416886470596566e-01
-6.000143293968147606e-01
-2.657847770299388013e-01
1.000065761698399891e+00
1.001603865239113628e-01
9.999333328097579354e-01
9.999621077164160265e-01
-1.000007181214930263e+00
4.076292258876324515e-01
1.001241401534723741e-01
3.884015239356884974e-01
9.995053466830849942e-02
-8.401319281928409932e-02
-5.173089473570553765e-02
1.934879032124878218e-01
4.170608814665064390e-01
-8.026319574074941565e-01
-6.000021548828987639e-01
4.030589844460286120e-01
9.999743840139222462e-01
-7.910373150278471321e-02
-8.071555261105680668e-01
4.190357980211806277e-01
-2.019972012953805476e-02
1.972365489869731259e-01
-1.000132071715507998e+00
-3.342850612509398744e-01
4.118023304386814187e-01
2.000707909748910551e-01
-1.428607535442370097e-02
9.999240560436223335e-01
1.000081481768659852e+00
1.000022585231330474e+00
1.000242311509230986e-01
7.208879402109867607e-02
-1.000034380329799522e+00
-3.298577161091945653e-01
-3.243748701401130696e-01
9.999124479829826218e-01
-8.218346767798010433e-01
-7.935575480324387199e-01
-5.999332394180884043e-01
-2.938482251249676103e-01
-1.000031933638739545e+00
1.895188422855803578e-01
1.000602943078980206e-01
-5.999496250365571326e-01
-8.293467019098255122e-02
9.999526333133001987e-01
1.825676523595227141e-01
1.769616342851890178e-01
-3.313101972458254441e-02
-2.429636438009114552e-01
-2.861965179064410725e-01
-3.291681668352199330e-01
3.924123657097936535e-01
-2.680650976786622675e-01
1.000152964906706687e+00
1.000067605530977843e+00
-4.373533536546739264e-02
2.158469381549218413e-01
1.770017286758036323e-01
-1.505120398585742605e-02
-3.280267925447758470e-01
-6.000005102283511027e-01
-1.000040465782478627e+00
1.873365585619264917e-01
3.097476036687511758e-02
