-5.998708581498922721e-01
-6.000465097014477944e-01
1.000115942851420359e+00
-5.273553666443923232e-02
-9.999918259864284398e-01
-7.969569763660165895e-01
-6.000786727529336950e-01
-6.828029672371017933e-02
-7.962260330615842374e-01
-2.937630253882429487e-01
9.992510006467042460e-02
-9.999969642159511896e-01
1.997491338816190509e-01
3.776558716429745388e-02
1.916183228862128884e-01
4.030892679449341598e-01
1.480728086127846427e-02
-1.000081592896434834e+00
1.957828620404164222e-01
-5.395933180566343801e-02
3.910145708291407063e-01
4.052314976399932211e-01
-2.149648994424562254e-01
-7.912073918521428384e-01
-9.998683395699929921e-01
3.924899181240003587e-01
-2.867427580345036642e-01
-6.001002646794966200e-01
-2.699040886369238890e-01
1.001040900695674141e-01
-1.000133136438800863e+00
-8.088576547534335193e-01
-7.839200672416777316e-01
-9.999111542858438728e-01
3.115050858630647596e-02
9.999055035728200425e-01
-1.000141206508382119e+00
9.999615818015232804e-01
4.032227505184768912e-01
-6.001448563925154689e-01
9.998742771594573142e-01
-7.955479619602751074e-01
-3.537597003114703043e-01
1.000076465798097752e-01
-2.735261248230850817e-01
4.124517014054506769e-01
9.990021940117335686e-02
1.000035117044409533e-01
1.000988442767569570e-01
2.078926533582821090e-01
-1.000067838156758038e+00
-8.147472055456098650e-01
4.160417853004114153e-01
3.925583473217306718e-01
-2.408114210571545843e-01
-9.999329173216463529e-01
-7.963269996953226126e-01
3.943092099098143288e-01
-7.345940052819094346e-02
-1.000092560155412480e+00
1.397222929238503900e-02
4.205779186220026666e-01
-1.000078022572268521e+00
-3.331098241613753563e-01
-9.998315575629931340e-01
9.997652350716991487e-02
-1.000064307161061983e+00
-3.063294779893482866e-02
-7.912838517678946193e-01
4.147482206395338711e-01
-5.998421907858735302e-01
-2.044946067643960141e-01
1.000066191509405289e-01
-1.833554567981823466e-02
2.073556223428096590e-01
1.000257564823394119e-01
1.963869047006432944e-01
9.997549909208865992e-01
4.309288669538260258e-02
-7.837199822090793466e-01
4.217453677654502409e-01
3.993831652063856708e-01
2.151445363284837653e-01
2.092522307716734864e-01
9.999803036653074351e-01
4.055805033695682460e-01
-1.000092154049020188e+00
-5.999827279646418043e-01
-9.999647871442413072e-01
-2.991084337568318541e-02
-1.000030674500769656e+00
1.000054953539977060e-01
9.993522562353826522e-02
-5.999169019333169262e-01
6.938403736555108503e-02
-8.075590500384515202e-01
-8.018562638301873768e-01
-2.457922905599200236e-01
4.010933464086448574e-01
-2.730734814061921423e-01
3.821793998599478659e-01
-7.979560373449349209e-01
-2.385455482519315551e-01
9.994555299884370914e-02
1.000330434274323277e-01
9.999891717377185074e-01
2.801572543627487213e-03
4.107957929624805882e-01
1.001322155556161331e-01
-2.808839506173921308e-01
1.981122901348046916e-01
-2.404175219064048075e-01
-6.001038977124574236e-01
9.998285805389246494e-01
4.031565273698282104e-01
2.182502459923405247e-01
9.989092233690759215e-02
1.000132457852624279e+00
-1.000011206416815623e+00
4.008943663325089113e-01
9.999981503202552968e-01
4.007950735617579197e-01
1.000322782377850578e-01
4.018485923323515951e-01
-6.000186370332584174e-01
4.212017000868564787e-01
-3.446260736922013290e-01
4.028882343634820340e-01
9.999848336329688614e-01
9.999042802744015912e-01
9.991642362805482069e-02
2.078267931727198481e-01
4.007305709677835281e-01
-8.085176369596674961e-01
9.996913531556056443e-02
1.000079374320197667e+00
1.000036694456498010e+00
-1.000097439730758486e+00
-5.999398264846125262e-01
3.913771203198283533e-01
-4.605525256944414947e-02
4.073336641487621534e-01
9.993423659337977161e-02
4.069543454685400352e-01
-4.484354692282292720e-02
-3.556826962169509221e-01
-6.001133399321794126e-01
1.997322099212673896e-01
1.000031327927513924e+00
-9.999522684672218498e-01
-8.056767965675721843e-01
9.999572932311301399e-01
3.956962835023439262e-01
-6.000540208951671284e-01
1.001417571754040364e-01
-2.023113576542064432e-02
-3.294472260186117607e-01
-8.082594356369618982e-01
1.927904813694425457e-01
9.983938013943476075e-02
1.000206371077895229e+00
1.859933889995052936e-01
1.843005252213810174e-01
-3.369290981253105222e-01
-1.000063212847825067e+00
-8.600355939139911476e-02
3.826696445426403526e-01
-8.114395516748643677e-01
2.072784677737194714e-01
9.998868995754517375e-01
-7.847359607990869179e-01
-5.999556665848044812e-01
-9.999725855315213519e-01
5.128440339403359666e-02
-3.267740878330470666e-01
-5.998675916427007593e-01
4.961005169093275075e-02
1.920564423897054007e-01
-9.999785151488070900e-01
1.000307829452702135e+00
-7.897362441045382431e-01
3.970521843031557530e-01
-2.506541218558429041e-01
1.000086313669207083e+00
-9.999710269652368755e-01
-7.505051550768561397e-02
1.908094002605812411e-01
9.994456483803770830e-02
-7.855639576947812674e-01
-3.606914029244514541e-01
2.778516837571229359e-02
-3.245619408160864139e-01
1.923670389276343484e-01
-6.751224373622159713e-02
-5.997925898497397101e-01
-6.001533478755863849e-01
4.075333761705085545e-01
1.000115783896195154e+00
1.001319149181362639e-01
-3.002543774582364655e-01
1.984775484064573992e-01
9.995761665077798619e-02
9.982510576453881845e-02
-8.112134794350367439e-01
-5.998942309324999389e-01
-6.000679979738064995e-01
1.000016234650875635e+00
-6.000549498335600029e-01
-6.000021550721847952e-01
1.000056732823273675e+00
2.022700717993939634e-01
-8.101063398015900807e-01
4.062930158410358317e-01
1.718152671067304724e-02
1.888922577022322524e-01
-7.914656298589606287e-01
-1.000304582697000733e+00
-7.916171664252292794e-01
-1.000016607792267642e+00
1.000117090888310134e+00
1.000143415479074704e+00
-7.877911031921739360e-01
-2.399473204450599806e-01
2.894116998836029908e-02
-8.061306953600728686e-01
1.000019172277610169e+00
-6.000333433910516323e-01
9.997793859328610311e-02
-9.999409279310482734e-01
3.922543483303662648e-01
1.842554251210881677e-01
1.000021117938772797e+00
-5.997285639467101470e-01
-5.999171751728062940e-01
-3.607943957021799153e-01
1.000137543088840841e+00
9.992104980390281721e-02
9.999105771333065551e-01
9.999633410996189298e-01
-9.999503556214128785e-01
4.003922477862938978e-01
1.000391945051672116e-01
3.946192357214706736e-01
9.988724540908730520e-02
1.210697590817862677e-02
-4.721610999462619307e-02
1.753545826499798843e-01
3.834116530267007716e-01
-7.992719927789441181e-01
-5.999661677892289546e-01
4.001654482490959452e-01
9.998789550390905223e-01
2.687151299147031575e-02
-8.218078410871823003e-01
3.965294875658103013e-01
1.275463089451912835e-02
2.033815492460561702e-01
-1.000009314146092843e+00
-2.752378775549548240e-01
3.848404629717466774e-01
2.092051192719891206e-01
4.902136471142576335e-02
9.998859349776101357e-01
1.000012080557714400e+00
9.999460283864255450e-01
1.000039084224605135e-01
-4.497205539243277067e-02
-1.000058146446721530e+00
-3.944072924700776084e-01
-3.108948714048914708e-01
1.000055358214998247e+00
-7.965153340691372152e-01
-8.053840779940102390e-01
-5.999880170770682808e-01
-2.425289834739832173e-01
-1.000180723453987008e+00
1.863034656816651424e-01
1.001880211832701789e-01
-5.999929610172149985e-01
4.022955962775646294e-02
1.000132647646621686e+00
1.909069467563499767e-01
1.982946808983914178e-01
-1.176083479286983181e-02
-2.207711757736891545e-01
-3.338079673292294602e-01
-2.193437021164261758e-01
3.854285443766428676e-01
-2.194613418247682857e-01
9.999468992886755281e-01
1.000135179979844358e+00
1.643711403371407934e-02
1.967402596968272355e-01
1.963880085284647747e-01
2.108682881855789351e-02
-2.247904924414736438e-01
-5.999583839170210542e-01
-1.000061172604056470e+00
1.965922336873747456e-01
-2.369328498720681131e-02
