-5.999226906830086303e-01
-5.998966242727482578e-01
9.998024477124886067e-01
4.365343723103615181e-02
-9.999392911485924795e-01
-7.811533231778634567e-01
-5.998533857595328422e-01
1.249696730234330921e-01
-7.849280458999007282e-01
-3.533667428111800235e-01
9.994856557152832777e-02
-9.999784370589879234e-01
2.051533306276702440e-01
1.713637524397885678e-02
1.884216391812959523e-01
3.970099998864900503e-01
5.471894539468494939e-02
-9.998573141031495970e-01
1.935223110074851538e-01
1.984626569983768268e-02
4.106880834572259054e-01
4.003013814613623489e-01
-3.531236905609398957e-01
-8.031520048274319867e-01
-9.998893594402145091e-01
4.091068749278313765e-01
-3.810492879517225484e-01
-6.000707258107966791e-01
-2.546658612650579134e-01
9.994267996044686742e-02
-1.000066168302304881e+00
-7.995997368417857576e-01
-8.049709907958719768e-01
-1.000122489349697386e+00
4.505490247793850905e-02
9.997984496449663361e-01
-1.000133513140239572e+00
1.000014619522662462e+00
4.097507654284593959e-01
-5.999477305950794426e-01
1.000014570640579636e+00
-8.098557058358931693e-01
-3.128548964920483400e-01
9.992872331436503108e-02
-1.145699607073736859e-01
4.100871765696649796e-01
9.985579553606820091e-02
9.991295595362431614e-02
9.985557473729371469e-02
1.932928654424766746e-01
-9.999657318777305237e-01
-8.154468295426884339e-01
3.969510482783158989e-01
4.041208132458575242e-01
-2.678628145327084931e-01
-1.000012895982285377e+00
-7.991688143283932622e-01
3.752954421720389178e-01
4.488353504859294435e-02
-1.000123582299738079e+00
3.070520741061459613e-02
4.027173694541037463e-01
-9.999840769835515175e-01
-2.217528219854304483e-01
-1.000124677353619651e+00
9.996673748074570709e-02
-1.000128819131578028e+00
2.019504855838390178e-02
-7.974293756841160929e-01
4.021592148051496562e-01
-5.999667501033917327e-01
-2.585177516151417887e-01
1.001079122807151389e-01
-1.263269129951580076e-02
2.004771534618374762e-01
9.992682617994629035e-02
2.026542795824772258e-01
1.000043849812648267e+00
6.878749661170160956e-02
-7.978862431724849102e-01
3.887182646940697262e-01
3.972782308016997721e-01
1.991017509238882932e-01
2.032292471716732052e-01
9.998886081677121895e-01
3.934907422032450919e-01
-1.000065710551767184e+00
-6.001284260734596199e-01
-1.000068647888369799e+00
-5.374374375361121864e-02
-1.000153608854591702e+00
9.992175885585925788e-02
9.987907914923700725e-02
-5.999471573867506402e-01
2.413182693746895868e-02
-7.978858131310233581e-01
-8.020736924533377055e-01
-2.403475439031184380e-01
4.209411291633775032e-01
-3.362340787824891764e-01
3.999521528622837496e-01
-7.895560840152927584e-01
-2.644187181923846053e-01
9.991644105203145720e-02
1.000257666651320071e-01
9.999608315759820343e-01
-2.396790577158313881e-02
4.028029639087032931e-01
1.000647705489593892e-01
-3.332404575967887750e-01
1.966443903340995836e-01
-2.537766946996852790e-01
-5.998863302212368298e-01
1.000111555385448492e+00
4.024502845524297046e-01
2.130760373743145197e-01
1.001975921977839995e-01
9.999354412805762093e-01
-1.000008881171966291e+00
3.945335779528454934e-01
1.000080276927496570e+00
3.868913858058142252e-01
9.995680883716269449e-02
4.095090098361182096e-01
-6.000275941676298519e-01
4.163225401771299961e-01
-2.749165854964978339e-01
3.919111489927313841e-01
9.999590441213709324e-01
1.000073969192800227e+00
9.982488636498954016e-02
2.140402330775978412e-01
4.104957182904768742e-01
-7.906994631067957302e-01
9.985463977139157066e-02
9.999951500313112307e-01
9.999405797551553787e-01
-1.000052269840638219e+00
-6.001810824279961709e-01
3.931078514778115207e-01
5.234840872079996911e-03
4.093888885441533954e-01
9.999938098241599460e-02
3.956716114353949765e-01
3.771760697116201960e-02
-3.004544037240964305e-01
-5.998668833877791595e-01
2.119531684361908586e-01
9.999619444097287424e-01
-9.999848988821941065e-01
-7.803280621312678189e-01
1.000091149911523702e+00
4.093703943894679842e-01
-6.001401162881715434e-01
1.000278853988413041e-01
-1.174351445217337170e-02
-2.628554069922161007e-01
-7.947530363749508719e-01
1.881361925498550580e-01
9.992933707392984144e-02
1.000121645073652976e+00
1.889998456216355760e-01
2.166839415203029584e-01
-2.829306246573513595e-01
-9.999161495071728911e-01
2.104336514287120583e-02
3.923778290651788181e-01
-7.956972757239196836e-01
1.888751406106678743e-01
1.000187690674704255e+00
-7.923775105868210433e-01
-5.998889802787030767e-01
-9.999425768029858164e-01
-3.264995172711279009e-02
-2.673739793288141264e-01
-6.000377331909858558e-01
-3.419639843183863021e-02
2.072790001022952189e-01
-9.998704344457572946e-01
9.996866595293235624e-01
-8.261617610649811816e-01
3.949562755368774547e-01
-2.949469964703087532e-01
9.999583520684340865e-01
-1.000075398270842797e+00
1.056942901168282378e-01
2.025034077636111707e-01
9.989891459485701619e-02
-7.940330581851919867e-01
-2.141850995790736678e-01
-4.658198129702653678e-02
-3.339254035756398231e-01
2.039390413212177344e-01
-3.580687432337770204e-02
-5.999880721503353387e-01
-5.999965243349911770e-01
3.958210988522092300e-01
1.000148178620896555e+00
9.999129789320579387e-02
-2.576387336826792551e-01
1.959936228866372421e-01
1.000686183790450712e-01
1.001025508944691916e-01
-7.925190701631779078e-01
-6.000161714537637359e-01
-6.000129075717965943e-01
9.999834637506692658e-01
-6.001229435763901776e-01
-5.998606864204543143e-01
1.000163354380916525e+00
1.831237497463711617e-01
-7.940594699817887792e-01
3.992824838391785813e-01
3.585094514663025173e-02
1.940121058646362695e-01
-8.127117461598472037e-01
-1.000170043242914586e+00
-7.886847315344105436e-01
-1.000048965987796690e+00
9.999113440055077406e-01
1.000090194672695221e+00
-8.123141834393188265e-01
-3.021043567958139331e-01
2.023476917516994853e-03
-7.996245171649559724e-01
9.998882406255263922e-01
-6.001099089144568133e-01
9.992362868525939135e-02
-1.000046898416048213e+00
3.863495285464690898e-01
2.045575909424897088e-01
9.999713451846128365e-01
-5.999360222326740599e-01
-5.999578734785017131e-01
-3.419887295359583801e-01
1.000009256710743699e+00
9.977022116912057093e-02
9.998345693845066551e-01
1.000042657027187198e+00
-1.000025799400759308e+00
3.987915021104859181e-01
1.000391020063119280e-01
4.029015700910569264e-01
1.000053608983732245e-01
-6.034198206777655928e-03
4.615880720007564664e-02
2.028300257592271227e-01
3.917956257395518449e-01
-8.147081782427509911e-01
-6.000512846231844666e-01
4.233382375317822910e-01
1.000003470239799519e+00
-1.973284014711240914e-05
-7.937573410340930113e-01
3.832003911833533616e-01
1.734045931120078640e-03
1.963435756046666980e-01
-1.000012162288832496e+00
-2.925129637702396090e-01
3.977179363351009966e-01
2.148453873306030160e-01
3.423399290597079099e-03
9.999611921483345656e-01
9.998845509710250212e-01
9.999620722154551888e-01
1.001262200514805162e-01
2.469523419309553602e-03
-9.999103834162527127e-01
-3.391335723583422945e-01
-2.940384201446689105e-01
1.000079380147548269e+00
-8.025682571904071416e-01
-8.065611201658798857e-01
-5.999898269519436944e-01
-4.159542330829679169e-01
-9.998864965056173393e-01
2.122891362096866741e-01
9.994727386229139421e-02
-6.002002342634209509e-01
1.806453843247574076e-02
9.999628095096312341e-01
1.980617623413103712e-01
1.947584115582955133e-01
-3.071430567679120371e-02
-3.031038452096402325e-01
-2.573046024300273404e-01
-2.685886789780236317e-01
4.009628280358901176e-01
-2.438253297704125466e-01
9.999285028763846839e-01
1.000012729721225346e+00
-2.452529166958330141e-04
2.079484672172882964e-01
1.992755039541178330e-01
1.581771820373605308e-01
-2.193519192177185717e-01
-6.000964761406277770e-01
-9.999583719338193122e-01
1.895466384582539798e-01
-1.752213822995908610e-02
