-6.000051624737787748e-01
-6.000272330658881215e-01
1.000060279216002490e+00
3.530224793388485327e-02
-9.998491323520753982e-01
-8.122032383406957434e-01
-5.999352368614325748e-01
-1.870006199202888658e-02
-7.994593874612475615e-01
-2.140799135810442788e-01
1.000738629910026684e-01
-9.999831291386775955e-01
2.029293125290022037e-01
5.312951710576364894e-02
1.925137927948824268e-01
3.976548637541340026e-01
-2.296036403269737652e-02
-9.998591622197267048e-01
2.113767679432375923e-01
-4.120524389291982392e-02
3.953326321506936414e-01
4.008183117389805261e-01
-3.308755240533612918e-01
-7.808793394189535997e-01
-9.998907334014337511e-01
3.927829705328582111e-01
-2.865047027627015686e-01
-5.999483403310982288e-01
-3.032632254294736485e-01
1.001634418089893397e-01
-1.000054050947856599e+00
-8.013858822377956104e-01
-7.846666665274255603e-01
-9.999803058556863133e-01
-4.203406991547542493e-02
1.000027998025072806e+00
-9.999759556789493686e-01
1.000218877081788360e+00
3.830885343223808248e-01
-6.001130110775280135e-01
1.000021984297975619e+00
-8.065222576859255588e-01
-3.838937913748363129e-01
9.996866297326920114e-02
-3.443680754955126266e-01
3.917166553073159196e-01
9.983239913388160247e-02
1.001597341536623192e-01
1.002005589532147106e-01
1.924786768141333038e-01
-9.999158003846263520e-01
-7.973088106928959418e-01
3.988441662112959807e-01
3.949835763098153985e-01
-2.853613840214492825e-01
-1.000024427529325965e+00
-7.822726492324206804e-01
3.894858274506990403e-01
5.261720093751496435e-02
-1.000040906601380453e+00
-3.131491659554842127e-02
4.035827238060941125e-01
-1.000008308088769393e+00
-3.062116720197681774e-01
-1.000203642006894711e+00
9.992241365346196669e-02
-9.997950013849647988e-01
1.483024485753418713e-02
-7.825755117116122150e-01
3.892369394268038740e-01
-5.999489109500237838e-01
-3.017185020995317157e-01
9.996700094503283007e-02
-5.027106073409590148e-02
2.171394382711084869e-01
1.000208605297584624e-01
2.132894564529222159e-01
1.000060862833275221e+00
1.883478177643650373e-02
-8.002927620608253356e-01
4.069959188939843986e-01
4.225362640786175517e-01
1.957671838850559010e-01
1.829796777386423767e-01
9.999041323295152495e-01
4.028754280464669768e-01
-1.000042403987698947e+00
-5.999966721649512280e-01
-1.000092161098504739e+00
4.932071737887629842e-02
-9.998946988154486792e-01
9.982216733945370457e-02
1.001384505660717628e-01
-5.999711518889111472e-01
3.537337622202473691e-02
-8.028178157171989016e-01
-7.852284256033609244e-01
-2.198812707777667574e-01
3.983464525816724500e-01
-3.139515467891141332e-01
3.900627248070635544e-01
-8.087467440575275557e-01
-3.182372784767534268e-01
1.000188085602635446e-01
1.000026227118354372e-01
9.999011859676577574e-01
5.725738847106888463e-02
4.062926618186860073e-01
1.000556394605322391e-01
-2.695376659661550267e-01
1.995969245239304080e-01
-3.273146363962962657e-01
-6.000773056254913307e-01
9.999263856391733540e-01
3.986918336885170167e-01
1.946469932868802599e-01
1.001653117374159963e-01
1.000003510139820140e+00
-1.000017227152723231e+00
4.152305179570740523e-01
9.999826883556194312e-01
4.138468253265763508e-01
1.000496080541951188e-01
4.071894279881896894e-01
-5.998949292230598695e-01
3.893712920118119203e-01
-2.576172076520877319e-01
3.745253486601675119e-01
1.000074910563516273e+00
1.000099113785473559e+00
9.995784681414056350e-02
1.930519239697772171e-01
4.251331265057981534e-01
-8.087488326724003862e-01
1.000520929066424647e-01
1.000020615884923414e+00
9.998203319434282310e-01
-9.999809957321520448e-01
-5.999242801970032790e-01
4.075610137819967171e-01
-1.717589716455361279e-02
4.149646700433519131e-01
9.991379163319712153e-02
4.098436836205063272e-01
-5.835253350201080602e-02
-2.679475652697126398e-01
-5.999315593895178100e-01
1.860931914477172711e-01
1.000064762858129619e+00
-1.000131755959618118e+00
-8.183776981336772227e-01
9.999844962730929376e-01
4.015036989833924985e-01
-5.998934380045363168e-01
1.000029923978948271e-01
2.763100086006850184e-02
-2.307931013374556750e-01
-8.185524905591682332e-01
2.200002528559096837e-01
9.998328839695348746e-02
1.000014126156200112e+00
1.925808491480541507e-01
1.840358285836199426e-01
-3.183566934644838087e-01
-9.997747835518860926e-01
1.108911635387185152e-02
4.032464255121326335e-01
-8.016186390616018009e-01
2.072297240915216832e-01
1.000006223071158606e+00
-8.117331893678100263e-01
-6.000424760732777640e-01
-9.998994294749726786e-01
-1.180811177068408734e-02
-2.999680088112348653e-01
-6.000270999572696606e-01
2.051313636477747598e-03
2.003743747954766230e-01
-9.998529353781837603e-01
1.000005796978055361e+00
-8.105743754703831350e-01
4.086141751568848068e-01
-2.852160113644856554e-01
9.998143204250580229e-01
-1.000141472703169665e+00
-2.416614563076152633e-03
1.976899217273122844e-01
1.000752436956805491e-01
-8.057630487375538886e-01
-3.732502887368512878e-01
-8.647163836730081821e-02
-2.861428967306173798e-01
2.070394272622984866e-01
-6.773965817787926634e-03
-5.999238361821590537e-01
-5.999318920262247667e-01
4.235695357366773828e-01
9.999757406833296169e-01
1.000528437442018415e-01
-3.598367675777734420e-01
2.132541316763071348e-01
1.000768204136345263e-01
9.976150937098107740e-02
-8.085443986823610540e-01
-5.999707048282959532e-01
-6.000941597240952996e-01
1.000025226784787113e+00
-5.999787934785294485e-01
-5.999609405641765925e-01
9.999034946908779142e-01
2.043473220047364869e-01
-8.027955278822631602e-01
4.181376600096882723e-01
-1.090717257768677659e-02
1.723752937586861544e-01
-8.048323700909262302e-01
-1.000014382169780669e+00
-7.981893361581943180e-01
-9.998611546105827808e-01
1.000062357956609027e+00
1.000101888195872535e+00
-8.187124242472705316e-01
-2.655780108422718389e-01
-2.682948967840145457e-02
-8.186182878568807331e-01
9.999199714912346826e-01
-5.999634836932161708e-01
9.987834780705727444e-02
-1.000041141911630405e+00
4.008854086948678841e-01
1.836256085966727625e-01
1.000010237131612190e+00
-5.999250095964777652e-01
-5.999041321325468967e-01
-2.909592625987770798e-01
9.999694228808100327e-01
1.000292284213166738e-01
9.999901211087786068e-01
9.999097490813768641e-01
-1.000157386386768543e+00
3.947978415711596023e-01
1.000826585068127633e-01
3.938124516381617535e-01
1.001777151745246314e-01
-2.419542806846809377e-02
-9.016312323133804721e-03
2.151182875742668199e-01
4.085750676491747280e-01
-8.086136897986390126e-01
-6.002075232765420321e-01
3.985183481440117137e-01
1.000069827001381917e+00
-1.205938956342205229e-03
-7.939491934810477547e-01
4.045383645926661220e-01
6.884662777773511988e-02
1.858989689950813484e-01
-1.000134863028617982e+00
-3.710571087569716209e-01
3.922620700936216287e-01
1.961358353199109394e-01
3.406924565150044187e-02
9.999226829975673692e-01
1.000084258825862493e+00
9.998323244779508956e-01
9.997044064002627572e-02
3.582009384397097373e-02
-1.000105112628424164e+00
-2.655922006340906694e-01
-3.685937877242845273e-01
9.999745246029896339e-01
-8.114627944638539425e-01
-8.087533311965250382e-01
-6.000352861598040599e-01
-2.368200604405515108e-01
-1.000041497257510681e+00
1.984776416507758323e-01
9.997619163503261575e-02
-6.000188480979401495e-01
7.722036925928398021e-02
9.999892390426112776e-01
1.961506961890019107e-01
1.990424951090830896e-01
-2.668691101239311150e-02
-3.206718735162204514e-01
-3.379680974365512069e-01
-3.213900659974942009e-01
3.965599275266794566e-01
-3.461906874921414357e-01
1.000032836374932677e+00
9.998370052757830084e-01
2.975929894386014629e-02
1.956657916058711644e-01
1.952822594370023368e-01
2.444897858283029413e-03
-2.816156755094020303e-01
-5.999701588331683988e-01
-1.000135864113186113e+00
2.152170545701557469e-01
-2.032726721018947996e-02
