-6.001313621973375367e-01
-6.000237480636715359e-01
9.999430278734354749e-01
-5.385389233770773720e-02
-1.000089322921750901e+00
-7.885079850800977841e-01
-5.999964623593725399e-01
-4.689817618045666325e-02
-8.018961100647213902e-01
-4.091051195648445216e-01
1.000313621888775650e-01
-9.998585873803448321e-01
2.108742276513517477e-01
-1.742585392983612719e-03
2.048964365512307428e-01
4.002061948551594028e-01
-3.628046114651146958e-02
-9.998761580944809380e-01
2.079651480494125459e-01
-1.158672874866687776e-02
4.070335694188791376e-01
4.030561423821361622e-01
-3.075043818207472968e-01
-8.050366168164084790e-01
-9.999665632484667777e-01
3.969026613534947789e-01
-3.688058413560980631e-01
-6.001674816497908349e-01
-2.739299955818907950e-01
9.988737758707533221e-02
-1.000146248630940482e+00
-8.075312578430109411e-01
-8.058461883076505350e-01
-9.998095239166506776e-01
-4.557463925336473556e-03
1.000033886222050583e+00
-1.000029282493218652e+00
1.000049465677349314e+00
4.035498996747113321e-01
-5.999270266652719785e-01
9.999833344425044235e-01
-7.850821353114717516e-01
-2.784317208039464031e-01
9.998640928172082554e-02
-2.632246646839813131e-01
4.079609214554251739e-01
9.986898627274592988e-02
1.000474293927436087e-01
9.997498903894702638e-02
2.051715795164915090e-01
-9.999605209632166369e-01
-8.123837286489911103e-01
4.051540817112445625e-01
3.975521140327228919e-01
-4.008201207038169511e-01
-1.000022688390326486e+00
-7.913532135442082893e-01
4.070210286046454518e-01
-2.404104133500932841e-02
-9.998817708616624111e-01
4.889940185689392593e-02
4.000723906586742262e-01
-9.999607114616345660e-01
-2.901720355151555797e-01
-1.000062857805131156e+00
9.984842322076442622e-02
-9.999927450040800858e-01
3.232161432912656479e-02
-8.096162744358309515e-01
3.980745111447275830e-01
-6.000362121795261849e-01
-3.132666605746617372e-01
9.992005492028177560e-02
8.236022632904871354e-02
1.843104422573828283e-01
1.000812786520417358e-01
2.008137083896177344e-01
9.999748594498567567e-01
-7.204402937867135891e-03
-7.871078706287545357e-01
3.939311456667232703e-01
4.102525145252712280e-01
1.984806806530937107e-01
2.006043223787344343e-01
9.999525225561257669e-01
4.044004571334154918e-01
-1.000168403237918557e+00
-5.999686255857514805e-01
-9.998944448917760353e-01
-7.156463257079229145e-02
-1.000048006892474639e+00
9.984385321443874084e-02
9.994865600325132660e-02
-5.998348268052166032e-01
3.110610397047611914e-02
-8.042143349558388277e-01
-8.061106452224711116e-01
-2.886606084019825436e-01
3.767080534054715324e-01
-2.539097061328583482e-01
4.000849793820924760e-01
-7.889162029019278766e-01
-3.059928873793310022e-01
9.998389115281458572e-02
1.001707016751997581e-01
1.000025406589209798e+00
1.495906525138581550e-02
3.876281158600314858e-01
1.000978621169372612e-01
-2.599030170596386413e-01
1.985955786571825532e-01
-3.640759398978016259e-01
-5.999741526766803057e-01
1.000034947456603263e+00
4.087232644093339862e-01
1.871281200354243668e-01
1.000542539824970795e-01
1.000049320321717783e+00
-9.998429098026819783e-01
3.967707084258916828e-01
1.000040137185899347e+00
3.942659524993011311e-01
1.000886391068682713e-01
3.972878654342612559e-01
-6.000088659650026912e-01
4.020757856736009161e-01
-2.960550043107316176e-01
3.979808580910801918e-01
9.999089854443246050e-01
1.000090051666475022e+00
1.000470344194926003e-01
1.912106237779749029e-01
3.800001826028116536e-01
-8.026678937123744584e-01
1.001581784061418984e-01
1.000109350398860064e+00
1.000053206899996994e+00
-1.000025994736685186e+00
-6.000901586031909263e-01
3.937142481633800761e-01
8.714426454614500328e-02
4.182624134119809489e-01
9.986594605892046284e-02
4.082947663126585414e-01
4.362464838980942283e-02
-3.074633544121124218e-01
-5.998912299821989036e-01
1.891674864841309534e-01
9.999247848647440096e-01
-9.997591893154909037e-01
-8.071119458636728528e-01
1.000097060953931249e+00
3.748463454738193423e-01
-5.999098662289336081e-01
9.988480701933380446e-02
5.809802360224386453e-02
-2.869001184272470528e-01
-7.901304879759837307e-01
1.802573219500175072e-01
1.001637572252472852e-01
1.000131290820039487e+00
2.060947356424341625e-01
2.054783751143489656e-01
-2.863926277827579248e-01
-9.999349607047020028e-01
-6.969410192993612252e-02
4.092453365111073937e-01
-8.093529246747367401e-01
1.966011708980671679e-01
1.000099082726700228e+00
-8.032857780359041744e-01
-6.000797690704463561e-01
-9.999561612880274453e-01
5.246476952273208122e-02
-2.914291470236832771e-01
-5.999579703743596060e-01
-6.704237183099252817e-02
2.146926763357170365e-01
-9.999957158740370167e-01
1.000080087954612118e+00
-7.757988564907427609e-01
4.084581045297429047e-01
-4.075126051769658031e-01
9.998848832275866183e-01
-9.999392959581726581e-01
-1.624029308956317225e-02
1.967146462639812743e-01
1.000229611074651692e-01
-8.063663070958230206e-01
-3.073181380785244277e-01
1.214736480287514075e-01
-3.029349562896012094e-01
1.973931192856424599e-01
-1.753237843839433379e-03
-6.001571360487883977e-01
-6.000157587174761442e-01
3.816506066849951195e-01
1.000074529109771238e+00
9.992566918196975345e-02
-2.303767408850198317e-01
1.990595893842576625e-01
9.995792755926491413e-02
1.000059962396105812e-01
-8.233855296509817734e-01
-6.000216363444510481e-01
-5.999798247238814497e-01
9.999477171450867896e-01
-5.999888755278239838e-01
-5.998825438885571071e-01
1.000128100222634098e+00
2.096131701299493999e-01
-8.104676912256754129e-01
4.095884780100392253e-01
4.756435656028468358e-03
1.924507191429750963e-01
-7.924931537934477577e-01
-1.000039368062575873e+00
-8.108508432647708597e-01
-1.000249760419279710e+00
9.998677430655519283e-01
1.000073991264079476e+00
-7.974153614543202373e-01
-3.644446530183367283e-01
2.623958641358709043e-02
-8.082442581168304274e-01
1.000070952684372294e+00
-6.000689271114959533e-01
9.992375771744106683e-02
-9.998552462555019282e-01
3.936578362270845011e-01
1.928417080111951842e-01
9.999976490703982313e-01
-5.999247109008591927e-01
-5.998259860808468069e-01
-3.025182912023742787e-01
1.000205500779258960e+00
9.993931633467545428e-02
1.000133850936941515e+00
9.997956394600860941e-01
-1.000040591971637971e+00
3.986511033432300066e-01
9.997329922307168770e-02
3.849372524358429248e-01
9.996865218027028988e-02
-5.782922078375460351e-02
3.236982879697335863e-02
1.955371983504178290e-01
3.903774981433285052e-01
-8.043188244802546016e-01
-6.000315138528081738e-01
3.889900423629392145e-01
1.000021133802756035e+00
-6.653849806333472956e-03
-8.015788527918884521e-01
3.968685327436162757e-01
1.160003725360783493e-02
2.025230198590746711e-01
-1.000092287190814666e+00
-2.870849795483372824e-01
4.042560994643951133e-01
2.077418528681858056e-01
9.109358228027107304e-03
9.998902713680827281e-01
1.000178680853743396e+00
9.998867189120110854e-01
1.000220096646050327e-01
-3.608073672081090616e-02
-9.999577829689634267e-01
-2.891604356392770137e-01
-2.994311395183830160e-01
1.000044899195590808e+00
-8.163818464057167601e-01
-8.027400237866993971e-01
-5.998793273417614147e-01
-3.164065004748818910e-01
-1.000053550967717531e+00
1.988604589255182631e-01
9.995773616985002830e-02
-5.999499120286823084e-01
-1.135721641327778683e-02
9.997399420382538926e-01
1.995353829838039106e-01
2.073623046469456332e-01
5.230600862788935962e-02
-2.954425379599408541e-01
-2.626529329979839789e-01
-2.710153988556298632e-01
4.171277423099173376e-01
-4.039847738098114038e-01
1.000041566245702729e+00
9.999845351910247038e-01
-5.228890096169273166e-02
1.974786196792379378e-01
2.099274669543962357e-01
8.040734772139118691e-02
-3.329259625312485649e-01
-6.001464419667290606e-01
-1.000080561845090532e+00
1.906078171494979545e-01
-3.238665616534566055e-02
