-6.001283897407956314e-01
-5.999866587730597889e-01
9.999213643210400626e-01
5.664941211842509233e-02
-9.998162308015993149e-01
-7.947595600419642414e-01
-6.001202415335419316e-01
-5.487298819060805986e-03
-7.904332184712785647e-01
-3.422027624306775984e-01
9.982197004025063214e-02
-9.999892960575015310e-01
2.104814576374819390e-01
7.809650300165307812e-02
2.079251871511813843e-01
4.148322684805952898e-01
4.732430503570503322e-02
-9.999583958387242566e-01
2.065996340896745498e-01
5.612304969011273903e-02
3.939279457355533975e-01
3.856546596793696824e-01
-2.576130218669606675e-01
-8.060356378183503034e-01
-9.999430194059079069e-01
4.106561607948089332e-01
-2.939744724874203685e-01
-5.999028969496228436e-01
-2.789011110672915406e-01
1.001850968326078312e-01
-1.000103849301579917e+00
-7.942894877770074746e-01
-8.057219808037703324e-01
-1.000113590117457374e+00
-2.834660600457206830e-02
9.999309453256471913e-01
-1.000102764458234539e+00
1.000097076837101584e+00
4.079605906183483288e-01
-5.999863949926171891e-01
1.000053662792055986e+00
-8.052576363842232077e-01
-3.045297466656332053e-01
9.993391680842297897e-02
-3.613095325543091985e-01
3.979262017804101048e-01
9.992796825704730601e-02
9.994223225943808797e-02
1.000055280422718906e-01
1.960275785004580162e-01
-9.999947518791317824e-01
-8.039029163124511435e-01
3.938302392121877937e-01
3.840082033123598526e-01
-2.825361350906922531e-01
-1.000008072267091652e+00
-8.020426871971297889e-01
3.921546941770288064e-01
8.416178290681909646e-02
-1.000011773767990109e+00
5.275366633522576149e-02
3.942657576323652102e-01
-1.000008967315986430e+00
-2.703442757584129108e-01
-1.000115063469750876e+00
9.993809842927570131e-02
-1.000016676742253585e+00
5.875014293225223894e-02
-7.946939794119404210e-01
4.089585301736761713e-01
-5.998736993168460874e-01
-3.222094835084222675e-01
1.001014747358389828e-01
-7.156622025887386662e-02
1.908847405659682694e-01
1.001558536862538068e-01
1.877496295102477897e-01
9.999624973462937216e-01
1.117840272831736984e-05
-7.937982421307955283e-01
3.945757114882368355e-01
3.976402622915959362e-01
1.903629869314528156e-01
1.905795280124387980e-01
9.998332278474505452e-01
4.084953846954722523e-01
-1.000097402619847919e+00
-5.999144596764667270e-01
-1.000019034576441479e+00
2.822557699405686682e-02
-9.999854987225087477e-01
9.994374510746847906e-02
9.983910324308600814e-02
-6.000964377541179173e-01
5.527704523023138292e-03
-7.974980757153823374e-01
-7.993975296411914844e-01
-2.514402994899708199e-01
3.826688600275582886e-01
-2.206955747435129511e-01
4.041417123230315323e-01
-8.105868256781150194e-01
-2.792799699178170614e-01
1.000218177323627250e-01
1.001104265212459377e-01
1.000083057760893235e+00
-2.577216821109260675e-02
3.909005334973935097e-01
1.000572744770783368e-01
-2.522745322317289651e-01
2.008498841126692136e-01
-2.375939122133541859e-01
-5.998578980042127418e-01
1.000193077731385660e+00
3.951035927490769151e-01
2.051479153169397385e-01
9.997599443690736998e-02
9.997845322403351442e-01
-9.999808110403224370e-01
4.092934396291098564e-01
1.000061294764404529e+00
3.877391718483771954e-01
9.991559110044259673e-02
3.965456624926536056e-01
-5.998471069092681240e-01
3.935685208053063544e-01
-3.645029678358284175e-01
4.025368641978842033e-01
9.999213666339383799e-01
9.999516245107542556e-01
9.984125911890255611e-02
1.870037255934432763e-01
3.961115063391537627e-01
-8.019677264198155076e-01
1.000706911779399022e-01
1.000246720302139014e+00
1.000056728967991804e+00
-9.999968735628902428e-01
-6.000995009935344848e-01
3.974482779849135561e-01
-6.616233818848568822e-03
3.883369995729162860e-01
9.997327922455898075e-02
4.060054885769170951e-01
-1.634849468243555412e-02
-3.877873692149889084e-01
-5.999353656400172596e-01
2.003760412909815491e-01
1.000041273236242034e+00
-9.998769482396325792e-01
-8.190589995627262088e-01
1.000015449069095563e+00
3.923891879795725068e-01
-6.000024874377318795e-01
1.000562194076064643e-01
1.097738162563346304e-02
-2.592680916518375622e-01
-7.872602631605918333e-01
1.865995202329907565e-01
9.996384804327558549e-02
9.998371282826123974e-01
2.106087821870128995e-01
1.926175233039362222e-01
-3.144973726915168966e-01
-9.999925316744290305e-01
4.880390770232867492e-02
3.957462425674607154e-01
-8.044019846222614234e-01
1.850828553019641665e-01
1.000037472378836556e+00
-8.094135093873824349e-01
-5.999771110087334103e-01
-1.000108960556713944e+00
-4.816008695055667976e-02
-2.524169037072546140e-01
-5.999013977916880513e-01
-5.593029849171624046e-02
2.054175859251837211e-01
-9.999674966222626971e-01
1.000022615700107531e+00
-7.988835219514560659e-01
4.071416779432606159e-01
-3.137232503258786109e-01
1.000061186416310921e+00
-1.000065158789163355e+00
-3.247867893326749494e-02
2.199084738853950005e-01
1.000056501791427854e-01
-8.084205581495309545e-01
-3.014052040175371761e-01
-8.709696665591078191e-02
-3.658585584635428711e-01
1.987294648201659575e-01
-5.980460360836126199e-02
-6.000307763362079383e-01
-5.998952563931642112e-01
3.989210083385230643e-01
9.998663651686003906e-01
9.990487541949011341e-02
-2.783726894475112568e-01
2.100098164269280365e-01
9.992393946342734146e-02
1.000521260387748218e-01
-8.204735079543405973e-01
-5.999441303481053422e-01
-6.000953526270201843e-01
1.000004631823885992e+00
-5.998392941948037516e-01
-6.000218964506813801e-01
1.000193337157346818e+00
2.019723094418059695e-01
-8.007724455165382560e-01
3.991218838534313362e-01
6.694953326191342702e-02
1.852730107880563581e-01
-7.971670517199679340e-01
-9.999750217020337839e-01
-7.909592470305600864e-01
-9.999318671448244045e-01
1.000153545170207270e+00
1.000200552903227846e+00
-7.890839136620207972e-01
-2.517405486564683326e-01
-5.284256302292494184e-02
-7.973937798633652374e-01
1.000105786582462297e+00
-6.000855436140335453e-01
1.000009430118909276e-01
-9.999004585651123378e-01
4.114361698466554307e-01
1.964802530774277245e-01
9.999381501922591786e-01
-5.997505035547456842e-01
-6.000484675261346101e-01
-3.159536838436932116e-01
1.000137920170169892e+00
9.994464158860133507e-02
9.997951683037593629e-01
9.999405626975914618e-01
-9.998985022480980644e-01
3.936893548417291222e-01
1.000726943813371322e-01
3.982770159194237158e-01
1.000681041115873693e-01
-4.670499701122204916e-02
9.869956998642084867e-03
2.077181840269330115e-01
4.003969255575478559e-01
-7.959243506838948878e-01
-6.001571339460440857e-01
4.110845390569308755e-01
9.999015886708925160e-01
8.827181584674780729e-03
-7.925285855315091776e-01
3.979553605107489789e-01
4.156855157548325179e-03
1.896140561247549872e-01
-1.000040299413418321e+00
-3.161452697753851515e-01
3.872071458423921864e-01
1.915454662803912078e-01
-4.861427607410632318e-02
9.999793424017463517e-01
1.000049909146065952e+00
9.998712511005910519e-01
1.000820239226201114e-01
-9.644859387148386684e-03
-1.000118163736312571e+00
-1.807629327421353960e-01
-3.340565309772600133e-01
1.000085313012906596e+00
-7.887474247137581385e-01
-7.974402069376755886e-01
-6.000172110351029708e-01
-2.701248482931249417e-01
-9.999453901362258534e-01
2.113829870119886267e-01
1.001342519185704077e-01
-6.000420354915686483e-01
-6.529412469451989498e-02
9.999831193618733405e-01
2.089901350839906136e-01
2.016746185832631322e-01
-2.531754979341097056e-02
-2.938973613110606453e-01
-2.353316395423041274e-01
-2.711258921741084849e-01
3.900197690804241835e-01
-3.302762875809561183e-01
1.000025672835328949e+00
9.999157467785465547e-01
5.325778513022180749e-02
1.925497106382266232e-01
1.921447986487137272e-01
-1.127374873388527383e-02
-3.082847250885978330e-01
-5.998731837703553671e-01
-1.000135141367217706e+00
2.139898584584204733e-01
3.147908203490704104e-02
