-5.999344950423760592e-01
-6.001216995236229312e-01
9.999444525707360532e-01
3.035660722679484752e-02
-1.000096366989912111e+00
-8.032668691010743656e-01
-6.000236668919930461e-01
4.209260327393980761e-02
-7.824770995421552744e-01
-3.416621727483444282e-01
1.000139816889590444e-01
-9.999203574804420569e-01
2.070363361970674887e-01
-6.211474404853487008e-02
2.087877541328680420e-01
3.911975663824742711e-01
3.669591280725625210e-02
-1.000076979281390166e+00
1.979302235328191939e-01
5.758180012508726242e-02
4.099665185080966223e-01
3.867463686716824944e-01
-3.183422943821063722e-01
-7.826436855484721900e-01
-1.000033572616320754e+00
4.010806997170759947e-01
-2.831034139435852914e-01
-6.001847400841413549e-01
-3.136220005868601279e-01
9.995710254036256626e-02
-9.999441550338745710e-01
-8.191829019540559642e-01
-7.837797155417640660e-01
-1.000049262720586141e+00
-7.717623882423710335e-03
9.999191773051061549e-01
-9.999537584226806386e-01
1.000142018181527259e+00
4.078794596309654463e-01
-5.998519682131806530e-01
1.000207487328806932e+00
-8.268543758516019304e-01
-3.160329583575219314e-01
1.000166865270069733e-01
-3.522630426036561513e-01
3.970797830433382969e-01
9.999620727547182952e-02
9.997255748086159022e-02
9.986909677978263178e-02
1.993326115606875448e-01
-9.999339206447134254e-01
-7.939451866590538920e-01
4.079696892728933433e-01
3.947201832451566750e-01
-3.846381490696119121e-01
-9.999679609227014598e-01
-7.915988581020327874e-01
3.988486940052761165e-01
1.225026611083108660e-02
-1.000069578564415584e+00
2.330085757247550224e-02
3.980499835695993638e-01
-9.999947449831531054e-01
-3.248112070238017846e-01
-1.000081156021318529e+00
1.000647616936007900e-01
-9.999681541474275681e-01
-1.747643752112992485e-02
-7.983712853466606862e-01
3.999900380993774984e-01
-6.000555475207796086e-01
-3.811548080031665342e-01
9.999065435974290039e-02
-1.523351444500072385e-02
2.086926388316791281e-01
1.001916796112913149e-01
1.849322327158335888e-01
1.000087684233145646e+00
-4.450366016017837795e-02
-8.104108022227580754e-01
3.901855609266572933e-01
4.054246577953224406e-01
2.082494197064305164e-01
1.830960099541095731e-01
9.999939433774951425e-01
4.103102070008983193e-01
-1.000108830680917604e+00
-6.000013304563980299e-01
-1.000001569865575757e+00
7.489263580632253559e-02
-1.000075879427050785e+00
9.993815327538910220e-02
1.000287806585520439e-01
-6.000947204343735075e-01
4.365679472114766813e-02
-8.011157859506976564e-01
-7.920196854972768596e-01
-3.264894291478167010e-01
3.913455082853258826e-01
-2.240027421879861591e-01
4.093214258851991527e-01
-7.938167292410091003e-01
-2.797290915058543992e-01
1.000814905592229132e-01
1.000881014742753122e-01
9.999639331855514346e-01
2.663159123106779991e-02
4.075712289933510757e-01
1.001378444070434859e-01
-2.604964321623435275e-01
2.115413837295929411e-01
-2.432104587672110074e-01
-6.000263744716595182e-01
9.999758799137027365e-01
3.997412778254066379e-01
1.890035587841389642e-01
1.002452664062556537e-01
9.999117279651911216e-01
-1.000182856038787982e+00
4.086481450271494120e-01
1.000014578475517668e+00
4.046977811083645182e-01
1.000367347660314071e-01
3.844913474752072458e-01
-6.000268932143546508e-01
4.048761692000884538e-01
-2.301525316636442997e-01
3.836138683561904905e-01
1.000055461638540200e+00
1.000060653675664213e+00
1.000229325186194479e-01
1.910734405705747929e-01
4.029401669494478977e-01
-7.848450669623642240e-01
9.990520248189634078e-02
9.999173555620860521e-01
9.999191046555211404e-01
-9.999731059354669549e-01
-6.001149156005468610e-01
3.863335417892286849e-01
-2.412801150720288862e-02
4.026849343470482734e-01
1.001591333383009541e-01
3.914101516454607799e-01
3.642141738078783636e-02
-2.797175198129869811e-01
-6.000339217098900058e-01
2.021202890081660875e-01
9.998937232642876038e-01
-9.999400196153249709e-01
-7.901154477715961466e-01
1.000074675701509319e+00
3.964660700513026326e-01
-6.000769247443495935e-01
1.000852193339186735e-01
-2.295135616735147557e-02
-2.660550974017990011e-01
-7.878082552678519201e-01
2.094967699656279936e-01
9.990917501321289196e-02
9.999412190174225001e-01
1.988734120505016023e-01
1.938049605286970845e-01
-3.699522713102917915e-01
-1.000068585950748767e+00
3.932156005645481150e-02
3.877398662038722410e-01
-7.851624416035029030e-01
1.966353409266068941e-01
1.000100242034384523e+00
-8.009134162569032656e-01
-6.000926242106734421e-01
-1.000271944095798782e+00
1.522001199025693578e-02
-2.673822370216268896e-01
-6.000690358981256578e-01
8.441039144806133931e-02
2.065591884377432352e-01
-1.000222487104854618e+00
9.999441011434447857e-01
-7.917760689776933702e-01
3.881078150116278325e-01
-3.115221032218586927e-01
1.000068932299619018e+00
-1.000096514097972067e+00
-2.230459536245233288e-03
1.948045116506445240e-01
1.000072192047095632e-01
-8.021579795568766214e-01
-2.523601529892966489e-01
-6.057949746517754530e-02
-3.065203198367781323e-01
2.008187942475493371e-01
1.699328613677783192e-02
-5.999149745234778619e-01
-5.999908458240231779e-01
3.964008775586241873e-01
1.000152411082750881e+00
9.992527442981283259e-02
-3.289441061110298659e-01
1.898483486531574727e-01
1.000024265070186130e-01
9.993703191812199071e-02
-7.863649454630776692e-01
-6.001868486915997725e-01
-6.000487539150723970e-01
1.000007889500683200e+00
-5.999592539640330457e-01
-6.001563552192776818e-01
9.999276019103600088e-01
2.046043445190333654e-01
-8.004916234835736111e-01
4.010385575410101988e-01
-2.282278952557577345e-02
1.939180857228968713e-01
-8.029350362377186689e-01
-1.000039152807205456e+00
-7.984647826567071727e-01
-1.000133348263148481e+00
1.000074584222970353e+00
9.997846775359960914e-01
-8.049607317751874547e-01
-3.088209392210285453e-01
7.608721838972931639e-02
-7.952230978958817476e-01
9.999595598083687031e-01
-5.999964877803287688e-01
9.997990487521679626e-02
-1.000006980963301650e+00
4.041349024261295941e-01
1.988102648154347618e-01
1.000080186435240881e+00
-6.000143479707954475e-01
-5.999754183532545193e-01
-3.331841648063718631e-01
1.000144497562093893e+00
1.001129847470807882e-01
9.998582618065512406e-01
9.999025480772384400e-01
-9.999547976983670372e-01
3.879972815169503431e-01
1.001324371903216104e-01
4.035263370497951252e-01
9.998621640220091422e-02
-2.492092372051948196e-02
-1.155389407843740793e-02
1.708673515265651532e-01
3.868090866784526516e-01
-7.967803674826867688e-01
-6.000125177530496456e-01
4.061924335540407771e-01
9.999097572498364395e-01
5.677356015379188096e-03
-8.106939070541244741e-01
4.097552879456298758e-01
-4.286471284243117269e-02
1.929730325173769356e-01
-1.000069694640301821e+00
-2.760510370977786732e-01
4.034744943360498159e-01
2.133151548678528797e-01
-3.673047617733831566e-02
1.000122897376010123e+00
1.000179005210538818e+00
9.999346656958887358e-01
9.997845024821561122e-02
3.385831523075394367e-02
-1.000028446555064177e+00
-3.295391794953067000e-01
-3.293654164911569149e-01
1.000018193991370374e+00
-8.155381768513270124e-01
-8.305032654496768973e-01
-6.000757145241250035e-01
-3.035142356562938182e-01
-9.998901542854092828e-01
2.028766689074097129e-01
1.001079023457162459e-01
-6.000968397119021969e-01
1.377786118568077693e-02
1.000069499501498704e+00
1.977944766424143408e-01
2.014143130304866525e-01
2.773761852574848849e-03
-3.080121710469456153e-01
-3.176962807545586354e-01
-2.560134041158228513e-01
4.195569450166205527e-01
-2.936281049150051836e-01
1.000243598227177122e+00
9.999999405288177989e-01
-7.105837549011906340e-02
1.949831956039885517e-01
1.964018689410558238e-01
4.586236926932783786e-02
-2.839001332093216146e-01
-6.001749333359573946e-01
-9.998729535228024767e-01
2.110569184328409398e-01
6.521662270391178316e-03
