-5.998740137059695998e-01
-5.998178878033484374e-01
1.000002365001800619e+00
-1.472382964663552021e-02
-9.999374669148609618e-01
-8.028443087534508082e-01
-6.000116699640472007e-01
-1.275861178227482434e-02
-7.940885320689444749e-01
-3.683135317029879729e-01
9.992037741879850055e-02
-1.000076857270673747e+00
1.991044019811744059e-01
4.366470060793772694e-03
1.978858719869273086e-01
4.088014495693927386e-01
3.150411428769100269e-02
-1.000023151436951752e+00
1.818019772771140852e-01
6.607338588421639292e-02
4.202292923112767586e-01
4.158861062698850364e-01
-2.958124999134536526e-01
-7.955540237227941569e-01
-1.000119446996920347e+00
4.103579546989005733e-01
-3.280993112516822352e-01
-5.998863898710660170e-01
-3.582717299570954417e-01
9.993218582602136912e-02
-1.000034752001819571e+00
-7.911221092752518391e-01
-7.973755434823437405e-01
-9.999004143232902431e-01
3.872281877730702343e-02
1.000072165185749373e+00
-9.998780684435439881e-01
9.999485786668145249e-01
4.085222863097897061e-01
-6.000193993661431247e-01
9.999115571564037852e-01
-8.055623383434743490e-01
-2.803710178499375649e-01
9.995684564856865961e-02
-2.583208788817760171e-01
3.905315176021302292e-01
9.999231635792552031e-02
1.000250816491032313e-01
1.000185252649194723e-01
1.960880008305009303e-01
-1.000046412381914829e+00
-7.868002810398528890e-01
4.142300354052136924e-01
4.122237045950677414e-01
-2.260483160038319894e-01
-9.999465218082914664e-01
-8.042473676547732264e-01
3.804153522313986624e-01
-5.107279148659112089e-02
-1.000053271668859489e+00
2.332466563367482926e-02
4.025597775911839427e-01
-1.000050004573064921e+00
-3.977529528626219113e-01
-1.000006291390120650e+00
9.987869443204824838e-02
-1.000207124778082157e+00
2.311955340654198165e-02
-7.969513635960483455e-01
4.008008129498998873e-01
-6.000502293828462452e-01
-3.107242602634219253e-01
9.994617371750523505e-02
4.104812861238892052e-02
2.025251046874605720e-01
1.001010196672439123e-01
1.965367544455211835e-01
9.999077140277961018e-01
-4.134349556159314099e-02
-7.953864300387488706e-01
3.870531264138286076e-01
4.082822486695617537e-01
1.874924843402543950e-01
2.017361498469413816e-01
9.999537366409129158e-01
4.060781418345065230e-01
-9.999881342738126122e-01
-6.000069484828500777e-01
-1.000127585572560429e+00
-1.689450006067078763e-02
-9.998677098630047722e-01
1.001478656355101471e-01
9.987840211604248619e-02
-5.999559947667599813e-01
5.585212165442903637e-02
-8.033999342146576073e-01
-8.148572532894163833e-01
-2.181777780860151839e-01
3.941451782081747401e-01
-3.432644151554848921e-01
3.902226464838491893e-01
-8.045434640603984500e-01
-2.119849530621291112e-01
1.000320865494301742e-01
1.000774472037413987e-01
1.000054350205361597e+00
1.818235938623688139e-02
4.165968077874785958e-01
9.997072125883321725e-02
-3.156413244761071546e-01
2.041443861624440970e-01
-2.935295254751533744e-01
-6.000869969722284480e-01
1.000014583336535257e+00
4.020267092008861232e-01
1.986992482102015178e-01
1.000772902674700732e-01
9.999142386003019300e-01
-1.000017996386149743e+00
4.070971444934645134e-01
1.000017916087733383e+00
4.050176634875740644e-01
9.997325763410917776e-02
4.011569137113743522e-01
-5.998256846968437195e-01
3.933642647488718724e-01
-3.596331153223837340e-01
4.055859398109238345e-01
1.000103047925890554e+00
9.999425611279414428e-01
9.992656676302026642e-02
2.131341690799841426e-01
3.962719771455310847e-01
-8.022073182093059085e-01
9.994898612496556922e-02
1.000044621056575878e+00
1.000009977902607927e+00
-1.000068399682678688e+00
-6.000711095507186288e-01
4.001235919522484474e-01
-3.023458083575365080e-02
4.099399816916166617e-01
1.000162761661009952e-01
3.846014056502471412e-01
-2.010574743357762192e-02
-2.173211399632559160e-01
-5.999974961819770636e-01
1.970256072378251955e-01
1.000103951967094895e+00
-9.998501766349160436e-01
-8.083874182137342768e-01
1.000081003897976162e+00
4.029114514857439211e-01
-5.998595593213746913e-01
9.991149754673295247e-02
-7.336526684557033440e-02
-3.815282446802544247e-01
-8.092387127046345441e-01
1.986401734526775376e-01
1.001334738808989516e-01
1.000117085210991741e+00
1.895822849161356571e-01
1.939757246110893341e-01
-2.829408540263692040e-01
-1.000043141561067328e+00
4.165656346283608258e-02
3.952920421528802741e-01
-7.967156248695542731e-01
2.115719556567037529e-01
1.000094479817349225e+00
-7.956053099315298915e-01
-5.998947928140576646e-01
-1.000016472584536409e+00
7.580419254226547499e-03
-3.019316661939002722e-01
-5.999064439178515284e-01
4.722631285901335296e-02
2.105183337570495639e-01
-9.999999968247844651e-01
9.998916451593260479e-01
-8.006686624290869636e-01
4.010752869331213333e-01
-2.115412472143843037e-01
1.000160080088780878e+00
-1.000046580796573048e+00
-9.861849472316350229e-02
1.917283413955386262e-01
1.000143941548412435e-01
-7.948902691352350836e-01
-2.937000150409805888e-01
3.953164523328235591e-02
-3.264656282740049931e-01
1.949243376960750340e-01
-2.739175668872784186e-02
-6.000338242293816737e-01
-5.999279266983313930e-01
3.863876783622451905e-01
9.999906836345734407e-01
1.001281912015441061e-01
-2.820166127330653860e-01
2.138237186471120266e-01
9.991943308462339357e-02
1.000385510619295620e-01
-8.039798739294493624e-01
-6.000825623552197285e-01
-5.999880930919077038e-01
9.998720633771818189e-01
-6.000699615996989422e-01
-6.001127604566967033e-01
1.000070980041084745e+00
2.120788148799900297e-01
-7.949298457028082243e-01
4.020341479772109317e-01
-3.374930497387910316e-02
1.924996074791355261e-01
-7.869189479228511086e-01
-9.999209003502869120e-01
-8.067340328878590539e-01
-9.999548335861252468e-01
9.999878245338827965e-01
1.000051416264890358e+00
-8.158520746798487711e-01
-2.457574927400650033e-01
4.534936327593783179e-02
-8.050699143167068250e-01
9.997701642030191183e-01
-5.999149087992238227e-01
1.000704941046644675e-01
-1.000001422251573624e+00
3.972287255432012665e-01
2.036034836561802785e-01
1.000121240835911030e+00
-5.998775082971019579e-01
-5.998964435642560877e-01
-2.580236925828743311e-01
1.000096211009464220e+00
1.001151596799184779e-01
1.000071848245092987e+00
9.998451307320989079e-01
-9.999512714065459384e-01
4.058681149710122171e-01
1.001167157656309425e-01
4.006831455228277994e-01
9.998972530750895038e-02
4.100630070655663512e-02
-2.609023731720920558e-02
1.937843408166425030e-01
4.049265616648869970e-01
-8.069590384348409584e-01
-5.999670547242351715e-01
3.998996257908482010e-01
1.000133391616345513e+00
-1.383341445130620642e-02
-8.014954941074786676e-01
4.184975369551983126e-01
1.827337618104472872e-02
1.995867545819505484e-01
-9.999580947925009733e-01
-2.513434169922109662e-01
3.903700910990878792e-01
2.092729502376727557e-01
3.239083341204471861e-02
1.000162549191347727e+00
9.999964970344474846e-01
9.999591013485442659e-01
1.000258344824222628e-01
-7.398186626418999656e-02
-1.000064784976196997e+00
-2.996208082706145470e-01
-2.608971631034510130e-01
1.000235248723793990e+00
-7.649843852841849978e-01
-7.849744622385650406e-01
-5.999579936412046122e-01
-2.581972530673479205e-01
-9.999277835029197758e-01
1.933923640265583221e-01
1.001696594300865439e-01
-5.999983772803100246e-01
6.663228889786713960e-02
9.999572934742908537e-01
1.837506882846108303e-01
1.831208040307610585e-01
-2.469203445871957434e-02
-2.918271651124219046e-01
-2.948327380965304334e-01
-3.313180712467643785e-01
3.898237415710087417e-01
-2.664413713513367754e-01
1.000008097804148344e+00
1.000178710897021483e+00
1.693092551199772665e-03
2.048422268861505857e-01
1.972528444536896519e-01
-2.323991557350886528e-02
-3.214601987916009818e-01
-5.998157497904879065e-01
-1.000033031808193140e+00
2.044280355339889443e-01
-8.991426291489012027e-03
