-6.001241974130563372e-01
-6.000120932485418779e-01
1.000163396033822094e+00
8.443769038237243507e-02
-9.999638640580608140e-01
-7.831522407753414017e-01
-6.000986823902648704e-01
-1.172682081435416114e-02
-7.732929825111870548e-01
-3.485726832795117414e-01
1.001207991740681730e-01
-1.000025027341275630e+00
1.873582731870694906e-01
-3.419322044354016626e-02
1.953341231199111627e-01
3.866565323883298655e-01
6.068494173574717765e-02
-1.000033964636207751e+00
1.855187459130308858e-01
5.723076477969470111e-02
3.950389948489793635e-01
4.003038972609383461e-01
-2.506594924738784202e-01
-7.863675554967302084e-01
-9.998779962487197581e-01
4.027407326822727285e-01
-2.817966570340593724e-01
-6.000735708989657358e-01
-2.482846883578198049e-01
1.000279789467216351e-01
-1.000052280586083198e+00
-8.026071239311591832e-01
-8.097689536109389241e-01
-9.999901121359778822e-01
-5.904480678784101988e-02
9.998448612037258432e-01
-9.998543700008880597e-01
1.000149259586240458e+00
4.067840796246871560e-01
-6.000654627159915933e-01
9.998942145991637220e-01
-8.007761237745975036e-01
-3.672328779162103429e-01
1.000638083933975547e-01
-2.715991655091736234e-01
4.066161303296071394e-01
9.989524424010341741e-02
1.000013929011740743e-01
1.000713473708629841e-01
2.092659817744961237e-01
-9.999909607292370994e-01
-7.970841905564960417e-01
3.881842442936446202e-01
3.793939527755584296e-01
-3.497376692713620727e-01
-9.998819571500083825e-01
-7.904680372128919386e-01
3.945668110068004664e-01
-3.676519077273553843e-02
-1.000087656103742617e+00
4.760370804895337760e-02
4.031431113122745935e-01
-1.000197638811333167e+00
-2.655513178562937116e-01
-9.999162355444964900e-01
9.974994060560928022e-02
-1.000105991674830497e+00
5.320401845366471566e-02
-7.892299446281091369e-01
3.983280214237093775e-01
-5.998414221259468215e-01
-3.555304567244698122e-01
9.992300975059810464e-02
2.777559578011295008e-02
2.090605170661548606e-01
1.000132921296421479e-01
1.937791934816534833e-01
1.000058137163312377e+00
-3.677161535900768524e-02
-7.935734366536867368e-01
4.086142474356180276e-01
4.080716413721093838e-01
2.040957026435953892e-01
1.958786371969934714e-01
9.998833171096327410e-01
4.064186956949519258e-01
-9.999962712752258343e-01
-5.999976836567960659e-01
-9.999894425796068687e-01
1.386152974942434814e-02
-1.000055666382969388e+00
9.984208697018812084e-02
1.000303756421096063e-01
-6.000849607339905356e-01
-3.699733093335978024e-02
-8.026931596592322693e-01
-7.842553044296194376e-01
-2.897359916399459556e-01
4.038078342065921644e-01
-2.929518210863166772e-01
3.821743409996327667e-01
-7.991799293330810183e-01
-3.678059007261833546e-01
1.000596431759607635e-01
1.000237903949999646e-01
9.999496177656436169e-01
9.181415420006898420e-02
4.011166238097757519e-01
1.000599025625661109e-01
-2.606612031804912410e-01
1.995452339911223394e-01
-2.918277611438253039e-01
-6.000064055991359835e-01
1.000094754168347144e+00
4.042051268751728488e-01
2.057365621877306205e-01
1.001332259668040459e-01
9.999122541058380609e-01
-1.000127935209213170e+00
3.989018093170645374e-01
9.999309694158561301e-01
3.971727968457113289e-01
1.001276366628142261e-01
4.015536631046072724e-01
-6.000070821844860625e-01
4.015507608882922241e-01
-3.120482739363212854e-01
4.099128037998029939e-01
9.998601291911883848e-01
9.999492995269257944e-01
1.000188646795907854e-01
1.944343661839424697e-01
4.082799075503000807e-01
-8.011595031075527951e-01
1.000015334911166093e-01
1.000022318764947071e+00
1.000154381671776616e+00
-1.000110680975126121e+00
-6.002019278262528124e-01
4.110433050767175467e-01
-2.424404206458852587e-02
4.122442920717836468e-01
9.990106387390465525e-02
4.014019231438393787e-01
1.128612119238947380e-02
-2.933279998104658670e-01
-5.999374283813393438e-01
1.985886231123097367e-01
9.998610039198568833e-01
-1.000162113351275250e+00
-8.027772310566193559e-01
1.000014719990771406e+00
4.042160628581907833e-01
-6.001257953060700201e-01
1.002116246228102470e-01
-1.075955781334957256e-01
-3.414287438883850112e-01
-8.052259609729440770e-01
2.035370011449069705e-01
1.001153726294498614e-01
1.000210461226306302e+00
2.019241826962595299e-01
2.075159021704592321e-01
-3.403565614127768146e-01
-9.998884337933996447e-01
4.762288651108176341e-02
3.951292187252937738e-01
-8.261121227457937088e-01
2.081741745421787637e-01
9.999984725122588181e-01
-7.978610867519345673e-01
-5.999090902762265198e-01
-9.998821849905669135e-01
-3.094088429227043191e-02
-3.597690294958230117e-01
-6.000151020028824389e-01
4.713075707724931340e-02
2.057610588381343364e-01
-9.999618458817404187e-01
1.000004031479724054e+00
-7.854374070359309012e-01
3.965744631173186430e-01
-3.530133212708773671e-01
9.999666777222093739e-01
-9.999370691410315315e-01
1.835759798659008027e-02
2.109195376448646242e-01
9.999295469260953417e-02
-7.985236385058094299e-01
-3.401017719593147914e-01
-6.125574059944032673e-02
-2.792765865349070009e-01
1.935452993646338271e-01
4.797982605668332096e-02
-5.999047804079321589e-01
-6.001028289023772055e-01
3.925903314392424348e-01
1.000082862472664758e+00
9.988446494512086271e-02
-2.904615815087713826e-01
2.025243256986980767e-01
1.000036693134994104e-01
9.983163154088160740e-02
-7.845426849684949966e-01
-6.000545045560847779e-01
-5.999422079691922871e-01
1.000129566204694509e+00
-6.001010549594185672e-01
-5.998264173354056483e-01
9.999497031902612187e-01
2.010895366934307149e-01
-8.186030373260030357e-01
3.796128323726881693e-01
-4.301505475742665313e-02
2.251770912524093116e-01
-8.078100100089216085e-01
-9.999016385026819886e-01
-7.868072555462110040e-01
-1.000004649229466525e+00
9.997847338320446919e-01
9.999956377233755189e-01
-8.031483138283544987e-01
-2.639616984282766032e-01
2.543136156795164013e-02
-8.037514281348552281e-01
1.000050110228650091e+00
-5.997593930811917495e-01
9.985638273315547431e-02
-1.000173581379353083e+00
3.963302313709346492e-01
1.906053474321559027e-01
9.999739050618046132e-01
-5.999132510980150768e-01
-6.001222269891514083e-01
-1.505301003638358781e-01
9.999351474189273059e-01
1.000260392536076737e-01
9.999181753393461269e-01
1.000075494477868476e+00
-1.000082068917465428e+00
4.002475815324614272e-01
9.999397285485497888e-02
4.131015309420877357e-01
9.987126421786111929e-02
-1.302726473016415504e-02
2.970017004922109738e-02
2.085290789976387560e-01
4.128835533062929497e-01
-8.031358189500922284e-01
-5.998660822342491983e-01
3.914960601567248899e-01
9.999809982221768978e-01
1.122487900533181496e-02
-8.000511387128056429e-01
3.895265391261967802e-01
7.596577767580104323e-05
2.079636338716502608e-01
-9.998815743063008687e-01
-3.316602719440028268e-01
4.016805853919803160e-01
2.067135215843084461e-01
1.427023859803562382e-02
9.999011025251699492e-01
9.998982009851662411e-01
9.998908064867897405e-01
9.990700901076193796e-02
5.891922504931840221e-03
-1.000012132302682266e+00
-3.021303345640782290e-01
-2.725192954670052070e-01
1.000032797637364856e+00
-8.151774671037677056e-01
-7.988706844189770173e-01
-6.000403634278698162e-01
-3.274456380309688774e-01
-1.000077462906619585e+00
1.940102414779970030e-01
9.990287027213928805e-02
-6.000891510322492461e-01
2.137599257019701451e-02
1.000163272751730226e+00
2.102949085341394020e-01
2.164136629976990134e-01
-4.542211385022038028e-02
-3.249713132625052237e-01
-2.938019139663454182e-01
-2.766201789593543681e-01
4.117063264412058055e-01
-2.390053770743153505e-01
9.999845206027744293e-01
9.999744071360305853e-01
-9.990183459954849951e-03
1.990438699835752057e-01
1.727640710815821490e-01
-3.059987505441753852e-02
-2.962184220716732042e-01
-5.999741371141412705e-01
-1.000035799850602647e+00
1.977297309938671199e-01
-4.483844412109312672e-02
