-6.001426373391091085e-01
-5.997001024281323200e-01
1.000037887797029512e+00
-1.417513564346069115e-02
-1.000014845360803983e+00
-7.993028981684152656e-01
-5.999736918992545354e-01
2.435674072631494047e-02
-8.152232894425609500e-01
-2.906763553275650280e-01
1.000478682919489076e-01
-1.000039500004089810e+00
1.861545112272289249e-01
1.472920616175622810e-01
2.083650115157840710e-01
3.976058715513493547e-01
5.107207515489464028e-02
-1.000012687369874920e+00
1.844174374933711391e-01
3.769286767197494933e-03
3.959944804070246738e-01
4.009198055636036817e-01
-3.894671496942720967e-01
-8.138056128106312404e-01
-1.000032878853863050e+00
4.013639617418415240e-01
-3.331103907802806519e-01
-6.000035574792409454e-01
-2.555671775056691519e-01
9.991358692747025205e-02
-1.000093891154332448e+00
-7.921716771861444517e-01
-8.003261438258788552e-01
-1.000020222293718453e+00
-1.888565999830481637e-02
1.000074399967634253e+00
-1.000126246721634082e+00
9.999250661835318299e-01
3.798410510299584653e-01
-5.999896412883467534e-01
9.999850745464285984e-01
-7.873220888123598771e-01
-3.083990611294354922e-01
1.000258852238295054e-01
-2.424431114935598763e-01
4.076923045720350913e-01
9.984657543170762095e-02
1.002266486904341003e-01
1.000571882510578603e-01
1.851385211147119625e-01
-9.999049584040237137e-01
-8.017756888919809199e-01
4.081970994229940919e-01
3.988352315768536882e-01
-2.924975936273796484e-01
-1.000065525703142333e+00
-8.071203064045086029e-01
4.123347802395647688e-01
4.619134850095323735e-02
-9.999978814443224451e-01
-5.585201403498948891e-02
4.014938035479066469e-01
-9.999753858117683691e-01
-3.227076980235686898e-01
-1.000033032380057474e+00
1.000917637268738947e-01
-1.000213998099097168e+00
9.560082236241426940e-04
-8.067166039533699706e-01
3.972212520971191707e-01
-5.998304924253156090e-01
-3.079423508803503240e-01
9.983558630306864357e-02
-5.024237943634163837e-03
2.066789313978084353e-01
9.980762629748517190e-02
2.024645299890287242e-01
9.999057772247665898e-01
7.948943508774902744e-02
-7.993150166882558860e-01
4.032331149057305497e-01
4.006332790109766728e-01
2.134562090702136761e-01
2.005697138540167013e-01
9.999749699671206526e-01
3.845340729970371796e-01
-1.000179821718188533e+00
-6.002283756066476572e-01
-1.000017126942345902e+00
-3.462131357635173101e-02
-9.998698628415689793e-01
1.000236137212084792e-01
9.992669099884507466e-02
-5.998180274851900862e-01
-7.769236428458230204e-02
-7.931963387233276208e-01
-7.985910895389056741e-01
-2.907260472723359190e-01
4.032389943413460798e-01
-3.598758492578926771e-01
4.041766571927883911e-01
-8.065123817672174011e-01
-3.013296777312728936e-01
1.000397846512101618e-01
1.001217381723825267e-01
9.999548411932143166e-01
-5.769134278525982207e-03
4.093889135914242638e-01
1.000013069417373668e-01
-3.419592836550499060e-01
1.982805655016209867e-01
-3.873096773815467575e-01
-6.001380695032989543e-01
1.000098231562879025e+00
3.949912928453993555e-01
2.042488668283286291e-01
1.000383754010720216e-01
9.998443103564939038e-01
-1.000025054274233272e+00
3.838814411251147973e-01
9.999124090315921753e-01
3.954411911167951543e-01
9.996488402479203339e-02
4.018949130356084809e-01
-5.999732965245861971e-01
3.924095713486432380e-01
-2.455652770293451637e-01
3.990932631448167456e-01
9.999388573313290340e-01
9.998773393436640733e-01
9.998137648485413975e-02
1.824385294675071045e-01
4.094814915000896116e-01
-7.802792035781245250e-01
9.976422263487562392e-02
9.998508016465315063e-01
9.998768822606343143e-01
-9.999185088392191778e-01
-5.999148736964176054e-01
3.750202813553313308e-01
-5.695725713440287497e-02
3.920206932260187904e-01
9.991796495935523215e-02
4.034220898487269058e-01
1.761040794345262658e-02
-3.773537144103457086e-01
-5.998936834670517415e-01
1.832440501268270960e-01
9.999897410347899918e-01
-1.000054032404871895e+00
-7.942228919631342254e-01
1.000030624335045859e+00
3.989939312367911106e-01
-6.000479923645052338e-01
1.000512780105558830e-01
4.045802939828763156e-02
-2.553766255121920903e-01
-8.034808772367965091e-01
1.733048167175242071e-01
9.987200848998618874e-02
9.999724601669135460e-01
1.798737973692096925e-01
1.998750846978284978e-01
-3.048566797118126837e-01
-1.000110554600640134e+00
4.299868912875670635e-02
4.116306473041841385e-01
-8.039851785738250101e-01
1.844621706858837473e-01
9.999517795087119465e-01
-7.985286070030829242e-01
-6.000178266221610768e-01
-1.000031713154291069e+00
1.647223768953627251e-02
-2.746719499854701207e-01
-6.002069748389134984e-01
3.382656515148416143e-02
2.042168914962129433e-01
-1.000158123258073850e+00
1.000167211007562340e+00
-8.204431065642245891e-01
4.012377685798850235e-01
-3.609785386757052850e-01
9.999527197237725318e-01
-1.000011307226657209e+00
3.172221582849998195e-02
2.207037164348652769e-01
1.001254077150498939e-01
-8.246623476791908880e-01
-2.602664405966896299e-01
-4.919495528306853244e-02
-2.559194264163026089e-01
1.993362021894407032e-01
5.378241902239588867e-02
-5.999640210670756924e-01
-5.999171428293587072e-01
4.058486502370622362e-01
1.000089661104871297e+00
9.996580973959515171e-02
-2.769672888844839642e-01
1.988534286736537426e-01
9.982835346684541811e-02
9.991487342176072484e-02
-7.987518355846711104e-01
-5.999033123995816119e-01
-6.001115928982602155e-01
1.000022539556910228e+00
-5.999543467391673657e-01
-5.998678085505160240e-01
1.000139468715660396e+00
1.846605141043021758e-01
-7.881701604732914701e-01
4.071132341321739845e-01
6.998693032275109249e-02
2.092630423677283302e-01
-8.078801819149031838e-01
-1.000221523198374207e+00
-8.164753302629093046e-01
-9.999835438179249802e-01
1.000046057491734475e+00
1.000005050495690551e+00
-8.012977068971608441e-01
-3.184562964043021749e-01
-7.105504089868090734e-02
-7.881044912970934790e-01
9.999469810382962676e-01
-5.999500137643534181e-01
9.994749668851404811e-02
-1.000018869406534616e+00
3.923341628949117976e-01
1.924488431244009146e-01
1.000021351285373949e+00
-6.001867406146682571e-01
-6.001268352596612621e-01
-3.440406951319502915e-01
9.999749292102028120e-01
1.000324115113363360e-01
9.998537576046471198e-01
9.999384925579563044e-01
-9.999564644513350142e-01
3.942523150144608968e-01
1.000533404786526359e-01
4.201022974669169630e-01
9.988158748767078654e-02
-5.711239510449648421e-02
1.892764406676815392e-02
1.939594669286145989e-01
3.847828356436574504e-01
-7.864920292298531734e-01
-6.000388914817900154e-01
3.941305049209101741e-01
1.000083127636000935e+00
-5.709861927163947803e-02
-7.959228226451936505e-01
3.987844441199509538e-01
-3.225712857780168013e-03
2.193537993684519793e-01
-1.000009431917458613e+00
-2.755472611612458933e-01
3.949420587336549548e-01
1.940874026093254434e-01
2.914492656545263766e-03
1.000037817765160542e+00
1.000071133509924604e+00
9.998922880299581095e-01
1.002310029878001885e-01
4.458058195392063106e-02
-1.000032509102930955e+00
-2.570052234110241085e-01
-3.483837701079118832e-01
9.999671104553857770e-01
-7.960799460563884322e-01
-7.939497986568492260e-01
-6.000282669883022502e-01
-2.437198634950788478e-01
-1.000013159700525955e+00
2.177823308075736986e-01
1.001519900768030463e-01
-6.000523346913334555e-01
4.940424071716545407e-02
9.999497090512324826e-01
1.996090085902597067e-01
1.877559882669063707e-01
8.808263651825264107e-02
-2.557398459086200337e-01
-3.324713554619658229e-01
-2.867919702914573654e-01
3.867509882008198785e-01
-3.073107194719239543e-01
1.000085061232090844e+00
9.999869901996026877e-01
-1.042778395538698603e-02
1.932429448308380926e-01
2.037332830991658017e-01
3.091897343460600286e-02
-2.213696996578566056e-01
-6.000627889120682124e-01
-1.000094583649215885e+00
2.078819564176020152e-01
1.077607463099728990e-01
