-6.000313740127786177e-01
-6.000380488059718909e-01
9.999460411670396676e-01
-8.596726105223331804e-02
-1.000044874226891922e+00
-7.976398376112543431e-01
-5.997980654276053869e-01
-2.078555520576216148e-02
-8.113422152752748362e-01
-3.721275138262275517e-01
1.000782667588500929e-01
-9.999897474981543910e-01
1.898337953951686752e-01
-4.112152057958740753e-02
1.851246628310475595e-01
3.970648362387850794e-01
4.647262611351371531e-02
-9.999509695474622095e-01
1.990387896510522614e-01
9.637363115814069625e-02
3.933456331145672169e-01
4.062337504865907722e-01
-3.486028924172409615e-01
-8.038465590671802774e-01
-9.999351426450597824e-01
3.906728602387443128e-01
-3.539895847020349540e-01
-5.999664393673477258e-01
-2.983818992041794016e-01
9.993997234579837796e-02
-9.999393316653211183e-01
-8.055186425870175526e-01
-8.022824203932240605e-01
-1.000070619365532654e+00
5.856760839887608511e-02
9.998208493351473658e-01
-9.999870310385217120e-01
9.998867933255631835e-01
4.195365632349009055e-01
-5.999607644279829621e-01
1.000217957201860797e+00
-8.059544809884594541e-01
-2.653418269082474246e-01
9.999492294507063284e-02
-2.795306308623290992e-01
4.036814672504527857e-01
1.001606432774916206e-01
9.977043880074720761e-02
9.992168697095298036e-02
1.998877887755447225e-01
-1.000029822544811653e+00
-8.031256329917886294e-01
3.989580593965545985e-01
4.057384921813963485e-01
-2.801447479489646564e-01
-1.000095092464090119e+00
-7.981489010050034638e-01
4.031917425420399881e-01
1.009282225979103546e-02
-9.997790828262012042e-01
4.536097793960159469e-02
4.035727196525765725e-01
-1.000033754523329987e+00
-2.993005950338828991e-01
-1.000059442306842517e+00
1.000558397068953415e-01
-9.999907886675770685e-01
-6.872018262974594061e-02
-8.103546183240114553e-01
4.031024494198521269e-01
-6.001587755917606737e-01
-1.902232166124850354e-01
1.002051441567031187e-01
7.178340834906411783e-02
2.059132905070764075e-01
9.994905645756889390e-02
1.904639769438870311e-01
9.998671423108164147e-01
-5.479080634656483678e-02
-7.823701246529887188e-01
3.929742762146547497e-01
4.027913244114340041e-01
2.109097066711982382e-01
2.150984144837647383e-01
9.998935699858909620e-01
4.039223552501772230e-01
-9.999913854705461125e-01
-6.000464415958638442e-01
-9.999907834300583165e-01
-2.172962227200576218e-02
-9.998719362582390024e-01
9.999335491498267947e-02
9.998514003850857146e-02
-5.999709458483923896e-01
6.383620600753864630e-03
-8.038290738616858944e-01
-7.908473329790832729e-01
-2.684034466225743709e-01
4.009639889524691525e-01
-3.230305014327783941e-01
3.740953845088533236e-01
-7.876685888831854720e-01
-2.707476328846034619e-01
1.002654973800130717e-01
9.993230807273059679e-02
9.997861485619278232e-01
-3.067951289241396817e-02
3.942248719274453195e-01
9.980483253385809272e-02
-2.417032942765198755e-01
2.197978661347862184e-01
-2.770204790226276081e-01
-5.999826308701428079e-01
1.000320484149192168e+00
4.040036982957006528e-01
2.232872659533750859e-01
1.000013721677406320e-01
9.999080391205384943e-01
-9.999530921826046415e-01
3.993300488718656838e-01
9.999284595227020400e-01
4.079498838498604174e-01
1.000394248419141652e-01
4.171122900862676564e-01
-6.000025658822328856e-01
4.135335851216179193e-01
-3.233275903525271167e-01
4.040891214926099484e-01
9.998443400893393118e-01
1.000104731951052095e+00
9.983129260026826768e-02
2.041276828131047549e-01
4.079595240372765330e-01
-8.080222543905992705e-01
9.989338702191533081e-02
9.998121713944101430e-01
9.999623599468311363e-01
-9.999885838954560846e-01
-6.000429321540075023e-01
4.215531197302359034e-01
-6.063226474738493861e-03
4.055329434128273625e-01
9.998390722768442374e-02
4.135868916219626046e-01
-1.527725272951199580e-02
-3.273606481073414454e-01
-6.000783748375743132e-01
2.055182970798899444e-01
1.000045053037680765e+00
-9.997966695700702955e-01
-7.963552371060721446e-01
1.000113500335559236e+00
3.876826598555036529e-01
-5.998724163199752324e-01
9.992797855479958191e-02
-4.650831167698615126e-02
-3.119514708759811850e-01
-7.951002302007005307e-01
2.017181310337079203e-01
1.000505617306778061e-01
9.999970401891383753e-01
2.125099614925276548e-01
1.944122291372727684e-01
-3.608890479479264224e-01
-1.000049818884793495e+00
-1.705103760271513974e-02
3.851044822856594663e-01
-8.115851908153898231e-01
1.876066875935902822e-01
9.999730259591578241e-01
-8.011637444900737703e-01
-5.999651206375465895e-01
-9.999689607508258637e-01
-6.273062337446619514e-03
-2.878281198190346113e-01
-5.999439873057805794e-01
4.083948510668470450e-02
1.864869108756163907e-01
-1.000105927729314503e+00
9.999301738506188864e-01
-7.943027113214525814e-01
4.051278673264449015e-01
-3.074760635481237347e-01
9.999825303716398661e-01
-1.000011690546805720e+00
-3.169012008537540337e-02
2.017649175799557382e-01
9.982235594334658291e-02
-7.915882386025613338e-01
-3.369967665826608672e-01
-3.174561966793845030e-02
-1.897987319036736897e-01
1.946676798364270766e-01
-4.523395995370667333e-02
-5.998854667507212968e-01
-6.001915338115401122e-01
3.865365531529856291e-01
9.999098305785563134e-01
1.000870847074805253e-01
-1.623672122973182919e-01
1.911970111007179063e-01
1.001109021559751372e-01
9.998203076210933349e-02
-8.071123789566194695e-01
-5.999237651164387453e-01
-6.001170091483851721e-01
1.000108829661961574e+00
-5.998160314948952632e-01
-5.999570411442478601e-01
1.000074444597978562e+00
2.096254262571700666e-01
-8.013421890811165405e-01
4.178740166195365480e-01
-6.787794055761613154e-02
2.268514758104943907e-01
-8.114967494760827460e-01
-1.000065834561727263e+00
-8.133172084817290592e-01
-9.999223297756574258e-01
1.000032800432993252e+00
1.000034928276672064e+00
-8.055440922163628059e-01
-2.531858227122493754e-01
-6.988727198506448912e-02
-8.052243823921779731e-01
9.999181355353906619e-01
-6.000523771867261047e-01
1.002183900786117743e-01
-1.000022439061738710e+00
4.007136034036534178e-01
2.018403894417013511e-01
1.000014064609109132e+00
-6.000147406318062648e-01
-6.000030741078533625e-01
-3.029531665700379572e-01
1.000191847516685995e+00
1.000256275920071991e-01
9.999888059679304941e-01
1.000192468290262093e+00
-1.000167174686686256e+00
4.079692693601127962e-01
1.001136636588574463e-01
4.081355230010457191e-01
1.000634358633911009e-01
2.804956727441936318e-02
-8.747021550302824799e-02
2.033845251324441217e-01
4.072835099770746869e-01
-7.858553884136750822e-01
-6.000274169026151849e-01
4.023606078316852019e-01
9.998576116163410132e-01
9.440125842843215959e-03
-8.093474731639153097e-01
3.936312144242277156e-01
-7.254717515676483222e-03
1.981858557040268309e-01
-1.000151386594069436e+00
-2.438785603363170795e-01
4.062331650743341571e-01
2.057815928834536845e-01
4.566791596893542832e-02
9.998546381069577382e-01
1.000082849928872308e+00
1.000002993776989424e+00
1.000627061233783643e-01
-8.166982552883267354e-02
-9.998188267552930997e-01
-3.886412304931967654e-01
-4.056944386253957813e-01
9.999657755204213183e-01
-8.092632415161036263e-01
-7.949035632594815270e-01
-6.001349387873560204e-01
-3.238389482920667195e-01
-9.999778790244946425e-01
2.035252481306808747e-01
1.002356439885816047e-01
-5.999750798265178764e-01
-2.177329686850454533e-03
1.000081840506617414e+00
2.119011917900693320e-01
1.923999024704702299e-01
4.795978988424377289e-03
-2.384560547053607704e-01
-2.720531403007224736e-01
-1.720568160050537643e-01
4.031112805912023811e-01
-2.420865510611569793e-01
1.000029784185216375e+00
1.000005954036821354e+00
1.294676545880963647e-01
1.956077748551350026e-01
1.982752156838691049e-01
-3.912565603232066175e-02
-3.202880727223452739e-01
-5.999770692649543102e-01
-1.000047577031151658e+00
2.168306081817408804e-01
-7.820579575759858959e-02
