-5.999047262114031165e-01
-6.001693348833332387e-01
9.999166484678334577e-01
-8.920992797208588190e-03
-1.000029987736792858e+00
-8.016401030093678326e-01
-6.000380261108516633e-01
-3.655538451938247085e-02
-7.825743224914213370e-01
-2.789142203551953081e-01
9.986000790207023858e-02
-1.000213977024726697e+00
1.972044862518122221e-01
-5.979856106161601098e-02
1.891417895910415536e-01
3.927223245787070938e-01
1.128186416130410284e-02
-1.000025115922960062e+00
2.027317765611150735e-01
-2.377843645821818910e-02
4.026070633620386086e-01
3.852150736037185941e-01
-2.706406150010261524e-01
-7.970499086484618134e-01
-1.000265210906738700e+00
4.051963703383146265e-01
-4.290581201679841139e-01
-6.000616784402736936e-01
-2.652733032050608175e-01
9.987157319080700035e-02
-1.000180991330512414e+00
-7.885566266935628565e-01
-8.133231265892260087e-01
-1.000050233623298812e+00
4.102819857388542019e-02
9.999108996798449223e-01
-9.997756928201118054e-01
9.998745617996580570e-01
3.936547789486697924e-01
-6.000374241296234645e-01
9.999216494732807714e-01
-8.027497307196521659e-01
-2.922827411370418904e-01
1.000064866507534289e-01
-3.050234496512628235e-01
4.047358298946899802e-01
9.985888516212532151e-02
9.982736965224003889e-02
9.991976305349231646e-02
1.987642099572505816e-01
-1.000116689530329284e+00
-8.194302256999795864e-01
4.104922654898575107e-01
3.908436529106331658e-01
-1.973703754236968422e-01
-1.000099389376478687e+00
-7.914852385377638688e-01
4.016709471457624026e-01
9.424559338963868146e-03
-1.000029614611453344e+00
2.930696940427669067e-02
3.832308002552514137e-01
-9.997957263717580645e-01
-3.700065693134889089e-01
-9.998291542838395607e-01
1.000325645908913680e-01
-1.000123552709955455e+00
2.039811536524820459e-02
-7.850379235054409932e-01
3.907562160302400778e-01
-6.000826247185273576e-01
-3.516458998025143168e-01
9.994413115299116690e-02
1.872539152950950317e-02
2.066845145878675460e-01
1.000015272407879102e-01
2.090061094303967693e-01
9.999575939398944735e-01
-3.055253279758703144e-02
-7.797743660888402095e-01
4.077795464349587840e-01
3.753592549341139284e-01
1.971726003452107523e-01
1.995383709087359958e-01
9.998521793048111839e-01
4.065622889251175875e-01
-9.999709263792087022e-01
-5.999556293047362265e-01
-9.999365363190684253e-01
1.547050520469709506e-02
-9.999025467792067579e-01
1.000281958641183466e-01
1.000260689096646310e-01
-5.999771741170273343e-01
-1.679026697084946493e-02
-8.015138166469084613e-01
-7.993641194719766085e-01
-3.659842344699528738e-01
4.071308010758176166e-01
-2.781749910486365773e-01
4.004594358546856303e-01
-7.989196966110142517e-01
-2.616742085085176361e-01
1.001392864830944196e-01
1.000320503552702828e-01
1.000103664859478103e+00
-9.991252322599561420e-02
3.857253365774175879e-01
9.989546588310939390e-02
-3.008259670984674838e-01
2.148318677903227891e-01
-3.336206978031231452e-01
-6.000477765671043962e-01
9.999578384020539890e-01
3.976953170069512655e-01
2.012412853483905861e-01
9.982318573714372978e-02
9.999427260309321497e-01
-9.999683597551712877e-01
3.738360257234054629e-01
1.000089552341651089e+00
4.069961063277581781e-01
9.999397716464816788e-02
3.844139784937282700e-01
-5.998624934514921181e-01
4.019054088358090526e-01
-3.103807413221753575e-01
3.969853458884640141e-01
9.997629245142621857e-01
9.999641550883308083e-01
9.984053775972985545e-02
1.950359914499950331e-01
4.164548329948156713e-01
-8.127764780772053221e-01
9.999240397845926553e-02
9.997852449142620168e-01
9.998340430811949453e-01
-9.999451469880737964e-01
-5.999597767673261473e-01
4.002422919681762892e-01
5.884965984782254689e-03
4.152414786158308280e-01
9.986278940662485226e-02
3.924757886436283094e-01
2.122453864203482227e-02
-3.376068003384098959e-01
-5.997661942742207319e-01
2.008532857281186690e-01
1.000005654108339526e+00
-1.000112833130688772e+00
-8.013610439751884806e-01
9.999916179199141997e-01
4.135891526881355640e-01
-6.000561494523455330e-01
9.997153457316729219e-02
4.540171092975045508e-02
-2.252630953808970882e-01
-7.983685737443514396e-01
1.957216984828234752e-01
1.000244015424998772e-01
9.998878757436994169e-01
2.128037669454358460e-01
2.189681466994047865e-01
-2.961764486850532174e-01
-1.000050128692299145e+00
-3.647045548824956462e-02
4.014567042503952021e-01
-8.087640074162895099e-01
2.013921108300545382e-01
9.999792078683423791e-01
-7.867589949209607969e-01
-6.000065350179628609e-01
-9.999538585826970305e-01
7.075312358789619116e-02
-2.850522924572529981e-01
-5.999775153695607877e-01
4.358950474326279273e-02
2.051092643630768875e-01
-1.000024323290639172e+00
9.998101513990068634e-01
-7.961177620598660631e-01
3.930512424690616458e-01
-3.650632550262478127e-01
1.000051142735465914e+00
-1.000201848383125869e+00
1.009878471387210680e-02
2.044978940155297020e-01
1.000590217544288785e-01
-8.121478244288973247e-01
-4.032955636668945076e-01
-1.094291205373925865e-02
-3.310326724519345731e-01
2.021945613330452807e-01
6.645754249943838787e-02
-5.998705123468720535e-01
-6.000378552004211885e-01
3.786276740370713156e-01
9.998413733446854801e-01
1.000108799452821551e-01
-3.395524207989085719e-01
2.049982285202533727e-01
1.000708138099960648e-01
9.997548777401851772e-02
-7.849360441497548191e-01
-5.999628119591957631e-01
-5.999576045687724513e-01
9.998996950049293675e-01
-6.001037592802164200e-01
-5.999966078372889200e-01
1.000061025112511048e+00
2.171185993977645390e-01
-8.060779674679097173e-01
3.983489217150602002e-01
-4.003037464602186889e-04
1.928248346799416313e-01
-7.919411647184831926e-01
-1.000024521213105144e+00
-8.051712448374511721e-01
-1.000020517309095913e+00
9.999238608248381954e-01
9.999570288446577582e-01
-7.732087357990802268e-01
-3.314950101600454557e-01
-2.257567069838517515e-02
-8.062969820720693459e-01
9.997830779836662796e-01
-5.999514229169981006e-01
9.990598658096315476e-02
-9.999218313361399879e-01
3.980961685335503986e-01
1.983537961577428732e-01
1.000043340192276142e+00
-5.998931522670185590e-01
-6.000466060845675020e-01
-2.839246670427123531e-01
1.000084432883141528e+00
1.000147860878454475e-01
9.999901287917953852e-01
1.000073377915429607e+00
-9.999960032862311721e-01
3.973901502661902896e-01
1.000673524799758629e-01
3.996126878291235696e-01
9.997068139101278339e-02
2.543879226118328507e-02
1.522637547229651611e-01
1.857277698695988244e-01
3.973653854379016193e-01
-8.001408213294973759e-01
-5.999570003088185999e-01
4.046118977304642983e-01
9.999410308945565484e-01
2.814403218865644402e-02
-7.948956621929125221e-01
4.004150864423614009e-01
4.984065888522701271e-02
1.947788644514672762e-01
-9.998285309535703824e-01
-2.377730410112574577e-01
3.911363602184171895e-01
2.114099300017404648e-01
3.320942318230098167e-02
1.000029147466763302e+00
9.999940781114856625e-01
1.000091955685080469e+00
1.000319404155269876e-01
2.636265306162405980e-02
-9.998735383722638925e-01
-3.296410424129173622e-01
-2.890062193526997669e-01
1.000016581169540508e+00
-7.898074077217435152e-01
-7.702794256588728627e-01
-6.001808181717968038e-01
-3.221972034525723005e-01
-9.999436689025555935e-01
2.087515495031549706e-01
9.986215677544443836e-02
-5.999577591907524488e-01
4.432904926939078109e-03
1.000192730279032327e+00
1.950309374192033818e-01
2.197050856296158816e-01
6.986969480800449273e-02
-2.714130242854022601e-01
-2.628199434077054253e-01
-2.835273365604009110e-01
3.909460560431757825e-01
-3.449922587743072810e-01
1.000053116990088364e+00
1.000095973482507006e+00
2.431543275633044066e-02
1.902398931793388426e-01
2.036243837010128233e-01
-4.284995546198180211e-02
-2.930047300257817566e-01
-6.000709944398797679e-01
-1.000144661370315324e+00
1.920309945911663208e-01
-5.336241916128411922e-02
