-5.999523544550701137e-01
-5.998968170390761578e-01
9.999524327444728744e-01
6.796267726632219952e-02
-9.998114105700247611e-01
-8.009351814679762649e-01
-6.001585438671004358e-01
-2.277825517072655341e-03
-8.004814528591436273e-01
-3.027559374383266277e-01
9.997207022266278720e-02
-9.998328864656783610e-01
2.030487645367493876e-01
-4.605392176292619211e-02
2.115964467562442275e-01
3.856648765011354008e-01
1.164996770304291968e-02
-9.999449038025225445e-01
1.883783574977277442e-01
-2.688785673581775212e-02
4.049936546142200444e-01
4.000112163682306710e-01
-2.432226646097613854e-01
-8.126210950073889938e-01
-9.998767293587690341e-01
4.145942071025359166e-01
-3.214577692285316424e-01
-5.998150960416556154e-01
-3.263781386754883718e-01
9.991310402321762485e-02
-9.999221330567691357e-01
-8.034182092913295659e-01
-7.968844673113703037e-01
-1.000086748291393324e+00
3.630917203153279788e-02
1.000250953311117907e+00
-9.998724689629635565e-01
1.000119899774184917e+00
4.059308379946354184e-01
-6.000889654163952258e-01
1.000043328635716211e+00
-7.884940176783755694e-01
-3.610802666726116716e-01
1.000694254309055786e-01
-3.326801067849844418e-01
4.051447720378912876e-01
9.987695816945246774e-02
9.978251870323763539e-02
1.001308095009290355e-01
2.087109785745908941e-01
-1.000095470601551240e+00
-7.921890248213159236e-01
3.945240817479828688e-01
4.062802140309507704e-01
-2.875468290060910759e-01
-1.000123381090235464e+00
-8.027303993302888907e-01
3.896961437958982866e-01
8.104233330566168458e-02
-9.998050071263296923e-01
-9.573662659146926421e-03
4.117252389655709499e-01
-1.000045221015489316e+00
-2.578637094915819938e-01
-9.999154036219296549e-01
1.000246269516221059e-01
-1.000063900782653281e+00
-5.310454084458613583e-02
-8.032405195950662602e-01
4.101931004151021520e-01
-5.998304960524007967e-01
-3.142761419866154649e-01
1.000665410893619295e-01
5.916237458491021596e-03
1.793193787068468326e-01
9.984766888015354780e-02
2.026098214114503138e-01
9.999835204001201738e-01
5.594017465246024605e-03
-7.974349816866481699e-01
3.820336754731805118e-01
4.198436534285569510e-01
2.161853456050182587e-01
2.042967022184936365e-01
9.999276691146350426e-01
4.154494571182223428e-01
-9.999189947737082695e-01
-6.001301751016185904e-01
-9.998617283103794495e-01
-1.190669215111119644e-02
-9.999460667299587824e-01
9.988288414533721959e-02
1.000758926568139501e-01
-5.999721148674256321e-01
2.689166130497864377e-02
-7.954775437158408957e-01
-8.093085201514857996e-01
-2.778608201597331240e-01
4.175474113158788581e-01
-1.951591144234873787e-01
3.900955945532680325e-01
-8.121255054207194846e-01
-3.187845381379901255e-01
1.001655374055161474e-01
1.000408423111524558e-01
9.999897719333360468e-01
8.205603488840923498e-02
3.909553317750724122e-01
9.997942141776401670e-02
-3.186305384114948569e-01
1.948255312867307187e-01
-2.924778437627707506e-01
-6.000631522513546479e-01
9.999855185227072285e-01
3.934609135660376289e-01
2.082814651665130801e-01
9.999648089779158977e-02
9.999429428325770086e-01
-9.999478215680499549e-01
3.964870959155337715e-01
1.000083784831850231e+00
4.021256621333289538e-01
1.001722686888246033e-01
4.019955136826081077e-01
-5.999135712176012492e-01
4.102839924096342572e-01
-2.539915798711118167e-01
4.105057205127599085e-01
9.999147252567794908e-01
1.000156058646309187e+00
9.995926141150626720e-02
2.310004218945778398e-01
4.038800137367194454e-01
-7.968085072729694796e-01
1.000745652444046813e-01
9.999620542024325598e-01
1.000139047537040415e+00
-9.999843410403181920e-01
-6.001802656268235836e-01
3.992364307967584125e-01
-1.413159971322447764e-02
3.930796783056788590e-01
9.990321439685789784e-02
4.013155397706823502e-01
1.432970780582288987e-02
-3.555186952446043325e-01
-6.000336616729908812e-01
2.068583446597861975e-01
9.999851076762935609e-01
-1.000053754410475282e+00
-7.919077761476092103e-01
1.000073789825403958e+00
3.923217705749822426e-01
-6.000968198145461008e-01
9.993686511603241951e-02
3.940633563498948527e-02
-3.051098241676448164e-01
-8.028123393767019333e-01
2.073001845918298336e-01
9.999739992706165037e-02
9.999584279220756766e-01
2.043386946386507030e-01
1.892807215418949029e-01
-1.455264734928541914e-01
-1.000174526634333816e+00
2.829950210425554932e-02
4.074570358808911608e-01
-8.097183874001302462e-01
2.159795567589911092e-01
9.999155740525894620e-01
-8.020022796869766823e-01
-5.999343803725272206e-01
-9.999136982590887124e-01
-1.026536067743182186e-02
-3.173672894761264685e-01
-5.999820980174085383e-01
-4.853100462142989624e-02
1.856518151037923336e-01
-1.000030458377551001e+00
1.000045741692735080e+00
-7.963641012399942376e-01
4.067720228415538375e-01
-3.261940271756199050e-01
1.000034268014081240e+00
-1.000073213321730048e+00
-3.738301704051575150e-03
2.083653366685375430e-01
1.000847315958233591e-01
-7.943437977828451402e-01
-3.811328633298429747e-01
-2.527826081206586278e-02
-2.543384640169233935e-01
2.102123696644029593e-01
-1.483921051265603116e-03
-5.998989421221297969e-01
-5.999431610862634434e-01
4.246368994635446037e-01
9.999586270671207977e-01
1.000809177862909127e-01
-3.265397652278789753e-01
2.153180725535424334e-01
9.990744446200594542e-02
1.001075006774496540e-01
-7.969707514897302891e-01
-6.000237883726441401e-01
-5.999122597659173328e-01
1.000018527297532378e+00
-5.999741353737533256e-01
-6.000484383847138892e-01
1.000017472817253728e+00
1.857272972874623451e-01
-7.981121939444603131e-01
3.913794391469338496e-01
-1.382644207047738043e-02
1.970346474597032549e-01
-8.008128416273891936e-01
-1.000077423600843840e+00
-8.065506218791380633e-01
-9.999788913218641273e-01
1.000035230299199496e+00
9.999987816310744737e-01
-8.036663879131551447e-01
-2.507267245481261675e-01
-1.269501710243120529e-02
-7.944445348820287078e-01
1.000122870034240830e+00
-6.000456563191469694e-01
9.990253896500958519e-02
-1.000223874502630617e+00
3.963218213778066934e-01
2.061541632440485050e-01
1.000117256535252519e+00
-6.000172527937585043e-01
-6.000440440039876977e-01
-3.319584142757472378e-01
1.000024779503296379e+00
1.001887294882686380e-01
1.000001419606964204e+00
9.998831883069398963e-01
-1.000068574033587065e+00
3.996644333561729101e-01
1.001886112749404839e-01
4.165074303445995274e-01
9.994694563556716371e-02
-4.285757779952392710e-02
-9.514441680149065758e-03
2.088436690531473017e-01
4.103549397353988826e-01
-8.021667875250863000e-01
-5.999576247181975797e-01
3.921964435452311437e-01
1.000279471748487969e+00
6.611390364793409691e-02
-8.103837750538370743e-01
4.036958315465855041e-01
4.209589299583561817e-02
1.979334759899019081e-01
-9.998985013217221995e-01
-2.024971463241609926e-01
4.210494436766099025e-01
1.981809151804574953e-01
-1.359986516747812950e-02
9.999084693209785435e-01
9.999105090695450393e-01
9.999652637662408416e-01
9.990569723572970129e-02
1.364179631770517931e-01
-9.999808088640268489e-01
-3.157879997715787312e-01
-2.521594087543025386e-01
9.998750244082577066e-01
-7.921133335159605826e-01
-7.967135888509319086e-01
-6.000229123468260317e-01
-2.774418068546838367e-01
-1.000027602063182419e+00
1.956776084836653606e-01
9.999631988136430116e-02
-5.998772730022654542e-01
-9.531304800575466155e-03
1.000001128942738182e+00
1.946885391145904975e-01
2.045565426183370561e-01
2.287985553351041743e-02
-3.711305328732595332e-01
-3.362921105047086967e-01
-3.640115431537773172e-01
4.182368748206073406e-01
-3.017623884052899053e-01
9.998468434938955207e-01
9.999248884644965640e-01
3.481147747675925053e-02
2.059576243546379914e-01
1.957960282169878552e-01
-4.483002904029126379e-02
-2.569509600569629404e-01
-6.000478727281132185e-01
-1.000099340770331358e+00
2.096941256194901626e-01
-4.464652031267719694e-03
