-5.999213266893648200e-01
-6.002311249529920234e-01
9.999773627189760816e-01
-3.049753601856818042e-02
-9.998264385689294986e-01
-7.913085180883492331e-01
-6.000002905058906544e-01
-2.091043439613073790e-02
-8.064407060094709312e-01
-2.331724898231734011e-01
1.000100934500549321e-01
-1.000101365805502462e+00
1.915932491141246752e-01
5.904099400687429222e-02
2.053193313849575596e-01
3.925553254620899879e-01
2.454499119713588178e-03
-9.999697879152356084e-01
1.829937357767444095e-01
2.724543738989050612e-02
4.006218584479702138e-01
3.860875774295953744e-01
-3.385228002031476779e-01
-7.922849180710405115e-01
-9.999622595096483435e-01
4.141558102207295033e-01
-3.808456514194187292e-01
-6.000329945305886703e-01
-3.562259990229598716e-01
9.975555841753605546e-02
-1.000119239935617133e+00
-8.114271119280620503e-01
-7.972720358226758064e-01
-9.998646800689682257e-01
2.935468828204700455e-04
1.000010591290474427e+00
-9.999364052955942439e-01
1.000168404249195619e+00
4.327800752667573803e-01
-6.000700402182085336e-01
9.999469202190846007e-01
-8.080913591515297423e-01
-3.318839323772410643e-01
9.997458143804985320e-02
-2.929598760156357229e-01
3.880491376344730736e-01
9.997089979942437588e-02
1.000153852448266850e-01
9.998280757110725170e-02
1.952593237206126098e-01
-9.998199110552966618e-01
-7.959276379019771808e-01
4.075344700294268874e-01
3.975208625476072122e-01
-2.840299737684767734e-01
-1.000055534253450951e+00
-8.015830427217134346e-01
4.101322607582041924e-01
6.774507006358419792e-02
-9.999452981192024081e-01
-1.120419538426984090e-03
4.059955984909806026e-01
-1.000012732708090768e+00
-3.227024363684315444e-01
-1.000129323383470048e+00
1.000493072047733550e-01
-9.999121803414218190e-01
4.251248625475483739e-02
-8.125113499560132624e-01
4.049919281294866447e-01
-5.999562369214885837e-01
-2.747530392018391332e-01
1.000170345369999353e-01
3.467699827947060692e-02
1.904755764882268831e-01
9.981115402741098930e-02
1.782863812726852848e-01
9.999567603204158051e-01
2.352118370285035537e-02
-8.096271932735088495e-01
3.962423528259069183e-01
3.936101987397245261e-01
2.023862250036671251e-01
2.083051859502147440e-01
9.998269422382926042e-01
3.908421093976515159e-01
-1.000048089067544277e+00
-6.000085870584396242e-01
-9.998844359804560655e-01
2.394069612518227516e-03
-9.998535633267392475e-01
9.990730426750020488e-02
9.973238553472946188e-02
-6.000390581303509663e-01
-2.588219747085345954e-02
-7.966603538185966782e-01
-8.132664385944063934e-01
-3.402745995168987014e-01
3.953826835662767047e-01
-2.837313773673231232e-01
4.055689250578879967e-01
-7.816688057875201823e-01
-2.397884039131902567e-01
9.980454220498516382e-02
1.000038099508730183e-01
9.997803378588071554e-01
9.385517003889905230e-03
4.038788601536451028e-01
9.993450966351136167e-02
-4.080237114877202087e-01
2.078035246608726239e-01
-3.424850114949561930e-01
-5.999815887824339056e-01
1.000013390844645356e+00
4.004559122175511687e-01
1.876840857059005885e-01
1.000015654465102599e-01
1.000073724882112547e+00
-1.000111341322515779e+00
3.822516629491733986e-01
9.999542183819094543e-01
4.102809877686066087e-01
1.000329325774683281e-01
4.028191872244608063e-01
-6.000785911786302718e-01
4.086123603416635941e-01
-3.601962365298583268e-01
3.979644761287240984e-01
9.999069041450069362e-01
9.999740507741207152e-01
9.997874082002979057e-02
2.004031327336948942e-01
4.065070846563435536e-01
-7.667898870686364887e-01
1.001157684001601350e-01
9.998445281158732101e-01
9.998184507167152679e-01
-1.000113814319768313e+00
-5.999036731861806526e-01
3.971958466462662818e-01
-1.256484904618904996e-01
3.895070115847967807e-01
1.001124507512129586e-01
3.869698374022266241e-01
1.319817265251318761e-01
-2.676483494033263799e-01
-6.000318530342735324e-01
1.890525584470331422e-01
9.998434414094750089e-01
-1.000014772081229575e+00
-7.866752505705060239e-01
9.999825339330584706e-01
3.966845354243530020e-01
-5.998696321490885053e-01
9.995600093874074110e-02
8.801102192150650483e-02
-4.209467120729044054e-01
-8.004055582153141168e-01
2.087558407591136866e-01
1.000643083413431389e-01
9.999403886257954843e-01
2.103396431139177847e-01
1.789440622106507062e-01
-2.642312725976930232e-01
-1.000072302708384875e+00
2.288107847510586004e-02
4.064700867642197513e-01
-8.088342356934656863e-01
2.059734561625828630e-01
1.000079804514374615e+00
-7.788319629790841914e-01
-6.000310902755512377e-01
-1.000006881443457507e+00
8.870914267873147852e-02
-2.383497372159071315e-01
-5.999356605536544373e-01
3.781680438414709161e-02
2.224378418805789681e-01
-1.000083889078594357e+00
9.999175338088259757e-01
-7.914457725301710100e-01
3.843220643593113772e-01
-3.055451600436643878e-01
9.998440608337746394e-01
-1.000153873827771323e+00
1.260788778033842539e-01
1.981166608946889895e-01
9.992018928034598901e-02
-8.189318231633374578e-01
-2.836548151447511601e-01
1.450884975177631556e-02
-3.457133206480872412e-01
2.199744306266506466e-01
4.586434555595603896e-02
-5.999677656352714328e-01
-6.001346777645628627e-01
4.090164189754627588e-01
1.000180296823381498e+00
1.001563295157145289e-01
-3.571855868324506078e-01
2.109621073168042593e-01
9.989716637289750012e-02
1.000902636856630251e-01
-8.245252129147627729e-01
-5.999516233886670324e-01
-6.000380223397309143e-01
1.000014521810847823e+00
-5.998596327030260023e-01
-5.998079423927625831e-01
1.000023485162755188e+00
2.025415414202467734e-01
-8.162706533926982200e-01
4.063101341635358965e-01
5.475920075309934944e-03
2.018987963517798467e-01
-8.017588904830393881e-01
-9.998842110974881514e-01
-8.021264524417047737e-01
-1.000057851238726148e+00
1.000026790799015020e+00
1.000010333608617241e+00
-8.137514429705792196e-01
-3.193852754686049567e-01
-5.790694330714069027e-02
-8.076891972971816935e-01
1.000136161052749051e+00
-6.000263199550646132e-01
1.000028023570451174e-01
-1.000030174715870634e+00
3.956370916897954393e-01
2.001018413252610151e-01
1.000012047965954665e+00
-6.000026406303525794e-01
-5.998777295829296197e-01
-3.123432682652249603e-01
9.999898940599368791e-01
9.994691458735761869e-02
9.999781837235187654e-01
9.999238656576245887e-01
-1.000004020237737379e+00
4.078373403737582947e-01
1.000373969419523917e-01
4.014740004637911697e-01
9.996285230746160266e-02
-1.338808114492412438e-02
-9.081102837917988391e-02
2.010172834774441308e-01
4.005777726400646666e-01
-7.984394713927446263e-01
-6.000697251661164522e-01
4.039616427491123374e-01
9.998073881134372787e-01
3.551645236329516262e-03
-8.032099457007890742e-01
4.097549114966967387e-01
4.590886049963500970e-03
2.053198974956063627e-01
-1.000119066081292418e+00
-3.036017636667021069e-01
3.897007923809196472e-01
1.919154269745496355e-01
5.907322487856066229e-02
9.998911381296710088e-01
9.999102231183362166e-01
9.999272134041841120e-01
1.001532662659948003e-01
-6.601265013568876315e-03
-9.999705571882502309e-01
-3.509138625453467331e-01
-3.072045255559720522e-01
9.998942738830570720e-01
-8.114210187044472722e-01
-7.963106235201909966e-01
-5.999380817491084539e-01
-2.531008116903067928e-01
-1.000031801302976309e+00
2.097945413533400527e-01
1.000892164131394479e-01
-6.000557636722549937e-01
3.508453677708063545e-02
9.999623867520419651e-01
1.902964871091629984e-01
2.153879192174590618e-01
4.149431818478085954e-02
-2.176990746483612738e-01
-2.744562483786971985e-01
-3.071635716216833401e-01
4.188829162725430932e-01
-3.530930180700865839e-01
9.999949094704481123e-01
9.999835041711221395e-01
6.514388213115712874e-03
1.871271127240600185e-01
2.018831873505501084e-01
-2.743046543898046766e-02
-2.722506635435132938e-01
-5.999609913274702722e-01
-9.999708143347242340e-01
1.911309473314186103e-01
5.935737296141716662e-02
