-6.000520497114641971e-01
-5.999842657622215247e-01
9.999568299425135587e-01
6.370904872381948081e-02
-9.997969981001365580e-01
-7.981139259555800614e-01
-5.999694201176686281e-01
-1.149195174749694133e-02
-8.110882013442044514e-01
-2.355500102364788684e-01
9.987281164540302847e-02
-9.999396749605433676e-01
1.968912417468291487e-01
4.673055285493790678e-02
1.842707156507347732e-01
3.969188511390633334e-01
-4.310649324240881097e-02
-9.999355742769568955e-01
2.017356940732208392e-01
5.483368702519995225e-02
4.091650039695224339e-01
4.047410163618865853e-01
-3.149932260310662202e-01
-7.846281192631677781e-01
-9.999149240165817742e-01
4.005942892714771664e-01
-2.871421036685644079e-01
-6.000457404569080611e-01
-2.555282228471121853e-01
1.002561443011277531e-01
-9.999201891119378072e-01
-7.792203273291136156e-01
-8.010714854874040336e-01
-9.999969992369022176e-01
-2.484809054024337063e-02
9.999770637876145285e-01
-9.999466529802963910e-01
9.996965193594883337e-01
3.964026696416541595e-01
-5.999491937047854995e-01
9.999948333330270778e-01
-8.129686594082535800e-01
-2.659582264756461534e-01
9.991036004906624080e-02
-2.898873761180641995e-01
4.007645662756175731e-01
9.988689801653950762e-02
9.996152118093698524e-02
9.993238240610319290e-02
1.906968469409319744e-01
-1.000177800924754168e+00
-7.949376534482676115e-01
4.144555149950297501e-01
3.975720516254904746e-01
-2.316883451096376223e-01
-1.000121021134628307e+00
-8.108367826339691886e-01
3.901079597895195095e-01
9.402683500278175011e-02
-1.000084304100184784e+00
-3.436792033973409127e-02
4.125187032334705073e-01
-9.999846326098722482e-01
-2.976008151900569332e-01
-9.998790430928481410e-01
1.000130941106393001e-01
-1.000059600949963601e+00
3.629035222446596459e-02
-8.239197094728633042e-01
3.951087969841281522e-01
-6.000247285099378214e-01
-2.984444992142084030e-01
9.995673396425740209e-02
2.891419784465014756e-02
1.776490301354083090e-01
9.980554979734639065e-02
1.997622215264761025e-01
1.000145620513568145e+00
-5.762344191877791927e-02
-7.921653035129393450e-01
3.993921521354711901e-01
3.958891246279085951e-01
1.913010593417677485e-01
1.963181667236914008e-01
9.998586912547655636e-01
3.897765019499680461e-01
-1.000049303321711269e+00
-6.000783473955396685e-01
-9.998906126340596501e-01
6.148644396282746533e-02
-1.000062544501360895e+00
9.993536971661888535e-02
9.995503983585675434e-02
-5.999634593764938684e-01
-1.037096852872607250e-01
-7.966710943278593193e-01
-7.970520620639307552e-01
-3.311586933152194656e-01
3.924600487468231647e-01
-2.727873880400241147e-01
3.990304278524708925e-01
-8.063082979831596164e-01
-2.709480299867805808e-01
9.999866347777379427e-02
9.982226265626170658e-02
1.000127064286310041e+00
6.070710989344742237e-02
3.986075001645342786e-01
9.988783996258703002e-02
-3.319646960121394041e-01
2.058319836545502435e-01
-2.542634732387347163e-01
-5.998585255725129572e-01
1.000037089399830936e+00
4.030411535161315673e-01
1.969143314897067731e-01
1.000050692647626999e-01
9.998618705076510738e-01
-9.999595248213423160e-01
4.254761913590699995e-01
1.000058657737162848e+00
3.995259406520659251e-01
9.994154151616350956e-02
4.096738157719618800e-01
-5.999654618181295973e-01
4.260696094861605165e-01
-3.074907891266861482e-01
3.818212488654706971e-01
1.000120278372110594e+00
9.999358845458381495e-01
1.000558895967605944e-01
1.871822083543709658e-01
3.791881205126740872e-01
-8.079864820674643733e-01
9.991702196044369155e-02
9.998240537662758110e-01
9.999926861013868074e-01
-9.998215747554731747e-01
-5.998021417171067737e-01
4.076143437201915076e-01
-1.001185036050995097e-01
3.909452118861166947e-01
1.000406496193780859e-01
3.888844553051934994e-01
2.315752838202083524e-02
-2.218520925630082796e-01
-6.001454061248896465e-01
1.834719165670046503e-01
9.999845801132885015e-01
-1.000064791800162389e+00
-7.962767624150759449e-01
1.000036407797787019e+00
4.070574376307759534e-01
-5.999198522386751664e-01
9.994656571952897917e-02
-3.597184172543210767e-02
-3.823879725727516998e-01
-8.069535806461413108e-01
1.897630833319712551e-01
1.000945773364014246e-01
1.000073732561478357e+00
2.058751155134491695e-01
1.960323616534621338e-01
-3.471013842610918831e-01
-1.000186822566443867e+00
3.084582637188005433e-02
4.021606818836168107e-01
-8.165255545874675613e-01
2.014689867731069561e-01
1.000059317966549344e+00
-8.091535781507683822e-01
-5.999936480225072089e-01
-1.000043438183053190e+00
-8.169381370588080227e-02
-2.561513380231281722e-01
-5.998306854562274193e-01
-1.256426272491089902e-01
2.065710936233729478e-01
-1.000138415897661393e+00
9.999904028444828175e-01
-8.065154048374909568e-01
4.056898678700945338e-01
-2.813407358774593914e-01
1.000003630417849454e+00
-1.000032759369400504e+00
2.826282461241179725e-02
1.893859173279574259e-01
9.979160147039728423e-02
-8.055392253656986634e-01
-3.731920342833476845e-01
-4.528423257185501538e-02
-2.749039437532209695e-01
1.951920832194484756e-01
-3.437144470442995287e-02
-6.001724661481590006e-01
-5.999330373635032299e-01
4.038320907218551081e-01
9.997814575525291181e-01
9.980049680578882698e-02
-3.403796008141695140e-01
2.265803839176251666e-01
9.992535685561269865e-02
9.999212821204991886e-02
-7.933948738916198895e-01
-6.001370790794241517e-01
-5.999819939824703185e-01
9.999922211135959804e-01
-5.997147093620411873e-01
-5.999433168624039858e-01
9.999297925937591369e-01
2.074720528938172048e-01
-8.059366159959293618e-01
3.870499401463629030e-01
3.342789378596978250e-02
1.897943819697227308e-01
-8.040795972924924540e-01
-1.000154997968079051e+00
-7.918022258954475756e-01
-1.000062067432653468e+00
1.000136993089883797e+00
1.000003202087348830e+00
-7.998275720055246785e-01
-2.852242506407816625e-01
-1.939692766574605464e-03
-8.089126469850471679e-01
9.999670143088128516e-01
-5.999813757288333660e-01
1.000276999029578312e-01
-1.000162678666800087e+00
4.246060935490124644e-01
2.010893240949942207e-01
9.999604577500351699e-01
-5.999987694078930955e-01
-5.999002459042306334e-01
-4.091765873054774572e-01
9.999000828440834931e-01
9.992394993199324449e-02
9.998444829184572891e-01
1.000123151261588239e+00
-9.998424883829325482e-01
4.029035393204202231e-01
1.000786345231442220e-01
4.066331538426040115e-01
1.000140494246728462e-01
2.566088777030535797e-02
-9.429433173822990288e-02
1.998384465998779558e-01
4.032458280246795645e-01
-8.019299337174081721e-01
-6.001089353623976219e-01
4.150303374178656024e-01
1.000048914585536242e+00
3.540182432718785160e-02
-8.012936451520609182e-01
3.928742590982426952e-01
1.103909746317143989e-02
1.931472886874908423e-01
-1.000001723019685151e+00
-2.843112558840248938e-01
4.001101785166041314e-01
1.987975800227506362e-01
-2.325569123276957292e-02
9.999277592578169616e-01
1.000043576909035226e+00
1.000058875417867643e+00
1.000675775954941032e-01
-4.050013687126943762e-02
-1.000085150482301621e+00
-3.919370545094836844e-01
-3.290546663544975936e-01
1.000055337260658872e+00
-7.887896043553863645e-01
-7.787759329519132745e-01
-6.000027219679832102e-01
-2.450246447598893595e-01
-9.998417037561130316e-01
1.975107355059435021e-01
9.995883985850390063e-02
-5.999970208477143352e-01
-7.576233827108390384e-02
9.998972480224727066e-01
2.064178155358341593e-01
2.025667554568683359e-01
-3.490327014553483431e-02
-3.081394237434592065e-01
-3.514116676257227900e-01
-2.916658656401384109e-01
4.008999840249251045e-01
-2.740870744419436900e-01
1.000073490531911746e+00
1.000171413373492690e+00
-6.579985856512227116e-02
2.142819109178331349e-01
2.047475359787367388e-01
4.506043178127511206e-02
-3.597451695612219891e-01
-5.999631666413757225e-01
-1.000022490044252921e+00
2.206953289170458243e-01
1.213876896640367874e-02
