-5.999537198414444106e-01
-5.999458281693409445e-01
9.998899637707611143e-01
-5.170179826016221142e-03
-1.000140590360048654e+00
-8.113686725394620991e-01
-6.001685701180966559e-01
-4.828426384700834628e-02
-7.976185193959285380e-01
-2.550068934649397656e-01
1.000079215245341380e-01
-9.999721123174142301e-01
1.978280990799902717e-01
4.023612698658037695e-02
2.143173613700454505e-01
4.182064679099689597e-01
6.198141843636147813e-03
-9.999712045497560764e-01
2.094804322893939474e-01
-3.631258431609934306e-02
4.009528214659365819e-01
4.221056629086280543e-01
-3.010750534676787660e-01
-8.047358835258695553e-01
-1.000033721501710104e+00
3.973895088513123008e-01
-3.228197003204752447e-01
-5.998609410223554317e-01
-2.804273717487663076e-01
1.001287077716993545e-01
-1.000006753334889975e+00
-7.986005501191730804e-01
-8.041777438482610174e-01
-9.999741774438337671e-01
4.642913008709680794e-02
1.000008728008723091e+00
-9.998659136703231809e-01
9.999090783186753706e-01
3.855056025752419124e-01
-6.001059196866234124e-01
9.999160369886979094e-01
-8.062197923085815399e-01
-2.569228230130478630e-01
1.000065290903289356e-01
-2.844317776363635142e-01
4.073380231711193344e-01
1.001456977155150835e-01
1.000693509156133920e-01
9.995101621322602381e-02
2.003609564162031620e-01
-9.999619360807778801e-01
-8.146968306607375032e-01
3.984792864798724077e-01
4.029795458919485651e-01
-2.559844814112306466e-01
-9.999215576346486278e-01
-7.932462062239414857e-01
4.021453301956657844e-01
-2.006849931148948964e-03
-9.999328617147980047e-01
6.229832488629310355e-02
3.981922300532048098e-01
-9.999061580210296674e-01
-3.093408279843710695e-01
-9.998236403457860799e-01
9.991149038779638392e-02
-1.000208881795738192e+00
-3.577223594950290891e-03
-8.020891015495499321e-01
3.907391788487994955e-01
-6.000828621625093895e-01
-3.810779684951958735e-01
9.999837755498024172e-02
4.306363118911040594e-02
1.872813248165624278e-01
9.997556716109870512e-02
2.066360475024454912e-01
1.000140563527917914e+00
6.407122621378767702e-02
-8.156279906258225854e-01
3.966756728555479450e-01
3.843341015418011430e-01
1.949909096788047247e-01
2.043428148119096621e-01
9.999367379390199373e-01
4.004114404150109774e-01
-1.000130293000611292e+00
-6.001328781924724076e-01
-1.000092258781546617e+00
-3.648086223011860751e-02
-9.999970483499326379e-01
1.000212699824287316e-01
1.000206037857477998e-01
-6.000648504223974333e-01
2.792124929530773875e-02
-8.098690227811699005e-01
-8.047889671046773996e-01
-2.864972556739711074e-01
4.030821730434211991e-01
-3.399335074066455742e-01
3.941279086113321783e-01
-8.174530739434548998e-01
-3.691952687731505645e-01
1.001403826647949552e-01
1.000762188768531818e-01
9.998763860755920385e-01
-8.830727992982926808e-03
3.980632478960713372e-01
1.000994124303042077e-01
-3.356971359182665537e-01
1.907608502708814102e-01
-3.141794150433899202e-01
-5.999814068620058505e-01
9.999468030467701940e-01
3.882004486694063394e-01
1.995013078202173828e-01
1.000030151031654074e-01
9.999867507790946020e-01
-1.000039163227764982e+00
3.990491471918740096e-01
9.999797256579132654e-01
4.125896960687867598e-01
1.001257348521924079e-01
4.105833679505138667e-01
-5.999548072532235876e-01
4.020245096448908928e-01
-3.129668776870358493e-01
3.738576991777486369e-01
1.000152583210352386e+00
9.997954799262973591e-01
9.993247721649529958e-02
1.879486025256850434e-01
4.137569123605686627e-01
-7.942722030194986349e-01
9.997563956049224099e-02
9.999947776207136485e-01
9.999630404685393437e-01
-1.000076831333656102e+00
-5.999157870549340910e-01
3.898012383952615956e-01
-3.448189683150461315e-02
4.001324875759865729e-01
9.993911078551917515e-02
3.788993765930376290e-01
1.181410681362502109e-02
-3.076228430606933739e-01
-6.000853996173032279e-01
1.948204497628061027e-01
9.998863257959071937e-01
-9.999209543163285474e-01
-8.016268285478476141e-01
9.999021142422287456e-01
4.194004636188428115e-01
-5.998894207572124104e-01
1.000232810990480808e-01
-4.231467876257744357e-03
-3.496304822317588545e-01
-7.933125565090370923e-01
1.860037254436655296e-01
9.997385213918863478e-02
9.998364172511281511e-01
2.081233948908027542e-01
1.902126614400713456e-01
-3.849257889974789792e-01
-1.000147315153063765e+00
-4.515730881676195511e-03
3.963829385736682420e-01
-7.890248966394992625e-01
2.056690056459300198e-01
1.000071408499267678e+00
-8.070483231787295431e-01
-6.001225878716455187e-01
-1.000074369875866065e+00
6.052832100559718542e-02
-3.007296856494799386e-01
-6.000582488135313142e-01
3.560089462692267101e-03
1.889578097293235226e-01
-1.000051779562858068e+00
1.000052318537950846e+00
-7.965013267751551718e-01
4.147828561372910450e-01
-3.031398702297196102e-01
1.000154285580428404e+00
-1.000132783088192756e+00
-3.327000921037416570e-02
2.085492757181049150e-01
1.000949964542829501e-01
-7.888951212783565925e-01
-3.103437660503802764e-01
-1.711219367657663276e-02
-3.192780475866908718e-01
1.843416040580091175e-01
7.171101914164206004e-02
-5.999774163436086827e-01
-5.999084086638577507e-01
4.179072921731349366e-01
9.998725456969308478e-01
1.001594440930611979e-01
-3.015580234173950713e-01
1.895533298611270234e-01
9.986464141809203721e-02
1.000752910109021926e-01
-7.849685302336347759e-01
-6.000023589302314608e-01
-6.001646548072513410e-01
1.000011851418128650e+00
-5.999627997138260449e-01
-5.999816910439242923e-01
9.999951659322107167e-01
1.956722588530054596e-01
-7.903331080294606625e-01
3.906237997450344723e-01
6.488652670473198103e-02
2.077517930699654958e-01
-8.071053221460825489e-01
-9.998754590905697404e-01
-7.999842299176295191e-01
-9.998409261265817083e-01
9.999096262202664676e-01
9.999077399582939618e-01
-8.004397333656506630e-01
-3.035786463866574358e-01
2.272325166284535486e-02
-7.980754874493962703e-01
9.999720220927498238e-01
-5.999709819741032568e-01
9.986161112758000502e-02
-9.999459463226109124e-01
4.050046197549169169e-01
1.995062951253839534e-01
1.000022545259202422e+00
-6.001296185887127210e-01
-6.000216784196920061e-01
-2.984466366820267003e-01
1.000095156581027878e+00
9.999209655838686706e-02
9.999280007661259795e-01
9.999478413389658593e-01
-1.000007241361875687e+00
4.074477117442956153e-01
9.982315255737692072e-02
3.874419924668747184e-01
9.989096974435933418e-02
-2.704823085927968163e-02
-1.866123495124454371e-02
1.891948606905917984e-01
3.943707042132106322e-01
-7.941629706883840401e-01
-5.998926196952270029e-01
3.993178304245523780e-01
1.000085962165748521e+00
8.781262673976972244e-02
-8.048324591576099252e-01
4.200145339591856430e-01
-2.620581639375520709e-03
1.862856835008436518e-01
-9.999612840636824540e-01
-3.982531796147834036e-01
4.107551528805910013e-01
1.904848964624502594e-01
-2.254755583274554998e-02
9.999290555748300280e-01
9.999220782828215359e-01
9.999818540151009794e-01
9.995292393969514022e-02
4.953534225362096061e-02
-9.998587299491292768e-01
-2.790369733406772856e-01
-3.444481087636207528e-01
1.000031050945516586e+00
-8.079148864175745848e-01
-7.826909799295507231e-01
-6.001162322250840342e-01
-3.172327599996482839e-01
-9.999581684990199726e-01
2.032634204261322963e-01
9.985181308771753916e-02
-5.999313454372745547e-01
3.546177868721191173e-02
9.999879039407739700e-01
2.106477491321451789e-01
1.924265799703640811e-01
6.676931313250211025e-03
-2.077593073251485234e-01
-3.123134459751308323e-01
-2.929477473982832203e-01
4.034580008449792921e-01
-3.508221584221188349e-01
9.998866741613179343e-01
1.000007135436333794e+00
1.081830502329883537e-01
1.936566994450604207e-01
1.889205721055786102e-01
3.123389863662578980e-02
-2.823367334753550950e-01
-6.000074773996357802e-01
-1.000109376646464820e+00
1.842771801078565974e-01
-5.339331973826910022e-02
