-6.000567976541130166e-01
-6.000190193900345470e-01
1.000166336037880521e+00
5.188581002151215066e-02
-1.000035728096357879e+00
-7.896910485937168600e-01
-6.000324533243776015e-01
-9.562575869582695676e-02
-7.802773804441741623e-01
-3.862553234725842888e-01
9.977265146335592694e-02
-1.000131266921525652e+00
1.938067727448316013e-01
2.293415919363466903e-03
2.020032242182415172e-01
3.965679912900155202e-01
9.132344581221106539e-02
-1.000315365876497165e+00
2.051907590060114972e-01
7.302772375974946051e-02
3.850273915863312579e-01
3.945860906399251133e-01
-2.301323623445868383e-01
-8.098062310280136344e-01
-9.998659106860814383e-01
3.983074947796022003e-01
-3.391092094009962032e-01
-6.000679822103330840e-01
-2.635544657872129215e-01
9.990427623346116726e-02
-1.000041007887346511e+00
-8.018597981431553334e-01
-8.039593031175511495e-01
-1.000086594135005669e+00
-3.596862868145654646e-02
9.999915747220545770e-01
-9.998405837602775126e-01
1.000068360289542380e+00
3.774059983381820582e-01
-5.999226693770830510e-01
9.999454569425403339e-01
-8.183351197579437075e-01
-2.821447543409690284e-01
9.983912646787189427e-02
-3.321706227851926041e-01
4.087287846977592509e-01
9.992798525665615161e-02
1.001909544291330195e-01
1.001120088747121939e-01
2.104996332558461136e-01
-9.999465519289215676e-01
-8.181996608225489132e-01
4.056133437360693872e-01
4.020518652539956661e-01
-3.935961389791554077e-01
-9.999279997660621699e-01
-8.009738294470234443e-01
4.253409290900230788e-01
-1.513846976160292471e-02
-9.997706910690954407e-01
-5.683636508492122957e-02
3.986301801870788530e-01
-9.999062858243426000e-01
-2.446902026018307197e-01
-9.999665867542403275e-01
1.001528870717446479e-01
-1.000047961642817951e+00
-2.506095153293690092e-02
-7.944019344732929921e-01
3.980476043666610342e-01
-6.000002983955909919e-01
-3.027019399556071244e-01
9.991184781587317265e-02
1.369834647617344109e-02
2.058621404950648770e-01
1.001208166174905878e-01
2.012945436465785887e-01
9.999107253639775150e-01
1.113997943083795267e-01
-8.092128325868142014e-01
3.926305076191254351e-01
3.907827803736189654e-01
2.085158812911521165e-01
2.020218657814457364e-01
1.000002085891152470e+00
4.002959187242588479e-01
-1.000068482302683526e+00
-5.999512558284086916e-01
-1.000076496161894646e+00
2.860944715600696568e-03
-9.999925345873041937e-01
1.000969647047226935e-01
1.001365244616204964e-01
-6.000324991791898821e-01
2.388241219530019485e-02
-8.074461757899038528e-01
-7.948468938096828751e-01
-3.089294718586626520e-01
3.914610458270596505e-01
-2.888668151189497935e-01
3.890698482204797415e-01
-8.103449886688836035e-01
-2.899026015756155927e-01
1.000023013283188045e-01
9.998909951278515951e-02
9.999264753373245940e-01
2.386990095676209608e-02
4.007239614036763875e-01
1.000245893582483170e-01
-2.013058208713968678e-01
2.015288264401321194e-01
-3.231175918549941684e-01
-6.000918407285359413e-01
9.999244858844223982e-01
3.830039158443847569e-01
2.026115299988401897e-01
9.997054172966299279e-02
9.999744551306725127e-01
-9.999815836610319586e-01
3.908042860795127305e-01
1.000155381388098341e+00
4.069285295278848302e-01
1.000866114745438407e-01
4.068589868009391819e-01
-5.998993376853747339e-01
4.016655865631309497e-01
-2.171262246653342110e-01
3.917323244353436151e-01
1.000014603219650189e+00
1.000128267361993117e+00
9.983417582017989345e-02
2.030084617343688724e-01
4.127096510834142307e-01
-7.913534008929258290e-01
1.000019878570967691e-01
9.999686215652350274e-01
9.997172552061724948e-01
-1.000071409591209992e+00
-6.000850355662029623e-01
4.017942653020984412e-01
4.040866437061876176e-02
3.995735139822625959e-01
9.998677001320782631e-02
3.970080437965568532e-01
-3.449603589595327119e-02
-2.890842175707367123e-01
-5.999048925265052512e-01
1.912967225157162499e-01
9.999861667034303236e-01
-1.000099191965148737e+00
-7.931617258402634540e-01
9.999613682963561789e-01
4.023862301254061968e-01
-6.000504594982505324e-01
9.993324443271808799e-02
3.928453311272069037e-03
-2.828807496851888925e-01
-7.825476894391586447e-01
1.996228086544387104e-01
9.984408877008729699e-02
9.999996439538028081e-01
2.017584119885137139e-01
2.142297887253751532e-01
-2.918115976410416978e-01
-9.999967658555942718e-01
-2.604126844962283485e-02
4.009396926896066637e-01
-8.030825794326678091e-01
1.853199628978445257e-01
9.999391899939352735e-01
-8.144894503817247111e-01
-5.999668374207050014e-01
-9.999717160531930160e-01
6.471614432189087135e-03
-3.286605733714806354e-01
-5.998580235021617746e-01
9.189730207161372899e-02
2.022376612155147302e-01
-1.000087405478904623e+00
1.000137038015297852e+00
-7.973981756003893917e-01
4.020328287078378526e-01
-3.427076253353020241e-01
1.000120232932987463e+00
-9.999577880935578422e-01
-3.672002448415997988e-02
2.036788149007769666e-01
1.001070695249810100e-01
-7.959804710583959775e-01
-2.550319801127748365e-01
1.267012114496218478e-01
-3.706090435181819132e-01
2.110075371860481719e-01
-1.624439153042469067e-02
-6.001623690982277326e-01
-6.000681087109579481e-01
3.991349992261350454e-01
1.000098523421771191e+00
9.994154414741270032e-02
-3.421643233276757678e-01
2.107722650072473558e-01
1.000751016352806055e-01
1.000337241867749749e-01
-8.095020062903175440e-01
-6.001437624284767791e-01
-6.000698435277475040e-01
9.999504988282658102e-01
-5.999666040835772707e-01
-6.000880559138315196e-01
9.998814169971403931e-01
1.979868879842381635e-01
-7.991424970951802598e-01
3.917445831911165466e-01
-7.019455573254425318e-02
2.057628685967074211e-01
-8.184997965784274188e-01
-1.000195907140064788e+00
-7.881980177834279067e-01
-1.000123379807967838e+00
9.998724791514178589e-01
1.000136476803042740e+00
-7.995990794294774995e-01
-3.247857898396558918e-01
-4.426147018786175114e-02
-7.943955633406392103e-01
9.999922203153341904e-01
-5.999090328934779670e-01
9.995269542551933617e-02
-9.999519847823358232e-01
4.054596403986510667e-01
2.079009541814672013e-01
1.000063513793928882e+00
-5.999068617393129577e-01
-5.999277385941651497e-01
-2.910606550444413965e-01
1.000032175778854837e+00
9.994237134373763765e-02
1.000152425066638262e+00
1.000185325432466632e+00
-1.000000289504362261e+00
3.930609409029264811e-01
1.000280945114657288e-01
4.005197269997661236e-01
1.000930866389596885e-01
-4.571847286934375282e-02
-8.503539429086853785e-03
2.105102684275910185e-01
4.117878161293038741e-01
-8.129698361262740480e-01
-6.000681073396539889e-01
4.027925668522691072e-01
1.000040823624914310e+00
-2.309804653125246531e-03
-8.016479417839492694e-01
3.814210098821111394e-01
7.389146582107934680e-02
1.916696908033094782e-01
-1.000053488722169481e+00
-3.281612238497766953e-01
4.050078681062002084e-01
1.875828688497858110e-01
2.948919966910059157e-02
1.000038440460442546e+00
9.998542131754899476e-01
9.999643727755587186e-01
1.000925960615953597e-01
-1.726696983994177375e-03
-9.999544984850505802e-01
-1.954274721187568009e-01
-2.968281086851368156e-01
9.999512242479086099e-01
-8.087752509619535735e-01
-7.950072100284510945e-01
-5.999786927274026738e-01
-3.001078812688573461e-01
-9.999579446455577614e-01
1.923391750985112003e-01
9.979324852383007760e-02
-5.999787529914381023e-01
-1.660032464192175497e-02
1.000108509433258908e+00
2.030383740538816983e-01
1.839827678445999093e-01
4.896442365825318110e-02
-3.054941884655561490e-01
-3.084635770704357016e-01
-3.612607966532273007e-01
3.993887761874440057e-01
-3.706431578257812220e-01
1.000080565147602352e+00
1.000135334736183657e+00
-1.227094830146069210e-01
1.942002835554134388e-01
2.074068270466624675e-01
-1.298724718075254352e-02
-2.258558497223319694e-01
-5.999703475270015129e-01
-1.000032450842835985e+00
2.015240729320474933e-01
3.105764588498530904e-02
