-5.999755351506493861e-01
-6.000265521283020265e-01
1.000033541236756252e+00
1.503474422610164875e-02
-9.998916916710222091e-01
-8.093970590130876719e-01
-6.000915663734782690e-01
-3.995829738635763018e-02
-8.095963547320373932e-01
-4.210703248401563847e-01
1.000815112952699037e-01
-1.000066706047870513e+00
2.023701602483635731e-01
-8.438991062446843383e-02
1.935900893925543154e-01
4.029812155626568693e-01
-2.254553706116806111e-02
-9.999878032741394973e-01
2.047824540267749460e-01
-2.566806582550600069e-02
4.059101467824788312e-01
4.044215697695882628e-01
-3.392360440906039276e-01
-8.015574767119227895e-01
-1.000156763712621633e+00
4.133125929037409496e-01
-3.186222257479637832e-01
-6.000292778669442662e-01
-2.563226721755322846e-01
9.996455664645217953e-02
-1.000359040090716300e+00
-7.860878441459535626e-01
-8.047266507632985233e-01
-1.000162113835270761e+00
4.550486393088018500e-02
1.000142718746671155e+00
-9.998926187285349654e-01
1.000048248140365414e+00
4.199118609853981776e-01
-5.999761701517926094e-01
9.998321245717626260e-01
-8.069743689759769634e-01
-2.943389831603255291e-01
1.000347241844741636e-01
-3.008345862433429718e-01
3.893759559132751735e-01
1.000504835791682229e-01
9.988017740584520521e-02
9.983903832635196429e-02
1.992961936445951376e-01
-9.999835475129449369e-01
-8.128970325373774397e-01
4.091066879983402682e-01
4.148150810250786913e-01
-2.804620509160701269e-01
-9.998901599935049456e-01
-8.122687238675536658e-01
4.015542982818221529e-01
-3.786020548626951171e-02
-1.000113016230432139e+00
1.207092634839353543e-02
3.998174694748686253e-01
-9.998741756928892777e-01
-3.055586024964164760e-01
-9.997791679285035205e-01
1.000214009388301489e-01
-1.000149516355870682e+00
-6.803218555016857239e-02
-8.112519363410863882e-01
3.822115726875556785e-01
-6.000364322505128412e-01
-3.258880983477021043e-01
9.991837278238639708e-02
2.025851076504954842e-02
2.042088175127283467e-01
1.000137408509306214e-01
1.889340250616230177e-01
1.000118754888268180e+00
-4.129412805205503328e-02
-7.911943118901899608e-01
3.990750814562300519e-01
4.086647655164436510e-01
1.900574471855755732e-01
2.030107875053832889e-01
1.000007935112784851e+00
4.017220268721078957e-01
-1.000034271301809330e+00
-6.000494462492736991e-01
-9.997572098547369279e-01
-4.169122278588612007e-02
-9.998450301625614323e-01
1.001757364340375434e-01
1.000309776200295347e-01
-5.999471029747073247e-01
-6.091811592164758649e-02
-8.055300849215618619e-01
-8.109019322602273316e-01
-3.542974970724513950e-01
4.063429099828884117e-01
-3.458803507744008243e-01
3.938032616152202237e-01
-8.053944554745299245e-01
-2.844331345354370044e-01
9.989289511099605501e-02
9.998133796518797467e-02
1.000215602703550477e+00
-2.013321313028917925e-02
4.032613074761418615e-01
9.999751556114437612e-02
-2.853444344718898407e-01
1.889349971052925736e-01
-3.435640615585668356e-01
-6.001780474438360713e-01
1.000049201295362344e+00
4.104074089936702308e-01
1.956831106621401140e-01
9.992088084263865688e-02
9.999688699975259887e-01
-1.000018947656138080e+00
3.859975325819841041e-01
1.000198273883243338e+00
3.917060389829894462e-01
1.001414725863895017e-01
3.924428904795426165e-01
-6.000070911087727055e-01
4.041489023011119452e-01
-3.295136194536323337e-01
4.138266440965516768e-01
1.000185813240107358e+00
1.000024870159473167e+00
9.975605773490502093e-02
1.844416351370215534e-01
4.098890937137478763e-01
-8.003931542846817182e-01
9.995030175382391135e-02
9.998993059446764642e-01
1.000040451283022769e+00
-1.000046762725723015e+00
-5.999733351899400047e-01
4.151178808907206585e-01
1.422596772255813741e-02
3.881555934078604331e-01
9.995558416632142895e-02
4.243460072361929236e-01
-1.422749094613967764e-03
-2.667599853020963807e-01
-5.999371175758401176e-01
2.010244309467071611e-01
9.999490963181899561e-01
-1.000026164695035913e+00
-7.982359705004545836e-01
1.000065716369458624e+00
3.999053299973100994e-01
-6.001528906212394432e-01
1.000224226852230308e-01
-2.931402640280172597e-02
-2.788525612988970170e-01
-8.067944407824699793e-01
2.042625745165047024e-01
9.994753799084289680e-02
1.000010691501004745e+00
1.868727287942205939e-01
2.017411376271444068e-01
-3.252669746667531947e-01
-1.000138434742281923e+00
-1.202071686667842143e-01
3.858210948248659844e-01
-7.965717355518627807e-01
2.171753853779624377e-01
1.000075204237488302e+00
-8.070216393970806035e-01
-6.001148382928399583e-01
-9.998402418713905337e-01
-7.571451841413114059e-02
-3.069754910081554100e-01
-5.999956775885327831e-01
1.417036533545448611e-02
1.933087729316619874e-01
-1.000129149499354053e+00
9.999512374244942103e-01
-7.921124971943570570e-01
3.906688004260391867e-01
-2.729893002310983530e-01
1.000003864274210175e+00
-1.000055626535075071e+00
2.015512605281151101e-02
2.101784612043498812e-01
1.001248480174868477e-01
-7.948108188234294103e-01
-2.749418293986031769e-01
5.805496197018640558e-02
-3.054214270983932611e-01
1.999007810837084564e-01
-4.406094498517576508e-02
-5.997995586312762084e-01
-6.001589048161271034e-01
3.936372009462903443e-01
9.999959750515837742e-01
1.001299811644225379e-01
-3.295013276062939700e-01
1.937507137179211858e-01
9.986960910195075147e-02
1.000130913067666383e-01
-7.951993110980504209e-01
-5.997821495858104424e-01
-5.999342511907543862e-01
9.999929763508581537e-01
-5.999158581401434764e-01
-6.000495876929112793e-01
1.000108056707841753e+00
1.813575231464118753e-01
-7.681714526522942510e-01
4.023209041676362174e-01
1.406567888491946361e-01
2.017584208068062268e-01
-8.069235423018077391e-01
-9.998912329324771697e-01
-8.184771729927191597e-01
-1.000001003204670003e+00
1.000008524222194550e+00
9.998379517496489566e-01
-7.973206502834956355e-01
-2.835461932778863825e-01
-1.201377975264375647e-01
-7.924673495134334500e-01
9.999207388664803631e-01
-5.999064702063314769e-01
1.000259298590568252e-01
-1.000047049688538525e+00
3.965052629685005825e-01
2.030863271252222046e-01
1.000098641736584471e+00
-6.000179294371857930e-01
-6.000323705697867549e-01
-3.332608654738350440e-01
1.000011071568255083e+00
9.998283742214643388e-02
9.998440984069362214e-01
1.000092964524765593e+00
-9.999012244692732088e-01
3.874004665602485131e-01
9.981113057600411731e-02
3.936035914481561537e-01
1.001097541686075815e-01
-4.191765400578878302e-03
-7.395519691274655277e-03
2.051973006333120131e-01
4.021520736197924384e-01
-8.037374936234058520e-01
-5.999936887482921755e-01
4.101826943570416328e-01
1.000114258140513801e+00
-7.240996222421006157e-02
-8.117068920034574697e-01
4.063394289393156278e-01
4.244213753570134223e-02
1.865082328044156967e-01
-9.999791127922327272e-01
-3.838859870108801697e-01
4.011685155074738995e-01
2.016168442841244635e-01
5.365936466244855541e-02
9.999853392680877473e-01
1.000063207057521941e+00
9.998276373423560237e-01
1.000588914160235043e-01
-4.032631365643446139e-03
-9.997924109295487360e-01
-3.475759387386972432e-01
-3.552391659694394410e-01
1.000025811940120191e+00
-7.887296258909498592e-01
-8.047827604578128291e-01
-5.999453265413092762e-01
-3.609711347091091871e-01
-9.999353074671083474e-01
1.890620850997923041e-01
1.000099918562254581e-01
-6.002022402402801271e-01
-7.284670959582081884e-02
9.998592165494168960e-01
2.067651512426740279e-01
2.038281315782066172e-01
1.389043180781163005e-02
-2.746226041284591801e-01
-3.484706546930798621e-01
-2.843723837820141265e-01
3.840331605341719690e-01
-2.576713311207824431e-01
9.998962340425751050e-01
9.999477618063117301e-01
9.468140510624813155e-03
2.040556775005465673e-01
2.062479284615948427e-01
1.002626229987426884e-02
-2.808300927700735361e-01
-5.999920971857085616e-01
-1.000036539013986481e+00
1.876024699417148944e-01
6.085653825237024445e-02
