-5.999202665857797934e-01
-5.998597347736172036e-01
9.998866759894542433e-01
-3.759632234360438339e-03
-1.000102987251372033e+00
-7.966784541876377190e-01
-6.000462543403711768e-01
3.966307573915135026e-02
-8.168286498668720919e-01
-2.031905250099322879e-01
9.999570250490567858e-02
-1.000136474237709239e+00
1.999239975251903834e-01
-5.676953531081228160e-02
2.079938059732640010e-01
4.239778088470107509e-01
5.130584477342803318e-02
-9.998076531460859950e-01
2.083427310623089945e-01
-2.156318383690369878e-02
3.890868650152626840e-01
4.084837097394610761e-01
-3.378345528048891655e-01
-7.888508623474895787e-01
-1.000079235043687564e+00
3.941919769864791201e-01
-2.312842127912432821e-01
-6.000235348248509348e-01
-2.458090776004810685e-01
1.002458022449805308e-01
-1.000087871897922698e+00
-8.049151707334744055e-01
-8.110807691805722586e-01
-9.997844102074802120e-01
5.856638439311450881e-03
1.000052334920011221e+00
-9.997980047447866392e-01
9.999348059649356690e-01
3.893743843521515480e-01
-6.000217518212189738e-01
1.000030181439641952e+00
-8.022466773429839382e-01
-2.444021384411349529e-01
1.000006168928694733e-01
-3.531790467730144822e-01
4.050207724833159717e-01
1.000560729648361097e-01
9.990874095477322858e-02
9.989485781989024260e-02
2.059716234807000002e-01
-1.000198298230181582e+00
-7.891682496402567804e-01
3.924102648072823607e-01
4.161287017368794916e-01
-2.410682488485411945e-01
-9.999221197350495194e-01
-7.930555396158891490e-01
4.092025367301143635e-01
-2.428121394194922636e-02
-1.000024815054185723e+00
-2.556183561925202269e-02
3.967337289526501887e-01
-1.000098513295920810e+00
-3.337538134294039671e-01
-1.000194808693895876e+00
1.001282055559674783e-01
-1.000006524008529629e+00
-6.383359467926201514e-02
-8.059175709318707748e-01
4.011321803624723348e-01
-6.001202604077306990e-01
-3.746124381207515119e-01
9.995958699574923612e-02
2.707734395204483557e-02
1.901889811439824440e-01
1.001111234163101493e-01
2.081555287362174822e-01
1.000103131479865848e+00
-1.537809861928605450e-02
-7.998507954221704130e-01
3.993855907223941015e-01
4.072116573285389229e-01
2.154866385380576899e-01
2.018380870608025568e-01
9.999872218979153349e-01
3.846604186992685914e-01
-9.999440007224635885e-01
-5.999808348674655623e-01
-1.000109910137924940e+00
6.974687854220533445e-02
-1.000015418389711197e+00
1.001974865889038585e-01
1.002411878339515283e-01
-5.999216614402534953e-01
4.693799115479385664e-02
-7.899657467710784475e-01
-7.961600828485959624e-01
-2.741880714809897812e-01
4.015128070095844159e-01
-2.921302153528695378e-01
3.895019969938637860e-01
-7.939341604988230383e-01
-2.202183029067565356e-01
9.996899055284465263e-02
1.000677833141939838e-01
9.999895880692495354e-01
8.768791963122756633e-03
3.961831562033566456e-01
1.000342563279796593e-01
-3.609076464567128051e-01
2.096256635514790745e-01
-3.164556223856954120e-01
-5.999860453589561660e-01
1.000039708496353708e+00
4.084126790683222374e-01
2.079351663263334371e-01
9.991719378305173593e-02
1.000045341074568439e+00
-1.000107143842527302e+00
4.053926950106586657e-01
9.999628644137500411e-01
4.006390908359642733e-01
1.002003155186494548e-01
3.838199104350102364e-01
-5.997801615182917212e-01
4.021505338926039119e-01
-2.483949662365495525e-01
4.194873602118562306e-01
9.998361734914892329e-01
1.000169180304147476e+00
9.999924894723306867e-02
1.910342390463758977e-01
3.800782062960297303e-01
-8.185224522981459083e-01
9.983126989690743747e-02
9.999105602781525048e-01
9.999824541387525301e-01
-9.998025703254038721e-01
-5.998995542466872832e-01
4.001576564303324091e-01
8.051781268609382392e-05
4.083735985085429898e-01
1.001263968957509243e-01
4.081625903279711975e-01
-2.288672978614122999e-02
-3.192778123955120062e-01
-6.001250869104727270e-01
2.042057371424140233e-01
1.000036061323402281e+00
-9.999731710143728858e-01
-8.033090624585893513e-01
1.000007607529347808e+00
4.068260188326334736e-01
-5.999630538592709561e-01
1.000036206884689638e-01
-1.466428660378476904e-02
-2.302312981057793584e-01
-7.944109500616414188e-01
1.790744003159983611e-01
9.998712969109399551e-02
1.000147903184970266e+00
2.053220338943055334e-01
2.142272913942875889e-01
-3.386975669408800460e-01
-9.999312816531455983e-01
6.513895266968065508e-04
4.298454123670332749e-01
-7.947146602486915290e-01
1.998086988651220086e-01
9.999485165174707424e-01
-7.949191110664147741e-01
-5.999040339945472811e-01
-9.999077190755196742e-01
-2.220549056978746161e-02
-2.944147544916786430e-01
-6.000570798751616586e-01
-3.957716858636010221e-02
1.883913289371209887e-01
-1.000085791106209765e+00
9.998060670574888675e-01
-7.942518013861461501e-01
3.802609545536394520e-01
-2.943635546061214581e-01
1.000076070926834593e+00
-1.000038668610069736e+00
-4.010402982644231673e-02
2.094859548695324203e-01
9.981969580720405355e-02
-8.062666655126151660e-01
-2.253866742309363069e-01
-2.424073280869389405e-02
-2.266732380143965109e-01
1.991994591945365489e-01
1.444583249295355344e-02
-6.001027773718428104e-01
-6.000807531321753485e-01
4.002310476142330042e-01
1.000095525259106832e+00
1.000513395671514399e-01
-3.140329376522847382e-01
1.950091337503492284e-01
9.988194845552389456e-02
9.999846711720372650e-02
-7.774803053196825964e-01
-5.998015415614358359e-01
-6.000573520155612073e-01
9.998583486847083535e-01
-6.001180450497022312e-01
-6.000235357848333617e-01
1.000067764301096895e+00
1.942715040418070693e-01
-7.978188854755939863e-01
4.073925992049416411e-01
-1.505490439014200467e-02
1.974909754626216207e-01
-8.050739717898336423e-01
-1.000040463538263147e+00
-8.079919638940421533e-01
-9.999351884172622551e-01
9.999828691106737999e-01
1.000016767758747926e+00
-8.199223113642787331e-01
-3.466314884410524044e-01
-7.021922784265842432e-02
-7.853775556381561440e-01
9.999050086954732741e-01
-5.999743375281835212e-01
9.989702743400270812e-02
-9.999470456942394225e-01
3.985565480833674346e-01
1.997855817003478529e-01
1.000083708041987540e+00
-5.998535544679473031e-01
-5.997776986247211894e-01
-2.949796012184854876e-01
9.999490660442252876e-01
1.000622496038960779e-01
1.000125921881467761e+00
1.000022402080988915e+00
-1.000153384241547760e+00
4.105953917585010715e-01
9.990690238098830223e-02
4.116326744268296589e-01
1.001037734272219731e-01
-7.346966278168534994e-03
-2.020876821380900024e-02
1.922454054111449318e-01
3.982295825573929360e-01
-8.061469301772753449e-01
-5.998988269097415005e-01
3.847273403617629262e-01
9.999594860064423552e-01
1.522802679072350097e-02
-7.963740861498408430e-01
3.944657784781513965e-01
1.074579490323768205e-02
2.088651785931709970e-01
-9.998929518426641350e-01
-2.528416783362497644e-01
3.947478509016356663e-01
2.036524837828787293e-01
-5.652888135692774041e-02
9.998715012053086548e-01
9.999941606231275149e-01
9.999429892585014468e-01
9.997131129665218219e-02
2.053432755958257798e-03
-1.000098415714156586e+00
-2.733033826322302517e-01
-3.319569040822809014e-01
9.998704600997500025e-01
-8.142967526361062358e-01
-8.045928414620723279e-01
-5.998365710540031204e-01
-3.605571135512329883e-01
-1.000047397133731808e+00
1.776829105437987000e-01
1.001301043017494702e-01
-6.000849625176846169e-01
1.009415067671911442e-02
9.998435676955637064e-01
2.216263218765917031e-01
1.982800929289988967e-01
2.198400375829154263e-02
-2.870511384517149267e-01
-3.640325490133125008e-01
-2.460145803099666184e-01
4.098071660833601526e-01
-2.212909639352793334e-01
9.999344767438149706e-01
9.999245475132095828e-01
7.156045478103860435e-02
1.827241429448926147e-01
2.063937745212268693e-01
3.370190710351945312e-02
-2.772073992722066671e-01
-5.998605105443838292e-01
-1.000068877584240568e+00
2.164445324988351627e-01
-3.935368622495610813e-02
