-6.000765158727149329e-01
-5.998866486619813809e-01
1.000218537044679445e+00
9.795269959424569850e-02
-9.999550801170740133e-01
-8.088543792839949509e-01
-6.001654734316742568e-01
4.759562146463252458e-02
-7.972183805268909795e-01
-3.843182604550183790e-01
1.001158303170672781e-01
-9.998754488440071420e-01
2.017152546533972912e-01
7.570709916064426691e-03
2.041579881915255856e-01
3.943047667714365545e-01
-1.131002811941977104e-01
-9.999620616266409190e-01
2.108756421060015429e-01
-5.381521968717836724e-02
4.034170435437364199e-01
3.942676141398466783e-01
-2.131218678706262026e-01
-8.273979900704491186e-01
-9.998978012106252145e-01
4.210252548722550059e-01
-2.932974309523134759e-01
-5.999699390336913352e-01
-2.711973551157163542e-01
1.001089460923712537e-01
-1.000097380414701087e+00
-8.159766705765432171e-01
-7.926569788424403518e-01
-9.999936644076269365e-01
1.262670928185213870e-01
1.000094097352581812e+00
-9.999283200818069872e-01
1.000145811923646377e+00
4.059233176286665135e-01
-6.000735660616781653e-01
9.999773260160130794e-01
-7.956020664925741448e-01
-3.738730725213650352e-01
9.982143202280394090e-02
-2.653051392268780395e-01
3.970025699603097480e-01
1.000113288579673743e-01
1.001103195159905174e-01
9.981319320165218945e-02
1.893099670192039397e-01
-9.999405614785500385e-01
-8.053523281657791744e-01
4.028159286642157277e-01
4.023686767334793135e-01
-2.700121734211866076e-01
-1.000169495246259643e+00
-8.183226680020481147e-01
4.185908532990698094e-01
6.264154597698395888e-02
-9.999123738743171952e-01
1.449007038221152878e-02
3.939860851813823395e-01
-9.999904845477110005e-01
-2.668259535485199563e-01
-1.000174099676176320e+00
9.998434792481082634e-02
-1.000009826605389174e+00
-2.175535197068736992e-02
-8.112802132181987647e-01
4.051852727496604856e-01
-5.999261537483352447e-01
-3.174550976585379103e-01
1.000266699609773935e-01
5.664575565576257521e-02
2.109033953645952364e-01
9.989884445755183029e-02
2.025928785403691978e-01
1.000055788366265741e+00
7.188308138434372496e-02
-7.860295546714656245e-01
4.005912944979704848e-01
4.041363230012957608e-01
1.863590636240971266e-01
2.094665756774450605e-01
1.000145198320098405e+00
3.916696008358321879e-01
-9.999632614159539301e-01
-5.999376318544931141e-01
-1.000051094112177852e+00
-3.292461329441223605e-02
-9.998554672948031241e-01
9.996912676645910989e-02
9.993600100135756337e-02
-6.001286885174841323e-01
6.758504803852155574e-02
-7.953871390100782923e-01
-7.858860655857036193e-01
-2.717508681192788433e-01
3.976560532504430645e-01
-2.729312042832889307e-01
4.028590621918370918e-01
-7.902901560694601812e-01
-2.803383988711899422e-01
1.000234759975511534e-01
1.001024103612428301e-01
9.998515650075616712e-01
-1.262192663650575121e-02
3.856782929794467796e-01
9.991363344201512064e-02
-3.137467872014163550e-01
1.779892224625533870e-01
-2.853477268601356531e-01
-6.000074952153452434e-01
9.999494320202523268e-01
4.060096095023163487e-01
1.891499052196458086e-01
9.991462234846544554e-02
1.000095330106679947e+00
-9.999235109692232726e-01
4.017913746410152198e-01
1.000090388424915266e+00
4.076882439673719660e-01
9.986894833680831640e-02
3.844340727736602625e-01
-6.001497650494679315e-01
3.894198012071503068e-01
-2.938735933968368852e-01
3.960595392341942911e-01
9.999802326011220099e-01
1.000058425088819147e+00
1.000207824104860366e-01
1.769329511749152539e-01
3.888969073840142232e-01
-7.876778650424984818e-01
9.982591071969898477e-02
9.998847452266661495e-01
1.000094629501610433e+00
-9.998312120184802421e-01
-5.999454273301654261e-01
3.895552839283858426e-01
-1.251499669312341467e-01
4.044975582429555239e-01
1.002259259064292446e-01
4.025387373641407529e-01
-4.129461461577207948e-02
-3.019700002137519768e-01
-5.999894939174943431e-01
2.141464851436257477e-01
1.000187895383068959e+00
-9.998364678220291735e-01
-7.965751124120870053e-01
9.998857000187910682e-01
3.955330031248822098e-01
-5.999382624305652500e-01
1.001551067146065621e-01
1.323798743320015597e-02
-3.586926893688236473e-01
-7.999947105024881600e-01
1.856569910373872256e-01
9.991949824112528189e-02
1.000101197741751768e+00
1.935189833799566828e-01
2.139481215386185298e-01
-3.557627037917854285e-01
-9.999304846766056132e-01
9.064879399910316660e-02
3.973566908459367775e-01
-8.137268117083990004e-01
2.006449433369169588e-01
9.998560521047492600e-01
-7.932176125348074924e-01
-5.999833731837745932e-01
-9.998033763884744962e-01
-3.833652535181981957e-02
-2.487862250490376903e-01
-6.002442057774983741e-01
-3.595295905809314102e-02
2.097379412241417995e-01
-1.000079096217228569e+00
9.998543432623233640e-01
-8.174919815966150693e-01
3.950809449766966019e-01
-3.208641757285969898e-01
9.999167260212507014e-01
-1.000024714500450385e+00
5.047471132142136718e-02
1.975937940611288413e-01
9.992691461575162193e-02
-8.050807646368568493e-01
-2.961721585050517414e-01
7.040433395929016069e-02
-3.296822850035315278e-01
1.947957131591241120e-01
-2.704241106723662830e-02
-5.999458353897179075e-01
-6.001920618581499944e-01
4.074391438763916851e-01
1.000038673625316621e+00
1.000531154790011146e-01
-2.077655839395526893e-01
2.018982512346526592e-01
1.001010280782363010e-01
9.979770882051805514e-02
-7.785064013894936741e-01
-6.001613150260620699e-01
-6.001035142363857489e-01
9.999424074728364698e-01
-5.999444717114640335e-01
-5.999405025874136044e-01
9.997748297851287713e-01
2.120019519874921377e-01
-8.036212390210535350e-01
3.976835184729174411e-01
1.154679858202353471e-01
2.062291419276579274e-01
-8.121083564619508977e-01
-9.999839781500623470e-01
-7.958024826961374032e-01
-1.000069578894733580e+00
1.000026846204449704e+00
9.999854940768507783e-01
-8.127267181505695159e-01
-3.404890366897282972e-01
8.205974576799053566e-02
-8.059801883847347304e-01
1.000170548806273318e+00
-5.999812686865930722e-01
1.001165245720063990e-01
-9.999833882967077425e-01
3.990766241584131069e-01
1.939734383836680953e-01
9.999737470232301639e-01
-6.000182197544593476e-01
-6.000479210627697180e-01
-2.443930250466703757e-01
1.000096347002822350e+00
9.984640263798238990e-02
1.000153006210672268e+00
9.997696331083936183e-01
-1.000001833267649021e+00
3.892475319772761844e-01
1.000563076693298109e-01
4.016637842471716402e-01
1.000623597955386940e-01
-2.015239558333475900e-02
-3.686772037912925543e-02
1.850424724138648169e-01
3.929367417889720326e-01
-8.105722590310058262e-01
-6.000892954297583071e-01
3.992197693156058214e-01
9.999080458425531059e-01
-3.128756481100290060e-02
-8.012314866536944802e-01
4.130960856226022493e-01
-1.077832385802641665e-02
1.916407883856051375e-01
-1.000087289228567267e+00
-2.352874181233173823e-01
4.033405943334897326e-01
1.873318977558877108e-01
9.630322624784384833e-02
9.998449744332823519e-01
9.999469400556434406e-01
1.000020124838390201e+00
1.000859661234115849e-01
2.071064205862112664e-02
-9.997459822782061023e-01
-3.724459850511276926e-01
-3.646384013822680514e-01
9.999356051217695995e-01
-8.198888593362793076e-01
-7.964573676513985179e-01
-5.999646573597204879e-01
-3.136877810165899505e-01
-1.000056392817993522e+00
1.909122575236004427e-01
1.000174893569691775e-01
-5.999040259051685586e-01
3.305773443164509301e-02
9.999302114605908010e-01
1.861967754414190768e-01
1.975081284527336611e-01
3.843978422380625593e-02
-2.953002665892924816e-01
-3.759437214329779398e-01
-3.184552083209671314e-01
3.889273531172161569e-01
-2.908038591043250465e-01
1.000136836473985325e+00
1.000100123401020280e+00
-4.374636330114690247e-02
1.920210556065836405e-01
2.038743305914273163e-01
-1.049224501513986883e-03
-3.202856052275900867e-01
-5.999743220332784954e-01
-9.999710123207388168e-01
2.049219091447660734e-01
-5.031460202707822849e-02
