-5.999901326629099030e-01
-5.998873726627984571e-01
9.999042266947727464e-01
-1.165614525687849040e-02
-1.000185308009543084e+00
-8.065927381667729046e-01
-5.999457344147608451e-01
-5.965790707512000357e-02
-8.058123077729684169e-01
-2.998745331000512437e-01
9.992845798991512041e-02
-9.999692139712397232e-01
2.006741065045687666e-01
1.041986352127742405e-01
1.941528205027357734e-01
3.871061265085352088e-01
4.429889819318660882e-02
-9.999361086342181126e-01
2.179641422358532810e-01
3.602485602218544192e-02
4.056772750209491352e-01
4.039506358179415502e-01
-3.253402634660756965e-01
-8.158872487974356824e-01
-9.999787423628722083e-01
3.960884233412361177e-01
-2.960486081784350909e-01
-6.001132553498474964e-01
-2.512788535391796696e-01
1.000409320554657561e-01
-9.999945484724788169e-01
-8.028911676851354651e-01
-8.034396370255280084e-01
-1.000218237150406031e+00
-9.251095536395265162e-02
9.999481675577200912e-01
-1.000071253724474252e+00
9.998511379465747639e-01
3.999686448391798210e-01
-5.999770763265657170e-01
1.000049974410311737e+00
-8.198696091092135818e-01
-3.539707232501725365e-01
9.989618053840923495e-02
-1.891280453806050699e-01
3.869032831605432321e-01
1.000601659368035579e-01
9.992950977394912671e-02
1.000376034559734839e-01
1.856155916249268845e-01
-1.000004594742970765e+00
-7.911864518054974038e-01
3.911037210674563891e-01
4.100894666224098595e-01
-2.597865944775609726e-01
-9.998484614042428831e-01
-7.926949004604570970e-01
3.850772084773960158e-01
3.145215351178968360e-02
-9.998805907535489590e-01
-7.752369891564196876e-03
3.892064595953274586e-01
-1.000003740252752182e+00
-2.823710382110827255e-01
-1.000051680779336705e+00
9.997766916035354112e-02
-1.000109506800950898e+00
5.782335533145236545e-02
-7.980508972286983749e-01
4.091358884873952384e-01
-5.998894146186554144e-01
-3.016424922234301476e-01
9.996569842107826120e-02
1.324213876372304713e-02
1.941613768533559936e-01
1.000923682739267850e-01
2.039927655908148063e-01
1.000025739369553968e+00
4.834612834747346877e-02
-7.893502109771589614e-01
4.116277145569275375e-01
3.951818008502450130e-01
2.139858384906757616e-01
2.040249285899060350e-01
9.999789086367397717e-01
4.088693494902670422e-01
-9.999902752481073520e-01
-6.000884879717546250e-01
-1.000022244342820832e+00
3.161978205334921299e-02
-1.000130922127421496e+00
1.001473239410711757e-01
9.993474996732962246e-02
-5.998342822072552094e-01
3.265383633775596761e-02
-7.993300682435571236e-01
-7.994607130702521269e-01
-2.897367314369733160e-01
4.156432413915485125e-01
-2.993581852308488944e-01
4.001123579900020544e-01
-8.019135019385238428e-01
-2.381026762733987334e-01
1.000500102300949656e-01
1.001365235904320694e-01
1.000019166750949928e+00
4.354943800950571847e-02
4.036195563841495915e-01
1.002438394586315923e-01
-2.421656952829774889e-01
1.893959711766648457e-01
-2.451766254258019306e-01
-6.000179582490817731e-01
1.000163202150419206e+00
4.020842152834643857e-01
1.941211119753185332e-01
9.992835385799912762e-02
1.000017209538447194e+00
-1.000144104863132322e+00
3.911299512544406110e-01
1.000000942055306208e+00
3.921018552065455021e-01
1.002085507567442579e-01
4.032486482787927540e-01
-6.000050091873623259e-01
3.815588262085501392e-01
-3.055297213859755612e-01
3.871443654302465509e-01
1.000098853560809076e+00
9.998583583633930960e-01
9.975189347284456332e-02
2.210318317436826274e-01
4.138030718351785042e-01
-8.041552510236068541e-01
9.998653140023745778e-02
1.000028415494122580e+00
9.998551254239228525e-01
-1.000106062812666341e+00
-6.001317825060454858e-01
4.017723504548444957e-01
7.473771353787649063e-03
4.065670928810233287e-01
1.000533867267214133e-01
3.984163845356817890e-01
4.859496225110421924e-02
-2.924484627636959599e-01
-6.002425732051757112e-01
2.205317089457131952e-01
9.999934754828203598e-01
-1.000124966795394421e+00
-7.962964907902927436e-01
1.000064003613245101e+00
4.095137001222288187e-01
-6.000437485870150356e-01
1.001529939256841084e-01
-5.210604407318696757e-02
-3.113100965201167081e-01
-8.024519380910259958e-01
1.982045200822773467e-01
1.000718845619611441e-01
9.998488532410690910e-01
1.885050859492145570e-01
2.040330276269944620e-01
-2.969286238999166438e-01
-9.998656499583441493e-01
-4.133132005960842709e-02
3.929143257096014974e-01
-8.076626334822192277e-01
1.837317849347402943e-01
9.998843791267352232e-01
-7.971741918310062402e-01
-5.998278465641248003e-01
-9.999376316458423730e-01
1.126609232343375039e-01
-3.254518204931862169e-01
-6.001984988494373230e-01
-8.301355535997888280e-03
2.020205337296374637e-01
-1.000032521772011851e+00
1.000016326983609982e+00
-7.956249643299592167e-01
4.158785958112480308e-01
-2.949354945483292356e-01
9.999762540888970097e-01
-1.000066390329297672e+00
-5.522995439689000474e-02
1.968912791559491449e-01
1.000446233019555153e-01
-7.973392904797160785e-01
-2.756841340343623159e-01
1.387450281825906157e-02
-3.053235310638767741e-01
2.065595197035894892e-01
-3.268274361257303418e-02
-6.001617449398329862e-01
-5.999591848232215252e-01
4.041894253484898947e-01
9.998972256496444500e-01
9.993675147792725755e-02
-2.579156510938701574e-01
2.019163362108548354e-01
1.000365411599729165e-01
1.001830547966394841e-01
-8.008109724235698001e-01
-5.999204184315990451e-01
-5.998320985590896992e-01
1.000110857888906857e+00
-5.998567785529921315e-01
-5.999362247303378082e-01
1.000071827408415714e+00
2.022167576350406559e-01
-7.881387449599033257e-01
3.983295332217940410e-01
1.173268168364427766e-01
1.907382295566903141e-01
-8.022881585166798946e-01
-1.000036415364569331e+00
-8.038005532524679086e-01
-9.999708000663974916e-01
9.999819742375221088e-01
9.998764237734131255e-01
-7.936194840958941121e-01
-2.125856453569471283e-01
-1.558304901560707105e-02
-8.046942461354967824e-01
1.000100550814701839e+00
-5.999205097423702115e-01
9.968939086414997652e-02
-9.998709770795660701e-01
4.032280997327903349e-01
1.890895856905605021e-01
9.999894019496741171e-01
-5.999352491083811412e-01
-6.000731996839469007e-01
-3.430484300205505765e-01
9.999185417009499588e-01
9.999117197615071950e-02
1.000000043978966913e+00
1.000137649423207042e+00
-9.999966095897248053e-01
4.007983999497541916e-01
9.995356871913144148e-02
3.918240977747001197e-01
9.990628956371477853e-02
-1.074220434555933287e-02
3.548149549840607514e-02
1.905135720889510609e-01
4.105697069311502467e-01
-7.787441206894091250e-01
-5.999634874236852156e-01
4.096203266742433624e-01
9.999342712893233287e-01
-8.045194908980908208e-03
-8.014773426459734784e-01
3.896532730919704535e-01
8.541251638808591840e-02
1.989132911030025153e-01
-9.999936734902997726e-01
-2.687323677944591926e-01
3.996771524424397315e-01
1.930484045407401816e-01
-5.854622929029315581e-02
1.000104083773428965e+00
9.999889291665380320e-01
1.000061753626131589e+00
1.000564945564519914e-01
-1.771162256529298408e-03
-1.000018776667619180e+00
-2.256601803741039580e-01
-2.903015794433850827e-01
1.000095625078898598e+00
-8.072832702136241156e-01
-8.099786137137185982e-01
-5.998589724517328081e-01
-4.459077401848379196e-01
-9.999536605210748164e-01
1.815336820719301580e-01
9.990089960993055185e-02
-5.998448656144957924e-01
-3.862117349211266482e-02
1.000149160257482128e+00
2.044247353492311126e-01
2.005747561927032907e-01
5.802064302041011479e-02
-2.826552811954009536e-01
-2.679552603962694346e-01
-3.294023863918900674e-01
3.788608874002243332e-01
-3.400955370778145914e-01
9.999654313816358497e-01
1.000106015806943915e+00
-4.168322937232826764e-02
1.960336024525570764e-01
1.832242459398834844e-01
1.539436798469216196e-02
-4.361189088904905420e-01
-6.000629299837055841e-01
-9.998482486578592621e-01
2.079998143864980609e-01
5.318405014215689397e-02
