-6.000881341428943028e-01
-5.999043517584695673e-01
1.000083276695399981e+00
7.158819728299810337e-02
-9.998537847295017045e-01
-8.014268453260874336e-01
-6.000500777840296340e-01
2.969535802860784335e-02
-7.895312399981371243e-01
-2.648420315465093156e-01
9.978326260967569639e-02
-9.999483602356475931e-01
1.919025605464677042e-01
-1.010965998682517367e-02
2.038771778411573310e-01
4.143671365448917121e-01
3.393743784593724472e-02
-1.000182203426676963e+00
2.069806192152788826e-01
6.056508224185171152e-02
3.904731961700154130e-01
4.193466351430508166e-01
-3.277571520055737042e-01
-7.975372518129505428e-01
-9.999794503747558849e-01
3.900545414710219205e-01
-2.638013248112521247e-01
-6.000172016275435727e-01
-2.731600540232420604e-01
1.000990546344548010e-01
-1.000052285393823182e+00
-7.935131055596612581e-01
-7.864040207317128939e-01
-1.000090164238622847e+00
4.144437099834277771e-02
1.000071945347968727e+00
-1.000237700430862464e+00
9.999886637127534117e-01
3.921438907403770324e-01
-5.998774197776959305e-01
1.000036719500824400e+00
-7.824994132325248097e-01
-3.909550106128521496e-01
9.993644568054801947e-02
-2.945880455578773205e-01
4.016184246078767783e-01
9.992449331765036746e-02
1.000358915300509494e-01
9.996106027838880248e-02
2.058936829649805067e-01
-9.997727189880919463e-01
-8.000513317989370599e-01
4.027923701410563995e-01
4.088782396234699190e-01
-3.249053725768300538e-01
-1.000006473900383774e+00
-7.987543618108408072e-01
4.027146012149783183e-01
8.599814985747692569e-03
-9.999410624588327412e-01
4.674967213822435810e-03
3.937761337947013329e-01
-9.999641958250276019e-01
-2.579487271298208650e-01
-9.999605492403593754e-01
9.983154105273221723e-02
-1.000043507095927930e+00
-4.163099024691110928e-02
-7.902607220886218586e-01
4.033943641313526007e-01
-5.998392743295144491e-01
-3.629026453708169564e-01
1.002086172566145766e-01
-2.951434450421354383e-02
2.138690999476065280e-01
1.000522397782532547e-01
1.993455781058529608e-01
1.000090439416962518e+00
1.217619747407275993e-02
-8.188590331874655570e-01
3.987986251104613245e-01
3.856625114697720957e-01
2.000664680112100857e-01
1.961603700913988890e-01
9.999362986248041540e-01
3.930583078678500653e-01
-9.999932816809906644e-01
-6.000287743192618262e-01
-9.998419522216275279e-01
-6.014018835829038068e-02
-1.000233371488039591e+00
9.996232598265322733e-02
9.980144003497036509e-02
-5.997292833036541593e-01
-6.753630327840341729e-02
-8.014339450244365448e-01
-8.047595724984534238e-01
-3.164743682524165935e-01
3.844873880383690157e-01
-3.339343183986093200e-01
3.921969053254577564e-01
-8.102680833297868368e-01
-3.388289928440085252e-01
1.000160998645695243e-01
9.991129931682482535e-02
9.997834145196115019e-01
3.662855167482687718e-02
3.947989594322375284e-01
9.977609937481199398e-02
-3.430551340188744414e-01
1.944510196721476181e-01
-3.070642909683316546e-01
-6.001724539208407316e-01
9.997535421592437244e-01
4.018708741184265909e-01
1.959848213298968911e-01
1.000630892506240432e-01
9.999336169721975143e-01
-9.999361458056196250e-01
3.957613639315459841e-01
9.999294090344451602e-01
3.963517067132744653e-01
9.989637101086443205e-02
3.925237414263340052e-01
-6.000616807535688046e-01
3.978675543422952599e-01
-2.579871971121217578e-01
3.990251022829151006e-01
1.000135555013427435e+00
9.999749435111127127e-01
1.000271131094205984e-01
2.074242333499604352e-01
3.896943757957218590e-01
-8.069083387023086029e-01
1.001158127744656567e-01
1.000010739645517122e+00
1.000029737489539938e+00
-1.000093305533499066e+00
-5.998945302993577977e-01
3.834023568275195526e-01
-2.260347771463545874e-02
4.103181774053812902e-01
1.001237682015823915e-01
4.034174186209750212e-01
-1.072500043600450523e-02
-2.929724822268298667e-01
-5.998251185763256998e-01
1.907503538319499925e-01
1.000016840488796799e+00
-1.000088130523103747e+00
-7.898937788625044476e-01
9.997904551918082028e-01
3.856858213734056795e-01
-5.999721470960925895e-01
9.993842952047443662e-02
1.379831814825380545e-02
-2.765100343043792042e-01
-7.876167260202674436e-01
1.956613977321103037e-01
1.001494516587537603e-01
1.000096527235629917e+00
2.119011755966019039e-01
1.786499058175055887e-01
-2.694765812516533021e-01
-1.000010016024870385e+00
-2.308704699951351618e-03
4.034252013612148469e-01
-7.916762259178485861e-01
1.827420649478683767e-01
9.998406693403040224e-01
-7.961281645989003453e-01
-6.001882681376362605e-01
-9.999363066494517671e-01
2.589479852424528272e-02
-2.525222222326752863e-01
-5.999201277639598651e-01
6.085393865192553764e-02
2.079558588812102093e-01
-1.000066669476180836e+00
1.000000580913964932e+00
-8.131073915808548769e-01
4.027301552301620347e-01
-2.939919359488816775e-01
9.998606682260090528e-01
-9.999597241633908506e-01
8.396202274736559723e-02
1.843072256513748064e-01
9.990094202268702539e-02
-7.980833069761231746e-01
-2.764669603236271644e-01
4.113480877799936819e-02
-2.417435529736787769e-01
1.926784435158342967e-01
2.100125497845951872e-02
-6.000171828351490433e-01
-5.999074247237194957e-01
3.933620428158979832e-01
1.000050508764649626e+00
1.000840818033825325e-01
-3.268013812088440551e-01
2.029903663682686432e-01
1.000750114101069815e-01
9.998605956719873455e-02
-8.014013030053385167e-01
-5.999475718573260563e-01
-5.999243558233274820e-01
1.000037839123076200e+00
-5.999907006673382837e-01
-6.001213333840967890e-01
9.997528374161678277e-01
2.072630172312437680e-01
-8.191900211022437039e-01
4.050155856665993426e-01
6.803853948630655957e-02
1.880553502258775767e-01
-8.120644314840721467e-01
-1.000123814149574297e+00
-7.952428117774611449e-01
-1.000067795967409578e+00
9.999332221416554756e-01
9.999639950545818889e-01
-8.261467205398784763e-01
-3.521759667851550590e-01
-3.824299332603478541e-02
-8.003440758722055737e-01
1.000083257364464462e+00
-6.001442700946650888e-01
1.000112477474359302e-01
-1.000065202662298036e+00
3.955607289223227463e-01
2.082908550021818073e-01
9.997121893250723312e-01
-6.000938290119228746e-01
-5.999293502473224127e-01
-3.025487047677114516e-01
9.998384426574374872e-01
1.001569851662555410e-01
9.998793794255039780e-01
1.000015540545402759e+00
-9.998841575364443290e-01
3.952532276113528975e-01
9.992397955921690500e-02
4.001175695320998704e-01
1.000842493472833272e-01
4.725140209748014686e-02
2.215052168854730191e-02
1.964689578327967756e-01
4.157166587060679430e-01
-7.969706410473299529e-01
-6.000383257110155633e-01
3.856150018370224086e-01
1.000098147548626359e+00
-1.208019973976200839e-01
-7.821983188550377664e-01
3.981519478463203532e-01
3.481811497554772317e-02
2.124329949286659081e-01
-9.999438927346177008e-01
-3.064900566430108775e-01
3.866789583427932553e-01
2.014225179714211889e-01
8.148883251813825168e-02
9.999496065221706864e-01
1.000043378586298992e+00
9.999717536653903727e-01
9.999073600188371214e-02
3.155261604876885909e-03
-1.000161253913375514e+00
-2.834469370299984581e-01
-3.228877204132819534e-01
1.000037839123868677e+00
-7.985968295088554658e-01
-7.839165675013461954e-01
-6.000062098314102865e-01
-3.533533437817323319e-01
-1.000122821215895241e+00
2.018397072398011027e-01
9.975724720092625508e-02
-6.001427364092948302e-01
-9.066318791448746417e-02
9.998262971401485899e-01
2.028935416719750695e-01
1.870671666003278499e-01
6.149186827629571361e-02
-2.990810159550023051e-01
-2.619950774085153533e-01
-3.006871438546331876e-01
4.037134830738902114e-01
-2.842148085625285092e-01
1.000070138730356550e+00
1.000128256654956749e+00
-9.595974716695931939e-03
2.173183742836793664e-01
1.819633500734857967e-01
3.416648101650866104e-03
-3.640901262529269711e-01
-6.000729975890962686e-01
-1.000231055278995695e+00
1.949047735223127797e-01
2.423889625464541175e-02
