-5.999744647052258628e-01
-6.001285640524781639e-01
1.000084323102773398e+00
3.559426939607254758e-02
-9.999991291391155945e-01
-7.980045478304808038e-01
-5.998917216845861544e-01
-1.379630419784072873e-02
-7.918467123390451334e-01
-2.872714106162199688e-01
9.984185384575990085e-02
-1.000037785797499579e+00
2.212121506189435594e-01
3.875060901065994351e-02
2.077696949115783731e-01
3.883350484528784730e-01
-2.860243099764262636e-02
-9.999160776468287715e-01
1.938406642305567640e-01
-2.225603188446226635e-02
3.985020933859034220e-01
4.050317639178432350e-01
-2.721900031221687888e-01
-7.864302649780922083e-01
-1.000001108269009453e+00
4.125911270445799528e-01
-3.363125429563381119e-01
-6.000995947692486787e-01
-2.471977712549075779e-01
1.001129265811648017e-01
-1.000156685079274910e+00
-8.098064675454594852e-01
-8.036701840665941843e-01
-1.000048586485874136e+00
-1.237361757353917617e-02
1.000168040960404348e+00
-1.000075350931161511e+00
1.000038149554601352e+00
3.739606128891821979e-01
-5.999511145858502648e-01
1.000089714484304171e+00
-7.949242777101195312e-01
-2.338130581776479699e-01
9.994821537093355468e-02
-3.048186454327868056e-01
3.922837717556995618e-01
1.001606498866316614e-01
1.000552984022384240e-01
1.000048104642700109e-01
1.754513595734991660e-01
-1.000042524008444733e+00
-8.028094995972043790e-01
3.992198045230920811e-01
4.158538445463166311e-01
-1.665002635447498658e-01
-9.999479278721488118e-01
-7.982328715841274791e-01
4.002292931728042569e-01
1.935868097967508028e-02
-9.999460448065506935e-01
3.114935503490699059e-02
3.898620221990860002e-01
-9.999607410663486906e-01
-3.057193395808672221e-01
-1.000061912126650077e+00
9.979131101721548658e-02
-1.000072469907288264e+00
4.854486137670669527e-02
-8.011654886349861560e-01
4.029859871996753773e-01
-5.999220271806612326e-01
-2.741784463496921287e-01
9.999207933372283863e-02
-5.668169268791799914e-02
2.191451153527171902e-01
1.002446313517598442e-01
2.119030148102754030e-01
1.000144358846285497e+00
-3.992771811408656057e-02
-7.970019019298959506e-01
4.018568680560692385e-01
3.901493471294717463e-01
1.977558553786966655e-01
1.854747950454852246e-01
1.000144444975024083e+00
3.910149686895304511e-01
-9.999092695225758609e-01
-5.999184163874152764e-01
-1.000101102700337918e+00
-7.025657650933866960e-02
-1.000069163883591905e+00
9.995941194636753790e-02
1.000479318803956102e-01
-6.000288829319196937e-01
-2.610951266851363126e-02
-7.860579417677572289e-01
-8.008846709392208885e-01
-3.397155221731595343e-01
3.972160829423798112e-01
-4.250544330224987899e-01
4.073185830136838437e-01
-8.048359757886839327e-01
-3.885480596493873229e-01
1.001944301512110724e-01
1.000407732047484816e-01
1.000001224597469207e+00
-2.658876776458340974e-02
4.001312058003526073e-01
1.000902423978915906e-01
-2.604686958545339159e-01
1.983867461906742014e-01
-3.713871974556823830e-01
-5.998317380390078002e-01
1.000013292501749529e+00
3.956111882405722313e-01
1.993792106849594514e-01
9.984549404135935335e-02
1.000070790815152710e+00
-1.000165872409861656e+00
3.898697437479998196e-01
1.000008264415865655e+00
4.011832986184642458e-01
1.000727323590131917e-01
3.869514759458181352e-01
-5.999729595672390614e-01
4.061513874523661749e-01
-2.355178941497580725e-01
4.050263407256744497e-01
1.000030927679552262e+00
1.000027726394180805e+00
9.996939684785453861e-02
1.970741942178277362e-01
4.175895764365825102e-01
-8.066954969517639018e-01
9.999334537311753424e-02
9.999284198053519646e-01
1.000038234999668818e+00
-1.000006777562937321e+00
-5.999300751041473090e-01
4.261436239151233929e-01
-1.187682764591090935e-02
3.941635371072399474e-01
1.000513003925816991e-01
4.000848044168996975e-01
1.087316690489340681e-02
-3.587870387068037292e-01
-5.999883316940534117e-01
1.951519651462348126e-01
1.000086127531447211e+00
-9.999829357049175860e-01
-7.923811514645687781e-01
1.000108792596748897e+00
4.121216153892693912e-01
-6.001730227796839845e-01
1.000668579684512033e-01
-8.438669474982367358e-02
-3.185646957052115646e-01
-7.966463639322090007e-01
1.796223937131433135e-01
9.985770249137487786e-02
1.000023546260186302e+00
2.032576850083054054e-01
1.911130044122669736e-01
-3.540041888857555774e-01
-9.999321029779890679e-01
4.659293244478518448e-02
3.997653574234444340e-01
-7.984256633450861340e-01
2.005446728163315651e-01
9.998952161346817968e-01
-8.065342800803878553e-01
-5.998920861041538988e-01
-9.999711853329539268e-01
2.498469314355489246e-02
-3.320758012162701722e-01
-6.001970194483222665e-01
-6.766959390426502408e-02
1.978161842761423372e-01
-1.000165132676549495e+00
9.999885465174215282e-01
-8.045235947421031097e-01
3.986255974097457355e-01
-2.857625344171462745e-01
1.000048636301996696e+00
-1.000110604901204514e+00
7.160506441324900745e-03
2.118971369681380279e-01
1.000871937638393994e-01
-8.149641232107893707e-01
-2.878999237590090243e-01
-5.994190103010979542e-02
-3.825606524128165042e-01
2.065475996989745988e-01
-1.012362843469411314e-02
-5.999135176126866309e-01
-5.999117649956072773e-01
4.021401202570009659e-01
1.000078153102004652e+00
1.000105804267991533e-01
-2.834508226867116787e-01
1.921483185083913692e-01
1.000901451066264075e-01
9.991959728018091902e-02
-7.950631153318351574e-01
-6.001901970200900216e-01
-6.001404793984710384e-01
1.000066256889805771e+00
-6.000094753937176284e-01
-5.999178616482950810e-01
9.999105084934297727e-01
2.117894145053346722e-01
-7.944180833730613012e-01
3.972918012330814985e-01
-3.805259579120365450e-03
1.967803579582159956e-01
-7.979239945605192119e-01
-1.000183003733402964e+00
-8.065768538544704214e-01
-1.000254042334504767e+00
9.999983744284016707e-01
1.000045567522762857e+00
-7.842157426817509824e-01
-3.087944943058008596e-01
-1.219520247652073307e-02
-8.262237130749026104e-01
9.999338236066758201e-01
-5.998814958514612217e-01
9.987544341436800643e-02
-1.000043411093731072e+00
4.065317096873279912e-01
1.964191553234109211e-01
1.000029331057380011e+00
-6.001004103217747465e-01
-6.001549294770652798e-01
-2.828231041668608503e-01
1.000030426089270730e+00
1.000162421935562596e-01
9.999105431706009073e-01
1.000152388242830703e+00
-9.998804969051374725e-01
4.003295739329429392e-01
9.978252425427336370e-02
3.920152204879513991e-01
9.995156435729637967e-02
-5.545372541621160917e-02
5.946716398346146154e-02
1.967624354896652383e-01
4.025844828568209133e-01
-7.988963616308193405e-01
-5.999926530759894794e-01
3.841759775411162647e-01
9.999745412247383891e-01
1.915495242753147576e-03
-8.022410500699210800e-01
3.990369725048623639e-01
4.316860199683317939e-02
2.264321908073850809e-01
-1.000115798514074728e+00
-3.094454118747000937e-01
3.887743985486494802e-01
2.012573310065073340e-01
-1.570549024678736388e-02
9.999267854106402842e-01
1.000016256097607581e+00
1.000025153644993559e+00
1.001103984702597927e-01
3.200071663389791182e-02
-9.998911887475466775e-01
-2.804076468271305411e-01
-3.656782027222947873e-01
9.998896748392663847e-01
-7.983382984302920260e-01
-8.057713280227996044e-01
-5.999006868245526647e-01
-2.688845060170139134e-01
-1.000049097381985774e+00
1.983435169633614714e-01
9.997572157675363447e-02
-6.001640176298729257e-01
-3.043656448778778167e-02
9.998809699423917285e-01
1.930530481531533560e-01
2.083305287170425513e-01
5.870314260448378230e-02
-2.588815346599501188e-01
-3.807921445052963039e-01
-1.954865333555728668e-01
4.002929365458292033e-01
-2.755963153923370879e-01
9.999889063400614342e-01
9.998542413364578385e-01
1.684243906519004852e-02
2.086699087587977897e-01
1.984665940616444357e-01
-6.484281236282338212e-02
-3.131607078557437918e-01
-5.998738411270307935e-01
-1.000110893926732469e+00
1.964722223190097650e-01
4.629478303111976556e-02
