-5.998877376302259590e-01
-5.998377242257714181e-01
9.999744070073541824e-01
-5.261220918239781913e-02
-1.000141411164099603e+00
-7.870851180143128012e-01
-5.999952738182952050e-01
-1.879305014642636967e-02
-8.039209532325096719e-01
-3.632160131792709912e-01
9.991422017837560399e-02
-1.000031311810917201e+00
1.853677298721201072e-01
5.626521531936149595e-02
2.050651716469832353e-01
3.924345146740683687e-01
9.029269375587787791e-03
-9.998870054053246026e-01
1.948045412982889746e-01
-2.556246334548457899e-02
4.041692310104995634e-01
3.929826612684478859e-01
-2.788061179208470297e-01
-7.858569548467864152e-01
-9.999846786376017649e-01
3.911927731297432653e-01
-3.521885671539862206e-01
-6.000727687655968978e-01
-2.857593266590542913e-01
1.000268581591907402e-01
-9.999789742409956883e-01
-7.979760619698450519e-01
-8.092344690538317842e-01
-9.998904024237659227e-01
9.936247884888990689e-02
1.000074062691898025e+00
-9.999323900305623347e-01
1.000124547316491697e+00
3.982749734208597125e-01
-5.999068995510959956e-01
9.998756757061763034e-01
-8.012132304941514960e-01
-2.649492644634634519e-01
9.983891353412616132e-02
-2.162109983492394583e-01
3.912663056878863954e-01
1.000116159428571377e-01
1.000253616363233067e-01
1.000549992006610905e-01
2.018664634380229750e-01
-1.000074311834052265e+00
-7.962826535326841260e-01
4.014996218040585707e-01
3.886567262219735586e-01
-3.179379841828383069e-01
-1.000007969174978584e+00
-7.898662859745765319e-01
4.135869847343205952e-01
-1.023114448007831148e-02
-1.000088605145113441e+00
2.838675107632920858e-02
4.051502589434660684e-01
-9.999875456883138281e-01
-3.422381496737664230e-01
-9.999033033847877228e-01
1.000725045099876698e-01
-1.000178858026599560e+00
2.792689559779101827e-02
-8.178073964119340067e-01
3.986221994057511098e-01
-5.998519163431401680e-01
-2.172254051720516888e-01
9.980393235276369124e-02
7.741808618668993835e-03
1.938913168908451556e-01
1.000477274055687205e-01
1.826759312475756403e-01
1.000094414846646185e+00
-3.670224197980764824e-02
-8.053641902232332450e-01
4.094611382089493601e-01
3.998901205655502333e-01
1.887694321044759149e-01
1.986485851232376865e-01
9.999979011509978477e-01
4.091099585091277913e-01
-1.000044345772913790e+00
-6.000732239386799005e-01
-9.999408302038558238e-01
-6.940635366755419644e-02
-1.000072291661081136e+00
1.000927008760544301e-01
1.000324776231509422e-01
-5.999635432586351014e-01
-3.422073996087075104e-02
-7.918429739956536206e-01
-7.940190989160115231e-01
-3.606266933945334596e-01
4.005205792615332272e-01
-3.293099030724675469e-01
4.023856040624795294e-01
-7.817405281229015124e-01
-3.139286316303461222e-01
1.000450725179448941e-01
9.994674145468165904e-02
1.000002729385385258e+00
-2.315280016497755014e-02
4.161216420505358671e-01
1.000950034890651791e-01
-3.007182970971306601e-01
2.042497539870308798e-01
-2.895109623882315963e-01
-5.999846180145442798e-01
1.000090007349622612e+00
4.212077362009297721e-01
1.841584525624572755e-01
1.002073163516066096e-01
1.000010070633916559e+00
-9.999831355442191372e-01
4.150272947002081048e-01
1.000049724334421297e+00
4.053562902724780481e-01
9.999952549175322725e-02
3.892983005693295140e-01
-6.000145380229348069e-01
3.911054758368686657e-01
-3.536963473466506747e-01
3.930399845838563611e-01
1.000133840211550718e+00
9.999362967333564889e-01
9.996525740741288302e-02
2.059740676489497380e-01
3.989949399494110982e-01
-8.101712724674644539e-01
1.002496599419174794e-01
9.998034694641901865e-01
9.999959190094462880e-01
-1.000046583818211321e+00
-6.001330852296898888e-01
3.941592088616119871e-01
-1.417970542972877591e-02
4.048709972406717705e-01
1.001050013451662141e-01
4.055786299376208381e-01
-2.634133698594203279e-02
-2.739290569846288270e-01
-5.999495623456490012e-01
1.978103068560949085e-01
9.999368509965003149e-01
-1.000105985203576520e+00
-7.976606776806842714e-01
1.000048586878065304e+00
3.967699295131240089e-01
-6.000430988901908069e-01
1.000501568205955649e-01
6.696328681708231534e-02
-3.110938910784538658e-01
-8.025122735714291800e-01
1.902193070804643338e-01
1.000065279714669464e-01
9.998322933540170210e-01
2.021192225092093564e-01
2.034338228765367462e-01
-2.804734237463372137e-01
-9.998464213937043876e-01
8.448598463112097501e-02
4.020905021691499326e-01
-8.103317038023247765e-01
2.101759247125544183e-01
9.999682133304358400e-01
-7.845062183039960280e-01
-5.999628692552898546e-01
-9.999034367446137939e-01
-3.348985638830289518e-02
-3.736666071635689756e-01
-6.000938434135166810e-01
9.845106404791290067e-03
1.945499775954811217e-01
-9.998059153173494140e-01
1.000036439509729869e+00
-7.971017482507740670e-01
3.954312877786092528e-01
-2.991456699261687002e-01
1.000008875810813214e+00
-1.000163749353974341e+00
-2.117674878865877242e-02
1.953658914186034157e-01
9.995790123920209047e-02
-8.020190426646510717e-01
-3.772134524118230248e-01
-1.311990206787889274e-02
-3.184047246199747105e-01
2.169958544155559943e-01
9.405248583371166038e-02
-6.000166429180535665e-01
-6.001004972484548228e-01
4.049859932508897975e-01
1.000008378316495916e+00
9.980648373494033221e-02
-2.327605051802095204e-01
2.156525697437782774e-01
1.000005293590437161e-01
1.000033797112488826e-01
-8.054469738432240566e-01
-6.000847458703505444e-01
-6.000276380769784534e-01
9.999387006179457638e-01
-6.000532422594999638e-01
-6.000788007539833435e-01
1.000024074137997099e+00
2.177372182212740648e-01
-8.099620987262760030e-01
3.868569078107480519e-01
2.366997055766610625e-02
1.793830022020679593e-01
-7.870294098299798202e-01
-9.998884457815324645e-01
-7.970375722588537437e-01
-1.000178210279159430e+00
9.999924404947089229e-01
1.000052258889188472e+00
-8.048128599866245514e-01
-2.255930615397711003e-01
2.273078060962722968e-02
-7.979464722593386794e-01
1.000019640811169230e+00
-5.999864886376979900e-01
9.992121242725121588e-02
-9.999243813932395808e-01
3.893790512006511384e-01
1.884993977235952245e-01
1.000136343404852246e+00
-6.000003600897537703e-01
-6.001238811967445352e-01
-2.655116522206610874e-01
1.000094727254720928e+00
9.989731996233180977e-02
1.000102350534654017e+00
1.000048983577734418e+00
-1.000115618166183440e+00
3.871362119536716495e-01
1.002191631688774676e-01
3.965390684794468101e-01
1.000041970298866795e-01
-4.074443275252850882e-02
-5.803585168279948303e-02
2.051614663005872641e-01
3.933060179387394828e-01
-7.951906048384387304e-01
-6.000159125950040861e-01
3.938179207954617400e-01
9.998240939444024145e-01
5.654696235294257023e-02
-7.838826499235731493e-01
4.051876191007226513e-01
4.323358730462469046e-02
1.922274796926284612e-01
-1.000020123497806779e+00
-3.097585169307281450e-01
3.780748743015663882e-01
2.016648655116450861e-01
1.554567919818581126e-02
1.000017346630120763e+00
9.997749372693577330e-01
1.000076576545739337e+00
1.001041770905350403e-01
-7.217222611377210884e-02
-9.999068053608203277e-01
-3.280460634789362229e-01
-2.862348635266535601e-01
1.000111172567204942e+00
-7.959844020393351816e-01
-8.078914861751804732e-01
-6.000274019297349160e-01
-3.238027400364542618e-01
-9.999271504798508126e-01
2.047476388529240743e-01
9.990891984217102617e-02
-5.998592321166326125e-01
5.507941499187943291e-02
9.999193341839773819e-01
1.947190209703952291e-01
1.961206395689643056e-01
4.042072760258926672e-02
-2.941514401171600457e-01
-3.507762312734458154e-01
-2.967324347963923303e-01
3.912314204401994844e-01
-3.016141014035663148e-01
9.998793907433123351e-01
1.000014121837752512e+00
-2.667118199097440190e-02
2.062648038588054678e-01
2.037918231038980954e-01
-3.123653543042244352e-02
-2.602134487410194263e-01
-6.000892681508206428e-01
-9.999150721465523972e-01
2.011806729868223231e-01
-2.790832165503062678e-02
