-6.000731272889621160e-01
-5.999544717789578874e-01
9.999991224977108351e-01
-4.329815346116846000e-03
-9.998822970111478359e-01
-7.937653519056279139e-01
-5.999545615077962468e-01
-1.182359529153848010e-02
-7.900156063564277575e-01
-3.207992661145680491e-01
1.000351928655537626e-01
-1.000058712929043248e+00
2.011666907997015086e-01
-2.176345954553156326e-02
1.912299362924507196e-01
3.948909320138261902e-01
-4.215223758995678693e-02
-1.000099386507867782e+00
2.169543183133486597e-01
1.268783755802641022e-01
4.058636597312662020e-01
3.851958466777696266e-01
-3.591444262070863092e-01
-7.958285166615008954e-01
-9.999694280791713297e-01
3.957808492332541839e-01
-2.464335515563603751e-01
-6.000063986582471198e-01
-2.714465827857784896e-01
9.993472285651387732e-02
-9.999497892969109181e-01
-7.996504328939005868e-01
-8.035031281872099251e-01
-1.000002256442702464e+00
-1.156362636271343614e-02
9.999523896537539924e-01
-1.000061131816100346e+00
1.000099499766186950e+00
3.933915856192278238e-01
-6.000837871607223040e-01
9.999800766576035782e-01
-8.084023838072680324e-01
-2.245364292976672060e-01
1.000103543688334040e-01
-3.095766185334379861e-01
4.013595829362565648e-01
1.001447215597672247e-01
9.996499342689157963e-02
1.000492727160669504e-01
2.041351645479335952e-01
-1.000023372200742333e+00
-8.024434733257528318e-01
3.922131136292127396e-01
4.015338631987523943e-01
-2.276120141728993906e-01
-1.000014616815815272e+00
-7.978920840318924901e-01
4.007544523499839695e-01
-3.008114756787261951e-02
-1.000101570544823737e+00
-7.547658828638713346e-02
4.008032539695920993e-01
-9.999710620174536713e-01
-3.042652367739587249e-01
-9.999980583014979052e-01
9.998899770782690433e-02
-1.000041871067404164e+00
5.070911057994557936e-03
-8.059491388450997773e-01
4.013488482335114682e-01
-6.000627283116249933e-01
-3.016776290145238848e-01
9.982136018611327544e-02
7.312046876353825442e-02
2.103161337334492342e-01
9.993760673438902009e-02
1.963457967890344380e-01
9.999714568414443949e-01
1.897495684134958664e-03
-8.019296487671692120e-01
3.924642400586094704e-01
4.045719982311827279e-01
2.213017709467914873e-01
1.894269359937636454e-01
9.999677568105738157e-01
3.837908833867172964e-01
-1.000027896719058118e+00
-5.999273322428690935e-01
-9.999368701811675031e-01
4.964369223213759702e-02
-1.000101707508580295e+00
9.999828116865849825e-02
1.000614999418914797e-01
-6.000459218348547230e-01
-8.470751571864944263e-02
-7.852012116440600931e-01
-8.073038309100508680e-01
-2.621946441447337572e-01
3.988339884872073582e-01
-2.796870800204865337e-01
3.716554601715679751e-01
-8.099526336157790718e-01
-2.473197579474875063e-01
1.000819577366486024e-01
9.995673912038958997e-02
1.000078437814569288e+00
-4.176917385403811772e-02
4.165474213289389049e-01
1.002732076308608528e-01
-1.983968401621603594e-01
2.109056732020604952e-01
-3.175701545031722750e-01
-6.002545654677241549e-01
1.000002404363271369e+00
4.192870021319247686e-01
2.040180088116537727e-01
1.000679181760937148e-01
9.999960456469614289e-01
-9.997865311217906115e-01
4.109103621070706591e-01
9.999515455795798813e-01
4.053496989663682992e-01
1.000524668038698800e-01
3.980999421528892412e-01
-5.998822456601549113e-01
4.017295154629355602e-01
-3.479894667393965690e-01
3.977964201088010077e-01
1.000047733625822000e+00
9.999461888584484370e-01
1.000312099614820011e-01
1.932889335592940516e-01
3.977690514031467228e-01
-7.982031278728854984e-01
9.990436255304227520e-02
9.998168416230122091e-01
1.000064244043220363e+00
-9.999621200272726940e-01
-6.000565446810514070e-01
4.115255756977296842e-01
2.735973767363973977e-02
4.116266953879201274e-01
9.986880013896411168e-02
3.889293641149441094e-01
4.187483819712876920e-02
-3.636299793024601046e-01
-5.998042929471670837e-01
1.821340140854937617e-01
9.999889940606450089e-01
-1.000038207056098249e+00
-8.076745799106063162e-01
9.999901202465825145e-01
4.198660002649096668e-01
-5.999969401361487931e-01
9.989922133950668304e-02
-1.258748045695333440e-02
-3.199156485065701716e-01
-7.915453986752704063e-01
1.882902799010287564e-01
1.000426855328370584e-01
1.000139697508969361e+00
1.954739471493973646e-01
2.032406611398054619e-01
-2.991828890537849284e-01
-1.000051839815979227e+00
6.185552253835858993e-02
4.098224161750264050e-01
-8.043009133662073484e-01
1.881845276339625672e-01
1.000019251749737936e+00
-8.002628869781377441e-01
-5.999354271356636126e-01
-1.000069180566779181e+00
1.015417736054375908e-01
-3.044350079118829933e-01
-5.999636944903740110e-01
5.333175992730300463e-02
2.072458064038767978e-01
-9.999562495981412225e-01
1.000013538129984170e+00
-7.909067680248447196e-01
3.993885966977253066e-01
-2.851261153053626929e-01
1.000137289314794620e+00
-1.000121912773165089e+00
1.470979378054621325e-02
1.882823654009991854e-01
9.996313780484626654e-02
-7.954623798457708395e-01
-3.756600827011259969e-01
4.870221060402833008e-02
-3.133371448146857197e-01
1.934380715826907737e-01
1.197425133308749334e-02
-6.001039000205395935e-01
-6.001111763303085267e-01
4.007224237273847578e-01
9.999745137652620297e-01
9.987777516985338333e-02
-3.479309010520796885e-01
1.936176184100146802e-01
9.984496813040852348e-02
1.000366677968643342e-01
-8.093258249294021933e-01
-6.000988495119151667e-01
-5.998573447390489477e-01
1.000004527400327525e+00
-6.000554498217461896e-01
-6.002072847450080628e-01
9.998421157978717444e-01
1.765115912222713912e-01
-8.064919929735617776e-01
3.854071866147623093e-01
-5.417755712755181925e-03
1.919544495439192699e-01
-7.955746268447200231e-01
-9.999041597332694042e-01
-7.768100209576422888e-01
-1.000034670785159729e+00
1.000006460995124691e+00
1.000015246741971175e+00
-8.094782848978823164e-01
-3.294075734311885939e-01
5.763934916968515426e-02
-8.151832241688907743e-01
1.000125805117783484e+00
-5.999440974124529147e-01
1.000298776815918000e-01
-9.998727592739566905e-01
3.978267764036124698e-01
2.096856570858887381e-01
1.000101311265830129e+00
-6.000022014925608937e-01
-5.999820105929187797e-01
-3.166468015747154197e-01
9.999758855773609456e-01
1.000923655724634820e-01
9.998602695134283236e-01
1.000048309648336131e+00
-9.999076074721980900e-01
3.963113308062118367e-01
1.000892705388735787e-01
3.978404169966305859e-01
1.000157771549404495e-01
-7.021771240437210682e-02
1.366741158570301644e-02
2.035912322606237002e-01
4.113791321022267078e-01
-8.054521516304946616e-01
-5.999073098966863915e-01
4.023114344432581757e-01
1.000041324756843153e+00
3.180957073405279306e-02
-8.207660843425322872e-01
3.862933827929710962e-01
-7.074790754986175212e-02
2.112294255136508703e-01
-9.999247993867366180e-01
-3.985616150255041901e-01
3.897444742400604789e-01
1.986489089095992977e-01
9.930616316282686595e-02
1.000076544842231518e+00
1.000056090091635985e+00
1.000114778614956901e+00
1.000382611116946568e-01
-8.824406785124698505e-02
-9.999141288941726380e-01
-2.596202255387848323e-01
-2.558829996028516574e-01
9.999809223001585590e-01
-7.941341070811441805e-01
-7.911637952747030411e-01
-6.000509548514305624e-01
-1.759793924406345966e-01
-9.999293282074264155e-01
2.040692059933195412e-01
9.997203019195384510e-02
-6.001352584175448923e-01
-3.499278042428392854e-02
1.000010886517168851e+00
2.183528084776770462e-01
2.031873662811737036e-01
-3.758239264224835178e-03
-1.833910765826770040e-01
-2.734732036925021648e-01
-3.137651258858927261e-01
3.905703942582008370e-01
-2.159282155840722695e-01
9.999328883590835604e-01
1.000051350499894909e+00
2.472188639461599113e-02
2.072558688427160456e-01
1.857864733518456712e-01
6.699384498928456777e-03
-3.362958718780018064e-01
-6.000490364863704240e-01
-9.998555124791728144e-01
2.122212117756279715e-01
-9.215562610668243115e-02
