-6.001263709806241575e-01
-6.001690292983896668e-01
1.000090736770498534e+00
5.588662257583817961e-02
-1.000118670265464749e+00
-7.828302599499217251e-01
-6.000702449332315780e-01
-1.651264524681359067e-03
-8.065949946281979477e-01
-3.722889353294870363e-01
9.999720828588856691e-02
-9.999021310692419728e-01
2.088442903485465685e-01
-3.520455483294353261e-02
1.935195154520983341e-01
4.024506394714686963e-01
-4.419476593870359099e-02
-9.999932149220309707e-01
2.001665806488616972e-01
-2.755469872619556101e-02
3.999252443849925509e-01
4.127010361249573434e-01
-3.099433702996348683e-01
-8.107258340987499867e-01
-9.999597179396849667e-01
4.069782108232166129e-01
-3.570580337244083080e-01
-6.000288923671360797e-01
-3.277885265282589056e-01
1.001102248225756164e-01
-9.999224325762539056e-01
-7.909910767902041950e-01
-7.986381230801393727e-01
-1.000232602199868648e+00
-3.261992003932503992e-02
1.000072745869444057e+00
-1.000166951977991436e+00
9.999981808775132430e-01
4.076143557738000078e-01
-6.000033483598785633e-01
1.000014606044333787e+00
-8.072250961385325496e-01
-2.598296254589287368e-01
1.001291380348573595e-01
-2.741889071647989340e-01
3.791715699455095456e-01
9.990864288542326832e-02
1.002219067676523023e-01
1.002047259741768170e-01
2.153843402618060288e-01
-9.998285229006401709e-01
-7.789014132319656003e-01
3.801608220626535584e-01
4.088404465500994900e-01
-2.393401738137727330e-01
-1.000048218320795490e+00
-7.946337771204535771e-01
3.867824230430714771e-01
4.489335939802568259e-02
-1.000021373270237435e+00
8.972467828702464232e-02
4.030026493654839115e-01
-1.000124463409415299e+00
-2.792917620889290853e-01
-1.000108057642512538e+00
9.970870644537378757e-02
-9.998779673700092241e-01
-1.674843341956723866e-02
-8.181629468765277968e-01
3.856119931076650298e-01
-5.998657865380025989e-01
-2.676517626271088246e-01
9.987401228289860544e-02
4.257862512984857128e-02
1.986043442511790103e-01
9.992536691923510628e-02
2.048759276563692500e-01
9.999238311238887178e-01
7.447560841136896884e-03
-7.994932581516729364e-01
4.012257382527310012e-01
3.872865315944862274e-01
2.173426949983695844e-01
2.033803730905558160e-01
9.998847219929926089e-01
4.115154598864987356e-01
-9.998233114424308621e-01
-6.001369943763242842e-01
-1.000142317089767641e+00
4.877930235863816438e-02
-1.000061443454411059e+00
9.990916436801357270e-02
1.000714157407192467e-01
-5.999902056562864683e-01
6.945940213663556739e-02
-7.990029595384113836e-01
-7.790923614494740246e-01
-3.081281327415826277e-01
3.891470681013306510e-01
-3.001487706459676774e-01
4.011407436959537609e-01
-8.121739095204206782e-01
-3.977960346852696949e-01
9.999287457364983145e-02
1.001548082699144915e-01
1.000137166827990587e+00
-1.538583673282049348e-02
3.982814609658879013e-01
9.996388051719801160e-02
-3.394815472736446571e-01
1.777150243034131272e-01
-3.125481693967588903e-01
-5.997885055205335325e-01
9.999888107492623801e-01
4.014240485349719889e-01
1.968026054639271105e-01
9.987889291359085264e-02
1.000126367866339461e+00
-9.999559319545330283e-01
3.999272148834435159e-01
9.998970023826408982e-01
4.106346855417416508e-01
9.996432715953036674e-02
3.959137105208237473e-01
-5.999777861666102385e-01
3.927746134891579866e-01
-3.503080110653913337e-01
3.894570951999082875e-01
1.000146510646811926e+00
9.999606107704469560e-01
1.000063495171779754e-01
1.908608983641550405e-01
4.205172915821117630e-01
-7.912827604665226833e-01
1.000879331308236198e-01
1.000164650658577514e+00
9.999023824290381723e-01
-9.997526190010979086e-01
-5.998867246050789692e-01
3.906192844466975234e-01
-2.672862500613678097e-02
3.972239166795308307e-01
1.000533231870152084e-01
3.941731798487063676e-01
1.495299176598826642e-02
-3.238165544744167623e-01
-5.999229933031374751e-01
2.065680239163782683e-01
1.000060449426563469e+00
-9.998014760567502934e-01
-8.305584354812436398e-01
9.999606749784768489e-01
4.047558082363730825e-01
-6.000435349212511760e-01
9.990944442657645475e-02
9.480998186859412868e-02
-3.325978806823146061e-01
-7.985845127155227763e-01
1.937969924329558669e-01
1.000866178576616805e-01
1.000114789584641173e+00
2.092925520070380296e-01
1.804516491934609890e-01
-3.105195914714014016e-01
-9.997423604631221483e-01
4.106044979910729309e-02
3.930231600667987157e-01
-7.961981338298849131e-01
2.063061450904362659e-01
9.999707437346992966e-01
-7.999758093371556189e-01
-5.999923472853626594e-01
-9.999185574106471686e-01
-4.674343426531764323e-02
-2.744771226323781121e-01
-6.000827977832902116e-01
-2.999665110973723930e-02
2.040612910639408029e-01
-1.000103719716744610e+00
1.000089690036359391e+00
-7.964936483895319608e-01
4.127544983717315041e-01
-2.945079685455174734e-01
1.000070496053637514e+00
-9.999130205073720745e-01
-4.861756546422182912e-02
2.084501411480821353e-01
9.989197462671897676e-02
-8.036179302449529827e-01
-3.984075326908236292e-01
-4.746579027565662329e-03
-3.579454417782058639e-01
2.028965767506643036e-01
-3.135746887153114532e-02
-5.998880762377774012e-01
-5.999621069401447349e-01
3.877637223511825604e-01
1.000137506124463282e+00
9.974918978321484220e-02
-3.236484408300670523e-01
1.870069211983297897e-01
1.000680488603822860e-01
9.998480215244132108e-02
-7.825168012161124453e-01
-6.001453293874104977e-01
-5.998798813920752648e-01
9.998791741992094639e-01
-5.999571322485280911e-01
-6.000549397372255678e-01
1.000079516339545505e+00
2.163858143225018682e-01
-7.959244175358085593e-01
3.855954773144267822e-01
5.070963391187499614e-02
2.039949148420149572e-01
-8.072514594486295270e-01
-1.000000945576700051e+00
-8.125238273343862172e-01
-1.000002649126142229e+00
1.000079276871971068e+00
9.998689510594040986e-01
-8.180646714118963159e-01
-4.370914537095945684e-01
-3.117804576256638302e-02
-8.127822229979980717e-01
9.998813721926095299e-01
-5.999954647740909364e-01
1.000652897235134869e-01
-9.998548383931487038e-01
4.051075126257864811e-01
2.128768590151660367e-01
9.999445410391566424e-01
-6.000053269758353069e-01
-6.000527393833722245e-01
-1.876018770083867082e-01
1.000173718509943743e+00
9.986995227555593713e-02
9.998739582837579132e-01
9.999647545409818816e-01
-1.000040726668272040e+00
3.820535806852821126e-01
9.981556624650107790e-02
3.914090390990473955e-01
1.000299400537271177e-01
-1.594705167904751988e-02
-6.121637335752645737e-02
2.247276534882415577e-01
3.893313056076384560e-01
-8.003034969396265463e-01
-6.000309491495702252e-01
4.054195340115439028e-01
9.999055844767918977e-01
2.148289358797918734e-03
-8.054967731298816602e-01
3.956808723628132962e-01
4.914329239010217483e-04
2.074439277809378979e-01
-9.999780194465348604e-01
-3.161952441313832241e-01
4.129129307772281265e-01
1.892279953854331120e-01
-1.677745397859852286e-03
9.999330888905235692e-01
1.000028699597278248e+00
9.999448953835584630e-01
9.987239866682429135e-02
-1.244444476303768060e-02
-9.999941831015496385e-01
-3.417878317712909619e-01
-2.852581365994857343e-01
9.999629800305807059e-01
-7.954222841956045675e-01
-7.905219931973640479e-01
-5.999336287369053666e-01
-2.937545473248056038e-01
-1.000085946827925731e+00
1.868871819342214080e-01
9.986841448748325079e-02
-5.998482831994722542e-01
-5.357583490835648998e-02
1.000104576796387423e+00
2.017512273294709557e-01
2.015232706461710654e-01
-4.542587927460436936e-02
-3.768059274232701261e-01
-3.110242119943601447e-01
-3.127490602551953880e-01
3.991052188702965964e-01
-3.932386588562915009e-01
1.000154863238867486e+00
1.000018956133428505e+00
-1.605493182241482172e-02
2.043811766642022743e-01
2.057623203781009380e-01
-3.207990596429676627e-02
-3.475231998592637761e-01
-5.999239841668096984e-01
-9.998654187933282422e-01
2.098351963807236487e-01
3.990133534367576451e-02
