-5.998069359372122378e-01
-5.998939230647147847e-01
9.998879547719724536e-01
4.855360955493606689e-02
-9.999457558318728401e-01
-7.847815898197557649e-01
-5.999763233334680645e-01
3.159039248684650247e-02
-7.965037186515043777e-01
-2.673623686151284096e-01
1.001087277105897205e-01
-1.000040858834081892e+00
1.968103977022283846e-01
-2.005871739241793517e-02
2.004921192918033557e-01
3.859492320991733671e-01
2.110215509537084408e-02
-1.000050695174148130e+00
2.177441837717351003e-01
-4.722813600202099837e-02
3.934090619478251005e-01
3.974268292216850407e-01
-3.366473426431758620e-01
-7.873031328348567559e-01
-1.000028423622214557e+00
3.960713437063126396e-01
-3.385834282815512464e-01
-6.000493374788895551e-01
-2.151736140465680125e-01
9.998503148373891203e-02
-9.999742021885325016e-01
-7.893904151802584312e-01
-7.982874735029401592e-01
-9.998269156345171993e-01
-5.716003766381982237e-02
1.000068899836360270e+00
-1.000019401029465849e+00
1.000024328713074340e+00
3.849817638620078308e-01
-5.999901733864116959e-01
9.999670582213424641e-01
-8.072755717621444838e-01
-2.359584830436274872e-01
1.002001491495251861e-01
-2.749793384507680516e-01
3.925709119500159772e-01
9.987142935262045829e-02
9.992020772835451259e-02
9.997714993095224711e-02
2.027549831289906512e-01
-9.999276783401149782e-01
-7.996983310437620895e-01
4.167855095306466917e-01
3.958211338971913129e-01
-2.544336003824023695e-01
-9.998975204993976185e-01
-8.045586961044014496e-01
3.889742192629511153e-01
-7.110333673853991288e-02
-1.000011367084042924e+00
-1.256928970585044769e-01
4.048866607555400843e-01
-9.999645679233861717e-01
-3.209443983482105911e-01
-1.000074755076850730e+00
9.999065795627232189e-02
-1.000054158700676599e+00
9.550737460974090265e-02
-8.115601017042582965e-01
4.023276354004906574e-01
-5.999280725676880976e-01
-2.867722807766484583e-01
1.001647585540328678e-01
6.423750143848379335e-02
2.130269848313428582e-01
9.999814821073506332e-02
1.885174980740444983e-01
1.000057317389687395e+00
1.023047671589915469e-02
-8.204449693231607998e-01
4.063803080299606130e-01
4.045070225885660786e-01
1.936244917772292351e-01
1.977135272437934854e-01
1.000064998556079221e+00
4.136263574922448005e-01
-1.000035627695115670e+00
-6.001370234293377237e-01
-1.000031654747096432e+00
-1.688203686913750806e-02
-9.999425314383356689e-01
1.001376695905259184e-01
1.000374661657913583e-01
-6.001295017587233716e-01
-2.525301438942318538e-02
-8.055108093620956256e-01
-8.054038618028648289e-01
-2.821349687303915665e-01
4.154653104616301551e-01
-2.912749436038718498e-01
3.910706462396785210e-01
-8.084006657672442309e-01
-3.950587030570776870e-01
9.989506326468554354e-02
1.000933438811138360e-01
1.000094863871324291e+00
1.580939797560257810e-03
4.131840732311104492e-01
1.001776736368054782e-01
-3.702965457941114757e-01
2.152130240584678722e-01
-4.183414725744025731e-01
-6.000110679279289094e-01
1.000087289134656832e+00
4.057398967359011066e-01
2.064811245211635171e-01
1.000520315981033997e-01
1.000069333181879072e+00
-9.997982641413365457e-01
3.945226501612973391e-01
9.998722657728111862e-01
4.087291555845045110e-01
9.986023102245360217e-02
4.062635841334384934e-01
-5.999622471347063613e-01
3.972211621831103767e-01
-3.293641323650150499e-01
4.120335987801044264e-01
9.999552471205920279e-01
9.999464265037666388e-01
1.000365596353397224e-01
1.868095417418768334e-01
4.119179570468585183e-01
-7.937736540846019873e-01
1.000457794878040485e-01
9.998362378381107085e-01
9.999462524869145996e-01
-9.999554763597494622e-01
-6.000497309071408658e-01
4.053228403753418307e-01
-5.583325987173540488e-04
3.942473297973901891e-01
9.998011053720196051e-02
4.028231449728756353e-01
3.270178790845317679e-02
-2.703541739511164943e-01
-5.999828129578773650e-01
2.050162408131486202e-01
9.999728925188424711e-01
-9.998801105480297213e-01
-7.917262718622311013e-01
9.999332014218851317e-01
3.927545938728381203e-01
-6.000969305266954379e-01
9.981346593538852063e-02
-3.489624973116092072e-02
-2.333249922280014044e-01
-7.771476171776674491e-01
2.008844839468263976e-01
1.001207631418861710e-01
1.000132255614652355e+00
2.144276875734379695e-01
1.992557512527324270e-01
-3.153179972230562567e-01
-9.999667449062229485e-01
-1.034543180823470215e-01
4.062826393782384971e-01
-7.971202332292032233e-01
2.180629699529727794e-01
1.000049839645988259e+00
-7.926977363581437785e-01
-6.000645566783596729e-01
-9.999585019164001221e-01
3.491202223822244960e-02
-3.129585768505077636e-01
-5.999979120963851997e-01
1.750338163997944285e-01
1.951889928919717243e-01
-1.000125550171294009e+00
1.000035832741943409e+00
-8.137937425069911024e-01
4.091148769518606620e-01
-2.604795271087548270e-01
9.999432003574427741e-01
-9.999562971974257364e-01
-6.013587372026762967e-02
2.070896670358853831e-01
9.986253049813692551e-02
-8.136521842241726254e-01
-2.927620836706517071e-01
-1.763963861147759341e-02
-4.153221008069845066e-01
2.077879862571933856e-01
7.843869835726340403e-03
-6.000260931831005173e-01
-6.000118739314355132e-01
3.928673448366308274e-01
9.999583362530403141e-01
1.000960222209116707e-01
-3.177478726338731074e-01
1.834153483659454742e-01
1.000425321603705259e-01
9.987745706748615837e-02
-7.917034346995053262e-01
-5.999077141599183927e-01
-6.000445796092416240e-01
1.000037919895768734e+00
-5.999061131606969743e-01
-6.001948267753326460e-01
1.000049708042888508e+00
1.926881577662965250e-01
-8.031194477506047313e-01
4.010539162832519322e-01
8.051252804930747464e-02
2.124456538532171757e-01
-7.953506488798780527e-01
-9.999616416900839466e-01
-8.023484467123243036e-01
-1.000042403547548142e+00
9.998720608734555926e-01
1.000074689861309762e+00
-8.055833976420506692e-01
-3.301363627830561365e-01
1.610949786771115463e-03
-7.730804613949628923e-01
9.999723350982562264e-01
-6.000245295900983322e-01
9.994916294060819661e-02
-9.999312155436411720e-01
3.950755781981463155e-01
2.117984779078817270e-01
9.998355095875449683e-01
-5.999125480390932186e-01
-5.999182123549092749e-01
-3.444009127436334361e-01
1.000041007255443981e+00
9.996902336644250542e-02
1.000044826385705798e+00
1.000004245001398173e+00
-1.000010432296793095e+00
4.142818418255336810e-01
1.000232634750488764e-01
3.995336296692806322e-01
1.000109600605861432e-01
9.517014182735028527e-02
-4.696851840812968359e-02
2.117200824139382209e-01
4.034320116937836209e-01
-8.256887973767863542e-01
-6.000500430717849998e-01
3.941909581507190286e-01
9.999679943242781865e-01
6.593353394596465633e-02
-7.826401635868460716e-01
4.005763046558652452e-01
-6.244689995379453656e-02
1.864196066645093797e-01
-1.000175725159883511e+00
-3.062405217499075127e-01
3.928539790805208876e-01
1.992038537470030013e-01
-1.305978714075430383e-02
1.000020375778122528e+00
9.998651862257320611e-01
9.998813625118017079e-01
1.001384741229380815e-01
1.936508646064483488e-02
-9.999486940500204035e-01
-2.373288541581619060e-01
-2.908974423900475559e-01
9.998209306924764617e-01
-8.015981895153966308e-01
-8.014112185512719533e-01
-5.999692148109296852e-01
-3.123343113531726334e-01
-1.000019647960717961e+00
2.024102566166944839e-01
9.999380816913087944e-02
-6.000715471660297284e-01
2.288313464333180999e-03
9.999681386811388739e-01
2.014714820168247711e-01
1.972869885106722510e-01
-1.397470042628327393e-02
-2.237201987614528265e-01
-2.932821668681546146e-01
-2.593648336229885665e-01
4.163374454997287866e-01
-3.013104348551800538e-01
9.998753440135432768e-01
1.000028590432767039e+00
4.240054731551089195e-02
1.972063416417157988e-01
1.985589726746983530e-01
-1.935157173697789681e-02
-3.555748094398190062e-01
-6.000394508734900878e-01
-9.997514576644652706e-01
2.057634667468013212e-01
-1.526216091127240854e-02
