-5.999210650414358303e-01
-6.000476940505705681e-01
9.999180384043897529e-01
-4.210774084235339998e-02
-9.998774951250446463e-01
-8.012726423293368150e-01
-6.000031322140515488e-01
1.067200060522377134e-02
-7.926228935237800144e-01
-2.365246064451123620e-01
9.983939551131815193e-02
-9.998390525364646564e-01
2.033823776466935351e-01
4.233518285619589094e-02
1.769132878164460798e-01
4.067764796546843864e-01
8.910190017194236090e-02
-1.000099961365144008e+00
1.885867743958066223e-01
-8.916411977813776257e-02
4.125252067138495127e-01
3.984734392559265426e-01
-2.325963156576597579e-01
-7.946813379408403932e-01
-1.000018386628089617e+00
3.971100245807165363e-01
-2.560293436781198029e-01
-6.000467801760043240e-01
-3.693053953731557648e-01
9.996994250272681071e-02
-9.998273878226289213e-01
-7.997781772151103530e-01
-7.797678743522266087e-01
-1.000080551292539921e+00
7.021189950140097058e-02
9.998698215334783646e-01
-1.000026527009173494e+00
1.000130921208060464e+00
3.967398223335092955e-01
-6.000195396467508102e-01
1.000178230465842200e+00
-8.081800422355699398e-01
-1.686850418155355080e-01
1.001599404138293625e-01
-4.211607873324908491e-01
3.940103426625602423e-01
9.986972462447298027e-02
1.001697804039044376e-01
1.000938169142499695e-01
2.114841169896970463e-01
-9.998990435934776988e-01
-7.921807085333224530e-01
3.976170572611882337e-01
3.925273616300738455e-01
-3.128815330110227277e-01
-1.000090285543011825e+00
-7.869858226873475138e-01
3.969173541294422347e-01
-7.649390859007906829e-02
-1.000008881098434665e+00
-2.172742270662882114e-02
4.187636354763115132e-01
-9.999391412601740248e-01
-3.113629095612927000e-01
-1.000145386362241373e+00
9.999616574807761171e-02
-1.000028454692101665e+00
7.898882694484532247e-04
-7.985014052381066429e-01
3.821032523528180569e-01
-5.999299787355528712e-01
-3.313168649596148763e-01
9.992215598344157679e-02
3.882546507794411988e-02
2.085705581751841897e-01
9.991812128603186349e-02
1.902244952065382522e-01
1.000068402824995539e+00
-5.067215338181916412e-02
-7.915802607193881402e-01
4.068644121309705208e-01
4.092155739195880715e-01
2.104749550844945694e-01
1.945025635969518663e-01
9.998957381525319654e-01
4.099639813619432860e-01
-9.998409111768055135e-01
-5.999574277150971913e-01
-1.000018595592765180e+00
-1.689588899141162073e-02
-1.000136872308431846e+00
1.000000777043573291e-01
1.001994315913726785e-01
-6.000753333621936525e-01
-3.494262883937396952e-02
-7.956641050522785807e-01
-7.967774366617862425e-01
-2.367956776942929942e-01
3.982037189615165174e-01
-2.988428086443669085e-01
4.029910002076383391e-01
-7.929041448727631725e-01
-1.890431857638130153e-01
9.990588694550592286e-02
1.000087926038862873e-01
1.000072375582402806e+00
6.804637452525400497e-03
4.068257200122846196e-01
9.993697304338530762e-02
-3.050795725537715497e-01
2.034463477828976075e-01
-3.744841420881375726e-01
-5.998728397192658601e-01
1.000136359026195576e+00
3.635786378360628679e-01
1.905438815924158924e-01
9.997529008148728358e-02
1.000032272908389919e+00
-9.999126941592335616e-01
4.049662500484859096e-01
1.000080338112650624e+00
4.181088236753809917e-01
9.982662368576221412e-02
3.982044775099918832e-01
-6.000715828728121481e-01
4.115444541161143444e-01
-3.501247575646003751e-01
3.989736616620161436e-01
1.000014954482458363e+00
9.998863075951155421e-01
9.995333703213907239e-02
2.157059523466035578e-01
3.948256253196025245e-01
-8.053510017170599777e-01
9.997838500662195593e-02
9.998929424701263891e-01
1.000038350690722222e+00
-9.999033800905314795e-01
-5.998598445880404251e-01
3.908106501292754609e-01
-3.804936785041471842e-02
4.031116350123932768e-01
9.994857239006021965e-02
3.877504623275789819e-01
2.257153124158793253e-02
-2.985673801318600717e-01
-5.999683324318784150e-01
1.972813681695027022e-01
9.999584856926697629e-01
-1.000055172652173363e+00
-7.921928380198294262e-01
9.998943355909433173e-01
3.837436908363311416e-01
-5.999366037709700228e-01
1.000850335692488047e-01
1.210468527966910586e-04
-2.585392488561174540e-01
-8.108996577318913213e-01
2.070092110800027252e-01
9.985880798415190662e-02
1.000107085620746794e+00
2.029635792778254344e-01
1.966503763332276555e-01
-3.383502409280273460e-01
-1.000125255979103178e+00
4.529583952402170544e-02
3.953715985305047975e-01
-8.069454310956779564e-01
1.898532192056048284e-01
1.000008472000598170e+00
-8.021996367606840650e-01
-5.999499143088539155e-01
-1.000015036066627561e+00
-5.442787380911803113e-03
-2.738873017829066003e-01
-6.000376506527466125e-01
-6.094116803510516572e-02
1.897100671727269261e-01
-9.997899971728945179e-01
9.999953496529770947e-01
-7.955119364920593128e-01
3.943192980446060814e-01
-3.627085464432635575e-01
9.999906695866835893e-01
-9.998942495898692773e-01
2.463607565230887045e-02
1.927387438402753950e-01
9.994657659586567156e-02
-8.014886384518723483e-01
-2.974147022305579924e-01
-2.467690378807121943e-02
-3.278201424695124100e-01
2.034073262969607887e-01
-1.283139773401202055e-01
-5.999721869503765737e-01
-6.001208507298196881e-01
3.880391874305688105e-01
9.997633643703083273e-01
9.987921148668164883e-02
-3.341393242881670611e-01
2.109618704846579762e-01
9.995210658588372932e-02
1.000566412288038942e-01
-8.015206882126888477e-01
-5.999898187462304744e-01
-6.001118703273606858e-01
1.000061760825898594e+00
-5.999513245985288457e-01
-5.999407013959638935e-01
9.999587391612582143e-01
2.078816219628431827e-01
-8.080666439998717143e-01
4.013476152014503473e-01
8.488639185611585036e-02
2.203740660377479788e-01
-7.860842539748537083e-01
-9.998848620482567728e-01
-7.937632760384242259e-01
-9.998989981215903322e-01
9.999281798678100186e-01
9.999160731735712293e-01
-8.159988301384072384e-01
-2.858343588963825899e-01
4.285929127973250874e-02
-7.940603891132750336e-01
1.000011160350753991e+00
-5.999409708053198287e-01
9.997529144139299939e-02
-9.999798706516250801e-01
4.000898844184520575e-01
1.906074803951964269e-01
1.000086671007753836e+00
-5.999023809562923359e-01
-6.000037685826364875e-01
-3.003167448128779005e-01
9.998350070308166249e-01
9.989617528998233353e-02
9.998497987063924564e-01
1.000052516704034167e+00
-1.000027881736105018e+00
4.079336769149419784e-01
9.987820074376894952e-02
4.001381079753060233e-01
1.001487417038219030e-01
-6.362978064035096359e-02
-3.256666739512104752e-02
1.994561730807325461e-01
4.207415109635077033e-01
-7.994759620709582792e-01
-6.000217519039375835e-01
4.082019354382177556e-01
9.999913395938091476e-01
1.764327312386540850e-02
-8.112108172720233767e-01
4.054150575547866286e-01
-1.168607364461408393e-01
1.961552154309902651e-01
-9.998942658725022969e-01
-2.599841375271647603e-01
3.919909504504190401e-01
2.178671504514200219e-01
-4.283883204101674586e-02
9.999962238327582131e-01
9.999166527249215841e-01
1.000026617909526516e+00
9.998030502588597934e-02
7.406303770075826909e-02
-1.000139622727630906e+00
-3.105613021852222100e-01
-3.993416613141012039e-01
1.000062729178732512e+00
-8.111893748804395177e-01
-7.873855517825287809e-01
-6.000236168154812200e-01
-2.071735230451043352e-01
-1.000134145895485771e+00
1.933662783062938817e-01
9.993878891623907135e-02
-5.999593314009630252e-01
2.495559568554694962e-02
1.000041804322445271e+00
2.134539230087875716e-01
1.882436901705671628e-01
5.146089031706086933e-03
-3.175255656797047465e-01
-2.681485382016633445e-01
-2.397556688082372323e-01
4.120999371357054741e-01
-3.646266418134740395e-01
1.000099108743775833e+00
9.999079927789530364e-01
2.523048638934309584e-02
1.959002841219887880e-01
2.137135319173846526e-01
2.449229587207770592e-02
-2.454381457447938342e-01
-6.000271836784634161e-01
-9.998796640152836090e-01
1.797892643148535363e-01
7.640650051514845387e-02
