-6.000218576323004260e-01
-6.001109336817157525e-01
1.000116742079854459e+00
-9.715312435737186170e-03
-9.999984378405789576e-01
-7.886900867819511829e-01
-5.999206472180502736e-01
-7.317258112315810914e-02
-8.143199089399696389e-01
-3.175049738933353183e-01
9.999215808909479863e-02
-9.999756795392517050e-01
2.066018997804530688e-01
-1.398760649783103299e-02
1.975924992420926285e-01
3.978202301003619379e-01
1.827389337989811582e-02
-1.000126802331821496e+00
1.829979151298905538e-01
6.165161310534052197e-02
3.927918193737189867e-01
3.994855481412767362e-01
-3.565198865680172524e-01
-8.146886777682631475e-01
-9.998237233982545380e-01
4.107112888440714316e-01
-2.694867242368864102e-01
-6.000814864694273831e-01
-4.394925288918245521e-01
9.998961172430957667e-02
-1.000113743297484925e+00
-7.769212681881711990e-01
-7.974650489044751156e-01
-1.000004194323788731e+00
1.519835078600609013e-01
9.999848858156955567e-01
-9.998969466347831236e-01
1.000051744830821931e+00
4.053183467122600803e-01
-6.000221309298923167e-01
9.998518464821307683e-01
-8.041934208733089173e-01
-2.622959454990438921e-01
1.000043704604472727e-01
-1.901214363465091317e-01
4.076060786969619154e-01
9.987781720248689599e-02
1.000886142761538838e-01
9.999925673767730283e-02
2.135243796372135183e-01
-9.998794617700648146e-01
-8.072442088408343652e-01
4.135248197579339813e-01
3.967774232550879687e-01
-2.750344366465885537e-01
-1.000193383464302643e+00
-7.979254431012506865e-01
4.076111027532848263e-01
2.027469764482165912e-02
-9.999040337488205310e-01
-9.156292730778271133e-03
4.086385750178221365e-01
-9.999805078623236199e-01
-4.023262245766095480e-01
-9.999469735152569649e-01
1.000339936000676222e-01
-1.000048021428645573e+00
6.171822360422561139e-03
-7.995476762137988525e-01
3.939486398412131996e-01
-5.999439687605816474e-01
-3.269297999471583727e-01
1.001915987518782053e-01
2.253841847937619949e-02
1.836996448978870378e-01
1.000869017913453979e-01
2.030607748714443883e-01
1.000020860756371643e+00
-7.558202438826662484e-02
-7.967637112203457272e-01
3.939020774294647587e-01
4.013730993810279424e-01
1.960447153899665118e-01
2.043215376325396571e-01
1.000053813745550357e+00
4.018226000206477355e-01
-1.000053567628572671e+00
-5.998603467415483115e-01
-1.000092086575781192e+00
-4.844679326941171704e-02
-1.000107440390731073e+00
9.984015353842180807e-02
9.989119119204584174e-02
-6.000018954165013962e-01
8.585456021135556837e-02
-8.122952185175118522e-01
-8.102813232034953295e-01
-2.109936436536031801e-01
4.066575920454352233e-01
-3.027561963867803629e-01
3.950606397905362388e-01
-7.855969825193278577e-01
-2.717604089803672962e-01
9.991946363529061181e-02
1.001220670314260930e-01
9.998144519253397977e-01
1.020396343883926416e-01
3.994420078420893860e-01
1.000110119110469709e-01
-3.323173475683068312e-01
1.981468662632783484e-01
-3.043623035011339129e-01
-6.000090455724074179e-01
1.000083017661746565e+00
4.018777572870642079e-01
2.167059320094303076e-01
9.999322133501233056e-02
9.999158553683256123e-01
-9.999422113705599413e-01
3.888982232950304319e-01
9.999744584622390908e-01
4.150526326474288652e-01
1.001633016713165125e-01
3.888971848111960616e-01
-6.001287565703372628e-01
3.937404999805723116e-01
-1.704673229294313141e-01
3.916261244463896674e-01
9.999587671293082014e-01
1.000013628239128982e+00
9.999599303611798884e-02
2.081328551566586360e-01
3.872912073044290637e-01
-7.775392014329560730e-01
1.001618009476053922e-01
1.000078393754304074e+00
1.000055073092655178e+00
-9.998642838876408145e-01
-5.998874230452371226e-01
3.962142044368432980e-01
3.591948309442009879e-02
3.983240409168181118e-01
1.001128583117620874e-01
4.009559064223600644e-01
-8.048266519147581621e-02
-2.925523016276229127e-01
-6.000199155235174109e-01
2.171918415272956482e-01
1.000156759964232700e+00
-1.000024497844071547e+00
-7.943612790889527098e-01
1.000218492652098723e+00
4.031476923556341352e-01
-5.999825764411617079e-01
9.995832232628737435e-02
-4.706155187276624130e-02
-3.013689317317000405e-01
-7.971740169674511600e-01
1.880200721963016519e-01
1.000295559552073776e-01
1.000086420897667416e+00
2.039911030287090699e-01
2.088070924336195844e-01
-2.799222579501023933e-01
-1.000128371631436197e+00
6.779184909571667195e-02
3.865654918504021209e-01
-8.126341825043601474e-01
2.009793839105055713e-01
1.000006547207177299e+00
-7.811381445698711845e-01
-5.999892089107556892e-01
-1.000002958623253502e+00
-4.806521962591209923e-02
-2.900317999821649395e-01
-6.000562559110415028e-01
-6.304342506365171253e-03
2.086496658704710128e-01
-9.999737119312082090e-01
1.000076811273955757e+00
-7.883575514370089188e-01
3.957491881680351153e-01
-2.875125158244393186e-01
9.999951041077372871e-01
-1.000124599710653595e+00
-4.442747351590695115e-02
2.030204720619889214e-01
1.000759952427758143e-01
-7.936278237305778305e-01
-3.237778878337506105e-01
6.032300993560690133e-02
-2.618093086661685276e-01
1.988501822846513167e-01
-2.843299180318381233e-02
-5.998849102646335307e-01
-6.001369893816613788e-01
4.080620565578137460e-01
9.998830888166817532e-01
1.000554799912234671e-01
-2.954203805092368573e-01
2.261024689512243502e-01
1.000432294750687873e-01
1.000708027359315938e-01
-8.027135597801008382e-01
-5.998533997748406454e-01
-5.998780382382256082e-01
9.999623522594799363e-01
-5.997765211978769440e-01
-6.000413479985711174e-01
1.000069036848569848e+00
2.150363765343046851e-01
-7.958630424697213934e-01
3.879890767622434788e-01
4.973279054939727661e-02
2.037922073279097857e-01
-7.918309953331112983e-01
-1.000095481246437989e+00
-7.896315905079140940e-01
-9.999003767470505677e-01
9.998775647848580084e-01
9.998685362090126150e-01
-7.924962965159638717e-01
-2.457445304798421548e-01
4.791936207882093596e-02
-8.121886560885719364e-01
9.998502781987687049e-01
-5.999179911073363458e-01
1.000795014951149087e-01
-1.000061315593867795e+00
3.956003102188150877e-01
1.873007650663389145e-01
9.999488092598849409e-01
-6.001051268170575215e-01
-6.000776554995804757e-01
-3.427071120265398618e-01
9.999583035841660417e-01
1.000504695451180093e-01
9.999278496609229627e-01
9.998612661169440363e-01
-9.998323509651964036e-01
4.212859695120406700e-01
9.998441474898789316e-02
4.030512387651799533e-01
9.996773121491676906e-02
2.910332272339332185e-02
-4.403912192205863829e-02
1.886842580512678447e-01
3.870301785531358174e-01
-8.114761875383119660e-01
-5.997217364141801399e-01
4.035485527570527031e-01
9.999577861272191948e-01
-1.560230037640817670e-02
-7.919100445403371991e-01
3.960807496300268737e-01
-1.926795732024267835e-02
2.187498993453633744e-01
-9.999730664559549620e-01
-2.011113969931827006e-01
4.126377962274655475e-01
1.975788982444520447e-01
-6.976337046287826860e-03
9.999348168922044255e-01
1.000203694187917547e+00
9.999003129591338412e-01
9.982404864941056555e-02
1.650024628482224878e-02
-9.999191715635615818e-01
-3.786968435186298665e-01
-2.508715075141061401e-01
9.999560246844343414e-01
-8.154091805585428343e-01
-7.913020334849059090e-01
-5.998876127016806725e-01
-2.919820171237892392e-01
-1.000045128965680874e+00
1.987135059974053652e-01
1.000329503523458424e-01
-6.000777087049808944e-01
-1.455538030791636919e-02
9.998873556024456821e-01
1.987654071215630702e-01
2.012669581156014964e-01
-1.739311697069520143e-02
-3.235482853484835664e-01
-1.539468364507965148e-01
-3.407201424974770632e-01
3.970263161763313842e-01
-3.457355564967005135e-01
1.000021197133202699e+00
9.998852282967012339e-01
5.372082474455908141e-02
1.826279511658347454e-01
2.063928674503063831e-01
-1.021623421981635027e-01
-3.427128653301192984e-01
-6.000039848952561927e-01
-9.999217674936671241e-01
2.230025127640145044e-01
-2.342155886208997090e-02
