-6.000513041174969642e-01
-6.000269284319355023e-01
1.000077503287547742e+00
-3.127596403541692271e-02
-9.998810825488914089e-01
-7.996960144939649906e-01
-6.000173759135581930e-01
-5.634500589308249346e-02
-8.129831650360651585e-01
-3.936297274851369155e-01
1.000335658020169022e-01
-1.000055834573219782e+00
1.967084071158192449e-01
5.433587787203390286e-03
2.112187406808796464e-01
3.786468603990781334e-01
-1.474702297693727677e-04
-9.998729575322273799e-01
1.920664662487859553e-01
1.430197644148549843e-02
4.131192141327186818e-01
3.934725719888600426e-01
-3.005496115491571030e-01
-8.000646907903010696e-01
-9.999296334750653603e-01
3.971379948434680118e-01
-2.576781965910727168e-01
-5.999596149481353224e-01
-1.774560864272694272e-01
1.001570089802368418e-01
-9.998461806528901041e-01
-7.986581823845160244e-01
-7.989275712088685921e-01
-9.998619845273919449e-01
6.614125238352837333e-02
9.999341158858047196e-01
-9.999640128071254352e-01
9.997946845500961244e-01
4.057838204721723740e-01
-6.000228384128971637e-01
1.000252427473230066e+00
-8.048788944337604834e-01
-2.325554590540770405e-01
1.001273312336650873e-01
-2.307127987244263490e-01
3.991417786378675392e-01
9.984486831080924274e-02
1.002547995449852708e-01
9.999152286830495506e-02
1.965464144618021269e-01
-9.999352981632445569e-01
-8.026337706761443869e-01
4.160268668824114169e-01
3.956271615446304568e-01
-3.329715073599839870e-01
-1.000069371660820883e+00
-8.082383995243260788e-01
3.908586185114166223e-01
7.150719913753628143e-03
-1.000018894292968641e+00
-1.872921926312262966e-02
4.058207835842612132e-01
-9.999901738838399279e-01
-3.193260285991223468e-01
-9.998725672392035912e-01
9.991882785670065659e-02
-1.000141210833091820e+00
1.557826439056161916e-02
-7.898888360331201008e-01
3.846051625582879163e-01
-6.000004787841608511e-01
-3.128928949105239110e-01
9.983165481692404808e-02
-6.676293518693825202e-02
1.939996613283236637e-01
1.000505052630453751e-01
2.028384066122605467e-01
1.000037314919956177e+00
1.500898075941438370e-01
-7.908589850429258439e-01
3.994486613185325719e-01
3.916554650581894892e-01
1.811773648752818822e-01
1.888788589240207594e-01
1.000004784852505990e+00
3.893355981571050561e-01
-9.998582643971671846e-01
-5.999643258893043729e-01
-1.000095921306855207e+00
1.535808007797110145e-02
-1.000022189087637514e+00
1.000315223227252193e-01
1.000100653280407426e-01
-5.999443942092677062e-01
-6.747278404245400651e-02
-8.086509230911773649e-01
-7.884688901310318299e-01
-2.272534263459131121e-01
3.991454952446759075e-01
-2.653013840661250233e-01
3.889805772709855614e-01
-7.913943217613995662e-01
-3.349499106024420580e-01
9.984923522977209864e-02
9.999092849112492520e-02
1.000041689734043615e+00
-5.607522849755627176e-03
3.910460189399069253e-01
1.000683877075350947e-01
-2.436119780277364311e-01
2.074907199604023589e-01
-2.397823184304169464e-01
-5.998765662016705136e-01
1.000130083552438931e+00
3.843587938043264707e-01
1.850654651869544642e-01
1.000223267704581503e-01
1.000115875036108104e+00
-1.000035258575379338e+00
3.942675867909726795e-01
1.000103763914754751e+00
3.941681356778672374e-01
1.002147756538032675e-01
4.114890000961111127e-01
-5.999013718315000521e-01
4.056269896974478706e-01
-2.657748144591536854e-01
4.013177550259002802e-01
9.999373899428292134e-01
1.000017607281543208e+00
9.998789929373540220e-02
2.079757305429547898e-01
3.959264889187972813e-01
-7.926832757979732635e-01
1.000140159537468432e-01
1.000100438750543441e+00
9.999865680422557190e-01
-1.000061417394252139e+00
-5.999783501069488878e-01
3.875840888650773919e-01
1.644392759095480647e-02
4.041313177146212965e-01
9.996308310902760064e-02
3.975692469854420485e-01
6.068145980325234667e-02
-3.737900967511941785e-01
-5.999893275108117985e-01
1.979742140960507601e-01
1.000065685890087819e+00
-9.999565150386042767e-01
-8.155955311013025621e-01
9.999785271601376868e-01
4.061582732961747655e-01
-5.999022231819499673e-01
1.000622593667578886e-01
-2.614913562544714243e-02
-4.085752421142613278e-01
-7.884149314981765411e-01
2.278773260127300304e-01
9.998702740683228229e-02
9.998137035429036645e-01
1.936106623858807885e-01
1.877707035177978157e-01
-2.055698513120602922e-01
-9.999971716006386124e-01
1.056899113882681963e-02
3.992900322495907539e-01
-7.968606601929475453e-01
1.935942716986791823e-01
9.998795513735393437e-01
-7.934961780893472483e-01
-5.999878613002072036e-01
-1.000015900287912096e+00
3.856610830226526315e-03
-2.418690365838231104e-01
-6.001028109030756008e-01
1.041864861405671777e-02
1.902549260839014600e-01
-1.000116141038668305e+00
1.000057869273695887e+00
-7.966605927750932681e-01
3.994191534278933586e-01
-2.674029253761812663e-01
9.998015101915073144e-01
-1.000010082079384466e+00
-3.342225957517641621e-02
1.954319582071878392e-01
1.000204690876911190e-01
-7.817085382556568929e-01
-2.865100097291183867e-01
2.400596180490662326e-02
-3.549518047216966843e-01
2.003541096782459063e-01
8.628285972031865883e-03
-5.999533301954824704e-01
-6.001583461588674284e-01
3.856890781522398504e-01
9.998475917777513988e-01
1.001026536633605746e-01
-2.574092115498194944e-01
2.085725129032711678e-01
1.001512372651097299e-01
1.001494542660888720e-01
-7.895849589265129254e-01
-6.001466585599042336e-01
-6.000048276387076607e-01
1.000017936312008970e+00
-6.001302887061338298e-01
-6.001207616844334014e-01
1.000059386386907612e+00
2.064904369857032407e-01
-8.068160846336037695e-01
4.054757960476006451e-01
5.286588013567546096e-02
2.100073067668559446e-01
-7.918334894713432437e-01
-9.999246815083158157e-01
-7.952339602465005042e-01
-1.000042808479634449e+00
9.999924658251548859e-01
9.999924524088491529e-01
-7.980303954379950326e-01
-2.682473927610711795e-01
6.808614507021309992e-02
-7.974970588142581418e-01
9.998205973872787977e-01
-5.999982332541382579e-01
1.000965191250637876e-01
-1.000045186877929648e+00
4.013054595306959071e-01
2.174961434471515687e-01
1.000067488634675428e+00
-6.001456286450729261e-01
-6.000528525182762252e-01
-3.851104538916257924e-01
9.997984586284704989e-01
9.999482802309749008e-02
1.000147924739148930e+00
9.997857326281058832e-01
-1.000062836648885289e+00
3.943174156567362254e-01
1.000143338040808821e-01
3.820146193544177726e-01
1.001446270585859000e-01
-5.527660895970059468e-02
5.588221158536687411e-02
1.744890256114989546e-01
4.030597479993844323e-01
-8.130861056617365579e-01
-5.999437878227230625e-01
3.843237914621594475e-01
9.999996048648154279e-01
-6.384896312363727566e-02
-8.029005676750665677e-01
4.048834313644391059e-01
7.127228811556705901e-02
1.972701178201612116e-01
-1.000111669576594808e+00
-3.432697023671653636e-01
3.955100187689660207e-01
2.144745005640517621e-01
-2.604678268866611468e-02
9.998694779619392570e-01
9.998800998881365310e-01
9.998021885004856335e-01
1.002580015734421959e-01
3.750382560375112306e-02
-1.000024033843174509e+00
-2.745088279784498320e-01
-3.698071735497885371e-01
9.998964633509752620e-01
-8.043001465254554505e-01
-8.001617706494031923e-01
-5.999932803735651410e-01
-3.226616710751247785e-01
-9.998487780405878045e-01
2.069278350902498953e-01
9.993367761005596261e-02
-5.999144893506672682e-01
2.589481391945827257e-02
1.000040509526896937e+00
2.046207174390392569e-01
2.057989045231253811e-01
-4.508252723150302926e-02
-3.821994278163027281e-01
-3.176222061610972647e-01
-2.105019434285260727e-01
3.894387955023668746e-01
-2.974073238049395052e-01
1.000030573279981461e+00
9.999331912282574120e-01
-2.311192149577085200e-02
1.922658686045354004e-01
1.904018563245669093e-01
1.873132619482247019e-02
-1.759900018498902485e-01
-5.998990795030932910e-01
-9.999731876611381853e-01
1.830714278210550661e-01
-1.858548242220017799e-02
