-6.001234195679666650e-01
-5.998290878220020605e-01
1.000076539744488402e+00
2.023254319515998059e-02
-9.999625654869205293e-01
-7.869941785741606521e-01
-5.999065464399081504e-01
3.313248601038831787e-02
-7.888456429325313435e-01
-3.387447496180239770e-01
1.000688953360463762e-01
-9.998189625304615413e-01
1.870192891998195273e-01
-4.081737710101876471e-02
1.964560591030428405e-01
4.007633067856712361e-01
-3.448603056918188303e-02
-1.000043010431011847e+00
2.070540690321451271e-01
-1.605025475920511188e-02
4.053460481052200137e-01
4.132983202176380155e-01
-3.038966263076764429e-01
-7.997347723279980558e-01
-9.999698877345987169e-01
3.937579213024698932e-01
-3.186290337947162987e-01
-6.000079355445840923e-01
-2.677244525083288806e-01
1.001044591351789165e-01
-9.999952381267736001e-01
-8.144923289779585351e-01
-7.760222070113759196e-01
-1.000083946348775843e+00
-3.464512656678261915e-02
9.999933463147846480e-01
-9.998944938337371857e-01
1.000018689889579981e+00
3.924861083608155998e-01
-5.999947344772779134e-01
9.999438587520785848e-01
-8.101133689856642173e-01
-3.241948840058712644e-01
1.000466475945969436e-01
-2.238275858234305138e-01
3.877859949672683992e-01
1.000030891306479958e-01
1.000075741966342247e-01
1.000343293861027938e-01
2.063566772707214336e-01
-1.000071662784515647e+00
-8.264091648324213280e-01
4.087361078062072828e-01
4.008112549791755241e-01
-3.365766115117531654e-01
-1.000026528664989200e+00
-7.982389721565207319e-01
4.068198680320834759e-01
-1.791041608480406500e-02
-1.000106531330039683e+00
-4.416136512695838928e-02
4.220250309872994876e-01
-9.998492859833574276e-01
-2.762560514104894782e-01
-1.000077379139200584e+00
1.000551574352141065e-01
-1.000169915039790247e+00
-5.505021931666939650e-02
-7.957968621879388804e-01
3.927976711851431935e-01
-6.001089986878932470e-01
-2.452875825859588133e-01
1.000510335596343919e-01
2.368441822884556971e-02
1.974515776044736270e-01
9.997330920773057905e-02
1.902328017783756209e-01
9.999151870035595246e-01
-2.812519837970499717e-02
-7.984277471495005996e-01
3.821146399773736602e-01
4.009127140116199306e-01
2.101586496194176035e-01
1.954920391665093959e-01
9.998777808776002640e-01
4.019788262721538663e-01
-1.000039244801285143e+00
-6.000038485772616337e-01
-9.999302768194846536e-01
-8.239202584841111288e-02
-1.000050682025043880e+00
9.999555426117875956e-02
1.000457059564471007e-01
-6.000294746071905827e-01
-4.740563249421017589e-02
-8.005533891035998550e-01
-8.012710684486866741e-01
-3.371433744381083786e-01
3.954325666315923749e-01
-3.338194751977963115e-01
3.893547629668390742e-01
-7.975032161703019540e-01
-3.316116366867062348e-01
1.000564566529277555e-01
9.998298667218373514e-02
1.000136634292258631e+00
1.715520453085597752e-02
3.906139598004454982e-01
9.988655394756421058e-02
-2.671431930675242650e-01
2.089346790730574610e-01
-3.149905371985994296e-01
-5.999877667341280141e-01
9.999878107369083446e-01
3.789138557557519271e-01
2.156055939511647701e-01
9.996937438870860670e-02
1.000151508091460251e+00
-1.000081312449835114e+00
4.126012887886245650e-01
1.000154302088231306e+00
4.056993459775556365e-01
9.986161550548090793e-02
4.153641799860631756e-01
-6.002061944709686792e-01
3.995539053620822956e-01
-3.017904977841889824e-01
4.034244496554112436e-01
1.000131472290225032e+00
9.999670743825085362e-01
9.989444282195963920e-02
2.104129227348874309e-01
4.040061507737695012e-01
-7.932163501009580342e-01
1.001271158299424507e-01
9.999975257403600493e-01
9.998853693354534666e-01
-1.000227084031013458e+00
-5.999902014476803380e-01
4.128504142145666966e-01
-1.256921531431848607e-02
3.940580288068445403e-01
9.990519668570750633e-02
4.064585506189709041e-01
3.135591513298717492e-02
-3.244594106831580893e-01
-6.002192155446510746e-01
1.966223994832704824e-01
9.998830400642629845e-01
-1.000068617232116486e+00
-7.944626365124424217e-01
9.998011454520622232e-01
3.924451937114140643e-01
-6.001094607294610306e-01
9.993353736625058825e-02
7.176064781069028953e-02
-2.614939839356301698e-01
-7.898966950182841895e-01
2.083656812627179833e-01
9.994713754811551665e-02
1.000116612363889601e+00
1.918401618348294091e-01
1.657824424193641843e-01
-3.228938691946552364e-01
-9.999585564690038897e-01
-4.285623949870442928e-02
4.019933078648849634e-01
-8.180963153584138725e-01
2.145576997866942282e-01
1.000164729690093068e+00
-7.986462913473935110e-01
-5.999358623963063630e-01
-1.000006534609762410e+00
3.808488954774831570e-02
-2.765233168443330669e-01
-6.000566391803807687e-01
1.168607544112370555e-01
1.973575261947659865e-01
-1.000003970215401106e+00
9.999959176264584526e-01
-7.997672698665743152e-01
4.031931921748702075e-01
-3.607512375237396651e-01
9.999247703684392974e-01
-1.000093207132381590e+00
3.611465231905186535e-02
1.863576382951246391e-01
9.992107542243409968e-02
-7.958350137503306110e-01
-2.990774723701013493e-01
-1.204126570467295605e-03
-3.281671618007698799e-01
1.871784649670489020e-01
3.563494683903364445e-04
-5.999752839644502123e-01
-6.000468107841588905e-01
3.963797122474654877e-01
1.000029364793015851e+00
9.991296446336123127e-02
-2.660975190034690074e-01
1.859915066536614037e-01
9.995825323108932514e-02
1.000775901850373129e-01
-7.860375449711585194e-01
-6.000587632000325966e-01
-5.998981495574375877e-01
9.999301488568244078e-01
-6.000777493175262212e-01
-6.000127023160892747e-01
9.997971351542704888e-01
1.828848901906766633e-01
-8.228120982800274374e-01
4.014429850479903084e-01
-7.305399880921109460e-04
2.049234882125755552e-01
-8.028105423087552595e-01
-9.999478891419792959e-01
-7.911384823715488235e-01
-1.000016794084769289e+00
1.000141684805622821e+00
1.000135293617234522e+00
-7.820726573288568906e-01
-2.587954167825050611e-01
-3.162166860697681464e-02
-8.127120650700511151e-01
1.000043044316818008e+00
-5.998365676125420043e-01
9.996460121943817612e-02
-1.000125825416263714e+00
4.061795969588468114e-01
1.978981900666937910e-01
1.000053620737710203e+00
-5.999853545832803947e-01
-6.000417287774831854e-01
-2.915659371712733816e-01
1.000032608844690030e+00
9.999677211414255418e-02
1.000006635546732747e+00
1.000123474783787492e+00
-1.000193354349311559e+00
3.919763284052650287e-01
1.001072621603548984e-01
3.873786237953191214e-01
1.000450773776613705e-01
1.265751102587621846e-03
7.172533574236772966e-04
2.011044727088585615e-01
3.862201361949674783e-01
-8.110669253924474020e-01
-6.000578370881051171e-01
4.001397662300240632e-01
1.000027951231517997e+00
-8.637670707086869681e-02
-7.950443992582221231e-01
4.177693987379356710e-01
-7.162357406873764119e-03
2.046205325261429842e-01
-9.999918724533056746e-01
-2.563864720439328337e-01
3.930813090619123540e-01
2.040980337974024061e-01
-4.610863223936609995e-02
1.000015877849113721e+00
1.000030278981698384e+00
1.000117441463051815e+00
1.000370802831795636e-01
3.330166773699690108e-02
-1.000029828834840595e+00
-2.564335682083098700e-01
-2.882594863906474680e-01
9.999834001990810517e-01
-8.074359533529942290e-01
-7.864662989779079849e-01
-6.000400338379644483e-01
-2.968248502727129923e-01
-1.000032042263032439e+00
1.884551670867243567e-01
9.998448164713208408e-02
-5.999620443811904957e-01
2.692574360040678877e-02
9.999960194753708675e-01
2.015215102987556461e-01
1.990052007100520104e-01
2.635261135556634174e-02
-3.506821730402952531e-01
-3.316545705973755753e-01
-2.717929807501155426e-01
4.066449643833648930e-01
-3.216148084963503795e-01
1.000164592363623095e+00
9.999243043151256893e-01
3.007829939121194063e-03
2.074436237844426434e-01
2.091031563633514445e-01
-3.935417486845102508e-02
-1.923813133134100184e-01
-6.002076035229141349e-01
-9.999040318070390176e-01
1.952149773365593477e-01
1.345816534808807752e-01
