-5.997881587833397976e-01
-6.001873374564349328e-01
1.000090109081396283e+00
8.896841775772141789e-03
-1.000097032405536712e+00
-8.221130164541432528e-01
-6.000640370009536761e-01
-5.490061965981958558e-02
-7.976820179074859407e-01
-3.402407219199969912e-01
9.987648166990320542e-02
-9.998821600639992146e-01
1.930222251014450108e-01
-7.316110115110527681e-03
2.186130942923079357e-01
3.831386487441489908e-01
-5.391183395045821142e-02
-1.000038832069725103e+00
2.011327215765225385e-01
3.662632200757368062e-02
4.170577059917441876e-01
4.043416236896198446e-01
-3.038354089953977377e-01
-7.883416766106421392e-01
-9.999114915374484047e-01
3.946045714150601125e-01
-3.561338027094376191e-01
-6.000167964231144513e-01
-2.814380372564441180e-01
9.991064135330214591e-02
-1.000017116028187880e+00
-7.987147200457122009e-01
-7.983156529821030523e-01
-9.999753729368986432e-01
2.994927291439013553e-02
9.999235675108621990e-01
-1.000052491689785494e+00
1.000165749663956660e+00
3.916164667709503000e-01
-5.998867569261002730e-01
9.999618020077191138e-01
-7.864563928822699834e-01
-3.858535157043268549e-01
1.001976267965734441e-01
-3.085431118269365558e-01
3.933056556326713915e-01
1.001252319842220184e-01
9.979514917930568108e-02
1.000044156263572293e-01
2.153964635957746065e-01
-9.998838587397146371e-01
-7.842067515897087615e-01
3.816716408929257121e-01
4.078623743656029088e-01
-2.795708324431257497e-01
-9.998189462702442576e-01
-8.013161129223321799e-01
3.969561295032745241e-01
6.147243706045527750e-02
-9.998805609006484740e-01
-4.229674572138533706e-02
3.829298488514495391e-01
-1.000065568824544116e+00
-2.660432885459759755e-01
-9.999165223558984517e-01
9.991087709956480989e-02
-1.000020854178137908e+00
-8.685404710652877558e-02
-8.109378970420578758e-01
4.079513044764289109e-01
-5.998888006669279571e-01
-3.300009113839826314e-01
1.000590997618160949e-01
3.838786487396414200e-04
1.879155552410277930e-01
1.000581920337103026e-01
2.045267488440059844e-01
9.998015900919647869e-01
-3.962715177483840806e-02
-8.032042189933324972e-01
3.931819821009097105e-01
4.004771854013906007e-01
2.056117411301781606e-01
1.791166890033677461e-01
9.999799276046354990e-01
3.834227496860689310e-01
-1.000001168151331221e+00
-5.999144948425265689e-01
-1.000102272362629607e+00
-3.144798937642802328e-02
-1.000132326487806367e+00
9.975667043157944447e-02
1.001276686147245937e-01
-6.000847336350633165e-01
-4.755998912243650234e-02
-8.143172186005692703e-01
-7.977421399399852175e-01
-3.748873570087991602e-01
3.988500822896092757e-01
-2.858087384668759889e-01
3.829130249239608985e-01
-7.982959229907482523e-01
-3.384625542102205897e-01
9.981391801837039002e-02
1.002376867540029914e-01
9.999291489774835284e-01
-4.823565407851303222e-02
4.129480663348783498e-01
1.000829307925489020e-01
-3.027706551189509598e-01
2.000411161495486700e-01
-2.939052632773884732e-01
-6.000331074036198142e-01
1.000054838537427049e+00
3.855051332602750236e-01
2.072991855440193265e-01
9.991907867229761486e-02
1.000013891296651414e+00
-9.999770606663177519e-01
3.885490863889725643e-01
9.999390264125178618e-01
4.144798941263819758e-01
9.987694577087453951e-02
3.956359453239545187e-01
-5.999011705686673190e-01
3.979975164076421934e-01
-3.786213520158145385e-01
4.149776035882203895e-01
9.999810774282917869e-01
1.000085603370338694e+00
9.994497585311439003e-02
2.119131528235956852e-01
3.912486051445006052e-01
-8.030910414741236902e-01
9.995669371540638615e-02
1.000016777166806259e+00
1.000144420387800936e+00
-9.999841126095407873e-01
-6.000977515223311354e-01
4.104638329809427999e-01
8.614104393595145570e-02
3.996446865328795450e-01
1.000253219058081233e-01
4.004159126600673746e-01
-1.051944815484540975e-02
-3.151151206625161239e-01
-5.998564569743226604e-01
2.062677954704543737e-01
1.000018994781342929e+00
-9.998743071296382068e-01
-7.907913129041370670e-01
9.999255135435101138e-01
3.954033883926700854e-01
-5.998709410920540774e-01
1.000122257307609758e-01
4.925338492904895310e-02
-2.496165418365868249e-01
-7.925860780823381635e-01
2.037213606448963488e-01
9.994794176328666846e-02
9.999110511374695864e-01
2.207078228697272881e-01
1.960779779067153006e-01
-2.691199992383913053e-01
-9.999476682076985368e-01
3.913344755302747280e-02
4.086010555653791787e-01
-7.849048121995764182e-01
2.067767871555277470e-01
9.999608903169491247e-01
-7.929813358391604172e-01
-5.999671790702356677e-01
-9.998949637071093965e-01
8.252282063473673906e-03
-3.210134760565417911e-01
-5.999141910787230136e-01
-4.981441216551343171e-02
1.891788882398735272e-01
-9.999432255619326027e-01
9.999290545150362197e-01
-8.250603038330032168e-01
3.886102790418292097e-01
-2.117341158119360189e-01
1.000158706899621164e+00
-1.000017590212360918e+00
1.252392290638119389e-02
2.014032693146447506e-01
9.998546278351072569e-02
-8.085165932047168047e-01
-2.555751151203716764e-01
2.446778441895508527e-02
-3.393619707456535517e-01
1.774759085149413829e-01
3.559777662919262620e-02
-5.999513893713838142e-01
-5.998595428125387263e-01
4.019243733382406591e-01
9.998208780714841204e-01
1.000253332550816859e-01
-3.056254384731761919e-01
2.030322307216789746e-01
1.001143590997632393e-01
9.993731037253454630e-02
-7.963109403315600243e-01
-5.997753450534033526e-01
-6.000163190075387121e-01
9.998708155583696522e-01
-5.999285929645445936e-01
-6.000403616208501711e-01
1.000129602274528073e+00
1.900994136015972669e-01
-7.992888586502157056e-01
3.901283090664640074e-01
-3.910076242364966814e-02
2.090445631167781315e-01
-7.925007518611819624e-01
-1.000054297581035367e+00
-7.935923018165242926e-01
-9.998305335927860638e-01
1.000185235032064579e+00
1.000071174021007092e+00
-8.022247260606378827e-01
-3.734375084571502912e-01
-3.493082310504932314e-02
-7.875906909238284959e-01
1.000077786026107862e+00
-5.999837598322429466e-01
1.000605629298800953e-01
-1.000201499761852242e+00
4.015095694034304108e-01
2.048183259433636327e-01
1.000020272162587043e+00
-6.000755065125800147e-01
-6.000894057903813916e-01
-2.520558311902207915e-01
9.999576396813846246e-01
1.000806161129435684e-01
1.000073948870690677e+00
1.000040156768321475e+00
-1.000090577936679548e+00
4.145165236091490901e-01
9.999384406228915834e-02
3.967754489188104472e-01
9.996005635605946515e-02
-4.547007940372413404e-02
9.307377715094189083e-03
2.024079066110432978e-01
3.935144281281556800e-01
-8.071420655138930034e-01
-5.998937613165464811e-01
3.941797738841888443e-01
1.000046563812532874e+00
4.401853373668785860e-03
-8.008547072723803950e-01
3.959609356530459645e-01
-6.552705256394635025e-02
1.612404046949846015e-01
-1.000107797616803573e+00
-2.741516659011263846e-01
4.031097259195723370e-01
1.949170109960536856e-01
1.082757461064043220e-01
1.000053861452920856e+00
1.000021073665857241e+00
1.000055180340884142e+00
1.001324355425931706e-01
5.914820949938190409e-02
-9.998787865558079746e-01
-2.991941902571310652e-01
-3.495451036729246286e-01
1.000134221618610653e+00
-8.017873728224657048e-01
-8.052821656586043320e-01
-6.000471085824876649e-01
-2.654048528841850829e-01
-1.000065806711873728e+00
1.920756561772759552e-01
9.998076009629948413e-02
-5.999931638991166105e-01
-1.489774631894086321e-02
9.999973410449519706e-01
2.049556921148835698e-01
1.983007263816544963e-01
1.754320901374926620e-02
-2.378994520861648643e-01
-4.057086446811819513e-01
-2.807270692209884455e-01
4.044829581413592612e-01
-2.702088032973671283e-01
1.000028109521027719e+00
1.000112280405884180e+00
-9.687196712564395684e-02
2.215009886959350416e-01
1.894985849164365077e-01
1.077694609392550185e-02
-2.580939571200586702e-01
-5.999729683877180753e-01
-9.998705742761447857e-01
2.025735608862654080e-01
3.927974248168129845e-02
