-6.000405960877315259e-01
-6.001097132163877301e-01
1.000020102787493981e+00
-9.073541516339015886e-03
-9.999734452944091245e-01
-7.944333186810742520e-01
-5.999523272380742345e-01
9.484078487464824535e-04
-7.866825163722216407e-01
-3.149150952368613976e-01
9.992059460249036462e-02
-1.000039330975005747e+00
1.959450068429123004e-01
4.022848561837941150e-02
1.820717918813559433e-01
3.758925795972576922e-01
-1.498735187209151477e-02
-1.000146944637509305e+00
1.988793883785267835e-01
2.614886256103259379e-02
3.865782651905255163e-01
3.897555732693286368e-01
-2.995785834844720275e-01
-8.213091465640169897e-01
-1.000109750037126766e+00
4.010783460235877174e-01
-3.031667978248069883e-01
-5.997360644389883033e-01
-2.638917901056994086e-01
1.000146096264696721e-01
-1.000037417381863136e+00
-8.106135383096634284e-01
-7.820131548385166331e-01
-9.997541620622137915e-01
3.492378808221562742e-02
9.999959705051837400e-01
-1.000026727913692293e+00
9.999555148386878312e-01
4.083098646668480436e-01
-6.001277693636704047e-01
1.000055552499774958e+00
-8.036802814102829151e-01
-2.719213547371640005e-01
9.996340833480024668e-02
-2.887438264848073421e-01
3.992832507753359961e-01
1.001129167464822056e-01
9.999428068790723600e-02
1.000490938383839234e-01
2.054131555709424739e-01
-1.000025666634817956e+00
-8.012063357647907225e-01
4.026236747827525719e-01
3.847536841619037529e-01
-3.741425704020392429e-01
-1.000036058091789970e+00
-8.088560825539820032e-01
4.200684309142069806e-01
-6.413289607794733782e-04
-9.999718024987142018e-01
7.052255610568762545e-02
4.017497235175213066e-01
-9.998868583046670588e-01
-3.717199435809703800e-01
-1.000009457613264319e+00
1.000698350870518477e-01
-9.999172736329590139e-01
-8.033731915364760237e-03
-8.076340883587381780e-01
4.031516625057999792e-01
-6.001139055952130485e-01
-2.889079120922402599e-01
9.998500793419420885e-02
-2.250539133785937895e-02
1.890127278009736678e-01
9.999425031205956549e-02
2.113062197217233651e-01
1.000224999904266499e+00
1.057560133360400424e-02
-7.979122675668952613e-01
3.865762034382527190e-01
3.811594493529118499e-01
2.170195663359439087e-01
2.021572330519791350e-01
1.000062951194770955e+00
4.049713003990145221e-01
-9.998959632427982802e-01
-6.000824745725488185e-01
-9.999628512092337829e-01
3.037465966278266212e-03
-1.000053561137999480e+00
9.991687878302964176e-02
1.002727546349705678e-01
-6.000104198535392008e-01
3.253766444439112893e-02
-8.057181482693022145e-01
-7.877971138659856098e-01
-3.165813083030818431e-01
4.029095381219774397e-01
-2.756340144737248199e-01
3.892915241228859236e-01
-7.920458094262978754e-01
-3.063597679147703201e-01
1.000114777438901453e-01
9.982317952632931146e-02
1.000070412808765408e+00
3.115698287286256668e-02
4.082945985372300468e-01
1.000884696568068444e-01
-2.525403112379713821e-01
1.979568403857250858e-01
-4.154766138612863702e-01
-6.000179997517554042e-01
9.999765225194345852e-01
3.952683744161770707e-01
2.120981397945451430e-01
1.001218641191979480e-01
9.998497439399517406e-01
-9.999367207676013170e-01
3.979181622781250982e-01
1.000000148020893764e+00
3.881669725666554438e-01
1.000129883399537289e-01
3.999610958112490011e-01
-6.001846236612853325e-01
3.906776768140114431e-01
-2.423935596179308538e-01
3.865785478720108470e-01
9.999237617004578249e-01
1.000134638579157853e+00
9.998933865427825363e-02
1.967277027644164511e-01
4.005624869762513529e-01
-8.101768924907573055e-01
1.000973574590862947e-01
1.000034551653191439e+00
9.999738921584185869e-01
-9.998774507490814090e-01
-6.000614756983541076e-01
4.060985653679146101e-01
6.306748500159204025e-03
4.146003650928392625e-01
1.000278830156001580e-01
3.952414028046738470e-01
-1.211891716706671174e-01
-3.743100955739832036e-01
-6.001007650686004391e-01
2.030079078498830403e-01
9.998786860628749995e-01
-9.999636626586986266e-01
-8.075790802409311686e-01
9.999536615712952825e-01
3.943878467791503972e-01
-6.001409462705065145e-01
1.000358433963811355e-01
1.723146358329862710e-02
-2.798397995866888643e-01
-7.850557882540748489e-01
2.006191827282979567e-01
9.995995474568690475e-02
9.999920396366520636e-01
1.879011882926814869e-01
2.052434771637165478e-01
-3.936893739034205142e-01
-1.000074429179734548e+00
1.382529916444322042e-02
4.053220248629392786e-01
-8.009964643704436948e-01
2.101454370101251135e-01
9.999073041262003247e-01
-8.199500321008045267e-01
-6.000699291205207064e-01
-1.000016607762163057e+00
-1.775559471030475553e-02
-3.002063128280466064e-01
-5.998096846525178272e-01
2.121265863908912072e-02
2.070542097542150961e-01
-1.000105009275114920e+00
9.999711036474403514e-01
-8.090457385015066283e-01
3.884864429494200855e-01
-1.736699425850472822e-01
1.000156407944305270e+00
-1.000194038242167682e+00
3.512684671651077062e-02
1.965805621123345170e-01
9.998837276841240906e-02
-7.976468561062147744e-01
-2.954389487223620381e-01
1.492371420603568789e-02
-3.899510312238461673e-01
1.856296145284479782e-01
-7.304557659579768991e-02
-6.001347457925998441e-01
-5.999772562572440737e-01
3.809545736615622125e-01
9.997780009178159899e-01
9.998652063196360185e-02
-2.915735924235371423e-01
1.961161479476654090e-01
9.993028770629355795e-02
1.000531658676052510e-01
-8.096921178478345693e-01
-6.001471177322499351e-01
-6.001077309077796906e-01
9.998790752001115445e-01
-6.001189720174735509e-01
-6.000774165934242843e-01
1.000016592303493601e+00
2.000164102189474213e-01
-8.143611125910678039e-01
4.009259436549310052e-01
3.705851382787355569e-02
2.016592980636963961e-01
-7.892080250396324992e-01
-9.999793210005503141e-01
-8.093000029712106302e-01
-9.998303727840609501e-01
1.000055418311085687e+00
9.999325872055604414e-01
-7.970798444223695656e-01
-2.843185583284972839e-01
6.766373185117693922e-02
-7.839822778773276601e-01
9.998840014202621251e-01
-6.001329016683986106e-01
9.994155055730716275e-02
-9.999695122698698535e-01
3.939326327663461025e-01
1.913408707238767881e-01
1.000089089218936245e+00
-6.002040538133610603e-01
-6.000589920366484753e-01
-3.561566226928755130e-01
1.000075161812598479e+00
1.000322583774807816e-01
9.999788334326781269e-01
9.999815083210858990e-01
-1.000116772629045858e+00
3.865238935887650995e-01
1.002087668654553648e-01
3.883786566432136933e-01
1.000640130691008017e-01
-5.198989547714630982e-02
8.676642181038095314e-02
1.852977506504336902e-01
3.970506574193479188e-01
-8.208111612186972383e-01
-5.999285107793072003e-01
4.088458060634448388e-01
9.998473495209950768e-01
-6.710981188344915249e-02
-8.132150844339723905e-01
3.908065123210652247e-01
5.816272908255049057e-02
2.146535408303426040e-01
-9.997796224727009129e-01
-3.437071963421489129e-01
3.892711992976233826e-01
2.064515171412600048e-01
-3.531631407243251281e-02
1.000027694779767495e+00
9.998293696645644824e-01
9.999042581192314483e-01
1.001036027301816927e-01
-6.987086240988426254e-03
-9.999210260359359115e-01
-3.116072935100863694e-01
-3.563631601690173123e-01
9.999223760634048386e-01
-7.930685024233472546e-01
-7.963787495245104875e-01
-6.000323176822369708e-01
-3.665670875332509571e-01
-1.000039347830263159e+00
1.881337409282926587e-01
9.996495387977605285e-02
-5.999087701733425426e-01
-5.100796197510935881e-03
9.999775307573968153e-01
2.001670803264475607e-01
1.885715851752629846e-01
-1.950259988472259620e-02
-2.986498506543016629e-01
-2.665145774484830588e-01
-2.332785783767480914e-01
3.845692828861080881e-01
-3.326194529603408445e-01
1.000196922885411510e+00
9.999264063357916621e-01
6.972176504597846214e-02
2.038616082712539634e-01
2.058749245262571081e-01
5.092169694890701093e-03
-4.124241437270182997e-01
-6.000022870855763468e-01
-9.998997659801754923e-01
2.094120087103483463e-01
2.033680023601511927e-02
