-5.999242917953701015e-01
-5.999106733312287165e-01
9.999491777338957998e-01
-3.239102590322284064e-02
-1.000017843878226786e+00
-7.927803171811483862e-01
-5.998753993817513841e-01
-3.376187902804191759e-02
-8.070769314164207842e-01
-2.299960234088247457e-01
9.998206832575545766e-02
-9.999838032927967912e-01
1.892865957028397883e-01
-1.694624165408152236e-02
2.110313112959109061e-01
3.873892611482740445e-01
8.269170717305199259e-02
-9.998418352574033330e-01
2.037865528779281288e-01
-4.238002683393168185e-02
3.937048366605434002e-01
3.908782531025474793e-01
-2.794411111472714926e-01
-8.056121294771407815e-01
-1.000022002223130091e+00
4.054777334767147856e-01
-2.238685506621623245e-01
-6.000481408834850150e-01
-2.950294802341449918e-01
1.001219492279636081e-01
-1.000064471399097821e+00
-7.856346475122952810e-01
-7.869655286574267494e-01
-9.999382036348358760e-01
-4.960604490262589955e-02
1.000004258938109958e+00
-1.000249469840299721e+00
9.999628475478695711e-01
3.879237451322459229e-01
-6.000038222261809828e-01
1.000252085326601481e+00
-7.929215593411762519e-01
-2.910871720759559689e-01
9.992748286411526348e-02
-3.559011895293579530e-01
4.001160774084923655e-01
1.000398991446115327e-01
9.998312789709130899e-02
1.000971912287899057e-01
2.064354799844314303e-01
-9.999848292668540584e-01
-7.925814012750574955e-01
3.965380999399539808e-01
4.057236412112806279e-01
-2.775928423003279355e-01
-1.000011303119287875e+00
-8.173165031001403680e-01
3.805911947027668107e-01
6.383975108811526696e-03
-1.000074839186763764e+00
-5.852687787752965110e-02
3.970895022957524612e-01
-1.000025605023736830e+00
-3.851867521384454984e-01
-1.000026080940719764e+00
1.000238657469782466e-01
-1.000115197894253294e+00
-8.820649670059076131e-02
-7.996312570220431848e-01
4.062954964195311658e-01
-5.999271002852312185e-01
-2.213165367187974186e-01
9.988317420483101838e-02
1.427069165791090277e-01
2.004618513231361254e-01
9.992458543033107266e-02
2.135711049938790462e-01
9.999192808783273767e-01
-1.940414736944713961e-02
-8.053067358764794959e-01
4.098844978682977813e-01
3.834917078604427876e-01
1.939715031372138132e-01
1.924670379631800710e-01
1.000009230214341738e+00
3.829767786523347040e-01
-9.998800948931221289e-01
-5.998528449678521834e-01
-9.998530297167356196e-01
2.566436142904038320e-02
-9.999637425992505824e-01
1.000869821876990834e-01
9.996881178070798901e-02
-5.999854732789453582e-01
-6.336565412964233202e-02
-7.678043104878008451e-01
-8.029315675353544401e-01
-3.051300446119323273e-01
4.056529308287334379e-01
-2.390109114486312636e-01
3.956523432092043935e-01
-7.847061776768731178e-01
-3.609503315674014723e-01
1.001338899110296166e-01
1.000376170472447312e-01
1.000132536442874143e+00
7.699751968009377334e-02
3.904376523798502863e-01
1.000309177110769027e-01
-2.781784711975164859e-01
1.964509462550987906e-01
-2.272426929992721334e-01
-5.999050883630292486e-01
9.999953850766931662e-01
4.016218768021885821e-01
2.033238745164650807e-01
9.989588387089040622e-02
1.000034321924410774e+00
-1.000106447170256985e+00
4.060010173924977206e-01
1.000029724641032569e+00
3.912310429162174086e-01
9.998121830083611661e-02
4.131577665974059954e-01
-6.000019274932034685e-01
4.214440885849320417e-01
-3.392642128201175389e-01
4.006781750497110939e-01
9.999584985680282090e-01
1.000166322801768315e+00
9.996526110639329665e-02
2.016133108786131722e-01
4.079626695085206700e-01
-8.072298735740114362e-01
9.995525850882740204e-02
9.999351918246233151e-01
9.999476488735535851e-01
-9.999875345244142455e-01
-6.003134211354809180e-01
3.894436375392463234e-01
5.465896571482024152e-02
3.928459677500242275e-01
1.000139262722455763e-01
3.924001161939700277e-01
1.945007450795158827e-02
-2.378338802420217335e-01
-6.000028737138204393e-01
1.976943536781419486e-01
1.000049631711557252e+00
-1.000054420398785116e+00
-7.831620982741219761e-01
1.000097791207069653e+00
3.939038592275196371e-01
-6.000115689152184517e-01
1.000231928780601215e-01
-9.283673234796263607e-02
-2.128024678321597252e-01
-7.965697491654456508e-01
1.926063183762432296e-01
1.000554308822315247e-01
1.000109763122213558e+00
2.139274124454888792e-01
1.856659927670534505e-01
-3.371464265605458310e-01
-1.000066676766538709e+00
-2.667555082708737701e-02
4.091339956881728801e-01
-8.008199947700663790e-01
1.943852272389947344e-01
1.000046608612004784e+00
-7.927968715208763006e-01
-6.000493317214267153e-01
-9.999980898572676802e-01
-4.211491954594732620e-04
-3.235186847052357040e-01
-6.000008949782109635e-01
-5.223218558868552089e-03
2.145362312286857032e-01
-1.000056544978411122e+00
9.999103817032043429e-01
-8.023914335284992871e-01
3.978268543080869524e-01
-2.538490236934051181e-01
1.000099969912656261e+00
-1.000026605057270812e+00
7.423956658600587566e-02
2.106913520619472513e-01
9.984547374445638945e-02
-7.943447079117808007e-01
-2.560504715788330388e-01
-1.324278243277217512e-03
-2.884702074303102104e-01
1.985427412241097811e-01
4.271355238454629943e-02
-5.999921601396922544e-01
-6.001518052051498797e-01
4.048308769176487409e-01
9.998859216788943405e-01
1.000774879312110316e-01
-2.964067454407034452e-01
2.112557286334657836e-01
9.993394772861750874e-02
9.989496216869107881e-02
-7.896959910531072824e-01
-5.999926485303365142e-01
-6.000174344777722268e-01
9.998376803287281067e-01
-6.000114677724400769e-01
-6.000030496162093163e-01
1.000025893834940893e+00
2.003013593981561868e-01
-8.080591447820427708e-01
4.025241588652015423e-01
-4.298925266725242555e-02
2.142030670431817330e-01
-8.091830072624427439e-01
-9.999723964147703148e-01
-7.994650272738687002e-01
-9.999305166318589455e-01
1.000006249650366108e+00
9.998573202830378648e-01
-8.142481980437282774e-01
-3.092100680944797064e-01
-4.959776223911682713e-02
-7.973539711101362837e-01
9.998989994676961146e-01
-5.999615578481588551e-01
1.000930581013203674e-01
-9.999325577174837942e-01
4.028858557674450669e-01
2.042526404058782885e-01
9.999486221657214458e-01
-5.999883653120365867e-01
-5.999251774857424779e-01
-3.621621896877997293e-01
9.997784676976275708e-01
1.000310992673367344e-01
9.998536689381795073e-01
1.000023980604886731e+00
-9.999720461725187803e-01
4.093508788455151870e-01
9.989797366463820660e-02
3.847098150560862573e-01
9.980808428519889752e-02
-4.169965716419227891e-02
3.802950333970830932e-02
1.992294335795045390e-01
4.011676421190281117e-01
-8.119668515757259009e-01
-6.000710331386699403e-01
3.957294855202406203e-01
9.999561653103358205e-01
-7.353993998464730675e-03
-7.845638955334292008e-01
3.924997716858181218e-01
5.412492596011319809e-04
1.973453334966346062e-01
-9.999024340283962919e-01
-3.872927258023167729e-01
3.993186799601505244e-01
2.037352216705335672e-01
1.002832481932532105e-02
9.999551545815975606e-01
1.000134502926636193e+00
9.999728748148263291e-01
1.000327207511235855e-01
-3.088202180862091931e-02
-1.000095010748931923e+00
-3.247606825333608782e-01
-3.626297044711302986e-01
1.000012203731554195e+00
-7.973653151114779014e-01
-8.014680831435871955e-01
-6.000580877493612020e-01
-3.028621829670910537e-01
-1.000108400851598356e+00
1.972022513625201201e-01
9.989099391819984686e-02
-6.000442392286442495e-01
-4.335930774802466102e-03
9.998955256352429766e-01
2.082052745573335362e-01
2.117305987400716627e-01
1.607024703917866656e-02
-2.931979694758868882e-01
-3.126238858346240268e-01
-3.585009350960045582e-01
3.944752206116171611e-01
-3.270139820298463840e-01
9.997973591143144434e-01
9.999473254641542130e-01
7.955452504525301061e-02
2.011173734220544629e-01
1.984909522140065607e-01
-6.193436689255100991e-02
-2.459550101794761023e-01
-6.000245668487996786e-01
-1.000124957117326963e+00
1.930415987634264696e-01
-1.618362980877285570e-02
