-6.001311455443730791e-01
-5.999306902896125449e-01
1.000026727617198796e+00
-3.455836140738104828e-02
-1.000169871608780126e+00
-8.040964834108922377e-01
-6.000324431255779078e-01
8.157615214785585156e-02
-8.012478017772238781e-01
-3.217672646302461303e-01
9.986467882838070964e-02
-1.000031989770144847e+00
2.007497161578425393e-01
4.973822803838216094e-02
1.975663919107366884e-01
3.908273644267423186e-01
5.320002945234482417e-02
-9.997476682419124128e-01
1.873851875900179598e-01
-1.567995376539915763e-03
4.005960945715694166e-01
3.946191005759125403e-01
-3.469656692379234908e-01
-7.963082703171247001e-01
-1.000044092230932380e+00
4.057447630518263848e-01
-3.367940184716674001e-01
-6.001739878518888016e-01
-2.890886784902529927e-01
9.998416590167898133e-02
-9.997620220829445126e-01
-7.989429983912289535e-01
-8.051471352635876100e-01
-1.000236732091248193e+00
-8.228069729496190199e-03
9.999901243731474931e-01
-1.000126461639903708e+00
9.997614899239938291e-01
4.048702800943728697e-01
-6.000476589367025326e-01
1.000025647469637846e+00
-8.239961479551194401e-01
-2.782044743092099703e-01
1.000528393597651805e-01
-2.378509475194885980e-01
4.063930423098220390e-01
1.000778265601296596e-01
9.995591318424257299e-02
9.987096499706865638e-02
1.850045855158545249e-01
-9.998502175154497795e-01
-7.915160295537463364e-01
4.152785174485866260e-01
4.223930212672366014e-01
-3.052721898157113589e-01
-9.998465820095878698e-01
-8.021927452056535346e-01
3.831601557074018616e-01
4.453896267279672250e-02
-9.999924013372176734e-01
5.785902500803141897e-03
4.147061484951035659e-01
-9.998886733546151762e-01
-3.223991520741441019e-01
-9.999578696608002470e-01
1.000099715467584888e-01
-9.999798489853284345e-01
-5.943028733451049400e-02
-8.112070860198727917e-01
3.976186756667010602e-01
-6.000916201314764331e-01
-2.686657770497096198e-01
1.000637661710812032e-01
-1.344549759386420330e-02
2.081062384723001701e-01
9.982618319883926339e-02
2.141625537678515934e-01
1.000050504249010652e+00
-4.523901936761818058e-04
-8.123741773533040833e-01
3.976239396850667629e-01
4.072131453534494350e-01
1.736282323978156350e-01
2.227435331790033057e-01
1.000029288035833686e+00
3.837874071609058135e-01
-9.999619341620157309e-01
-5.999829788031264544e-01
-1.000009722548718782e+00
8.752721773376650680e-03
-1.000088979512970822e+00
1.001754958857151434e-01
1.000548468664104185e-01
-5.998541265430156200e-01
4.978533978676894650e-02
-7.987672130887857325e-01
-8.119039279473506676e-01
-3.267896470029789668e-01
3.857282610291425384e-01
-3.834336252938370659e-01
4.064941321349931358e-01
-8.251668562163103626e-01
-2.708461071186673008e-01
1.000873740438000259e-01
1.000392632924132774e-01
1.000066548594069626e+00
-1.301596346938014015e-01
4.012616520172699319e-01
1.000532324085884606e-01
-2.417585475502587178e-01
1.789571665554709479e-01
-3.047633544311012521e-01
-5.999415631136858496e-01
1.000118729861067868e+00
3.842793587211011941e-01
2.092844182179898760e-01
1.001296568030481671e-01
1.000038787464797796e+00
-9.999817958110819305e-01
3.927777362124863503e-01
9.999201529338740402e-01
3.994067113219107457e-01
1.000307646670357403e-01
3.908506341693286923e-01
-5.999896989800423963e-01
4.021745998869940553e-01
-2.579420535005979565e-01
4.033817739059531449e-01
9.998788896435998330e-01
1.000012371761052732e+00
9.998523171433161549e-02
2.052098459964780686e-01
4.100228871950637455e-01
-7.898108644725110317e-01
9.990469462798289013e-02
9.999135455457214272e-01
1.000095950929774213e+00
-1.000274302182878161e+00
-6.000540809178367407e-01
4.109186213649501096e-01
-2.203247327421236496e-02
4.166957316456453286e-01
9.988419922198889245e-02
3.963557006508749980e-01
1.214100925886593511e-02
-2.329088543013481671e-01
-6.003927172905805243e-01
2.109725026386065350e-01
1.000022513187648121e+00
-9.998505976767366743e-01
-7.903078067838695819e-01
1.000014404538646762e+00
3.979847672381677803e-01
-5.999622631026365616e-01
1.000143497574764312e-01
-5.175943163050819584e-02
-2.735000690752269481e-01
-7.934070656311090763e-01
2.048084961133107840e-01
9.991034489921271633e-02
1.000039927852219845e+00
1.963380175195893751e-01
2.151686609037338493e-01
-3.302905087380790250e-01
-9.999943138192542991e-01
9.247068299341100472e-02
4.155956613098839569e-01
-7.934874848063014907e-01
2.140722521418587654e-01
9.999000784222954463e-01
-8.038350637845954605e-01
-5.999539256919519392e-01
-9.998672998676036983e-01
-1.701140547772698151e-03
-3.253582188246907925e-01
-5.999267885663635003e-01
3.607783084176480887e-02
2.099966752393148950e-01
-1.000039076547547090e+00
9.999737412452431862e-01
-7.965585339815276500e-01
4.075314913756595270e-01
-2.724864875943959208e-01
1.000163868082361462e+00
-1.000021340579865026e+00
3.774354172643712424e-02
2.015203516105470716e-01
9.981890638477279587e-02
-8.186074878562910051e-01
-3.057414139091561012e-01
-4.339284362390997962e-03
-3.339504232741283274e-01
2.111873268202695275e-01
-1.455650907939176342e-01
-6.001031369159892659e-01
-6.000537331044171196e-01
3.881552806076826734e-01
9.999892558692461408e-01
1.000404053389046533e-01
-2.777039197431347972e-01
2.064881571468104304e-01
1.000351677003172429e-01
1.000115951211529713e-01
-8.070245984942950868e-01
-6.001047953024996051e-01
-5.999168773351171158e-01
9.998506408858843786e-01
-6.000179341448667047e-01
-5.999959243793618890e-01
1.000087490988459837e+00
2.161730016435020052e-01
-8.054365924328079629e-01
3.979755783435485750e-01
9.400903749438249690e-02
2.064371151835043827e-01
-7.791988335650322783e-01
-1.000004451104568259e+00
-8.082352032399776620e-01
-9.999765605933723656e-01
1.000019361694774123e+00
9.999537063587649044e-01
-7.847828548953742489e-01
-2.517637156345312599e-01
2.759145930343058842e-02
-8.068301841206747538e-01
1.000014470488845841e+00
-5.999907193447771014e-01
9.991336584578197622e-02
-1.000159025782363820e+00
3.893163816652650544e-01
2.087137536206023214e-01
9.999378610347233742e-01
-6.000258934518097886e-01
-5.997599649085630924e-01
-3.715548483374172539e-01
9.999613216854545961e-01
9.999289108368855650e-02
9.997041287044513558e-01
9.999691469535785249e-01
-9.999826382731245022e-01
4.069831964227937360e-01
9.992064728687778674e-02
3.942695322334003327e-01
1.000329693446215251e-01
-3.952197507505946644e-02
-7.291261322657007285e-03
2.009004774966005880e-01
4.109659932006714533e-01
-7.913328051508509153e-01
-6.000131131230402870e-01
3.917220539169107840e-01
1.000179334362217176e+00
4.995594056027244378e-03
-7.834546777481976587e-01
4.139105983647186626e-01
3.648756995027173031e-03
2.000101107830255243e-01
-9.999906686640929188e-01
-3.153615838165843566e-01
4.055835329906543607e-01
2.046347487765503015e-01
3.247367627622815139e-02
9.999998322957218688e-01
1.000020260255377602e+00
1.000119460111820846e+00
1.000101132419352473e-01
2.012925522893809285e-02
-1.000132104447176484e+00
-2.897319680786185625e-01
-2.575085584253484772e-01
1.000125566140047217e+00
-7.972642185370113488e-01
-7.976920663317847993e-01
-5.998527787393314048e-01
-3.371494573107560178e-01
-9.999768262779574757e-01
2.158882011898048681e-01
9.995330788134008937e-02
-5.999083485362427526e-01
-6.230130205005159072e-02
1.000094291622413589e+00
2.025017529228738677e-01
1.889104548019483187e-01
-2.996862669597290252e-02
-3.404195395968903637e-01
-4.081373996905584001e-01
-2.165423283955389966e-01
3.924097260943344989e-01
-2.727789842301477363e-01
1.000008613782625400e+00
9.999165593406856845e-01
-7.444070466546318099e-02
2.239827729519975885e-01
2.192530026498420159e-01
4.527393502634433076e-02
-3.094010744096279963e-01
-6.000372154022960425e-01
-9.999537041821180416e-01
1.994575392626482813e-01
1.396093342491720041e-02
