-6.001090577361225531e-01
-5.999779695805316226e-01
9.999864764129560157e-01
-1.081115164417803878e-02
-9.998994050326573957e-01
-8.054134952551496029e-01
-5.999137533630527486e-01
9.099627958612176160e-02
-8.020087743161062876e-01
-3.055678901687275961e-01
9.997685613061343957e-02
-1.000069259316612280e+00
1.859659163197343035e-01
-3.451929086685463777e-02
1.867741545366360389e-01
4.079961301792355832e-01
2.057019028050524959e-02
-9.999530172878218215e-01
1.903617960857564573e-01
2.056257281310147622e-02
3.889578853234577083e-01
4.055869679999598576e-01
-3.022240751223345678e-01
-8.021011428341269234e-01
-9.998769554758508704e-01
3.924780586747340094e-01
-2.881448665930260722e-01
-5.998241302810111142e-01
-3.137138699977826684e-01
1.001922616620539441e-01
-1.000080292252095049e+00
-8.073137654277909858e-01
-8.056187816945069580e-01
-1.000132118542778947e+00
-5.190641350403266130e-02
1.000054429127298361e+00
-1.000010565528067108e+00
1.000016563210796239e+00
4.016446484128769479e-01
-5.997408864043498600e-01
9.999370679762107361e-01
-7.984396857729717523e-01
-3.181974854975312406e-01
1.000242678592628137e-01
-3.300988023559049966e-01
3.828154249130691356e-01
9.989220585916880335e-02
1.000342212866883185e-01
9.996214147738689826e-02
1.990150846967787268e-01
-1.000161835265098054e+00
-8.053824218699374704e-01
3.948272654963217443e-01
4.041961761815036080e-01
-2.530667405138550263e-01
-9.998812558524292626e-01
-7.957227304522360711e-01
3.813626488215002830e-01
1.383512425054485122e-02
-1.000132334683630164e+00
-9.289700385996130585e-03
4.062957083880459619e-01
-1.000137413970093370e+00
-2.897458442404313161e-01
-1.000017127871376754e+00
9.997428652891549028e-02
-9.999766608284177405e-01
2.143395411755067304e-03
-7.904434497610499655e-01
3.859884990471769139e-01
-6.001579754967785174e-01
-3.199798508777100259e-01
9.992143813041078071e-02
5.989501326588528296e-03
1.956299975060192264e-01
1.000053980461557412e-01
1.910355294057756170e-01
1.000052013820810881e+00
1.298587678895397196e-02
-8.103088587352876848e-01
3.886161928147346956e-01
4.034780075127348820e-01
1.885074670963346744e-01
2.166387285056605161e-01
9.999599380604949905e-01
4.089057426455942057e-01
-9.998918722195007103e-01
-5.998340456666372278e-01
-9.999901561296996588e-01
-2.144989728601026657e-02
-1.000002899991127014e+00
9.993981042974177387e-02
1.000046802868908707e-01
-5.999457847751221706e-01
-3.018233139087718453e-02
-8.186631316979603445e-01
-7.969879059097085827e-01
-3.377953750365774721e-01
3.881021821528162774e-01
-3.705626642736439269e-01
4.020643379126594974e-01
-8.094283933871363468e-01
-3.297501924425605413e-01
1.001228552010209466e-01
1.001362344806061011e-01
9.999046007802517844e-01
5.322327842581995455e-02
4.005224621254145356e-01
9.992842833130755054e-02
-3.325388120172338979e-01
1.945206001565399911e-01
-3.055247359674120311e-01
-6.000836850392422539e-01
9.998944915063562311e-01
3.949467307960866647e-01
1.920245373038030889e-01
9.991266992595136676e-02
1.000106195205071824e+00
-9.999634899597362736e-01
3.954390178894600649e-01
1.000107284026826804e+00
4.088286263336014525e-01
9.997071273650734446e-02
4.047622333132411820e-01
-6.001193894339166279e-01
3.938322109910783464e-01
-2.577618567615316270e-01
3.945592317772281810e-01
9.999728831878746949e-01
1.000132287600485892e+00
1.000729213504950726e-01
1.985062241373048986e-01
4.043223304355618719e-01
-8.033149587019683402e-01
1.001019515481242489e-01
9.999409689715448302e-01
1.000071857330854241e+00
-9.999716000635525681e-01
-6.000106636629471968e-01
3.875479799540358372e-01
1.239257909843632032e-04
3.909865624397013684e-01
9.986255793410250825e-02
4.099235243302522536e-01
4.334835421480139062e-02
-3.049124703228472955e-01
-6.001102255630188509e-01
1.793742221108796941e-01
9.999929431428767890e-01
-9.999595432666116279e-01
-7.812392099944647228e-01
9.998633611123500797e-01
4.082571158942214784e-01
-6.000259383849726458e-01
1.000373594503624897e-01
6.946712607014732255e-02
-3.318582928463631454e-01
-8.182707203716317323e-01
2.076404942134053577e-01
9.993256949544471190e-02
1.000096376366073514e+00
2.126042171472489473e-01
1.692734685385358373e-01
-3.490940530690992416e-01
-9.998857041395141643e-01
-3.398454698346439762e-02
4.079627321481600899e-01
-8.016041412351219142e-01
2.091104362279693485e-01
9.999617467204823251e-01
-7.945420028046998873e-01
-5.998979428013732074e-01
-1.000127517291719004e+00
5.441477955418460612e-03
-2.441660173411084878e-01
-5.998027776726087001e-01
3.275072544759060483e-02
2.028556792778499207e-01
-1.000177033372388724e+00
9.999160904029736896e-01
-8.132871908474751388e-01
4.157523065307831001e-01
-1.931851491205081595e-01
1.000237896246949143e+00
-1.000010918087266720e+00
-6.700145837746283861e-02
1.981450964748597832e-01
9.996900776675966827e-02
-7.979080934328405261e-01
-3.078339373551856051e-01
4.742263278454031394e-02
-2.884200102438311819e-01
1.843724016769676677e-01
-5.822393931820899621e-02
-6.000518131604919425e-01
-6.001804757188465844e-01
4.043233144851667293e-01
9.999652817754774992e-01
9.999789342859639885e-02
-3.173469165302736372e-01
2.095570607342341352e-01
9.992208528436463677e-02
1.001241272277983013e-01
-7.892267979172559178e-01
-5.999264110403818018e-01
-6.001535347907926976e-01
1.000005103799155304e+00
-6.000725144748648709e-01
-5.999626273380479491e-01
1.000093081436867370e+00
2.072368104352640128e-01
-7.941140896325913356e-01
4.028086480129490221e-01
-1.029580520088014817e-01
1.883165297385193948e-01
-7.837658251627308559e-01
-1.000116954086855747e+00
-7.978935926818671032e-01
-1.000101575267527076e+00
1.000037746555971774e+00
1.000065216010550984e+00
-7.868581890151575831e-01
-3.478934281447977894e-01
9.554175368051869011e-02
-7.982226051102160325e-01
9.998719715073273173e-01
-5.998889230573720699e-01
9.999026085246809359e-02
-9.998476012811184921e-01
4.108033795833770374e-01
2.147627563476139645e-01
9.999246352637887192e-01
-5.998182173654956761e-01
-6.000830187621634115e-01
-2.498055983763519949e-01
9.999782206395089190e-01
1.001363723471544731e-01
1.000162317797245626e+00
9.999807154274330534e-01
-1.000028473020904585e+00
3.864854278747844596e-01
9.996200027451607184e-02
4.219304315683684581e-01
9.995146131562990255e-02
4.250327169802992078e-02
-1.088498388567699440e-02
2.160966667443536271e-01
3.929009975120440479e-01
-8.015806595187549011e-01
-6.001741604594886814e-01
4.141059602035088716e-01
9.999734257942008986e-01
-2.825665943913623426e-02
-8.091907776558189269e-01
4.022906421888391981e-01
-6.875792412408811283e-02
1.940586737011092966e-01
-1.000027447369665756e+00
-3.307652867802813312e-01
4.021361812535313995e-01
1.904331294461077684e-01
6.293460981677656552e-02
1.000013109154746394e+00
1.000101909018124013e+00
9.998809818387358606e-01
9.998138970743539189e-02
-1.581285795692949706e-02
-1.000101384072074273e+00
-3.632281625684337101e-01
-2.939058010553636802e-01
1.000265291079610597e+00
-7.811596658481773092e-01
-7.971086120065272729e-01
-6.000158018362012902e-01
-3.741276836672808859e-01
-1.000078257727548436e+00
1.899745251439753091e-01
9.975959436430560656e-02
-5.999820469456227379e-01
-6.368953236633405693e-03
1.000035380835345489e+00
2.072598141829828100e-01
2.284519179199908656e-01
3.542211261127805461e-02
-3.305807976651932711e-01
-2.775359338791534847e-01
-2.405363483355811016e-01
3.903201864156825018e-01
-2.325598561581666834e-01
9.999012711249322116e-01
9.999039156085838265e-01
5.894311923245340590e-03
2.024914305864085051e-01
1.791684576031403742e-01
-3.712360494462614569e-02
-3.240384603805198660e-01
-6.000262687840051123e-01
-1.000163493809485438e+00
2.055149011410519755e-01
-1.741071019481607238e-02
