-5.999532567400532868e-01
-6.000012203195653759e-01
9.999240909540791922e-01
-1.073397201121859823e-01
-9.999373067452927977e-01
-8.066946311629789035e-01
-6.001007950434841254e-01
8.616032758431070582e-03
-8.247294122885033829e-01
-3.268217698001479321e-01
9.992193434531022878e-02
-1.000081512083274893e+00
2.221617534720554121e-01
1.702901397908104450e-02
1.846779777697125924e-01
3.715076935333709862e-01
9.435133605729618955e-02
-9.999305401252590597e-01
1.943060730900620092e-01
9.142605661105585035e-02
3.709356039010498485e-01
3.891827545719009906e-01
-3.771458551778879009e-01
-8.046810749310043809e-01
-9.999379777854775497e-01
3.959085489489457821e-01
-3.174885642736299252e-01
-6.001451017055793313e-01
-3.160397641457987072e-01
9.994620145967837710e-02
-9.999386669780130354e-01
-7.958898096855417936e-01
-7.971202665055238112e-01
-9.999319297133721918e-01
4.416245321371358584e-02
9.999830145206775045e-01
-9.999402762265874323e-01
9.999422920034839457e-01
4.001906633358351395e-01
-6.001781411632552965e-01
9.997045346757311712e-01
-8.148434511863766883e-01
-2.707609427410181957e-01
1.001199827331375192e-01
-3.287740819225472011e-01
3.853951279799905927e-01
1.000667351250509457e-01
9.989342991002392314e-02
9.987314164303043307e-02
2.003280456824334255e-01
-1.000143586489441905e+00
-7.984860594027390901e-01
4.100316310318192214e-01
4.030794868356525895e-01
-2.888346295765827909e-01
-1.000089714723024992e+00
-7.916222062971109974e-01
3.897635679659259278e-01
-7.610045334261056338e-02
-1.000073530368127406e+00
-3.808727381206558626e-02
4.000847144101596919e-01
-9.999775372022859932e-01
-2.206473634615364610e-01
-1.000033406756193122e+00
1.001706728668173979e-01
-1.000022461983699928e+00
2.650319850928212206e-02
-7.908232457791305459e-01
4.082911224740252143e-01
-5.998661064951742450e-01
-3.451308796342883456e-01
9.990735639170839066e-02
3.454365702684378259e-02
2.071426615010559247e-01
1.001354367467091749e-01
1.861596926592813950e-01
9.999951618868532233e-01
-9.865098968242631827e-02
-8.028348499230852919e-01
4.011621104282653283e-01
4.160298518167723780e-01
2.068498705197405196e-01
2.203744775398818745e-01
1.000024872667640397e+00
4.092879565414770937e-01
-1.000130290175587300e+00
-5.999072364512116895e-01
-1.000006922419187871e+00
2.782364307938890377e-03
-1.000054026827716713e+00
9.993953209641895374e-02
9.998801383241047447e-02
-6.000810664850304565e-01
7.534138433290876735e-02
-8.027872411325196467e-01
-7.951723143132169991e-01
-2.211420629848578345e-01
4.025897023702534328e-01
-3.017760618356339908e-01
3.982616545374100814e-01
-8.008161578302416261e-01
-3.218871697364408813e-01
1.001226599680725693e-01
9.995595194966114261e-02
1.000122192031865920e+00
2.842742141162409031e-02
4.075368062469716390e-01
9.988878067210686662e-02
-2.842871227541140522e-01
2.000775476822128918e-01
-2.609788071085441530e-01
-6.000292861616668416e-01
1.000123241802828300e+00
3.913644614319930493e-01
1.895953024395391484e-01
1.001673196655105263e-01
9.999305000325885429e-01
-1.000042446601141055e+00
3.980443585027577114e-01
1.000025790279531535e+00
3.896850396763272273e-01
9.998709210015370441e-02
3.849039806722509560e-01
-6.000469137773787320e-01
4.049535420848058287e-01
-2.564928157787164653e-01
3.949963358422598492e-01
9.997690614157913602e-01
9.999961779267642070e-01
1.001343575508251149e-01
2.057747515815282202e-01
3.949434536559837672e-01
-7.994201560576987831e-01
1.000187302840081643e-01
9.998122657038338579e-01
9.999989040082164493e-01
-9.999501523922370572e-01
-5.997596028111606969e-01
4.030940651020882837e-01
-3.642510804438103128e-02
3.957352746747506145e-01
9.990405833772342259e-02
4.128500348810636433e-01
1.453456141936602247e-02
-3.383829284327329878e-01
-6.000013839136419946e-01
1.899096803294622049e-01
1.000065106516919489e+00
-1.000060515285212004e+00
-7.986938401760528272e-01
9.999620005611749018e-01
4.012459441329622178e-01
-5.998428483869728822e-01
1.001930986681344310e-01
-5.168681403047625106e-02
-3.220907858393257106e-01
-7.739425684466091360e-01
1.931103455072768760e-01
1.000438619874457202e-01
1.000066101060252288e+00
1.976414532250158895e-01
1.927991799852104282e-01
-3.362420007944875722e-01
-1.000024433711407923e+00
3.771597726933149236e-02
4.112438849588386791e-01
-7.981044566374437821e-01
1.879565500810183865e-01
1.000096140734917372e+00
-7.903070007673996811e-01
-5.999477990442867448e-01
-9.999915133901315922e-01
-3.737021130539944919e-02
-2.041697172588635145e-01
-6.000093381401591097e-01
1.101674703227550553e-02
2.138940756442917479e-01
-9.998022618743108714e-01
1.000154578684018247e+00
-7.778865520815620993e-01
4.062988551067912568e-01
-3.413342009688437595e-01
1.000012697014997176e+00
-1.000070687291327198e+00
-8.217283478651227213e-02
2.040250729355820858e-01
9.995665260087767401e-02
-7.972578699060067775e-01
-2.321306981043058659e-01
-1.361703372730518891e-02
-2.776743300408894277e-01
2.143313280672461962e-01
9.979112495958846960e-03
-5.998468614360974449e-01
-6.000489344843933370e-01
4.206011005932904223e-01
9.999972142776378803e-01
9.984127058345716732e-02
-3.799833277680284005e-01
2.060143646260356454e-01
1.000536293913708991e-01
1.001190528386596001e-01
-7.865218342739408453e-01
-5.998657226225269090e-01
-5.999766461898708991e-01
1.000287368588714365e+00
-6.002190615237690263e-01
-5.998640737998669481e-01
1.000090902730446096e+00
2.035309278946384193e-01
-8.117550564212507869e-01
3.938961065988568211e-01
1.428646348165108215e-01
1.813348809167404929e-01
-7.998832214952763531e-01
-9.999631240062597515e-01
-8.062278319699790474e-01
-9.998059575067128613e-01
9.999736525914744156e-01
1.000052045570011039e+00
-8.080991763228079217e-01
-3.476750359896563780e-01
5.417182385028026376e-03
-8.029840522065889719e-01
9.999731563861045114e-01
-6.000565661374404058e-01
1.000389030015043923e-01
-9.997338217319333697e-01
4.131155275507965019e-01
2.031612588686353693e-01
1.000085591157394260e+00
-5.999573059496167149e-01
-6.000167723106800688e-01
-1.980170833899155269e-01
9.999947215317688265e-01
1.000105593130783815e-01
1.000086777766541868e+00
1.000073149522659133e+00
-1.000028691484225130e+00
4.020053943418728792e-01
1.000073197308407186e-01
3.862004614525623714e-01
1.000836928285809280e-01
-1.834863081098560625e-02
-3.909750934706478220e-02
1.908894025420256602e-01
4.108078271106635482e-01
-8.086441595086734102e-01
-6.000984850896455836e-01
4.035590718136873312e-01
1.000133860979087297e+00
3.523960358229435291e-02
-8.160274825401572230e-01
3.901095842245297374e-01
2.479447879913523889e-02
2.048911843359903784e-01
-1.000023859628062617e+00
-3.388129674670186109e-01
3.961540769647820537e-01
2.007621269983776435e-01
1.381155630293682927e-02
9.999755426414166370e-01
9.999620658287917685e-01
1.000017973756680334e+00
9.989429101521529741e-02
-1.021790033109660351e-02
-1.000006249216209619e+00
-1.969655216887215288e-01
-2.905571853857867315e-01
9.999958866248190859e-01
-8.179692763236682262e-01
-7.936549528221815697e-01
-6.001124383637551629e-01
-2.613141031009074688e-01
-9.997894855476512355e-01
2.082581553070673996e-01
9.996694874082527604e-02
-5.999387101828924651e-01
-5.993998132142569490e-02
9.998921627783859956e-01
2.161760511388642059e-01
2.009546542081195875e-01
-4.236004977835527291e-02
-3.475943467489384098e-01
-2.352831394445101254e-01
-2.798737678560664355e-01
4.072017609151828976e-01
-2.442312063538391309e-01
9.999762475252890193e-01
9.999267433362348800e-01
-2.005604730146463496e-02
2.138582874412562618e-01
2.036355338935819381e-01
3.462486160122155154e-02
-2.752521548166343979e-01
-5.997611007549027429e-01
-1.000086772806833668e+00
2.089222049760854627e-01
1.834369275747079961e-02
