-5.999315171412772374e-01
-5.999929860955727223e-01
1.000049567409637907e+00
2.525004104151708229e-02
-1.000032829521318556e+00
-7.944606273231810123e-01
-5.999890274841228610e-01
1.019250272984702499e-01
-7.992406556184875610e-01
-2.934982017243132346e-01
1.000015040831140761e-01
-9.999496123099910205e-01
1.981378453377357352e-01
-2.996206430765991496e-02
2.214422999325926789e-01
3.823744556633843494e-01
-5.645364516875629735e-02
-9.999947362273887697e-01
2.042332335391729703e-01
1.748540600313060536e-02
4.200773326657355478e-01
3.907589353832661150e-01
-3.069210519904381207e-01
-8.073135264731908789e-01
-1.000170590431209483e+00
4.072287715617530224e-01
-3.014043030397807743e-01
-6.000237094876763599e-01
-2.773750283733805722e-01
9.978865678618398238e-02
-9.999092676849538064e-01
-7.861460135194052734e-01
-7.893570585149332075e-01
-1.000010363570046579e+00
1.862821055784185872e-02
9.999210357444884290e-01
-9.999208458878819927e-01
9.999403357682087323e-01
3.950402646731522305e-01
-6.000941028595588866e-01
1.000011092493275022e+00
-8.020935726317031111e-01
-3.109582725283911442e-01
9.990364056073856858e-02
-3.036945310593507363e-01
4.138674030184977815e-01
1.000796636942943990e-01
1.000321290877752567e-01
9.999429111136631798e-02
1.953545024187059720e-01
-9.999889572349627276e-01
-8.175550766472600150e-01
3.905387438384954057e-01
4.004922457729113150e-01
-3.557950253124032569e-01
-1.000016323660769757e+00
-8.013869083226742296e-01
3.847037349676276641e-01
8.810726669639390440e-02
-9.998756037612636094e-01
6.076955098023974558e-03
3.814274592653902340e-01
-1.000183481901731231e+00
-2.475064325380259000e-01
-1.000135158209250141e+00
9.993009562020946368e-02
-9.999241554674116461e-01
1.239879072615966520e-02
-8.023223099804591696e-01
3.987297155320899678e-01
-5.999776420702308544e-01
-2.776050825131065047e-01
1.001018574971863778e-01
-3.630802438276389127e-02
1.869475405607498031e-01
1.000645313005963238e-01
1.976731909000225829e-01
1.000108988284126310e+00
9.934280079228276217e-02
-7.939342292869558948e-01
4.008905942056905092e-01
4.095210147786355059e-01
2.109992125922051931e-01
1.930315764449498650e-01
9.999707346599475688e-01
3.884581352093358086e-01
-9.998811511845643318e-01
-6.000685768786135910e-01
-1.000023216604446930e+00
-2.662967759313356747e-02
-1.000046727197088980e+00
9.980197885391180190e-02
9.995174720942985591e-02
-5.999834784718515168e-01
-5.216933713027980396e-02
-7.799343063137365029e-01
-8.035267016002571872e-01
-2.951093422152423762e-01
4.109748808102617890e-01
-2.116267220949733519e-01
3.975357956314142793e-01
-7.899264625142207175e-01
-3.562326312109946325e-01
1.001181446370390526e-01
1.000904511892353466e-01
1.000016857201483811e+00
7.792816792030007877e-02
3.994114325169985658e-01
9.995844018901713091e-02
-2.975290804394994937e-01
1.924130961203248114e-01
-2.847435528595623766e-01
-6.001231744513818578e-01
1.000146786608342886e+00
3.981866751467799115e-01
2.031530026604831396e-01
9.986232185721688470e-02
1.000024583085290963e+00
-1.000113330462125916e+00
4.118727379003584432e-01
1.000020449947100376e+00
3.948714570606220442e-01
9.985906908020895922e-02
3.829225007655689406e-01
-5.998076319507157361e-01
4.156726960064744403e-01
-3.204948227426667184e-01
3.882379045755902092e-01
9.999112220788904937e-01
9.999903104039762347e-01
9.994674427998848087e-02
1.921399804901756103e-01
3.891245258689969289e-01
-8.128027228439386187e-01
9.998770652774449652e-02
9.999728995427897837e-01
1.000219228886914280e+00
-1.000072392187668191e+00
-5.999139263506070296e-01
4.174447030982495477e-01
-4.430039872701477949e-02
3.939188832607735669e-01
1.000604766637504389e-01
3.884277569549088316e-01
-1.194462272464001801e-01
-3.151420690603771169e-01
-5.998821323955779716e-01
2.017875322758122814e-01
1.000041876662302487e+00
-9.998401299346103555e-01
-7.924593339395226144e-01
1.000113851490191275e+00
4.091181074285036856e-01
-6.000121649019924952e-01
9.982764275999667092e-02
-3.332866614210981682e-02
-2.868099856557886906e-01
-7.941296402780829711e-01
2.085985878063276178e-01
9.996547036609086667e-02
9.999144417465741785e-01
2.076292177230617819e-01
2.113113088934910622e-01
-3.679084654377022812e-01
-1.000103875435619738e+00
-3.382577980483359587e-02
4.096858867928436787e-01
-8.080939583419596284e-01
1.970727956228969791e-01
9.998558177869090180e-01
-7.921424707860693637e-01
-6.001436275600543491e-01
-9.999116255051185842e-01
2.306027037315382111e-02
-2.932639680776596425e-01
-6.001053795285948844e-01
5.833022166041355178e-02
2.081445998933108554e-01
-9.998312714391772715e-01
9.999570884705051288e-01
-7.935120990501349780e-01
4.132788274676682527e-01
-3.047748429164365280e-01
1.000136610593536979e+00
-1.000154891532675006e+00
8.079227609968505849e-03
2.062945025204268312e-01
9.985945559452806541e-02
-8.009493384754994283e-01
-2.997251216411944696e-01
3.213691979992033126e-02
-3.432008787801290595e-01
1.954577780046372337e-01
3.760651842210235851e-02
-5.998298789269855824e-01
-6.000830309308549104e-01
4.034633528240632594e-01
1.000038179590573062e+00
9.994773189094564858e-02
-4.010516532013546076e-01
1.952952042459285553e-01
1.000974108741474744e-01
9.993677538380615899e-02
-8.247661852639676106e-01
-5.999707244153146268e-01
-6.000770755851583260e-01
1.000006527018094893e+00
-6.000019668131394424e-01
-6.000875499526039381e-01
1.000078294902930542e+00
1.973926384402960865e-01
-8.000793401918812053e-01
3.975238485083558149e-01
3.828280826204619181e-02
1.953232663011813530e-01
-7.962030109700173330e-01
-1.000052337450246354e+00
-8.038443845520197861e-01
-9.998848220481830751e-01
1.000157611844670225e+00
9.999463491444667840e-01
-8.000257226114521059e-01
-3.918038708757147215e-01
-3.461415008638104446e-02
-8.037414159125803037e-01
9.998895187882589353e-01
-6.001298571370947688e-01
9.991327733453075899e-02
-1.000097048143347989e+00
4.045072219021212945e-01
1.842033858312491779e-01
1.000084651225638499e+00
-6.001287655318838787e-01
-5.998255424848850659e-01
-2.155964912792664445e-01
9.998382025083540903e-01
9.997412358524147835e-02
9.999766638320379819e-01
1.000053854136000453e+00
-1.000005130255487318e+00
3.923685577978428540e-01
1.001731491758545561e-01
3.981596696541202518e-01
1.000689370664670785e-01
-4.317105986582165517e-02
-5.642076330264086254e-03
1.859932378090961014e-01
4.065156409895003820e-01
-8.063494726980303673e-01
-6.000071605964611976e-01
4.232668481285666862e-01
9.999342125355595856e-01
-4.924988825699645745e-02
-8.068605648464296509e-01
4.138943161631460921e-01
-7.988583680396581232e-02
1.889655714341945403e-01
-9.999792686190562829e-01
-2.344201129481852108e-01
4.046698777915483936e-01
2.168630769341528541e-01
-5.354101628770707721e-02
9.999423594219535305e-01
9.998858146051547990e-01
1.000093788760720859e+00
1.000980195828262281e-01
7.551844813734984174e-02
-1.000045026239104518e+00
-2.485899301633477942e-01
-3.371500189716224449e-01
9.999762536887052411e-01
-7.835134818014195535e-01
-8.028507330558785071e-01
-5.999080541375862996e-01
-2.971372405460513400e-01
-1.000070400614991417e+00
1.944765861257249095e-01
9.980208046028889168e-02
-5.999829008069534897e-01
3.307090896095223054e-02
1.000065309398351587e+00
2.126395505798671093e-01
1.897691502395139063e-01
-6.053899373467798960e-03
-3.361345808631789889e-01
-3.010103646934592647e-01
-2.709750887255058527e-01
3.991717399150351286e-01
-3.008654963287445416e-01
9.997580455095700369e-01
9.999160033551531823e-01
-3.077559177843776708e-02
2.178119235607811344e-01
1.877589769778002793e-01
6.446168763334858554e-02
-2.834980833873951278e-01
-5.999672468064930486e-01
-1.000241804060211237e+00
2.013917102724171460e-01
1.272805602898559318e-02
