-6.000072917566519060e-01
-5.998847193582457216e-01
1.000147827742830176e+00
2.473584065433636139e-02
-1.000089776028948441e+00
-8.025373657632233204e-01
-6.001481986837291505e-01
4.010574948369626663e-02
-7.911221992020286420e-01
-1.956263382487268832e-01
1.002189990145989223e-01
-9.998924815328743554e-01
1.928383924624269552e-01
-5.677073323325974169e-02
1.937871364701400645e-01
4.093480694402226727e-01
2.009260495090503529e-02
-9.998527403626650267e-01
1.859888441136176851e-01
-2.318734063545449097e-03
3.981759767823508378e-01
4.000528409991190304e-01
-3.416709283362918126e-01
-8.020419514183695364e-01
-9.999905747462236594e-01
3.945815483811318525e-01
-3.146831724886953174e-01
-5.999567123510266553e-01
-2.390795472827503820e-01
9.997356978317155363e-02
-1.000121090557788195e+00
-8.022026822619933162e-01
-7.983217801435888994e-01
-9.998874286889881668e-01
-6.213558109477185232e-02
9.999048966744157330e-01
-1.000007470212889604e+00
1.000040858198637528e+00
3.926121741418605038e-01
-6.000107310699310803e-01
1.000070724019551660e+00
-7.858198097237198976e-01
-1.905800220374390674e-01
9.989328869237661113e-02
-2.481215189938045240e-01
3.855703676661050294e-01
9.986793434823444671e-02
1.000028149249012205e-01
1.000245671227231598e-01
1.949314474229102423e-01
-1.000058320517698052e+00
-8.035296655958924505e-01
3.940963221071074329e-01
3.935501365363341941e-01
-3.031679526232446409e-01
-9.999142667972933385e-01
-8.065769798394802903e-01
3.997553683018911785e-01
-6.781437640280738033e-02
-9.999400323382879874e-01
-7.599869585573396612e-03
3.938613132622442170e-01
-1.000088867636210743e+00
-2.513371684937763528e-01
-9.998007974012821375e-01
1.001639450064167325e-01
-9.999923839238398227e-01
-4.788221818116723122e-02
-8.158687244322432308e-01
4.092829242561348835e-01
-6.001240805601369965e-01
-3.074730641940502385e-01
9.996440282413485146e-02
-6.423301075231044321e-02
1.940892105126263145e-01
9.991705668214986846e-02
2.139504087987839365e-01
9.999050036959967747e-01
-1.161234992666494714e-02
-7.989998967792019124e-01
4.119020805643250904e-01
3.963991792924526081e-01
2.145794940284814212e-01
1.893642879875045149e-01
1.000104147746685657e+00
4.050629663205829178e-01
-9.998499810863643589e-01
-6.001652647627517823e-01
-1.000152446330273781e+00
-1.208552434870893005e-02
-9.999106178724722627e-01
9.997573046140466324e-02
1.000534261040656736e-01
-6.001470788475647966e-01
1.154828685233924741e-02
-8.006128267832746115e-01
-8.011417967914717941e-01
-2.139923926753732886e-01
4.062557466955490360e-01
-1.456149751085126232e-01
3.936669668912182174e-01
-8.117331781383236855e-01
-2.443706969668773266e-01
1.001149493849022715e-01
9.978352264951567685e-02
9.999111709842039009e-01
-4.564514380126671184e-02
3.972636612155528990e-01
9.981338304194267708e-02
-2.987768540722357535e-01
1.856158862525557895e-01
-3.626936118448332858e-01
-6.003491370228120072e-01
1.000067944654709828e+00
3.872202731393527553e-01
1.963171207420129905e-01
9.998109812618038994e-02
1.000004997413314722e+00
-1.000255906713818810e+00
4.170577642572803057e-01
1.000122366935865204e+00
3.938308495205577464e-01
9.997467136680163180e-02
4.056042254605807251e-01
-5.999209370462423863e-01
3.878606289087885850e-01
-3.294344344163253613e-01
3.866611792136451231e-01
1.000024173011275996e+00
9.999089330893008443e-01
1.000023550264432237e-01
1.950182923568064830e-01
3.939762829930126831e-01
-7.951531309061162789e-01
1.000040763429426854e-01
1.000043709533218639e+00
1.000137371987412704e+00
-1.000161130799976927e+00
-5.999548594791858092e-01
3.837844073831898628e-01
-4.866277055536658708e-02
4.090122658989380766e-01
9.994153619947186706e-02
4.025271644017588413e-01
-2.652319938118239545e-02
-1.698703230307060663e-01
-6.000274865078901732e-01
2.065629071762338786e-01
1.000053774344216384e+00
-9.999390277323065845e-01
-7.917148451184803370e-01
9.999934293138585950e-01
3.986270581832135340e-01
-6.000389097054690257e-01
9.984579890819475501e-02
4.604239304038158093e-02
-2.669672906622381214e-01
-8.009325971161109781e-01
2.009869718885416712e-01
9.987398391241820994e-02
1.000097075785012501e+00
2.107127511552563115e-01
1.966427226126950811e-01
-2.459988132989354703e-01
-9.997709998545573074e-01
1.125431854569222852e-02
4.064157615345728725e-01
-8.144022519622458045e-01
1.892592429122663122e-01
1.000015521357927151e+00
-8.141285056348535054e-01
-6.000170916251944542e-01
-1.000068522666055948e+00
1.692761005412222325e-02
-3.186698610192106873e-01
-6.001158641404743532e-01
-8.416081820497444896e-03
2.104789505133553840e-01
-1.000049882475421370e+00
1.000097043804609953e+00
-7.839537159136101829e-01
3.985956693589107203e-01
-4.214201445677913105e-01
9.998963650817247473e-01
-9.998646410170617393e-01
-3.068945837296023493e-02
2.181489898324174559e-01
9.993934772637881603e-02
-7.973854888609800406e-01
-3.411235077111972602e-01
-3.881313120278823310e-03
-2.627162249169945896e-01
2.096461229778493474e-01
1.022040542261800494e-02
-6.001175025086167292e-01
-6.000764036386255773e-01
4.041828782550175303e-01
1.000134038825931215e+00
1.000315208198168382e-01
-3.370865575605141995e-01
2.054426730883629204e-01
9.995796475541698922e-02
1.000272327741096035e-01
-8.065526295889420272e-01
-5.999714359160446264e-01
-5.999988046299202793e-01
1.000029904663825686e+00
-6.000413476748354125e-01
-6.000856392358215885e-01
1.000029773771009323e+00
2.048218198526495504e-01
-7.869334126742373314e-01
4.053041142255618956e-01
9.276283209599235288e-03
2.182244676162922448e-01
-7.918853710037765392e-01
-1.000106277843710423e+00
-8.011730469180455838e-01
-9.999427465489821865e-01
9.999224322391355724e-01
9.998707619556772563e-01
-7.967422830873375217e-01
-3.089764731853087976e-01
5.451329639718428821e-02
-7.968809399138570004e-01
9.999775987429210256e-01
-5.997560010239916251e-01
9.991982868698959241e-02
-9.998754547355606093e-01
4.062481717960008121e-01
2.031775731855511580e-01
9.998043169773104255e-01
-6.000015935270601730e-01
-5.999823705144117225e-01
-3.050571790455149368e-01
9.997669063274374768e-01
1.001015526791385474e-01
1.000129263968076776e+00
9.999107863949784347e-01
-1.000053526358106737e+00
3.962193121133364970e-01
9.993885186330328518e-02
4.206492492292260299e-01
1.000323057257370279e-01
-4.772380678059911369e-02
8.570231291715812993e-02
2.038631919473461174e-01
4.139501207327574983e-01
-8.046332871053549773e-01
-5.999904788028669333e-01
4.019530508698334614e-01
1.000008199771292627e+00
-7.135028938057609744e-03
-7.974243287161281168e-01
4.009800270291411506e-01
8.568765053091317863e-02
1.934257787544943763e-01
-1.000034182894570911e+00
-3.197802828618089288e-01
3.970563068014835162e-01
2.021612081741247235e-01
2.070862236632823455e-02
9.999423741501634044e-01
9.999767884914578797e-01
9.998887925285262490e-01
9.981194027444695305e-02
6.563720518997731568e-02
-1.000031230351815070e+00
-3.090002025299203314e-01
-2.995341125965300666e-01
9.998627438699922987e-01
-7.922552004675454951e-01
-8.128933739989823160e-01
-6.001591097289856735e-01
-3.505852069823969797e-01
-1.000012755641381146e+00
1.994806491850285857e-01
1.001225835881139892e-01
-6.000624909481744318e-01
-7.565299314639807593e-02
9.998940647953240557e-01
1.991134121820417324e-01
1.971352801995099324e-01
8.197385176648142036e-02
-2.435703254844518995e-01
-3.103910360860642204e-01
-2.579005620995861725e-01
3.906823209165773969e-01
-2.728918664954583795e-01
9.999798377807946892e-01
9.996393308994078186e-01
-2.665910175981217600e-02
1.941654793668059764e-01
2.014878824746629826e-01
-1.691308072144960539e-02
-2.593412332282289956e-01
-5.999832571365286693e-01
-1.000078640051402346e+00
2.256602270048917724e-01
5.653208613580019753e-04
