-6.000588182838051399e-01
-5.998970737334350378e-01
1.000139717846490806e+00
5.690169920079020047e-03
-1.000088063322263299e+00
-8.100472873208404145e-01
-5.999891247650906978e-01
7.905677001901025014e-02
-8.150865405361048532e-01
-3.253683820799760928e-01
9.999589249303675320e-02
-1.000027125119808957e+00
1.865773534793577770e-01
-3.939737932053286040e-02
2.019298676151358440e-01
4.074912102136493686e-01
-9.661157113051109524e-02
-9.999992796167895825e-01
1.989423661981045977e-01
-5.019429633826433257e-02
4.074058386292051526e-01
3.852069851592467842e-01
-3.138577780195704880e-01
-7.986309339424361164e-01
-9.997997536334092272e-01
4.164758607568432303e-01
-3.344649281972118526e-01
-5.999463428613264204e-01
-1.903819522444435419e-01
1.000193307564338635e-01
-1.000069479248859361e+00
-7.975703341218519649e-01
-7.950438683772391713e-01
-1.000022478757925271e+00
1.422747740052935084e-01
9.998424484929014922e-01
-1.000028924517081474e+00
9.998833575236479865e-01
4.059457015655656975e-01
-6.001373358065028585e-01
9.998967056750979188e-01
-8.163242384380449135e-01
-3.243068316251956351e-01
1.000392459644761645e-01
-2.594847034156950172e-01
3.999737192328468027e-01
1.000939418408725440e-01
9.998505976169821952e-02
9.991935659535855496e-02
1.842020577076335652e-01
-1.000078496394900540e+00
-8.013082502202492075e-01
4.012160990901874058e-01
3.972694633100818384e-01
-2.859149167570246841e-01
-9.999377165199883066e-01
-7.988732573595365150e-01
4.109725645358169310e-01
-3.002906963758452188e-02
-1.000264614282591946e+00
-3.020316540956879611e-02
3.786731607587909276e-01
-1.000166959486474161e+00
-3.208728015360176600e-01
-9.999177568000303662e-01
1.000592153061031497e-01
-9.997951710383505830e-01
-3.472936641276407055e-02
-7.993955865589433829e-01
4.043135510724676362e-01
-6.000766775093954175e-01
-3.422597450482496861e-01
9.997969753702780349e-02
-1.063966030049632167e-01
2.058916798425562966e-01
1.000745224524884625e-01
1.892303931986631660e-01
1.000176041747654399e+00
8.573223630753603469e-03
-8.067384600860544319e-01
3.895920209383348376e-01
3.981929815141777573e-01
2.017250255394353875e-01
2.031531529726063601e-01
9.998411903878019480e-01
4.128929191098672513e-01
-1.000141904105704915e+00
-5.998738049989400523e-01
-9.999887772829232357e-01
1.536727057003259983e-02
-1.000045586516742357e+00
9.978559791535566992e-02
1.001281872489966640e-01
-6.000801892684126670e-01
1.216251146140932271e-01
-7.854772376753644814e-01
-7.877292049423938458e-01
-2.798730756068655290e-01
4.011882900530300278e-01
-2.442525636361224384e-01
3.967451038811876107e-01
-8.064940134885610901e-01
-2.465541798613158919e-01
9.983985530748483439e-02
1.001240314892002936e-01
1.000154825162839156e+00
-1.121932770004467339e-01
4.086831002998524975e-01
9.978819936504587651e-02
-2.717064417750827410e-01
2.020668441084017553e-01
-3.101577045639241637e-01
-5.999540768906828081e-01
1.000143193219468207e+00
4.032657020460295172e-01
1.910881363183565551e-01
9.999340667862254006e-02
9.998660119694280368e-01
-1.000122394325055009e+00
4.028377474185197427e-01
1.000129606145502725e+00
4.111078955206873831e-01
1.000673147340447183e-01
3.969117188591349543e-01
-5.998999494520124154e-01
4.010187727759731424e-01
-2.097749005791632315e-01
4.050890411235865129e-01
1.000012065404388251e+00
1.000018137908653015e+00
9.992174629137950959e-02
2.014299374826868660e-01
3.903355485855894980e-01
-7.928561679511609839e-01
9.991326509933497191e-02
9.999555393895983579e-01
9.999047520749972939e-01
-9.999411155881040569e-01
-5.998092159244140520e-01
4.191526205730675136e-01
3.661999716696420076e-02
4.235036906029284731e-01
9.993510801363490736e-02
3.867169785400243476e-01
4.927778361330314993e-02
-3.447714742079056593e-01
-5.999565529918344797e-01
1.769071656447460394e-01
9.999288866358562178e-01
-1.000053340586029016e+00
-8.100411676014666051e-01
1.000025700410404284e+00
4.119839213575825498e-01
-5.999869000128538188e-01
1.001826144429650844e-01
-9.035196425881930615e-02
-2.618187080798475841e-01
-7.978508837640018170e-01
1.863801581110248740e-01
1.001177915858225825e-01
9.999718396000950582e-01
1.884003657409182853e-01
1.998105124228229668e-01
-2.371749245633993364e-01
-9.997898686836299564e-01
-3.661995808488132526e-02
3.967360946112596931e-01
-7.964384106559039278e-01
1.957906914244776919e-01
9.998628866285842465e-01
-7.895054680684669979e-01
-5.999801428696207584e-01
-9.999617141229464323e-01
6.496802264831912088e-02
-2.594705071038148070e-01
-5.999217371546905486e-01
2.092579240470520546e-02
2.026082776724854873e-01
-9.999414502083632250e-01
9.999312630977238436e-01
-8.231826403845694529e-01
3.937653009346502864e-01
-4.034759657172352076e-01
1.000196091587052916e+00
-9.998125915219023829e-01
2.636330700296338897e-02
1.894841217927630272e-01
9.990481981757061425e-02
-8.037513435057871414e-01
-3.461278380546681799e-01
3.941389430499522145e-02
-3.062138502109452154e-01
1.965910507351171510e-01
-4.273768503726622925e-02
-5.998960327190284714e-01
-5.998760310194780621e-01
4.059755319527705297e-01
9.999251007403657798e-01
1.000710426551842946e-01
-2.902950704529624892e-01
2.049430906672785324e-01
9.992434828320125029e-02
1.000189125890880992e-01
-8.120117506470422297e-01
-6.001227845638322789e-01
-6.000186511672420675e-01
1.000099910901270706e+00
-6.000173152885042160e-01
-5.999248567004225041e-01
9.998416670928729211e-01
2.007353999316479898e-01
-7.963872145061502428e-01
3.838509178138791444e-01
3.011454826970573831e-02
2.096322946818202637e-01
-8.051125355347931167e-01
-1.000010072152057505e+00
-7.990499923690721484e-01
-1.000027137146557221e+00
1.000183187379689809e+00
1.000053059921339083e+00
-7.992071873895149059e-01
-3.350160255667810061e-01
3.742521054165225819e-02
-7.962299602474880444e-01
9.998284607615050001e-01
-5.999256953715383922e-01
1.001003603514553919e-01
-1.000150453046730004e+00
4.183521762432740321e-01
1.767658479685271511e-01
9.999776488012890319e-01
-6.000013114870889064e-01
-6.000352627237437453e-01
-2.502058308194281544e-01
9.998532614981022748e-01
1.000134073769019250e-01
1.000047807696885060e+00
1.000070991555337407e+00
-1.000072702572466721e+00
4.124805762074993387e-01
1.000643338437787605e-01
3.762518620765329391e-01
9.981398052175212421e-02
-5.333411544805696791e-02
6.233901635683078424e-02
1.885474495463386468e-01
4.090037153708979134e-01
-8.006079449102709855e-01
-5.999535125800383728e-01
3.971416306073783931e-01
9.999454157753812078e-01
-2.878867985183745232e-02
-8.017805910317025164e-01
4.079148407992470582e-01
-2.736671106803430990e-04
2.024559081883143818e-01
-1.000159575898682540e+00
-2.645361234024970476e-01
3.933246162598572626e-01
2.031087700783902883e-01
4.814563939714092827e-02
1.000053468177248606e+00
9.999890168353056108e-01
1.000051504275831338e+00
9.996889949113564600e-02
-4.809826421367199845e-02
-9.999459142560997993e-01
-3.324057931945231803e-01
-3.386453383563879926e-01
1.000085637885323564e+00
-7.895568053350958682e-01
-7.957318748762064464e-01
-5.999150658942643544e-01
-3.553373992046567897e-01
-1.000019256758367892e+00
1.943044923330177476e-01
9.984852248177038259e-02
-6.000102890024447966e-01
2.608025406339922747e-02
9.999718382262051675e-01
1.896668752478963826e-01
1.962837198361212510e-01
-6.768978408713612060e-02
-2.244815545587592887e-01
-2.187727128605134463e-01
-3.429953851959636757e-01
3.927084279179758330e-01
-3.606782559539299937e-01
9.998312466783957353e-01
9.998943807139780704e-01
-2.436859971491512136e-02
2.075473371739145201e-01
1.971059787204332558e-01
4.457610925099051574e-02
-2.862935524633594131e-01
-6.000511656295006713e-01
-1.000004240597044625e+00
1.876430247813959118e-01
2.935707266973906771e-02
