-6.001827006485901395e-01
-6.001287758542350748e-01
1.000074715668099135e+00
-7.314280408689649571e-02
-9.997731713433806178e-01
-7.995041202585357887e-01
-6.001621274647453985e-01
-9.592430852039798839e-02
-7.906424296277198005e-01
-2.340150888543010566e-01
9.990582549301145476e-02
-9.999159411491738148e-01
2.011283022924722497e-01
-1.856434271393619939e-02
1.973567811081353429e-01
3.872059057259523152e-01
7.967446658181651098e-03
-9.999573539763565444e-01
2.055871342843142713e-01
-7.115942214313805692e-02
4.017736756978710355e-01
3.965825333127585561e-01
-2.681439637645758323e-01
-8.019079116966602028e-01
-1.000222023589258047e+00
4.152884745413930601e-01
-2.508100474542552805e-01
-6.000699037739982700e-01
-3.675252038545249178e-01
1.000592757035442398e-01
-1.000040322550900695e+00
-7.828015332158888562e-01
-7.936586233532705315e-01
-9.999600660868031010e-01
4.868124120175483516e-02
1.000196730255067834e+00
-1.000043936743537643e+00
1.000083148121964749e+00
3.915626870780695157e-01
-6.000738989961807990e-01
9.999021733443042015e-01
-8.114532441180688505e-01
-2.982189355520356022e-01
9.997320471290618848e-02
-3.056120355737803607e-01
4.020624907009754945e-01
9.990457006835880283e-02
9.991361184611070867e-02
9.994821387895568010e-02
1.830409275529696900e-01
-9.999074982398918898e-01
-8.003163444898619971e-01
4.207777217852015639e-01
4.146033707107441568e-01
-2.529353625540284312e-01
-9.999589893440010702e-01
-7.969831245480056836e-01
4.071231092732136014e-01
-2.772790957267948220e-02
-9.999721383330245628e-01
6.450166706959038765e-02
3.918908369946463299e-01
-1.000139643088284069e+00
-2.423281449580792501e-01
-9.999318340170856301e-01
1.000274461814216614e-01
-9.997489589602841509e-01
-6.776428350601451656e-03
-7.969261456469771687e-01
3.990280681421077280e-01
-6.000792210009152639e-01
-3.400615732495711474e-01
9.967013446002565003e-02
-1.874639046292513045e-02
1.989179928125791030e-01
1.000061060582201761e-01
2.081563857281778784e-01
1.000071810406477191e+00
-3.799577581044618485e-02
-7.954012604172806533e-01
3.979637794371542747e-01
3.824949917603422955e-01
2.150682217451322376e-01
2.199907217311256047e-01
9.998669703921589935e-01
3.962902746470924331e-01
-1.000085608703137119e+00
-6.000782412677607702e-01
-1.000026629733449912e+00
2.572547517371329834e-02
-1.000079693518434176e+00
9.991094828381567872e-02
1.000930220017740013e-01
-5.998518174563105543e-01
5.663775717925563502e-02
-7.969919340051142553e-01
-8.069516995312053798e-01
-2.922477707491563659e-01
3.979363156169528626e-01
-2.269866570361691593e-01
3.991176859046386971e-01
-7.978980113932271356e-01
-2.504686607275972698e-01
1.000053836932347784e-01
9.987281984502678622e-02
9.997738858204067158e-01
-3.604500002817608711e-02
3.855946932298325303e-01
9.996413404924356372e-02
-2.750970705323507182e-01
1.904516043639607747e-01
-2.980404431925340325e-01
-5.998203559766767112e-01
1.000003074416776272e+00
4.194420904215535040e-01
1.984503496598971906e-01
1.000475179005418519e-01
9.997886042664569928e-01
-9.998856934239718219e-01
3.757268625938653406e-01
9.999827199425305180e-01
4.095315254367437596e-01
1.001076352574037098e-01
3.917974336971642990e-01
-6.000525318700469235e-01
4.043680707608104385e-01
-3.226608199128898624e-01
3.983016398888471477e-01
9.999905827807983316e-01
9.998658198206610281e-01
1.000809212388308750e-01
2.010575592511299192e-01
3.908872237670512617e-01
-7.978784437861564660e-01
1.000563118849334687e-01
1.000045047192594794e+00
9.999848293218956963e-01
-1.000046114375230166e+00
-6.002469399561727315e-01
3.958286257829695121e-01
-2.110625810055448415e-02
3.994401458192131105e-01
1.000781326414124373e-01
4.137872006445598161e-01
3.113118879049584647e-02
-3.716087788050758123e-01
-5.999176652793810627e-01
1.997653493890020615e-01
1.000032579780034236e+00
-9.999571772613577991e-01
-7.986530674194090018e-01
1.000107350276338902e+00
4.186558395812985389e-01
-6.000590764458302306e-01
9.990946555998937717e-02
-1.943707924356434524e-02
-2.849376838049693661e-01
-8.146793600978960992e-01
1.926542857734377112e-01
9.996328195323100907e-02
1.000066544056046780e+00
1.913510955259091761e-01
2.025236561980789940e-01
-2.963150325854477241e-01
-9.999272490166702942e-01
1.238961647500949788e-02
3.949271870851814303e-01
-8.147428597980284071e-01
1.894463558071113884e-01
9.998998732317589955e-01
-8.050252318191262191e-01
-6.001424691658380217e-01
-9.999917658455537151e-01
6.305665340776230032e-02
-3.587898901896100501e-01
-6.000493794401930980e-01
-4.495805679718491848e-02
1.976647854865744847e-01
-1.000138203383869717e+00
9.999366037069294944e-01
-7.979074116637858705e-01
4.100609315429907809e-01
-2.850528020204532997e-01
1.000155275469523319e+00
-9.998382368918337093e-01
-1.239679984674241925e-03
2.090872019155818606e-01
1.000304637658088192e-01
-8.128711034295066362e-01
-3.047938330262087714e-01
-3.532145405233784452e-02
-2.382612022517287820e-01
1.916513359227530744e-01
-2.603514915397244292e-02
-6.001833889616408069e-01
-6.000969133257166854e-01
4.030922585936076441e-01
1.000149659026303040e+00
1.003279983169687722e-01
-2.799805111207667729e-01
1.936998293928622883e-01
9.989969932894832150e-02
1.000507953101974212e-01
-7.985246361468826271e-01
-5.999248404726204020e-01
-5.999709168646016888e-01
9.999417843375985049e-01
-5.998447331607067445e-01
-6.000462839362811218e-01
9.999731089365960779e-01
2.022860698369992882e-01
-8.008461030471804021e-01
3.982105872075967778e-01
-9.479806294747830653e-02
1.958924843631537904e-01
-8.159536799343104496e-01
-9.999464295834149530e-01
-8.013952056072318753e-01
-9.999426092612772043e-01
9.999870275863085300e-01
1.000003594400286744e+00
-7.943361690364447725e-01
-2.758047229730921646e-01
2.743180799101845035e-02
-8.123877458259755047e-01
9.998625483839111983e-01
-5.998574302569269490e-01
1.001255437669423681e-01
-1.000023239341746972e+00
4.033662265134438374e-01
2.084643370679317986e-01
1.000012152367123930e+00
-5.998931256224925290e-01
-5.999747002101305515e-01
-3.318102152567515839e-01
1.000019564346261713e+00
9.999119384235469199e-02
1.000202250407737914e+00
1.000113556795966252e+00
-1.000051899225305796e+00
3.940727875821933290e-01
1.001115139944267068e-01
3.951362462649150031e-01
9.972833405830425213e-02
3.146160840835233313e-02
-8.189164965766701498e-02
1.912600360374436259e-01
4.047343982864850531e-01
-7.900936314080131417e-01
-6.000442828348415691e-01
4.053503490140427101e-01
9.999059838866568573e-01
1.152901123020974028e-01
-8.037076609255193738e-01
3.938253291038450454e-01
2.410002627749577991e-02
1.927976489549036720e-01
-1.000133944469571601e+00
-2.461842795776717496e-01
4.053852665652415976e-01
2.320818158405253961e-01
9.880895644459589122e-02
9.999952101313158703e-01
9.998121360511506017e-01
1.000051141688201639e+00
1.000660550947804622e-01
-3.388129256005644602e-02
-1.000123521908510060e+00
-2.070834420311667978e-01
-3.178651283068676392e-01
1.000003336044969604e+00
-8.080634408414331116e-01
-8.184728823045924750e-01
-5.999886721291494140e-01
-2.769246697960949244e-01
-9.998679529728016213e-01
2.248018356132414630e-01
1.000663161331737383e-01
-5.999461119220368399e-01
1.598458316843667446e-02
9.998862462342870128e-01
2.018026472550775163e-01
2.099746866231830267e-01
-1.762628111462593780e-02
-1.823636271854452429e-01
-2.817677489587703255e-01
-3.164004271897657428e-01
4.090061056846255871e-01
-2.713869360896310479e-01
1.000085744545138322e+00
9.999176110543830376e-01
-3.789489423095293574e-02
2.054056947881354178e-01
2.075714362871030338e-01
2.643163168368127536e-02
-2.656604687507446161e-01
-6.000365416593776979e-01
-9.999321076416319842e-01
2.078834571191025826e-01
-1.036722072960456070e-01
