-6.001267410525552570e-01
-5.999140208276951824e-01
9.999884862328238810e-01
-4.709947631872321572e-02
-9.999678473067330486e-01
-7.807347392876116121e-01
-6.000352358374710926e-01
2.356111042097273900e-02
-7.977217020051565743e-01
-3.070943035896732121e-01
9.992551715819374125e-02
-1.000067220538126689e+00
2.059444114624059963e-01
-3.972273792328979286e-02
2.094939663258238438e-01
3.751642200926076365e-01
-4.451057981908386647e-03
-9.999073604969431761e-01
2.138172588309266153e-01
-1.118615364927314296e-02
4.063446395311660631e-01
3.846603830672786217e-01
-2.942429501913808587e-01
-8.058414953518029389e-01
-9.999528772245820374e-01
3.978590800827832008e-01
-2.911619322486726502e-01
-5.998117962729954122e-01
-3.026788219567435045e-01
9.982213515284282801e-02
-1.000056138477076972e+00
-8.102950176592697007e-01
-7.904426105877272457e-01
-9.999841686691535170e-01
1.341768347246932204e-02
9.998901202421823786e-01
-1.000057978896669697e+00
9.998915762697214715e-01
3.858397716899649721e-01
-6.000143835942217674e-01
9.999767894731049767e-01
-7.931673744643273904e-01
-3.116983116747740201e-01
1.000817634529566347e-01
-2.549613906619280779e-01
4.071096124440717889e-01
1.000926267824141513e-01
1.000472707395172883e-01
9.998951488304631818e-02
2.039281900964139693e-01
-1.000104729032926576e+00
-8.079207765928346774e-01
3.901722428127966102e-01
4.072034604182456774e-01
-3.153319930298333906e-01
-1.000051871625553535e+00
-8.000727657332927789e-01
3.878815209217340576e-01
4.066080720159267331e-02
-1.000125601499057160e+00
-2.101882365650701440e-02
3.910486069342239968e-01
-1.000132881655813710e+00
-2.725266871647976652e-01
-9.999460232189785192e-01
1.000870460253883848e-01
-1.000097956862894932e+00
7.381075272487790107e-02
-8.015044760944473046e-01
4.035994241325279730e-01
-6.000498704018550900e-01
-2.643633381178440156e-01
1.001095252699041871e-01
-1.687807511601076282e-02
2.140137963431895107e-01
9.983497736809604506e-02
2.115429625436566763e-01
9.997889114035903857e-01
6.611981749493539562e-02
-7.828942136564853715e-01
4.087181564226181063e-01
3.948802954405005172e-01
1.951492073460882881e-01
1.860140668795247920e-01
1.000053888237806499e+00
4.006712431630285454e-01
-1.000107970647179156e+00
-5.999262156243583277e-01
-1.000055121225360333e+00
-3.016728931966719540e-02
-9.999795301489557975e-01
1.000977097224161200e-01
1.000130215586424592e-01
-5.999656105062802780e-01
5.498559668912078591e-02
-8.228752746075266300e-01
-8.042243793800285534e-01
-3.228154601029175619e-01
3.957669036404463658e-01
-3.250428792881354112e-01
3.828378721680292807e-01
-7.940960595257582355e-01
-3.588193076857523756e-01
9.987858235581187349e-02
1.001276790890086726e-01
1.000091436046675497e+00
4.304903072031129180e-02
4.073616396908709136e-01
9.999446998969016565e-02
-4.406168065759169528e-01
1.955235052298565646e-01
-3.272723827471010760e-01
-5.999643134299028624e-01
1.000130248908742470e+00
3.915774695461414212e-01
2.091099363343237316e-01
9.974409201662040592e-02
1.000088628154952808e+00
-1.000201534687445326e+00
4.028342278509191576e-01
9.999397490946281275e-01
4.172990568822252389e-01
9.990366629532268505e-02
3.957990458311243520e-01
-6.000816110488754740e-01
4.070526895967521708e-01
-2.590106091729237336e-01
4.083565917756928898e-01
9.997565214490393704e-01
1.000103185773837167e+00
1.000690723410162519e-01
2.016813607501866945e-01
4.078607717679549882e-01
-7.964119410287773260e-01
1.001735341191569567e-01
1.000036043282277465e+00
9.999250757985785887e-01
-9.998369458122193798e-01
-6.000018890450172782e-01
4.069701210785425238e-01
6.241780596440347356e-02
4.032160724949535591e-01
1.000887321023766902e-01
3.900420495546097488e-01
-4.129399897886318338e-02
-3.186437182973991811e-01
-5.999846659688546913e-01
2.112508103147014982e-01
1.000008365875040939e+00
-1.000032740260404562e+00
-7.945963120172183647e-01
1.000157780706487420e+00
3.985559595947427702e-01
-6.002357254557242339e-01
9.994771964059083469e-02
6.237256480345291371e-02
-3.442189134575468490e-01
-8.063430699489613218e-01
2.119367201554200886e-01
9.993722348849597148e-02
9.999816229861424599e-01
1.996685880141463310e-01
1.945203780702182139e-01
-2.875134952951007294e-01
-1.000123532964909412e+00
-2.108934339306375166e-02
3.946078235337582840e-01
-7.940037691206915937e-01
2.007371714348896719e-01
1.000084485507219512e+00
-7.955469301266343551e-01
-5.999687180610321358e-01
-1.000047468739089895e+00
-1.192852302891653053e-02
-1.694324812367731525e-01
-5.999559607629381119e-01
-3.265624633003138405e-02
2.039656262396488673e-01
-1.000149486787923037e+00
1.000156511235034129e+00
-7.961903005783694809e-01
3.969314935950615242e-01
-3.096607646015701043e-01
1.000011915304250820e+00
-1.000252215140909229e+00
-7.763975635527176067e-02
2.113962050094313760e-01
9.985545696744885236e-02
-7.816403935267489667e-01
-3.460264361556992241e-01
6.703120137731610750e-03
-3.253095319938109076e-01
1.912203306053846807e-01
-6.493095395933522196e-02
-6.000399495619335166e-01
-6.000607864680514991e-01
3.919655418536089897e-01
9.999366405979247530e-01
1.000900416473782251e-01
-2.413183371395546950e-01
2.023109846492398833e-01
9.993765147473791799e-02
1.000287804681425641e-01
-7.856062907568545084e-01
-6.001143666252518605e-01
-6.000276017186313426e-01
9.999492288106247573e-01
-5.999650624309018632e-01
-5.998891242503926469e-01
9.999693174650043925e-01
2.062363775162824320e-01
-8.048318260530241686e-01
4.070289404951347723e-01
6.208471902637605067e-02
1.863426500320330970e-01
-7.909712088870208824e-01
-1.000139781771185232e+00
-7.922655012150846554e-01
-9.998746620423387688e-01
1.000011622209127315e+00
9.999210065143616655e-01
-8.080024271153439797e-01
-2.558464775043474138e-01
1.425550746164590959e-02
-8.002050229987477392e-01
1.000050580118595489e+00
-6.001014819866955508e-01
1.000942871936386369e-01
-1.000145730595311644e+00
4.213935704038314078e-01
2.189718492398570193e-01
9.998780205014579092e-01
-6.000573045456563115e-01
-6.001566720868790616e-01
-3.040130554895246195e-01
9.998588455222532367e-01
9.982644561135851913e-02
9.999591322945342586e-01
9.998044637320065986e-01
-9.999154720797500673e-01
3.947377908889493359e-01
9.986077008548582823e-02
4.084076359404910095e-01
9.991108223518908871e-02
-8.187175045626213232e-02
-2.795627827952231262e-02
1.909567933693341601e-01
3.958433117406576218e-01
-7.863083309283995792e-01
-5.998246708941601391e-01
3.987985028539450250e-01
9.998885442255832645e-01
3.777163172287287957e-02
-8.076453633275042510e-01
4.108392810201929590e-01
4.548511033931140757e-02
1.906936531820261904e-01
-9.997850316853689190e-01
-2.952138151968722868e-01
3.995364726815875400e-01
2.011714157833451866e-01
-5.931728265917997518e-03
9.999364062972156963e-01
9.998665155001181803e-01
1.000050118204967253e+00
9.994537161122288293e-02
5.647036199991781885e-02
-9.999391698286422825e-01
-3.193892159154986810e-01
-2.923797561106732945e-01
1.000157869623287787e+00
-8.126705308157858854e-01
-7.943501071633654043e-01
-6.001973836392976436e-01
-3.276736396703715526e-01
-1.000024741626222902e+00
1.941282994106101334e-01
9.988827640194734847e-02
-5.999752036711961667e-01
1.562960768211914958e-02
1.000126966701460951e+00
1.942929203346675793e-01
1.931849108222132572e-01
5.634754069404678684e-02
-2.786962910301358787e-01
-1.991453142853449321e-01
-3.132342889282743736e-01
4.144724710093542486e-01
-2.985970368690213372e-01
1.000052321633570385e+00
1.000148681618114654e+00
6.335864598048317198e-02
1.945428439217458672e-01
1.924378406628901583e-01
-6.478854297529221262e-02
-2.706699078051164054e-01
-6.001489888592569377e-01
-1.000071257954153747e+00
1.956407864425964427e-01
2.437996007645890084e-02
