-5.998026584420221852e-01
-5.999804742909646826e-01
9.999779202239372777e-01
-3.884579379148774859e-03
-9.997802036176763885e-01
-7.974498470565998254e-01
-5.998366520886504460e-01
5.532442587129793310e-02
-8.070847051856098187e-01
-3.582174896123270780e-01
1.002468324800895733e-01
-1.000117120438823060e+00
2.008280497407281262e-01
7.823257949286809010e-02
1.922402093583730487e-01
4.249836275947158626e-01
3.121360833114552712e-03
-9.999486072796177627e-01
2.038022217610254427e-01
-2.338492995740162547e-02
4.040577675869077567e-01
3.913428160936122113e-01
-3.067641803571864445e-01
-8.070490888206738322e-01
-9.999714904139190841e-01
4.090583115759601207e-01
-3.304059703669463000e-01
-6.001601749552162302e-01
-3.825931452874218319e-01
9.990735997308512750e-02
-9.999823121245388080e-01
-8.115541923886917530e-01
-7.970099466524617204e-01
-1.000059399362642543e+00
1.229490837492134940e-02
1.000077926030789932e+00
-1.000168270018739536e+00
9.999638540697601830e-01
4.006010257504771244e-01
-6.002235194684435449e-01
9.999224767864647312e-01
-8.094991066495834664e-01
-3.265575367115413075e-01
1.000197859618639218e-01
-2.689355076939704547e-01
3.879857012357200707e-01
1.000883041702867737e-01
9.987233148689206308e-02
1.000488548933346211e-01
1.957538815674065846e-01
-9.999604742684279346e-01
-7.997746332841965122e-01
3.985817982431857920e-01
4.035006764357026987e-01
-2.751118287391094430e-01
-1.000116734440132049e+00
-8.109823467509075234e-01
3.945443741865531373e-01
-1.982585859247516791e-02
-1.000101447304085456e+00
7.521695315320963467e-04
4.005311200157553597e-01
-1.000082986672552909e+00
-2.520149807150190435e-01
-1.000012465830895314e+00
1.002095944218522605e-01
-1.000103583220882664e+00
-7.020577255186817578e-02
-8.080397513391013309e-01
4.083656767292083711e-01
-6.001373446494455699e-01
-3.251405462280612668e-01
9.997182810087322513e-02
-2.633848180006167702e-02
1.853069402640760421e-01
1.001545492310002838e-01
1.987316620939983680e-01
9.998461853161259016e-01
3.449747425402226869e-02
-7.946741072486809276e-01
3.804707074021725366e-01
3.961067442344756717e-01
2.103246014528410424e-01
2.070339094067576158e-01
9.999990728788498151e-01
3.961556495471325601e-01
-9.999607278234431407e-01
-6.001208998674821826e-01
-1.000019385138120276e+00
-2.899621266404525319e-02
-1.000030783114816524e+00
1.001188098095183304e-01
9.999751694800372570e-02
-5.999953713650573173e-01
-3.570000007464013692e-02
-7.901796463414658689e-01
-7.840349291576796942e-01
-2.268522280044074635e-01
4.142382863079641098e-01
-3.142890780977274923e-01
4.105490000401045836e-01
-8.232079358698335403e-01
-2.837242853126806796e-01
1.000233640959173054e-01
9.999279033201610711e-02
1.000119039836520285e+00
3.162255086703093243e-02
4.039332870727320168e-01
9.994897503438858466e-02
-3.224271561487456195e-01
2.068372341886356713e-01
-2.700914203051594242e-01
-6.001162262602545150e-01
1.000047668057172823e+00
3.945543346354782877e-01
1.939746001963594257e-01
9.998426262044096680e-02
9.999296568536545360e-01
-9.999085176262131336e-01
4.016058323158208099e-01
1.000055922583134693e+00
4.159024317575502061e-01
9.993505622875986649e-02
3.891323714709311599e-01
-6.001534448834703328e-01
3.960446540919935199e-01
-2.685249424063447798e-01
3.730439736412948792e-01
9.999975786941126543e-01
1.000010812931475312e+00
9.996839636208140756e-02
1.988480814269338592e-01
3.951232107800101701e-01
-8.049707377141686049e-01
9.975853971613768412e-02
1.000220043523998958e+00
9.999004208789147308e-01
-9.998735406002120518e-01
-6.000317246510744607e-01
4.030497401032918647e-01
-1.613898801593724106e-02
4.011326418214994360e-01
1.000184242398770573e-01
3.920051664909428024e-01
1.170720241862952503e-03
-3.381274804272418888e-01
-5.999237576318772192e-01
2.045628179458245099e-01
1.000145219390618845e+00
-9.999428448993061824e-01
-8.021259247486165478e-01
9.998686331563482188e-01
3.929500142837307752e-01
-5.998870345820768168e-01
9.991469921703806378e-02
9.154939064401254253e-03
-3.686463630923588752e-01
-7.967647742406568367e-01
2.186379347597931233e-01
1.001190330647198923e-01
9.998840655949330358e-01
2.012958563855336558e-01
1.952573172231322485e-01
-4.014743717717583760e-01
-1.000057035390753635e+00
4.999591609889408352e-03
4.114234419525965025e-01
-7.999223132073017828e-01
2.096490018567815916e-01
9.999639590939141121e-01
-7.922084570068046450e-01
-5.999657490030875229e-01
-9.999076046851570476e-01
3.520945792044040401e-02
-3.582460073266080514e-01
-6.001940025415265501e-01
-2.306303774410889060e-02
2.032962660899746421e-01
-9.999027458179603478e-01
1.000178068958481825e+00
-7.881731514708802955e-01
4.127088951530776262e-01
-3.498829619274481106e-01
9.998845053320782883e-01
-9.999133582789573316e-01
-4.221974299527902347e-02
2.099897817834480984e-01
1.000176943295903592e-01
-7.933200732292646773e-01
-2.935122950315791623e-01
-6.268223247606143078e-02
-3.343148288813364566e-01
2.019300073860236244e-01
2.275465264653215094e-02
-5.999612125648962069e-01
-5.999923706058685191e-01
4.123149254276063380e-01
1.000083124032875137e+00
1.002311609346656363e-01
-2.574532436560520998e-01
2.018352490658513465e-01
1.000657009355835764e-01
1.000749966311943184e-01
-7.962746416327306509e-01
-6.000209384953443248e-01
-6.000077964716759027e-01
1.000254941075722881e+00
-6.000132577397138123e-01
-5.998834613626158330e-01
1.000042966078539708e+00
1.994290661601202663e-01
-7.977544517558142756e-01
3.900491017371879865e-01
-2.728087886635704659e-02
1.971859960248424359e-01
-8.133499926273418668e-01
-1.000057266792389266e+00
-8.019921967558099052e-01
-9.998681494438227402e-01
1.000028292809761687e+00
9.999907766754723148e-01
-7.988123472984138829e-01
-3.793344410911740905e-01
-8.000558132509388853e-02
-7.862696632309585931e-01
1.000058318156054504e+00
-6.001897550360845157e-01
1.000268218079863741e-01
-9.999763268018064810e-01
4.128278942399357110e-01
2.014489604848332116e-01
9.999910187176557219e-01
-6.000996126003584896e-01
-5.998668588334504781e-01
-3.174125078666263367e-01
1.000066561872356541e+00
1.001051425687559532e-01
9.999081303394947717e-01
1.000054836372415767e+00
-1.000026972939118908e+00
3.886721703833341812e-01
9.999669558295271043e-02
3.794651992973014365e-01
9.994863388772222412e-02
2.474134383980074528e-02
-7.949239541928559971e-02
2.120390095227143168e-01
3.895133578557564702e-01
-8.121968448826653031e-01
-5.999104460876615308e-01
3.963872092231880417e-01
9.998175052312093802e-01
-2.489847120762661570e-02
-8.108491656897015565e-01
3.955325174622683626e-01
2.064771915237786915e-02
2.100642887353324773e-01
-9.998983210491368956e-01
-2.758600885681193327e-01
4.019261089334850712e-01
1.932115078924626084e-01
-1.260098575045870764e-02
9.998646355961714471e-01
1.000170487373156281e+00
9.997674964137990283e-01
9.999776926594899917e-02
-3.560909687414086366e-02
-9.999676965437466203e-01
-3.191489749003981191e-01
-3.435463564030454275e-01
9.999072862368169057e-01
-8.069063098088821162e-01
-8.045663722677934837e-01
-6.000348191140493226e-01
-2.464955145502518152e-01
-9.998486778166399969e-01
1.965279920496754151e-01
1.000827257645113544e-01
-6.000292454319069435e-01
-4.677781025827734696e-02
9.999885182178803733e-01
1.987268390361425219e-01
2.105323650130101198e-01
3.054591571812698830e-02
-2.382303378894711776e-01
-2.992608368633885574e-01
-3.253617364305197990e-01
3.783543805258231529e-01
-2.740225678727999381e-01
1.000025044296720678e+00
9.999341950613440666e-01
-7.355966264931020071e-02
2.033421724734708891e-01
2.108044124004644082e-01
6.050478584462981591e-02
-3.407167188582685968e-01
-6.000289722628661115e-01
-1.000010225285340448e+00
1.917071471062548049e-01
-5.277315317991060871e-03
