-6.001050264785358079e-01
-5.999794560864228909e-01
1.000091896948710257e+00
2.873343283907228013e-03
-1.000091198723926711e+00
-8.023983164530839041e-01
-5.999451091577160389e-01
-4.387874547146525250e-02
-7.787411409902097459e-01
-2.954950621652931431e-01
1.001112863114465290e-01
-1.000110480763862109e+00
2.021817053785935625e-01
1.173415300805896733e-02
2.135240693107083032e-01
3.909581706475108720e-01
4.015394934034876434e-02
-1.000177390121804510e+00
2.163942472240166504e-01
8.472273046837389132e-02
3.980340131171888340e-01
3.877239434529030637e-01
-3.112435241959300991e-01
-7.906517774576692359e-01
-1.000040303325529178e+00
3.907082862069224949e-01
-3.339355531683356748e-01
-5.998740331037859530e-01
-2.343268267915271652e-01
9.995768636763435744e-02
-9.999519220545232123e-01
-7.933744861359749434e-01
-7.819707638156632168e-01
-9.999925925630187562e-01
-3.294459919546095794e-02
9.999957019475873565e-01
-1.000025207430215168e+00
1.000015463157895468e+00
3.967441852708484262e-01
-5.999275834223195547e-01
9.998541624223301616e-01
-8.037255996346868159e-01
-3.109432024054777366e-01
9.999685487924893368e-02
-3.184821132463210858e-01
3.984289805018987329e-01
9.988300385599951925e-02
1.001365985175720064e-01
9.999345338497429847e-02
2.047900867370922307e-01
-9.999289682289135284e-01
-7.853507958243781673e-01
3.946353908451447623e-01
4.004813139673645273e-01
-2.495562097584073658e-01
-9.998496954884324994e-01
-8.076971027419049820e-01
3.957553161119348739e-01
4.962008377081516403e-02
-1.000081012018049442e+00
2.034300817118740723e-02
3.942694024600922886e-01
-1.000019184386821358e+00
-2.444627432410840517e-01
-1.000100917922780885e+00
9.989609961501018376e-02
-1.000004101988563265e+00
3.307601691906446317e-02
-7.997041826750103111e-01
3.850119161613606011e-01
-6.000000149272952665e-01
-2.320555316525225176e-01
1.000257986024410128e-01
4.328088310752901263e-02
1.990574838779687050e-01
1.001108478343801095e-01
1.947883218566700547e-01
1.000165730197908553e+00
-6.822143846389210585e-03
-7.922885046474561488e-01
4.117840584863223796e-01
3.911897300379529319e-01
1.935662398975533105e-01
1.986707141170514779e-01
9.999121204848583355e-01
4.184844460224745877e-01
-9.998152338173881271e-01
-5.999123637042593771e-01
-9.999004207752634210e-01
2.161854604924385095e-02
-1.000006163968061967e+00
9.997038183279005619e-02
1.000669967090462992e-01
-6.000911912110005186e-01
1.027215862961708553e-01
-8.020088750996511306e-01
-7.956595177275060937e-01
-2.139717792719232070e-01
4.133550431215880505e-01
-3.088214686214312277e-01
3.815011115703645372e-01
-7.849237908336046399e-01
-3.472226292412747273e-01
9.997070056948036132e-02
9.999504675793086106e-02
1.000098530158652466e+00
8.643752752148070595e-02
4.151410806279083876e-01
1.001114312890024755e-01
-4.337014747123002500e-01
2.109763232027188906e-01
-2.323946347437235438e-01
-5.999587754863729971e-01
9.998843713245401110e-01
3.995018492851193370e-01
1.889313256095137838e-01
1.001203388643559650e-01
1.000147790530562686e+00
-9.998760493239268188e-01
4.026084154006735472e-01
9.998931709797912459e-01
3.873280865128216344e-01
1.001632978140924168e-01
3.801357724478244271e-01
-5.998580507962936181e-01
3.969501458460345522e-01
-3.329102843579315185e-01
4.018374653322072110e-01
9.998953894482586202e-01
1.000147092590887743e+00
1.000057876199037660e-01
2.030718851223757282e-01
4.035451450841968102e-01
-7.944985117042064893e-01
1.000206644119955857e-01
9.999361823378098979e-01
1.000040517808244545e+00
-1.000060497844516672e+00
-5.997766598796452353e-01
3.988638028893410348e-01
1.814954387947877515e-02
4.160675109996734289e-01
1.000212065588873128e-01
4.247071447935599209e-01
3.413535582158980924e-02
-3.061938188549157558e-01
-5.999718286328349359e-01
2.089141623434893069e-01
9.999985023438412446e-01
-1.000018431202992719e+00
-7.937010338953914834e-01
1.000003659894102226e+00
4.040267543211991108e-01
-6.000571343855332085e-01
1.000318088617516699e-01
-1.592535966631259889e-02
-2.173541105657531558e-01
-8.245007112527659165e-01
1.936635273830435988e-01
9.980801920661798443e-02
1.000029040268139324e+00
2.121149723959043776e-01
1.973700138740122345e-01
-2.892375688114834364e-01
-1.000096423125196532e+00
-2.263741730756853310e-02
3.930692884731845638e-01
-7.905020437914348497e-01
2.034792271297594102e-01
9.997817391926440145e-01
-8.091995696752013467e-01
-6.000169721725501226e-01
-1.000012804522077969e+00
-6.075829687480491931e-02
-3.545807589328824339e-01
-5.997791661120457363e-01
-4.348460171257741776e-04
1.913745009900231775e-01
-1.000203432536545201e+00
1.000076777910182901e+00
-7.891945661311873250e-01
3.930578258683811721e-01
-3.013466215912782853e-01
9.997752757969551318e-01
-1.000000363000058456e+00
-5.694319457300091661e-03
1.777640551340086139e-01
9.992866279668403962e-02
-8.122971988406348931e-01
-3.062112163053072877e-01
1.603367352590122710e-02
-2.266139465489522831e-01
2.199269247868720634e-01
-7.478437359477060897e-02
-5.999109389510750567e-01
-5.999298148000229425e-01
3.923183011489384531e-01
1.000128378944392882e+00
1.000741777196336585e-01
-2.695148365813110902e-01
2.165832335104895812e-01
9.974045327650472859e-02
1.000367854787175687e-01
-7.903427907955064002e-01
-6.000746585648500941e-01
-5.999346994613290462e-01
1.000156640154264975e+00
-5.999651508851985282e-01
-5.999520077701910870e-01
1.000065297297184852e+00
2.074429982787159843e-01
-7.958011640996920377e-01
4.081969737526749409e-01
1.512758946973179024e-02
2.039117378585433016e-01
-7.867698211698141986e-01
-1.000142963954907760e+00
-8.096321175582072982e-01
-9.999792413416547232e-01
9.999168822120165778e-01
1.000019528848925532e+00
-7.993285915922401230e-01
-3.204066000546122450e-01
-6.628273653329904563e-03
-7.858425446729031538e-01
1.000042289717455457e+00
-6.000535617997782012e-01
1.002351780302761508e-01
-9.999680449585470754e-01
3.971243765031944872e-01
2.062420684863586207e-01
9.999411752441647039e-01
-6.000777012049405279e-01
-5.999466021853677722e-01
-2.770626202993749509e-01
9.999704267679574432e-01
9.990410240795019603e-02
1.000205003996884168e+00
1.000071505168471875e+00
-1.000067363352855843e+00
4.136670335629130668e-01
9.999651982733857858e-02
3.816959155385469260e-01
9.999796514956976745e-02
-1.480087149741470855e-02
-3.128968709110543922e-03
2.124331414299127363e-01
3.992925327388300860e-01
-7.968437292412803297e-01
-5.999707265784973709e-01
4.151913958315283093e-01
1.000019578842531676e+00
-6.949673320998799031e-02
-7.993400344571021110e-01
4.027873187472591487e-01
4.766805710197189599e-02
1.994119395636647085e-01
-1.000041324812921628e+00
-3.261894235880021253e-01
3.937444623099310981e-01
2.052056880764917546e-01
-3.367813074785298150e-02
9.998579929074142836e-01
1.000128954188259423e+00
1.000090310481026368e+00
1.000953999418259660e-01
1.530334674887974880e-02
-1.000074118084669950e+00
-2.315916631032204354e-01
-2.684826468247010212e-01
1.000018790656791667e+00
-8.074558146124103386e-01
-8.101179578023592898e-01
-6.000444189327254207e-01
-3.338457277481387542e-01
-1.000146624088568137e+00
1.978455665411862352e-01
1.000980390898110889e-01
-5.999179464818030771e-01
2.139629834109356074e-02
9.998991431122851159e-01
1.942641374478955574e-01
1.840407221455036546e-01
4.257222520385103848e-02
-2.801176312105160271e-01
-2.865028683773124807e-01
-2.190139230554864480e-01
4.090340746493981716e-01
-3.434937622805832591e-01
9.998576470402089633e-01
1.000040379743522667e+00
-3.754424576163366972e-02
1.890612784144612146e-01
2.222249302382162395e-01
-8.637105997929004145e-03
-3.195495147549004544e-01
-5.999138995160522292e-01
-1.000023229106637546e+00
1.933893809432734590e-01
2.603701821126179136e-03
