-6.000284515079912229e-01
-5.999927621736284022e-01
1.000015966343997365e+00
-5.839269662147557327e-02
-1.000019037094750596e+00
-8.007641397423787000e-01
-6.001492488455686392e-01
6.783163695997744720e-03
-7.972452025386566055e-01
-3.388249754573383066e-01
1.000291033636163951e-01
-1.000093580724569442e+00
2.092899984868378527e-01
-1.083109738695929858e-01
2.205111620874222467e-01
3.967477554392118688e-01
-6.337119255944505258e-02
-1.000139642827189590e+00
1.994147755422094603e-01
6.729810676195968622e-02
4.087983634450933490e-01
4.054598163073253048e-01
-3.573780377940585784e-01
-8.063551378766133926e-01
-9.998460462574063623e-01
4.171822175742226357e-01
-2.684949329404984208e-01
-6.000666611941815054e-01
-2.562942218157120422e-01
1.000160191046503555e-01
-9.999420627225206193e-01
-7.992047972035797310e-01
-7.955621630054545701e-01
-1.000123051038174227e+00
3.870577672929356727e-02
9.998747091833363188e-01
-9.999499302720333826e-01
1.000034139800564326e+00
4.034081661229501070e-01
-6.000640925114935076e-01
9.999519540563464037e-01
-7.981273439681032533e-01
-2.611053029267921266e-01
9.982357377509262775e-02
-2.559421085981735122e-01
4.120888157280803155e-01
1.001856716397673264e-01
9.981051430105444822e-02
1.000426925589391197e-01
1.848462180426793389e-01
-9.999595616486475214e-01
-8.083504744655977126e-01
4.091580635280757106e-01
4.172399433139836189e-01
-2.362533482074283819e-01
-9.999202040790849955e-01
-8.102942376194073315e-01
4.127725651774820093e-01
-9.485895547303106745e-02
-1.000050155040882460e+00
-4.083205925129070740e-02
3.876429595173515041e-01
-1.000133383091870609e+00
-3.962033620715368354e-01
-1.000020389114691488e+00
9.980785127213705199e-02
-9.999417422653649190e-01
3.391474218947227587e-02
-7.952273477987393813e-01
3.706938608137593238e-01
-6.001590160347073377e-01
-3.240905953326967404e-01
1.000719082017321182e-01
-5.902315410206698809e-02
1.889878612973814320e-01
9.996781569514048837e-02
1.970682590038767834e-01
9.999948320723088813e-01
-1.567417335050764332e-02
-8.132330567917586128e-01
4.144501418798143266e-01
3.887432510150858334e-01
2.015122000065194818e-01
1.968800763620264516e-01
1.000134188628913234e+00
3.889112162687349272e-01
-9.997625485109116195e-01
-5.999412578878998703e-01
-9.999397162924364979e-01
-5.340200183449568538e-02
-1.000012277300840191e+00
9.991673006387113976e-02
9.999261681617707676e-02
-5.999065061584547554e-01
6.126021266270481602e-02
-7.906107420210617409e-01
-8.058242828915586076e-01
-3.266565491995029324e-01
3.841527853484459354e-01
-2.911622697412805105e-01
4.003667442220237849e-01
-7.734650147617387894e-01
-3.615317072089003214e-01
9.997725623178647936e-02
1.000802549145811265e-01
1.000041255257571260e+00
-4.313120418391792193e-02
4.009017625388118233e-01
1.001133199424766446e-01
-3.233924957274048051e-01
1.983898095204359724e-01
-3.325418052284717096e-01
-5.997392724955696863e-01
1.000040275029090653e+00
4.074034087322188080e-01
1.959876029318614321e-01
9.984416606796245319e-02
9.998964208861127467e-01
-1.000061851077502784e+00
3.894359238796991085e-01
9.999581219098775398e-01
4.104067027010663282e-01
1.000410179841614705e-01
3.948470452936484465e-01
-6.000385973340380819e-01
4.081219168234730410e-01
-2.390964009528096790e-01
3.905285975885224303e-01
1.000028161168050156e+00
1.000030461132350723e+00
9.987922962755288459e-02
1.976798902642433464e-01
4.019784207340358906e-01
-8.080897334388401632e-01
1.000554680025695919e-01
9.999401455152349127e-01
1.000172182204912108e+00
-9.998637860914398878e-01
-5.999685318631101660e-01
4.010040583231299638e-01
-6.189703409452095711e-02
3.880837868339232499e-01
9.997897677354569690e-02
3.865930039537097129e-01
-2.689832491260035416e-02
-2.573256944126615653e-01
-6.000376308217085786e-01
2.008963979610911277e-01
1.000178546673776925e+00
-9.999254439822726770e-01
-7.795753524406573431e-01
9.999007121078132831e-01
4.051662239752816252e-01
-6.001364691292848663e-01
1.000837213143670051e-01
6.711508608636999884e-03
-3.469752878756963144e-01
-8.030617243732987021e-01
2.043045291801650343e-01
1.000321105777353947e-01
1.000019445425223363e+00
2.120972643610652408e-01
1.914613989920951886e-01
-3.225174767285026167e-01
-9.999474747207451886e-01
5.470000125346344277e-02
3.909942969075259622e-01
-8.051275564775985938e-01
1.887679276030119202e-01
1.000058644993130574e+00
-7.990666261449366203e-01
-5.999921456843496648e-01
-1.000005506479607842e+00
5.463874758609600646e-02
-3.381598579099863722e-01
-5.999467757316054861e-01
-7.351936289448132017e-03
2.256357667506831699e-01
-1.000031974358285947e+00
9.997058145602176760e-01
-7.986538089370751603e-01
4.056923251416520992e-01
-2.986773888453128634e-01
9.999762617715444168e-01
-1.000090203787081578e+00
7.524289491652647044e-02
1.980336704850283458e-01
9.999882423831368827e-02
-8.079631157350886106e-01
-2.600145551750143724e-01
-1.534550733944881062e-02
-2.312325408468234311e-01
1.932129204227629460e-01
2.069587221593360490e-02
-6.000647363874778151e-01
-6.001368508842045424e-01
4.185576689031479392e-01
1.000003579339695303e+00
9.994466177604859058e-02
-2.037495412286902119e-01
1.963659782555385869e-01
9.991012663114863523e-02
9.978072750980881978e-02
-8.047290588430223712e-01
-5.999205800546434375e-01
-5.999273564547098481e-01
1.000049640125046269e+00
-5.999541180440247645e-01
-5.999597627331418881e-01
1.000013199461505575e+00
2.152477757139883707e-01
-8.034813581140798355e-01
4.066930568460488948e-01
-4.414353527843521696e-02
2.129892457952952400e-01
-8.035816465074897552e-01
-1.000070381898288563e+00
-7.959154641245691497e-01
-1.000189752662870024e+00
1.000000503193929191e+00
9.999448526968417461e-01
-7.917484339959430795e-01
-2.772251299078420383e-01
-4.291107376154550124e-02
-8.110273432469816690e-01
9.999249086007520049e-01
-5.999299296238992385e-01
9.989706349192886692e-02
-9.998952753620496958e-01
4.002424340740512454e-01
2.035171549751783326e-01
1.000104149445984580e+00
-5.999267577154350217e-01
-6.000274633829719706e-01
-2.681477494596178901e-01
1.000048221748579325e+00
1.000513787445635461e-01
1.000073659391598646e+00
1.000023107360546337e+00
-9.999951040166260574e-01
4.024442513988233383e-01
9.987675314599857301e-02
4.066738435482862291e-01
1.000451491188587977e-01
-1.818575142465252278e-03
1.456930856072868180e-02
1.905347960873019220e-01
4.075195876427031849e-01
-8.096159627809743631e-01
-5.999339169704256403e-01
3.790950401948680049e-01
9.996093200944670132e-01
-4.068108970228155596e-02
-7.936072808102837550e-01
3.998478047215686670e-01
3.191653506274620689e-02
2.093538677359361999e-01
-1.000007088571802427e+00
-3.297667386121829747e-01
3.915090430899753060e-01
1.982691376181778820e-01
-2.973301785043741194e-02
1.000199482713796328e+00
1.000058883712421576e+00
9.999512885588500710e-01
9.992412839083275600e-02
-3.175222852049659067e-02
-1.000031751479044217e+00
-2.840472679699639902e-01
-2.710209476400278761e-01
1.000088205515516027e+00
-8.131510362574146944e-01
-7.920094298372686303e-01
-5.999399535602552014e-01
-3.112042098340924712e-01
-9.998130504768815152e-01
1.931833900420113770e-01
1.000329813978761417e-01
-6.001066659526651526e-01
-5.936669322695697915e-02
1.000326472938514399e+00
1.876593860492559163e-01
1.959007607350679858e-01
-3.725076493917035218e-03
-3.004602153858446090e-01
-2.294435559563856586e-01
-4.009206334974634300e-01
4.069424916580083873e-01
-1.949709342060625961e-01
1.000121948683137418e+00
9.999652512972168061e-01
4.761061193083873135e-03
2.012360388208534467e-01
1.897860519638315813e-01
2.084707353119810008e-02
-3.017725567405696308e-01
-6.000280224796180617e-01
-1.000024205453815984e+00
1.994581686943031618e-01
1.223627306100848466e-01
