-6.001710873061379958e-01
-5.999750727138649653e-01
1.000135644420127479e+00
9.400717276830292471e-03
-9.999669821055093832e-01
-7.964808082430540059e-01
-6.001138502636264027e-01
5.043363192802124972e-02
-7.840843262058516672e-01
-2.945531123327550516e-01
9.998586818089229278e-02
-9.998184790383277676e-01
1.976428822712257560e-01
-6.173803649892176809e-02
2.196500194892080093e-01
3.953091667000434017e-01
2.531659703677373308e-02
-9.998695663290458890e-01
1.958263653288475625e-01
3.153315137365991089e-02
4.012102352474384293e-01
4.152915060927139801e-01
-2.001602482908290959e-01
-8.142918039368639560e-01
-1.000066759452795662e+00
3.858260413874450845e-01
-3.241747390888700675e-01
-5.999004900079828451e-01
-4.312033464079870759e-01
9.995883488822540630e-02
-9.999645261626297632e-01
-8.075317659123750769e-01
-8.075247814996620033e-01
-1.000170647586242190e+00
5.065617502816149864e-02
9.998897005126105020e-01
-9.999956728407788376e-01
1.000006713996390184e+00
3.976753772913549367e-01
-5.999653095253928425e-01
1.000196079226837620e+00
-7.753847534718888435e-01
-2.482525689008388547e-01
1.000442475123290986e-01
-3.184268433705468304e-01
3.969223553296039597e-01
9.983349365165478106e-02
9.993781122845779574e-02
9.985392783217440782e-02
1.961087712122200066e-01
-9.999077869512573713e-01
-7.910571391901438654e-01
3.997872097039038564e-01
3.936156188649408971e-01
-3.113627995341811117e-01
-9.999173364648469287e-01
-7.795379349290468829e-01
3.958652095398763060e-01
2.344581014390312995e-02
-9.999386665622079784e-01
1.558284437440100693e-02
3.938590409659489255e-01
-9.999686263701154099e-01
-2.933837924961921195e-01
-9.998897686716083921e-01
9.991523741338639852e-02
-1.000055785241662276e+00
4.397723322879920800e-03
-7.927626547127284429e-01
3.957194853007758306e-01
-5.998388465178883244e-01
-2.860376379410446979e-01
9.995153887592310438e-02
4.229825723521646319e-02
2.071676523599143560e-01
9.999909777155446822e-02
1.956555704419276343e-01
9.999187061789718278e-01
-5.336943277833339216e-02
-8.102325928990332660e-01
3.957898983289437345e-01
4.076054440666909695e-01
2.084939148774459239e-01
1.926159904353302033e-01
9.999416309632114253e-01
3.887260457941725811e-01
-1.000082172115957180e+00
-6.001118704861111430e-01
-1.000045647596843779e+00
4.134853314167399180e-02
-1.000060273183318360e+00
1.000327374492247512e-01
1.001362377244779528e-01
-5.999075525948209808e-01
-1.197718806982926189e-02
-8.047714902698441808e-01
-7.811278043313022446e-01
-3.154314182694168966e-01
3.943132031287899797e-01
-2.523124289525379704e-01
4.010530722283350835e-01
-7.996784929530860175e-01
-3.338522392522162430e-01
9.996462019354855622e-02
9.992552632244741662e-02
9.998956386287478626e-01
6.851015923467750068e-02
3.896001616651947330e-01
9.986125801633886911e-02
-2.816904227414577799e-01
2.215061852070328574e-01
-2.573260370517525542e-01
-6.002309612588671017e-01
9.999317082508372145e-01
3.966309719720879645e-01
2.109444302881197109e-01
9.985621513164394392e-02
1.000093524928425515e+00
-1.000035669498602786e+00
3.928955593527753698e-01
9.999839895410075341e-01
3.990792583649324654e-01
9.996781514565480919e-02
3.977509895509202531e-01
-5.999905568239176645e-01
4.096540717659903907e-01
-3.453862271715292809e-01
3.966430289620412331e-01
9.999843228747657964e-01
9.999722736157989900e-01
9.990388243228257026e-02
1.880052154496411332e-01
4.156950540932616289e-01
-7.985642612372477744e-01
9.993818577478630338e-02
1.000003030844697216e+00
1.000173122064901943e+00
-1.000212084295867054e+00
-5.999348771213878218e-01
4.001539124076117782e-01
-1.141304248029074986e-02
4.123879355183781570e-01
1.000244358372696651e-01
3.866262222868526721e-01
-5.714765977145133680e-02
-3.342636937219947701e-01
-6.000616644290446278e-01
2.077931336717060706e-01
1.000005033037057567e+00
-9.999861445317611564e-01
-7.786264710311507908e-01
9.999525382294279785e-01
3.994244656934808901e-01
-5.999846801195976020e-01
9.994148595564988913e-02
-1.806708905914578001e-02
-2.745927715386893841e-01
-7.926364873550764134e-01
2.171675616852769830e-01
9.998736499502430819e-02
9.999292759041228384e-01
1.918914781104677780e-01
2.226934381083270909e-01
-2.901495764555465096e-01
-9.999921271267336875e-01
-1.274518705562732897e-03
4.032553401952494454e-01
-7.836070434559000430e-01
1.739759787961025483e-01
1.000065847904055172e+00
-7.843582453694954992e-01
-6.001009302290538638e-01
-9.999945949621471541e-01
-3.890438222005970781e-02
-2.359984241406797301e-01
-6.002536674826269847e-01
-5.235159636795214122e-02
2.079039649195621453e-01
-9.998006236528530488e-01
1.000086708768526789e+00
-7.834021126422798798e-01
4.089007381533086294e-01
-3.280182499807856589e-01
1.000025427154322522e+00
-1.000074968316551072e+00
1.067846049836479322e-01
2.050012064676755841e-01
1.000126325700190499e-01
-7.908227804722393062e-01
-3.332396947547988653e-01
-6.108101872362520224e-02
-2.801577608129522390e-01
1.849972292239678573e-01
7.029454368063527137e-02
-6.000188410334454936e-01
-6.001456937885731868e-01
4.176550192744595269e-01
9.999038110532367796e-01
9.998648479250944743e-02
-3.702468313752192985e-01
1.896351109956205261e-01
1.002805218068793247e-01
9.992183754531262785e-02
-7.790805348521192553e-01
-5.998099241166982010e-01
-5.999891082472454951e-01
1.000176251437091324e+00
-5.999842987729265831e-01
-5.999082625589814421e-01
9.999705943658474538e-01
1.835155321716087917e-01
-7.921977336922361168e-01
4.058028099299679781e-01
7.795849835174149811e-02
2.025256570422993008e-01
-8.050256803606457012e-01
-1.000216103613704277e+00
-8.118741203977014598e-01
-9.998217836270243408e-01
1.000063324017682387e+00
9.999831972618112852e-01
-8.114993608866881702e-01
-2.641409618762452505e-01
-7.873820311407378481e-02
-7.883696622209224181e-01
9.998750463917214226e-01
-5.999088317978507057e-01
9.984111398331341203e-02
-9.999634106498889174e-01
3.874755293177044591e-01
2.007250964609152699e-01
9.999903321894427766e-01
-5.999720698614244840e-01
-6.000650437240113710e-01
-2.604899928284584720e-01
9.999795429721419771e-01
1.000926787706844651e-01
9.996511319037779675e-01
9.999449783358208554e-01
-9.999322480099858135e-01
4.113406951992938376e-01
1.000396549648579214e-01
4.051987055639755808e-01
1.000867455756947327e-01
4.300883592315153658e-02
-4.947380185781367901e-02
2.023106600477559136e-01
3.991008462221850017e-01
-7.948321781837576205e-01
-6.000871041151851770e-01
4.041280817423272831e-01
9.998822441953216789e-01
-1.676102435826154480e-02
-7.924755791834885432e-01
3.976206940545532476e-01
4.541591341348477640e-02
1.958508364808099755e-01
-9.999082306739879300e-01
-3.583394589796175533e-01
4.111751172806309973e-01
2.124249390301525542e-01
9.001410737870123996e-03
1.000114347240764312e+00
1.000043307752994881e+00
1.000053128556011472e+00
1.001428909809597978e-01
-2.726889553176816208e-02
-9.999975053777406808e-01
-2.668938956790634642e-01
-2.823548404598231198e-01
1.000002284103042038e+00
-7.908437974390390979e-01
-7.947498501521949033e-01
-6.000132398452852067e-01
-2.694888673768096599e-01
-9.999361413623584216e-01
1.992614037230240331e-01
1.000094432191284549e-01
-6.000832935558926273e-01
-1.199939825651590991e-01
1.000087640414473622e+00
2.062043726908192043e-01
1.759160087074965184e-01
-1.126584654496773016e-02
-2.948305614393965102e-01
-2.123060534151737788e-01
-2.552902270268274099e-01
3.966033326227291766e-01
-3.456766611043332604e-01
1.000013867698177128e+00
9.999133834874758264e-01
6.745908456879498583e-02
2.194158345879450023e-01
2.019111691302140632e-01
8.558834529779330014e-02
-2.561534771819875544e-01
-6.001688729447843818e-01
-9.999975964626145464e-01
1.826936745048017008e-01
3.563605778533575352e-02
