-5.999817021573028430e-01
-5.999086595296813096e-01
1.000091793127289241e+00
6.048033548692098235e-03
-1.000003373849590593e+00
-7.858876522859989944e-01
-5.997483912194222500e-01
-5.873935454952371876e-02
-8.048083095819765775e-01
-2.843500119202453935e-01
9.997474205290131366e-02
-1.000003519405906927e+00
1.813560993844162972e-01
-1.012314581903514671e-01
1.934478277848097616e-01
4.097475160148091877e-01
-2.100250211053994454e-02
-1.000143551341173831e+00
1.849723721670742393e-01
4.142381557858321184e-02
3.950243708041500934e-01
3.938017831710670102e-01
-2.931347048345105399e-01
-8.032095884622221238e-01
-9.999197121184558723e-01
3.862096143230083212e-01
-2.734181249159461369e-01
-6.001573707637655186e-01
-1.911357853350363345e-01
1.001862095828339044e-01
-1.000180876675382358e+00
-7.809801078777017791e-01
-7.979857765756476207e-01
-1.000001298000765981e+00
-5.390880287214035171e-02
9.999566711062025659e-01
-9.999706968303955223e-01
9.999149085870110421e-01
3.841457166426096026e-01
-6.001281226949993775e-01
9.998820511786882248e-01
-8.033483469768246676e-01
-3.665191341467061714e-01
1.000015048017381114e-01
-2.821592709414350586e-01
3.893849019719046178e-01
1.001190187969141221e-01
9.990685736471660583e-02
1.000162323736470543e-01
1.989733478034917125e-01
-1.000086646409025226e+00
-7.902834867529585638e-01
3.952021289598270370e-01
3.903912661530859474e-01
-2.951984914010907235e-01
-1.000007048983103219e+00
-7.715375941921384095e-01
3.897658424365749719e-01
-3.360993912080333795e-02
-1.000068430260093955e+00
-7.478980102129278995e-02
3.932128843099972904e-01
-1.000012338880319929e+00
-3.351629048536129973e-01
-9.999588848169949085e-01
1.000457506757911480e-01
-1.000284363910712848e+00
-3.490532964958401735e-02
-8.128581646466853661e-01
4.055672126510272424e-01
-6.000860820942138796e-01
-2.403681141080115380e-01
1.000144318717181846e-01
2.345540712036449371e-02
1.914352710685349734e-01
9.999057879201278531e-02
2.030658136988419682e-01
1.000114106292323113e+00
7.019834065206424778e-02
-7.994843376179316952e-01
3.979594223763225913e-01
3.986541727402095336e-01
2.190327914753150695e-01
2.037208439523623404e-01
1.000095479598636539e+00
4.177212114894670592e-01
-9.999600273478054246e-01
-6.000420387923176557e-01
-9.999608201823121378e-01
2.552433830095636458e-02
-1.000083123772018689e+00
9.988537886691861711e-02
1.000420187662390270e-01
-6.000017159225689012e-01
2.424143994737832167e-03
-7.947574197787035111e-01
-7.960315302900093926e-01
-2.779041520711146851e-01
3.968847177397027415e-01
-3.251348784948411841e-01
4.002991292777450250e-01
-7.987168974585614478e-01
-3.078520792952790242e-01
9.994320164820635899e-02
9.995460509044704067e-02
9.998664186217559591e-01
-1.120373492936293514e-01
4.184485394110955547e-01
1.000883510985322300e-01
-3.107149718062540700e-01
1.994249474827271829e-01
-3.015912693050770699e-01
-5.999968534194359826e-01
1.000243434907445828e+00
3.972367779387739883e-01
2.244665306321498577e-01
1.000527561735861659e-01
1.000070926181821473e+00
-1.000057754150187161e+00
4.275080881930320986e-01
1.000022233918059777e+00
3.955931264640579204e-01
1.000796925443142721e-01
4.012788399645341175e-01
-5.999020094297496941e-01
3.937824457445322501e-01
-3.447833723499774683e-01
4.050444715963545939e-01
1.000023747094362481e+00
1.000207056034335684e+00
1.001595196193080101e-01
2.037641839096646368e-01
3.918793182991603952e-01
-8.088744429233295508e-01
9.993896763277058948e-02
1.000053306667332498e+00
1.000141851260758497e+00
-9.999549046923480455e-01
-5.999543059735753525e-01
3.980289476255114978e-01
-2.029759394858821064e-02
4.031620302852433335e-01
9.990710143287434564e-02
3.993833941989982095e-01
-6.145446766881510620e-02
-3.326029340485214258e-01
-5.998569175276781129e-01
1.965704564638477425e-01
1.000075686230601946e+00
-9.999845668670243048e-01
-8.033707765559137126e-01
1.000048934164111225e+00
4.063754425161674733e-01
-6.000121151246305962e-01
9.987747061740787080e-02
3.000174451952005925e-02
-2.948612700831519939e-01
-8.131151367557843956e-01
2.037188211368483604e-01
9.987244500449254936e-02
1.000079543793314540e+00
1.960026289842385361e-01
1.938232329166969525e-01
-3.034486315657972666e-01
-1.000062919664789884e+00
-2.606152816288355087e-03
4.052702396700330612e-01
-7.830574643656871281e-01
1.847753682531166897e-01
1.000150993796255827e+00
-7.989514845464947834e-01
-6.000355510184606223e-01
-9.999671437734459767e-01
2.398515529909821253e-02
-2.534422599068905657e-01
-5.999602457470488703e-01
3.396953082657706152e-02
1.980018735860469559e-01
-1.000100194944622434e+00
9.999706988308137978e-01
-8.013991148920489582e-01
3.998289358120017400e-01
-3.041663777458508688e-01
1.000227541712017887e+00
-9.999594967071233631e-01
1.545099417825656664e-02
2.090815883717586365e-01
1.001043652490381658e-01
-8.031599575216018527e-01
-2.188876688311813257e-01
-6.718300991432628322e-02
-2.415619777051758177e-01
2.142926672880993144e-01
7.692205465303234013e-02
-5.999134180831384722e-01
-6.000691927025552097e-01
3.970070982379373947e-01
9.998074713546416525e-01
9.993725426075858453e-02
-3.092617706137770761e-01
2.037638037947429592e-01
1.001233212042405007e-01
9.983394264457495781e-02
-7.907834865339631314e-01
-5.999566600975462238e-01
-6.001468575230194391e-01
1.000005855578340874e+00
-6.000125944060233918e-01
-6.002045010311524154e-01
9.999955643953624129e-01
1.758078406708555030e-01
-7.936953550976139082e-01
4.034753856124764226e-01
-1.251820730424531986e-02
1.976843652212744717e-01
-7.982671428228205190e-01
-9.999458028477135052e-01
-8.159366771051578260e-01
-9.999062726114553712e-01
1.000049289819900711e+00
9.999258954058950488e-01
-8.099279458259485143e-01
-3.042773083689083169e-01
-9.137871140072739706e-02
-7.813831938288778867e-01
9.999060272639401781e-01
-6.000700767333903007e-01
9.992370582324514028e-02
-1.000068368555020237e+00
3.998730131351153072e-01
1.897699866293904025e-01
1.000108709829703013e+00
-6.001503033855222213e-01
-5.999477131278053710e-01
-3.514615619101447708e-01
9.999748400660323222e-01
1.000922580279614144e-01
1.000191638475711686e+00
9.998811066848747320e-01
-1.000067184343518267e+00
3.995768629859838827e-01
9.999889555470971303e-02
3.791871434348936809e-01
9.987211717509070219e-02
-1.559747255914331332e-01
-1.211809331432007683e-02
2.084482374821784445e-01
4.119993872380594557e-01
-7.952350234589418143e-01
-6.000750358533861739e-01
4.006237586069373857e-01
1.000005159667035626e+00
3.745691025747071440e-02
-7.987876063769038248e-01
4.152597162569197642e-01
5.241272017460599231e-02
1.820648607256689644e-01
-1.000237069550029112e+00
-2.863469227624537705e-01
4.013210220752596591e-01
1.982525918328087444e-01
5.970560460264075220e-02
1.000003497406384945e+00
9.999712009950775249e-01
9.999310937906370489e-01
9.990896728066671340e-02
6.139285355730830784e-02
-9.999664380329761348e-01
-2.085578966526787092e-01
-3.077838325120855756e-01
9.999681752868794238e-01
-7.898090161900122030e-01
-7.872672205781503507e-01
-6.000488583158504197e-01
-3.025673059347153693e-01
-9.998926814534470076e-01
2.035848665816905045e-01
1.000607379221605947e-01
-6.000681929514304347e-01
-3.045930782265728054e-02
1.000057036261905674e+00
2.046133831168608364e-01
2.120533866385185262e-01
-4.512607746184346680e-02
-2.914176454437328867e-01
-2.990085334065853417e-01
-3.417420288770509074e-01
3.990553630118515716e-01
-3.040757638982855560e-01
9.999998294045751024e-01
9.999488621269013722e-01
6.097350088880768015e-02
1.834505699678316282e-01
2.144408317208277848e-01
6.801267099434996077e-02
-2.304881489815274187e-01
-6.001365726261601585e-01
-1.000010869266118485e+00
2.156182404731289415e-01
-8.862409514236579966e-02
