-5.999489880565214150e-01
-6.000374242290904547e-01
1.000111570300318498e+00
3.885235173958828669e-02
-1.000026392489303806e+00
-8.010770976565348978e-01
-6.001121592418204864e-01
2.306086729787458489e-02
-8.005364023706157406e-01
-2.986625848401988637e-01
1.002547704471025980e-01
-9.999919086289125181e-01
2.081666523472590069e-01
8.302709611863415273e-02
2.001025317326011743e-01
4.227708717070328692e-01
2.811412630994910081e-02
-9.999993472611616863e-01
2.086915598849699571e-01
4.111337525774601959e-02
3.997156828331649980e-01
3.890134933770584835e-01
-3.569036757567297657e-01
-8.062458644373641237e-01
-1.000117725710118144e+00
3.974572649656996082e-01
-2.409905611239858414e-01
-5.999015519184214273e-01
-2.759751915686540213e-01
9.991166876737098135e-02
-1.000008360365966631e+00
-8.000855503472762420e-01
-8.277926255914768161e-01
-1.000032614388688623e+00
-1.077571210332871864e-02
9.999351562123610648e-01
-9.999830538475893427e-01
9.998776547540771942e-01
4.005796673521365148e-01
-6.001024983183127492e-01
1.000120097277672926e+00
-7.978851173782492978e-01
-3.303575876058030825e-01
1.000045173259948017e-01
-3.121269463633966623e-01
3.918906296455673677e-01
9.987588823646151304e-02
1.001441493544151795e-01
9.994725121979697313e-02
1.952918281823579350e-01
-9.999374686519816313e-01
-8.010816263230144951e-01
4.225389410729863959e-01
4.001405308726814769e-01
-3.216394046422179631e-01
-1.000027406695903398e+00
-8.090145806694767350e-01
3.961499485318997205e-01
1.681451796540943053e-02
-9.999252249709483786e-01
-1.142296151267331063e-02
4.083155463301991750e-01
-1.000045511193522918e+00
-2.354410106304090089e-01
-1.000063665560760429e+00
9.995346999099921637e-02
-9.998376427584296788e-01
5.196546823427772299e-02
-8.037068407548529914e-01
3.977261225422598079e-01
-5.999502501111706465e-01
-3.196633853571287376e-01
1.000031149787252438e-01
3.342158038036031203e-02
2.071392614814731303e-01
9.988518951845602734e-02
1.964368061734069748e-01
1.000201824667515726e+00
-1.157593792883248734e-01
-8.159955269729272098e-01
4.092286806065547622e-01
3.891016344195645793e-01
2.065089885849680229e-01
1.967600537364385949e-01
1.000037325270768607e+00
3.974109024697929926e-01
-9.999418395514036995e-01
-6.000220878510095224e-01
-9.998903545932295023e-01
4.410559111278011639e-03
-1.000089022979689490e+00
1.000732601788117959e-01
1.001174357240579987e-01
-6.001000122792695679e-01
-5.737915854921291775e-02
-7.970084846805584045e-01
-7.879490930981413177e-01
-2.959317436958872616e-01
4.016216091021970191e-01
-2.906201005719946107e-01
4.139099083006839708e-01
-8.033870648188734531e-01
-2.494155689817448562e-01
9.998066981646665241e-02
9.996783475271162067e-02
9.998835774870440396e-01
3.999958411747789322e-02
3.995353791520648845e-01
9.987090640623524918e-02
-3.447995524246174615e-01
2.002264919308560098e-01
-2.575434057081067984e-01
-6.000165095807062920e-01
9.998519335332773927e-01
4.126103566219980201e-01
2.114715636164816170e-01
1.000254073997957904e-01
9.999661819514612526e-01
-9.999756138294121355e-01
4.050262921681351824e-01
9.999245485682476398e-01
3.851802709317209139e-01
1.000974786047986037e-01
3.936736028898389916e-01
-6.002151361669378904e-01
4.003135765886421393e-01
-2.902493515227070886e-01
4.030371634254745761e-01
1.000128100581684665e+00
1.000124458346790979e+00
1.000176353026564768e-01
1.974646259646314905e-01
3.888818552382689586e-01
-7.943653347511280272e-01
9.995813476990283997e-02
9.999286717746280750e-01
9.999518934169498996e-01
-9.998892927987780288e-01
-5.999631036228613157e-01
3.889178149275982488e-01
-1.139679683196087590e-03
3.953818668797295932e-01
1.000661266689818474e-01
3.958067468457914795e-01
-5.916914245847144926e-02
-2.457037467910015427e-01
-6.000302602738470936e-01
2.026960783043191827e-01
9.999223758843925891e-01
-1.000041934245734954e+00
-8.014632451186679551e-01
9.999108071588290736e-01
4.011577102184589738e-01
-5.999246626425329687e-01
1.000484346184630363e-01
3.987106337381010612e-02
-3.337822550715321968e-01
-8.037378261180028183e-01
1.960076020611697389e-01
1.000056832166977966e-01
9.999553394411364593e-01
1.962601396889717409e-01
1.815698344593436875e-01
-2.988535471792323484e-01
-9.999530753312229070e-01
4.626602886209796317e-02
4.048069917889017266e-01
-7.869090192482559587e-01
2.075617036679993643e-01
1.000079088909574532e+00
-8.044568366831011952e-01
-6.000680560834096289e-01
-9.998443849482769874e-01
4.099971356501762310e-02
-2.483918174441478721e-01
-5.998329740385786035e-01
-3.638827041606389895e-02
1.999589307999124210e-01
-1.000061869573792173e+00
1.000030266211742402e+00
-8.013754055737164483e-01
3.895101409771775658e-01
-2.788452440636537966e-01
9.999813030354485210e-01
-9.997575252104012877e-01
1.882698736884620000e-02
1.922012867718168039e-01
1.000434397603059689e-01
-7.900012460820980964e-01
-2.664419506905449375e-01
-1.255110602379772011e-02
-3.848542810026820971e-01
1.813155080423725363e-01
-1.419371181306969265e-02
-5.999329827211993260e-01
-6.000393451173139381e-01
3.834421121430488522e-01
9.999938744249657896e-01
1.001049140601666110e-01
-2.976873958917734542e-01
2.034319471371562604e-01
9.984676652636992333e-02
1.000362215842591912e-01
-7.986536369113803602e-01
-5.999510136683504635e-01
-6.001832706092410374e-01
9.998628787741684620e-01
-5.999518962271990219e-01
-5.999854877695642852e-01
9.999506860151650134e-01
2.021019256418862542e-01
-7.840575288079667526e-01
3.927097717156156076e-01
-3.907103310533988766e-02
1.968305471507102722e-01
-8.061264707226895032e-01
-1.000040580805569235e+00
-8.014878625253677447e-01
-9.999706716084206803e-01
1.000076972501380279e+00
9.999258392014139796e-01
-8.026627533812382698e-01
-2.899194245760619015e-01
-4.348898724433128415e-02
-8.007373499815026996e-01
1.000155270598967139e+00
-5.999732673672429906e-01
9.996730486106671087e-02
-1.000107235091477920e+00
4.042406444005773314e-01
2.159510450344861998e-01
1.000119778270996296e+00
-6.001611764119361148e-01
-6.000367258770262779e-01
-2.598727453580657043e-01
9.999731562106517480e-01
1.000567146869627000e-01
1.000117258854499314e+00
9.999558850909900931e-01
-1.000004056666475627e+00
4.050858082407828298e-01
9.985875382428266445e-02
3.871823090256770739e-01
9.999576855981544277e-02
1.120945675605352077e-01
4.026208282866189370e-02
1.946252021758665129e-01
4.036603128472877056e-01
-7.943538727608502326e-01
-6.000948687457366981e-01
4.050353717118605479e-01
1.000046760757534070e+00
8.451083411132466472e-03
-8.211932188876582828e-01
4.025222082585412364e-01
8.702991041067671685e-02
2.008586499395425828e-01
-9.999479817240066737e-01
-3.476564623794117237e-01
4.063296626270539447e-01
1.878533898480528319e-01
-3.551108752366097937e-02
9.999847903150423933e-01
1.000176134589601418e+00
1.000135907925250534e+00
9.990216444554884945e-02
-8.075629093406959391e-02
-9.999387771245878964e-01
-2.341135705506794396e-01
-3.504922413871357501e-01
1.000040255790127119e+00
-7.904559346270860765e-01
-8.016352568017114377e-01
-5.999201043083249862e-01
-3.281144176741705443e-01
-9.999058683098389633e-01
1.885860259395797656e-01
9.998163269527596264e-02
-5.999676820649635367e-01
-6.114070152512754430e-02
1.000165063327840054e+00
2.037189435484997591e-01
2.051509897615979294e-01
-6.162177885247619585e-03
-2.823061304549986938e-01
-3.927647485987639242e-01
-3.059414754700995887e-01
4.000334333519476315e-01
-2.735721657600774792e-01
1.000060511986566869e+00
9.998581618183556285e-01
8.808642594921620855e-03
2.125506696571474452e-01
2.014522547603663782e-01
3.388981292814918084e-02
-2.327289106048169853e-01
-5.999153772265545248e-01
-1.000066602881840350e+00
2.048087997966532015e-01
-4.123464443500924476e-02
