-5.999596540625705687e-01
-5.998733530444483319e-01
9.999460500639467675e-01
8.168352391544785041e-02
-1.000042570514970697e+00
-7.918499474039504271e-01
-6.001336192977674289e-01
-5.592582652986823055e-02
-7.880489851638159404e-01
-2.992296759961389774e-01
1.000390243791642320e-01
-1.000070244050345503e+00
2.143561528042350339e-01
4.898899537492613226e-02
2.032868448937424632e-01
4.213229314611885434e-01
-2.893482796055066308e-02
-1.000100866716743475e+00
2.043831075500692485e-01
9.131501686784504468e-02
4.028838490520499915e-01
4.064010949359973535e-01
-3.357929247890436564e-01
-8.182038183672682985e-01
-1.000147280299285679e+00
4.142829799197529916e-01
-2.863417392520922200e-01
-6.000260319962670286e-01
-2.720813537808203786e-01
9.996699523739345505e-02
-1.000051047321973030e+00
-8.189012306130316610e-01
-8.033783438778113739e-01
-1.000037947951472272e+00
2.081203250560296342e-02
9.998237795201042610e-01
-9.999946842276331571e-01
1.000219325631283906e+00
4.011394322271304436e-01
-5.999071694155176937e-01
1.000087295336562709e+00
-8.123481422214143821e-01
-3.234614422198433537e-01
1.000145205934177273e-01
-3.604449387825404139e-01
3.937019767111065160e-01
9.995594862644457956e-02
9.999303639864261239e-02
1.000795391810497814e-01
1.922994292790157489e-01
-1.000054261621681873e+00
-7.960364303405818021e-01
3.937613522343960115e-01
4.129159200181524159e-01
-2.946096275676117204e-01
-9.999974909858220240e-01
-7.931853287445345124e-01
4.011651759792940197e-01
-3.395779743163241521e-02
-1.000138640868041051e+00
8.984102412903163803e-03
4.232808794741296232e-01
-1.000022314329790163e+00
-3.308508976493928500e-01
-9.999004325323241904e-01
1.001378513588026820e-01
-1.000155778849676658e+00
-2.988626332305160949e-02
-7.857058354057765426e-01
4.232786347442762387e-01
-5.998416753252235889e-01
-3.804648128931430451e-01
9.991175674633347159e-02
-8.565542199319746419e-02
2.053152250683561997e-01
1.000131480624757013e-01
1.902028764081426793e-01
9.998618205174831797e-01
-9.381532134603925988e-02
-8.117007958487162389e-01
4.022636869138634941e-01
3.955417273669409317e-01
2.137378178188392985e-01
2.009621993926072880e-01
1.000059737489247036e+00
3.986094984822722842e-01
-1.000021514909258613e+00
-5.999814350371545091e-01
-1.000076609251748128e+00
2.914750792330324247e-02
-1.000059106993329117e+00
1.000376529998512620e-01
1.001788492842662776e-01
-6.000532253156931617e-01
-5.769265164692863324e-02
-7.941471901933429001e-01
-7.949892644996334745e-01
-2.816899854678893700e-01
3.868978809314135847e-01
-3.575635078257753396e-01
3.934493681863230341e-01
-8.127904739634140840e-01
-3.348284090496538856e-01
9.996634212279459364e-02
1.000918553491094848e-01
1.000048975110298999e+00
4.845342016371292915e-02
4.097627221276671783e-01
9.998447722856733388e-02
-2.328956563840658411e-01
2.041904430954945004e-01
-4.153100431835069495e-01
-5.999726751840233074e-01
1.000147777127094795e+00
3.903914475204828816e-01
1.823880277093752333e-01
1.000475558036628132e-01
9.999864186631867158e-01
-9.998874788066678398e-01
3.946291943165199378e-01
1.000034072912176830e+00
3.948869077611614209e-01
1.000907628705556690e-01
4.167892986478742290e-01
-6.001326536860058791e-01
3.921068416615342556e-01
-3.144879618738319338e-01
4.182112571436941706e-01
9.998856156313477017e-01
9.997822334437868053e-01
9.994653031045892810e-02
1.920925216190763618e-01
3.985328153057280942e-01
-8.107170711075296632e-01
9.989478667483203678e-02
1.000237250661309085e+00
9.998652762336958100e-01
-9.999813709544819185e-01
-5.999624199728949003e-01
4.013893796962524907e-01
2.230427861140970094e-02
3.996109582217629019e-01
9.995406471584088182e-02
4.041464340367911801e-01
-8.030245558707101161e-02
-3.409950562878172886e-01
-6.000630384272507278e-01
1.959455202203496393e-01
9.998247815490542978e-01
-9.999517319505700774e-01
-7.989562853268409315e-01
9.999138204889548298e-01
3.871793191326323158e-01
-5.999646789820740622e-01
1.000389048762879984e-01
4.388649593220676770e-02
-3.015019982153579470e-01
-8.123156702805758300e-01
2.035924325426787806e-01
1.000130229460436809e-01
1.000043065797159736e+00
1.876445728556849213e-01
1.975590271078182802e-01
-3.050873609789672702e-01
-1.000097303322232234e+00
-3.014035921958158060e-02
3.919640031295946736e-01
-8.167456841033625681e-01
1.929986243202621576e-01
9.998925494097367084e-01
-8.138592336911254499e-01
-5.999618460571540801e-01
-9.999335992724061040e-01
4.824472706636790537e-02
-2.294414644101217815e-01
-6.001166507684089213e-01
-6.018234563466711567e-02
2.166544885936930454e-01
-9.999077602508080753e-01
9.999661323300896854e-01
-8.084068865741771415e-01
3.778491649718711543e-01
-3.035755322963554770e-01
1.000180928331575458e+00
-9.999623785384620378e-01
1.349310886459393483e-02
1.894269240201206517e-01
9.993880873128907494e-02
-7.916144052197879866e-01
-2.664242847199896347e-01
-3.334957107069982246e-02
-3.633068221230319472e-01
1.858558845601173404e-01
-6.335419593539808047e-02
-5.999843707908739665e-01
-5.999406827342982362e-01
4.149793266093071420e-01
1.000000366251309947e+00
9.987404631024922319e-02
-2.181507133504342333e-01
1.986045834923993170e-01
9.995167233691321096e-02
1.001270287736705372e-01
-7.891863032443204862e-01
-6.000004066937149050e-01
-5.999958662454999425e-01
1.000190947085096704e+00
-6.000301889861127114e-01
-6.000128099040361596e-01
9.999813034477945672e-01
2.144065716546132705e-01
-7.885540547925746768e-01
3.967305779546554945e-01
5.018241364919003022e-02
1.897014901079114857e-01
-8.068113634740613493e-01
-1.000025877703693666e+00
-8.067939454276793487e-01
-9.999897520532533557e-01
9.999306913751379033e-01
1.000186161339436719e+00
-7.959121669422720702e-01
-3.085453748762589377e-01
1.327310936829440013e-02
-8.119788038399254892e-01
9.998559002517146688e-01
-5.999781618509626435e-01
1.000108632859951774e-01
-1.000110727976965208e+00
4.108591226760507920e-01
2.132357740135844837e-01
1.000078190094816577e+00
-5.999307511750249233e-01
-5.998955984768445937e-01
-3.541536984529771170e-01
1.000033261199502643e+00
9.994826744804513607e-02
1.000052155668062825e+00
1.000005485777542447e+00
-1.000103331553263253e+00
4.046198823049755866e-01
9.987422445305049745e-02
3.986321763868397317e-01
9.996715800387982742e-02
-5.351471576304537431e-02
4.017677783277491532e-02
2.083990867020067972e-01
4.065711569396389669e-01
-7.919958754069598150e-01
-5.999604931494045834e-01
3.935295911250809020e-01
9.999936834926604901e-01
1.749912258706691134e-02
-7.951744647025601465e-01
3.872908639418830012e-01
2.451003963396649471e-02
2.104413447288733530e-01
-9.998684437423239757e-01
-3.291856729015354976e-01
3.968645912466006731e-01
1.890644541093609854e-01
-1.531206264161576527e-03
1.000045849863071101e+00
1.000106684372362942e+00
1.000088924691089121e+00
1.000101989493070997e-01
-1.904277632282254037e-02
-9.997320029788985263e-01
-2.941717443835764056e-01
-2.932511320653429787e-01
1.000083682626323300e+00
-8.103261880707604004e-01
-7.960207257186621144e-01
-6.000123053335040257e-01
-3.624215740725456047e-01
-1.000045233129985167e+00
1.965175349570262575e-01
9.992996096510402271e-02
-6.000064094690753524e-01
5.614494088961093088e-02
9.999475660226043727e-01
2.010484281907105319e-01
2.069865903390576689e-01
-4.055120952457522132e-02
-3.088502118551118558e-01
-3.566036081547379055e-01
-2.871466150779442006e-01
4.078958795347623068e-01
-3.535677469715186039e-01
1.000067518184120763e+00
1.000012707611605878e+00
-6.190853135660208395e-02
2.070666156303241356e-01
1.908703429978370059e-01
4.627089094755688914e-02
-1.879508847425780949e-01
-6.000453143072740358e-01
-1.000100440100852417e+00
1.735656511500174859e-01
-4.455402710181387976e-02
