-5.998318642778632803e-01
-5.999381932913057103e-01
9.999613820074658710e-01
-7.390980172462577324e-02
-9.997182280387355569e-01
-8.052861336739478570e-01
-6.001424751009076797e-01
3.800160975567375837e-02
-8.208910298022681351e-01
-3.276020772523464131e-01
9.988679447072716655e-02
-1.000054790776888858e+00
2.090150662389442526e-01
-5.256347688617777486e-02
2.045532486543547857e-01
4.024963637741544309e-01
3.506472147696747949e-02
-9.999047529737697948e-01
1.703442799043162759e-01
-3.220693033007662742e-03
4.078496621587944793e-01
4.149912496287880836e-01
-2.934404757365335348e-01
-8.059610721169079284e-01
-9.998184052436414060e-01
4.117346772596767179e-01
-3.629059965628734785e-01
-6.001662370463130003e-01
-3.000682048139199920e-01
9.993285517943220619e-02
-9.998153604728251542e-01
-7.944528673801588559e-01
-8.093476759980764434e-01
-9.998992601056181373e-01
-2.647138462271303450e-02
9.999673916486531144e-01
-9.999156193661774550e-01
1.000142253685654570e+00
4.113327059393935281e-01
-6.000452248244532161e-01
1.000054237136623003e+00
-8.054286552932520271e-01
-3.203388990169895312e-01
1.001219080548520490e-01
-3.045133585004841104e-01
3.981664453754117927e-01
9.980623351143094735e-02
9.987775562736504742e-02
1.001274009913503266e-01
2.160691631891139275e-01
-9.999500393814434451e-01
-7.940639378959415406e-01
4.008906142847786236e-01
3.901815352745133803e-01
-2.378654446651253807e-01
-1.000056006267539654e+00
-8.011022234655588159e-01
4.090615975459925835e-01
-6.431399240082015523e-02
-9.999095472312268251e-01
1.366397266695792978e-01
4.021381944052320745e-01
-1.000010114347702928e+00
-2.602856786032611280e-01
-1.000107283071306252e+00
9.997653651946017406e-02
-9.998171543336847877e-01
-2.183923039092481450e-02
-8.023949279184559025e-01
4.032594731304699476e-01
-6.000303162188793671e-01
-3.866457968626784703e-01
1.001085531538941503e-01
7.629356429253277005e-02
1.912375166222601008e-01
1.000275323157556323e-01
1.869193636319873564e-01
9.998173973902724221e-01
9.235339542874052010e-02
-7.820062507570756383e-01
3.944269035941537771e-01
4.005385888764881330e-01
2.020235489854221300e-01
2.058258204408041914e-01
1.000064649389823090e+00
3.986503072677183845e-01
-9.998808892180647279e-01
-6.000119494383345797e-01
-1.000047409591958925e+00
3.149585502997960876e-03
-1.000101112946857773e+00
9.990754636198852234e-02
1.001526046077296367e-01
-6.000173576182445956e-01
-9.354673821270899359e-03
-8.037607121851080283e-01
-8.196062176895488882e-01
-2.772511710583880906e-01
3.943914778247878394e-01
-3.966712210514741210e-01
4.114071637643086921e-01
-7.850656846732898542e-01
-2.647816353459576111e-01
9.990117089367123171e-02
1.001601629024616441e-01
1.000029384593045689e+00
-3.237129052384048883e-02
4.029224440145546260e-01
1.001291243536230058e-01
-2.606427231409714218e-01
2.048355755434943803e-01
-3.086836296632640142e-01
-6.000320779045293929e-01
9.998889942294175714e-01
3.982435157735364495e-01
1.977477270832107559e-01
9.988923831361001815e-02
1.000017642265036644e+00
-1.000007400100365151e+00
3.929954648041077414e-01
1.000082934149935321e+00
3.930127517699619211e-01
9.989370517315285247e-02
4.165466399496164929e-01
-6.000075917639982048e-01
4.060917226010717918e-01
-2.690837103509616246e-01
4.125050677013473721e-01
9.999249630074140693e-01
9.999328793761714795e-01
1.000097957149516381e-01
2.063001902816142541e-01
3.907914908487173378e-01
-8.015196185669529738e-01
9.980932963733057939e-02
9.999586666314663752e-01
9.999326736656082293e-01
-9.997603568277557695e-01
-5.999414538744713976e-01
4.157281687017103100e-01
-3.153249490492826546e-02
3.998783139442163570e-01
9.998866576423717789e-02
3.827943368249500100e-01
7.046584795127233854e-03
-2.486914359037901701e-01
-5.998564535589631097e-01
2.068559738118953550e-01
1.000239696637469144e+00
-9.999146154159296307e-01
-8.061410220960611994e-01
9.999354338798983610e-01
3.945285174128129180e-01
-6.000530980512723822e-01
1.002705161296957581e-01
1.022813454538335637e-01
-2.764390279552463858e-01
-8.021563249075435165e-01
1.930404840771615671e-01
9.996842479099138368e-02
1.000268778707916306e+00
2.123547906598933777e-01
2.147767530765619937e-01
-3.484949769833026734e-01
-1.000034525865985957e+00
2.960166432580662102e-02
3.969716625614719829e-01
-8.078942414656835602e-01
1.957468140048186089e-01
9.999785048968369283e-01
-8.080032999789636960e-01
-5.999823842108420457e-01
-1.000059580953810201e+00
-1.002098350314886178e-02
-3.297678837957148112e-01
-6.000378081413875186e-01
-7.939882611214389707e-02
2.032357156202260207e-01
-9.998920920346870966e-01
9.999947258949659634e-01
-7.842747063374103655e-01
4.085091511747325210e-01
-3.092310083514516750e-01
9.998929199344477325e-01
-1.000040977801839981e+00
1.337562272159997095e-02
2.091832600480852677e-01
1.002028664375177458e-01
-7.958094441177999689e-01
-2.518792497409741982e-01
2.544499342659206631e-02
-2.875017946028500804e-01
1.991230510690574773e-01
4.445021481190808421e-02
-5.999111804707510931e-01
-6.000726675360352758e-01
3.903175101766617194e-01
1.000014055050014505e+00
9.996570085248060455e-02
-2.348955817012024494e-01
2.015161165088555084e-01
9.997832984555365954e-02
9.986312502113937895e-02
-7.865259027358788568e-01
-5.998941575740753818e-01
-5.999310757362787960e-01
9.999319572264413480e-01
-6.000429986823356820e-01
-6.000451790566079247e-01
9.998933154425909686e-01
2.102431070217181397e-01
-7.758235348975055512e-01
4.023769341175842396e-01
-6.651191899546772535e-02
1.948390953310404350e-01
-8.212608994853851652e-01
-9.997861798793447052e-01
-7.968312042851020127e-01
-1.000015453111788855e+00
1.000012312994484454e+00
9.999159376426984824e-01
-8.029914966112394747e-01
-2.668935432751868841e-01
-2.713655982281110851e-02
-8.108434632839319756e-01
9.999107693248573403e-01
-6.000460220875023509e-01
1.001607748346269033e-01
-1.000011482466282020e+00
3.864978262774385609e-01
2.067252061734869972e-01
1.000022542792713631e+00
-6.000836998364005304e-01
-5.998919942882127154e-01
-2.429999045259762236e-01
9.999860627105853217e-01
1.000219518726264689e-01
9.999842046108831095e-01
9.999307850844064705e-01
-9.999804955041624588e-01
4.100454436988762996e-01
9.992806977638639399e-02
4.043108806053145043e-01
9.989403083459012789e-02
1.357345890980820625e-02
1.134863169797145632e-02
2.142442680999414317e-01
3.814594980844954186e-01
-8.135092487219375279e-01
-5.998617610039874704e-01
3.960764744958285011e-01
1.000176064222932260e+00
6.247787436541157174e-02
-7.945106616391903742e-01
4.041359421522596751e-01
4.562925820043059466e-02
1.866802853629366266e-01
-1.000120375804991468e+00
-2.893844515816109686e-01
3.896150168668399694e-01
2.068652528201872509e-01
-3.834117167041779795e-02
1.000056188738420504e+00
1.000065205159909265e+00
1.000045709695761342e+00
9.996371076021522140e-02
8.627566494306288317e-03
-1.000152014634276609e+00
-3.601276635037377050e-01
-3.671617635976403005e-01
9.999624037393357590e-01
-7.993240861310599854e-01
-8.020346390259436298e-01
-6.000057113165379041e-01
-3.496048745126228985e-01
-1.000128203399477167e+00
1.885868415483671345e-01
9.997638970359910837e-02
-5.999556542703107231e-01
-2.325189661885128725e-02
9.999335950661517591e-01
1.962204853684274275e-01
2.118459087072842306e-01
-4.533068607940361067e-02
-3.464477633074385943e-01
-2.786891657532702959e-01
-2.681692517527960451e-01
4.057760342590848723e-01
-2.689549519397677613e-01
9.999594766839494664e-01
1.000179761624971242e+00
5.033778740269017997e-03
1.832379081575619961e-01
1.823710856063876229e-01
3.460222723366314368e-02
-2.602143395789524583e-01
-6.000526038779723237e-01
-1.000117721465863641e+00
2.003473566558843788e-01
-2.940367998884864734e-02
