-5.999863070587194702e-01
-6.001852560449494334e-01
9.998305498622735987e-01
-1.069783322002800440e-03
-1.000152190969477273e+00
-7.929775796837302826e-01
-5.999659487714219530e-01
6.847196927659073527e-03
-8.052229269631733244e-01
-2.983470077188734026e-01
1.000536580122890484e-01
-9.999701529786712006e-01
1.936451801522757199e-01
4.916819230675850694e-02
2.072624030149420871e-01
3.818315392745064707e-01
9.958430847073385106e-02
-9.999379419728997576e-01
1.876951863463675596e-01
-5.718898422819668204e-02
4.105858643943351982e-01
3.961663097079954898e-01
-1.794351690060544402e-01
-8.092709038588100645e-01
-9.998207635130351711e-01
3.881899852449258725e-01
-3.570693345142084696e-01
-6.000468496425734877e-01
-3.269254161191473274e-01
1.002216076688442342e-01
-9.999648344542259037e-01
-8.093352256968091574e-01
-7.979944926905938596e-01
-9.997930783239815655e-01
8.470717480121960075e-02
9.998623984652498242e-01
-1.000089610594152134e+00
1.000166718887293804e+00
4.115496654043399594e-01
-6.000428564015612976e-01
1.000077259533101781e+00
-8.066773856600776282e-01
-3.786465933772992232e-01
9.991642856785244720e-02
-2.528371347225354393e-01
3.976378946032692596e-01
1.000275814815067277e-01
9.998091751561537233e-02
1.001982967676566666e-01
2.038342265651042484e-01
-1.000182208488691993e+00
-7.934400101707351771e-01
4.060123160674144471e-01
4.048646020375273880e-01
-2.183382243683904544e-01
-9.998917917471736860e-01
-7.976539117375991417e-01
4.030776974383393774e-01
-6.072886072364367532e-02
-1.000057228228493855e+00
4.880264491754999351e-02
4.183626359718319310e-01
-1.000079757289809912e+00
-3.505418281991484197e-01
-9.999799350695284250e-01
9.998337602896043008e-02
-9.999934033522114296e-01
1.151278664396576841e-02
-8.107129657960921998e-01
4.039863694059216415e-01
-5.999840752524953080e-01
-2.989922921937717137e-01
1.000093348342003807e-01
-3.328311564881845930e-02
1.990282265882678536e-01
9.999396785094290252e-02
2.096774934055803119e-01
1.000051169444041488e+00
-2.091934642126203753e-02
-7.863495303963464744e-01
4.146979019159631741e-01
4.131253328495629318e-01
2.040969046369091044e-01
1.891920644981293087e-01
9.998148708724844402e-01
3.830142843901488403e-01
-1.000119755002513822e+00
-6.000757319420819691e-01
-1.000030824182139622e+00
-2.912457002834723668e-02
-1.000162542643908248e+00
1.000395217535225006e-01
9.994350471633124677e-02
-6.000324213690346742e-01
-4.939231193655226754e-02
-8.019701925618291094e-01
-7.754711089859143147e-01
-3.913004700724240781e-01
3.983109067321539132e-01
-3.700726481293614145e-01
3.925628647867579479e-01
-8.036847580483073017e-01
-3.147770256163440195e-01
9.993943300210139657e-02
9.999810680505966110e-02
9.999021666881615644e-01
6.004816424803254699e-03
3.795786797937843460e-01
1.000064232860915781e-01
-3.115747089847951123e-01
1.978594577790013520e-01
-3.056091461271141507e-01
-6.001094349992440735e-01
1.000196602249240785e+00
4.039720652256040823e-01
2.051705682461712199e-01
1.000830101922613458e-01
9.999761924534950053e-01
-9.999038641067963251e-01
3.925331975494691372e-01
1.000041067189507915e+00
3.815981698474945061e-01
1.000963079195917871e-01
4.007105582679123534e-01
-5.998266729840316946e-01
4.035223655202050952e-01
-2.611252180955708768e-01
4.073516176793761101e-01
9.999740591155318326e-01
1.000012056605757760e+00
9.993111466450008140e-02
1.924900925680390895e-01
4.125154609087277047e-01
-7.912649726689163776e-01
9.998566009488955852e-02
9.999314916033861245e-01
1.000092073279895910e+00
-9.999118875993218136e-01
-5.999629080145647553e-01
3.995001278994128047e-01
-2.129755949753780325e-02
3.930792195201875394e-01
9.992290377181976824e-02
4.015484395842151555e-01
6.648505273756115386e-02
-2.631173809946943942e-01
-5.999856186755228027e-01
1.944231755095706393e-01
9.998109862939111858e-01
-1.000113376079367455e+00
-8.008341776002771972e-01
1.000073882629319399e+00
4.119418496628011184e-01
-6.000844470204063086e-01
1.000927636333820009e-01
-7.272956634347277523e-03
-3.444991199587230102e-01
-8.013501296806017082e-01
1.979590277634453999e-01
1.000871214878022303e-01
9.999598332060074535e-01
1.779556299396051755e-01
2.085731038352574840e-01
-2.934350300857745397e-01
-9.997456951092069666e-01
-2.861145732528877494e-02
4.066154039253270236e-01
-8.131326788807747841e-01
1.903725316660978828e-01
9.999423780871635747e-01
-8.073663173052231246e-01
-5.999707382356754826e-01
-1.000008435181098720e+00
-1.208481298867247235e-02
-3.723833304357355711e-01
-6.000126358832564843e-01
-5.731841828033112235e-03
2.041339126799651960e-01
-9.998174657713673197e-01
1.000017094698502973e+00
-7.961281124851663504e-01
4.144912509185165739e-01
-2.905300051842244491e-01
9.999278376748454988e-01
-9.998908100414655165e-01
2.499093574372583670e-02
1.904188241672223614e-01
9.994960188675951207e-02
-8.060614083599875190e-01
-3.460581759078531494e-01
-1.815613431151234455e-02
-3.508536595129010394e-01
1.931674343710660102e-01
-2.235973738577131525e-02
-5.999332507815705595e-01
-5.999430314425922006e-01
4.061859696093325089e-01
1.000085926005262360e+00
9.994704609058449596e-02
-3.740648138847985638e-01
1.915746784388243085e-01
1.000007559205534774e-01
1.000257200244664413e-01
-8.219995266598540962e-01
-5.998103535860958013e-01
-6.001067317819522851e-01
9.998599630325203380e-01
-5.999447595098599262e-01
-5.999778800272046464e-01
1.000054044119681462e+00
1.818346980717039929e-01
-8.058020700407185766e-01
4.112377265873325971e-01
4.443279872816794165e-03
1.820488891724596492e-01
-8.078026958190042128e-01
-9.999030841103672129e-01
-8.104305111749545709e-01
-1.000072947691279301e+00
1.000021790989183312e+00
1.000030661435831192e+00
-8.101200436090352230e-01
-2.599496524026525535e-01
-1.130906337674991800e-03
-7.946264669124014635e-01
1.000089687970701524e+00
-6.001943256244948177e-01
9.987789345499249738e-02
-9.997876914253013281e-01
3.759499251048913915e-01
2.181741720042260080e-01
9.999893858963632143e-01
-5.999866451143598400e-01
-6.000046733034162250e-01
-3.116305388248866715e-01
1.000131302245880871e+00
1.000356896513911187e-01
9.999119403198770684e-01
1.000084200632454401e+00
-1.000061631073002832e+00
4.064995774384379534e-01
1.000374505220112259e-01
3.885078027987485805e-01
1.000968454486553805e-01
-9.192397996298785900e-02
9.242650667767104977e-02
1.999258258976954750e-01
3.941522547437013024e-01
-8.107900325166865763e-01
-5.999588997742261176e-01
3.997954920825344538e-01
1.000156143732451319e+00
-2.782213104755645872e-02
-7.913045956161957051e-01
4.070597816801068691e-01
-1.443028753439649058e-03
2.196383198368383194e-01
-1.000045458556048761e+00
-3.892752106170163096e-01
3.998987687041711259e-01
1.915424398900163194e-01
-6.403159431621290032e-02
9.999854646227953614e-01
1.000080003830444486e+00
9.999065093884021982e-01
9.993928755015028809e-02
2.397346127946564653e-02
-1.000029391162281511e+00
-3.176283083414127018e-01
-3.014529901492739583e-01
1.000026235183481882e+00
-7.930854857452308559e-01
-8.117240921871555770e-01
-5.999812627789877784e-01
-2.888143987891372833e-01
-9.999063020345311248e-01
2.011092807767092816e-01
1.001530835464184560e-01
-5.999847413821722819e-01
-7.393194631727256078e-03
1.000199599403272854e+00
2.055245398269856527e-01
2.136448977559965989e-01
2.958230391437827178e-02
-2.312613364310195097e-01
-2.647414949273148577e-01
-3.458830353063740981e-01
3.904229287249733615e-01
-2.563836181677320303e-01
9.996865814125439620e-01
1.000030352664871947e+00
-2.464448456739315452e-02
1.979953080896287021e-01
1.923424959905893905e-01
9.798019896337117896e-02
-2.849899012834886669e-01
-6.000233153935112806e-01
-1.000002757519177665e+00
2.068563569833810345e-01
-1.504180634144500553e-02
