-6.001395757687130184e-01
-6.000962758162372568e-01
9.997472655143370135e-01
7.943058176835697537e-02
-9.998052009281995778e-01
-8.085643855722078888e-01
-5.998400863505752856e-01
1.968783179685600071e-02
-8.000084497783277460e-01
-2.893366449426449938e-01
1.001437849790285523e-01
-1.000157284517279699e+00
2.155032434625974713e-01
6.915421742067465183e-02
2.008451482385649189e-01
3.823506297907113827e-01
6.313146580362809235e-02
-9.999422328875441357e-01
1.894801562469860812e-01
-6.789550638207009214e-02
4.021112350045057404e-01
3.979000378050488451e-01
-2.319827058595971270e-01
-8.031769501718284410e-01
-9.998838304059670667e-01
4.218296090644690355e-01
-1.830273903910686339e-01
-6.000677675686438839e-01
-3.595568421885091404e-01
1.001898646399189546e-01
-9.999045483093585984e-01
-8.092570895672872577e-01
-7.987360157674282535e-01
-9.999296537466395574e-01
2.320376593077298766e-02
9.999643649640109766e-01
-9.999571372954979553e-01
9.999742984342040453e-01
3.944932422706026176e-01
-6.000882728561112156e-01
9.999345831258664719e-01
-7.963757682657648385e-01
-2.738984593703707171e-01
1.000119548558637966e-01
-2.709532587536978010e-01
4.053468255421226463e-01
9.988949300838405321e-02
1.000335464318275192e-01
9.996823325382436787e-02
1.895272690511289881e-01
-9.999498241506212803e-01
-8.076921408933683821e-01
3.981063155372120965e-01
3.928836131270833087e-01
-2.111191903536323577e-01
-9.999176543303150977e-01
-7.973014454319043987e-01
4.062354471904179309e-01
2.208003830434399767e-02
-9.999748030255547482e-01
-6.533428560354888337e-03
4.135873196418146103e-01
-1.000015493634135222e+00
-3.092008784255269038e-01
-9.998470307302050886e-01
1.000162054610806428e-01
-1.000009904980783348e+00
5.876771886953507940e-02
-7.946230480634237647e-01
3.944266559759769253e-01
-6.002588249212429394e-01
-2.884268063503098167e-01
1.000041767665821590e-01
-2.031627463132474470e-02
2.310160430704596146e-01
9.987086013737492274e-02
1.937053815798899514e-01
1.000076435261303187e+00
5.248625602266877854e-02
-8.031378595122162789e-01
3.957891226408797314e-01
3.862476632298545987e-01
2.029620249918997199e-01
1.903103612345766193e-01
9.998865567399223275e-01
4.064644435867247885e-01
-9.999228563564722672e-01
-5.998581686095997290e-01
-9.999704483913232078e-01
6.956643462239468778e-02
-9.999222857913931950e-01
9.983350566807930315e-02
1.001239992488457270e-01
-5.999942031797531605e-01
-7.165386948421204050e-02
-7.978011594305244314e-01
-7.818143318793642216e-01
-3.543258826149803253e-01
3.989856254806043445e-01
-2.980927984002131326e-01
4.192219989126505508e-01
-8.067956968126253070e-01
-3.125452962448991845e-01
1.000281626623212017e-01
1.000535615470274226e-01
1.000077553973445665e+00
2.898974465864968819e-02
4.025822653040910248e-01
9.996411071441563267e-02
-2.770496592062088315e-01
2.294668112199440002e-01
-3.173847914099183209e-01
-5.998728093351025636e-01
9.999417072003018436e-01
3.970496024188719386e-01
2.059914934056424896e-01
9.980839371401131754e-02
9.998867758098840541e-01
-1.000079354711215229e+00
3.948769909949692569e-01
9.998430130846510666e-01
4.002844404841701120e-01
1.002416683961250277e-01
4.054245743975473104e-01
-5.999032889505262478e-01
3.996774337258645615e-01
-2.820828937846078244e-01
3.861557070038220130e-01
1.000168362703889979e+00
1.000103695434117368e+00
1.000440923387799219e-01
2.158332980405262558e-01
4.043740667045752635e-01
-8.141885549772306385e-01
1.000181358500791123e-01
9.997683901546617902e-01
9.999915199303047730e-01
-9.999557052273521096e-01
-6.001089323814648990e-01
3.986168321769376077e-01
8.549692076222306647e-02
3.930146131236849638e-01
9.996395382145954744e-02
3.809062532926509315e-01
6.634349221069996139e-02
-3.306052432369690486e-01
-6.000166141184292146e-01
1.935471367381690067e-01
1.000089078228196149e+00
-1.000046162595927823e+00
-7.989623473305341728e-01
9.998735233044617754e-01
4.081458047916312060e-01
-5.999618737719356609e-01
1.001013143192841376e-01
6.346895726406556748e-02
-3.743399892192080802e-01
-8.046746126086743445e-01
1.952792117970877095e-01
9.997869440336262792e-02
1.000154183664702101e+00
2.009119375619655701e-01
1.858763273626520551e-01
-1.945319101701729614e-01
-1.000055152046053886e+00
4.726479890452792154e-02
3.973333801129912413e-01
-7.949225183900664460e-01
1.826796813156999766e-01
9.998585140183159359e-01
-8.097408609972364113e-01
-6.000765044187649222e-01
-9.999562136554095426e-01
7.577097007808680784e-02
-2.941869926394241053e-01
-6.000872427067971415e-01
-8.980182768430268470e-02
1.870687353120199514e-01
-1.000013213621194552e+00
1.000026097446200302e+00
-7.951011640045779760e-01
3.975913576284771933e-01
-2.771256473326369485e-01
1.000140000414900365e+00
-1.000153380256551428e+00
4.225342561138667463e-02
1.793380151574221759e-01
1.000883965536906589e-01
-8.104614105302974103e-01
-2.931691578846048474e-01
4.395099010628968073e-02
-2.755929849281141819e-01
1.891799786820122231e-01
-1.842823333126426561e-03
-5.999455950894191369e-01
-6.000009244547220844e-01
3.970066327600082490e-01
1.000110367906894782e+00
1.000595909415909202e-01
-3.564805407216025124e-01
1.819159810657896004e-01
1.000810077035125950e-01
9.993553687917472450e-02
-8.037856484082273045e-01
-5.999148037873294204e-01
-6.000674926247780983e-01
9.999468301495433309e-01
-5.999081859191537358e-01
-6.000448584987640999e-01
1.000016505272879330e+00
1.867418231959247221e-01
-8.031773361476084450e-01
4.023588248312607307e-01
-1.892228658532380328e-02
1.982810455405807359e-01
-7.948170621346573039e-01
-1.000016505780462195e+00
-8.166935979891017938e-01
-1.000001265357446600e+00
1.000063283490516541e+00
9.999880226780367698e-01
-8.055595379794174837e-01
-2.384355553959120466e-01
-3.090043225011141620e-02
-7.921730860937359342e-01
1.000033803234135377e+00
-6.001802311047240712e-01
1.001579568683380744e-01
-1.000091835689098430e+00
4.130257415966906986e-01
2.021297754291535576e-01
1.000020029846633518e+00
-6.000019093922470681e-01
-5.999763602567671494e-01
-3.972305602884334541e-01
9.999278460809314373e-01
1.000337958134885630e-01
9.998554466341205149e-01
1.000114704502355956e+00
-9.998969860867962245e-01
4.078353477943758576e-01
9.992405723316108435e-02
3.999670044652452461e-01
1.002021356015056625e-01
5.818912514593883867e-02
-1.648650488945616749e-02
1.903658772856084147e-01
3.995885734720599491e-01
-8.046918225538726155e-01
-5.999576070916302628e-01
4.007625282135111044e-01
1.000008194255057381e+00
-7.857320996628945273e-03
-7.876313154146716844e-01
4.019253730558612903e-01
4.594326759972714586e-02
2.008320151719039937e-01
-9.998091918890856800e-01
-3.636907669550097921e-01
3.838402110980661530e-01
1.937403128260590246e-01
5.017515605917257510e-03
9.998782113317262743e-01
9.999183141310338252e-01
9.998050496196975168e-01
9.989289076008896207e-02
5.392150766585589866e-02
-9.999320553564992053e-01
-2.722347237137646703e-01
-3.715281582201924726e-01
9.999258179157508586e-01
-8.025131146180808361e-01
-7.938944561734598837e-01
-6.000489087774732999e-01
-3.326310783495239343e-01
-9.998437465278089409e-01
1.861748122466063693e-01
9.990598750624074542e-02
-6.000080460227728008e-01
-3.247165653583487105e-02
9.998939811495179963e-01
2.059428429614192646e-01
2.015086213351149347e-01
-5.332270818039657606e-02
-3.232043333865842749e-01
-2.947959655576542493e-01
-3.177005863012113407e-01
4.133364484182244780e-01
-3.030975779757343891e-01
9.998828895171052444e-01
1.000078747114498290e+00
-1.441786988277963990e-04
2.177357844486066119e-01
1.852123372304021465e-01
2.926701345738916271e-02
-2.901810230782362887e-01
-6.001518349601038249e-01
-1.000045488893961387e+00
2.048237323727087889e-01
-3.726036680017574126e-02
