-6.000111014127510467e-01
-5.998097982348760127e-01
1.000101866033701548e+00
6.666389018454534077e-02
-9.998698302321348264e-01
-7.864095557742409870e-01
-5.998888580670399540e-01
-8.785701111562818633e-02
-8.087087707483701093e-01
-3.193949075108365454e-01
9.991675611662576006e-02
-1.000054665517904340e+00
2.168305398681717178e-01
6.804355040968743107e-02
1.979524237243571461e-01
3.915521985083950107e-01
1.209914511771950467e-02
-1.000029152492837747e+00
1.945604034428439766e-01
-6.915584578232562840e-02
3.910224379385177640e-01
3.966227162950147767e-01
-2.260430383780434038e-01
-7.893733717529056726e-01
-1.000008665000785779e+00
4.032926635485267197e-01
-3.060862968388991523e-01
-6.001700246458543386e-01
-2.440841749827121210e-01
1.000092688643123839e-01
-1.000074205056720844e+00
-8.032325925509110620e-01
-7.954861728101788598e-01
-9.998592105890246051e-01
2.885584817553141224e-02
9.998926219924954006e-01
-9.999905145800664918e-01
1.000171886991128467e+00
3.967355843012332905e-01
-5.999154981760195238e-01
1.000204092025886116e+00
-8.101850009894688842e-01
-3.420701201875701036e-01
1.001585266452412470e-01
-2.623247046017551654e-01
3.903319292287245057e-01
9.984503239800686381e-02
1.000437810470562600e-01
9.990805176916404962e-02
2.001362999253441521e-01
-9.998245845697030232e-01
-7.969187917559067413e-01
3.982556822256095863e-01
3.919417594989918485e-01
-3.860435481999413554e-01
-1.000135158688924220e+00
-7.866704303604059589e-01
3.890135853123779519e-01
6.671879321759145720e-02
-1.000025252964407363e+00
-1.549315697569105844e-02
4.093903230676311233e-01
-9.999398758839261880e-01
-3.283303613445211488e-01
-9.998362387139926311e-01
1.000909819384635108e-01
-9.998021778110246505e-01
-3.230684564954925536e-02
-7.921656644187385909e-01
4.016612425134956088e-01
-6.000731261157158380e-01
-2.732068065264238177e-01
1.000282852450952997e-01
1.097573344953575725e-02
2.063278532563411205e-01
9.991216821014702043e-02
1.924074964498397045e-01
1.000096374500265339e+00
-3.715868975304124217e-02
-8.179697147927438294e-01
3.893395218148703596e-01
3.836221937019945738e-01
1.969953300730058199e-01
2.021205048821231587e-01
9.999057527544222834e-01
4.200047807759855201e-01
-9.999408830737451792e-01
-6.000717669185632319e-01
-9.999834295967658937e-01
-5.288298876952551159e-02
-1.000017770746691070e+00
9.986822109982855522e-02
9.997996146157821229e-02
-5.999661514020910857e-01
1.901611553348407299e-02
-7.956434751098304670e-01
-7.962770791894762112e-01
-3.845232039353577713e-01
4.005067339486922950e-01
-2.478061070051364445e-01
3.822254952669057460e-01
-8.127551287297178906e-01
-2.748095988197087891e-01
9.989906622965352700e-02
1.000308959027113309e-01
9.998696560581390447e-01
-3.557447809328331129e-02
4.111632119719125233e-01
1.000299895085245416e-01
-3.304410848196106532e-01
2.063699287636996393e-01
-2.710226170793487710e-01
-6.000739481069552461e-01
9.999522684633446179e-01
3.869474282564653866e-01
1.881954661573172483e-01
1.000121863909942677e-01
9.999772734347039949e-01
-9.999598947028033313e-01
4.067958236336371991e-01
1.000049281863544248e+00
4.063816985821265826e-01
1.001844719020682367e-01
3.978116591188771700e-01
-5.999361653737207423e-01
3.979750621985032044e-01
-2.549437114073515032e-01
3.941738318792087359e-01
9.999278741785314617e-01
9.999325321993459692e-01
9.989051129242783322e-02
1.766624549729667870e-01
3.942338377044936060e-01
-7.853307669912896749e-01
1.001256470737905274e-01
1.000087710667773244e+00
9.999689282599942830e-01
-1.000088663859989513e+00
-6.000108080635745411e-01
3.994175836152013548e-01
-3.774381398276565464e-02
3.755489266677283777e-01
9.979710518714936252e-02
4.074698109058993989e-01
1.923367248559122028e-02
-2.812029602669100514e-01
-5.999547101541566896e-01
1.819934880472458549e-01
9.999369530890573898e-01
-1.000063028353693761e+00
-8.008113495258849523e-01
9.999297216864104776e-01
4.226881642173744291e-01
-6.000770696502824020e-01
9.996301947443579639e-02
2.830108765006807484e-03
-2.894076107756673455e-01
-7.884476502315421742e-01
2.012281298165155830e-01
1.000791170047403006e-01
1.000154594010082221e+00
2.088074096156861403e-01
1.964699967061117603e-01
-3.520106254786129485e-01
-1.000043312090201031e+00
-2.408835348075634084e-02
4.180185074205324258e-01
-7.915848603800383909e-01
2.133894971017696873e-01
1.000065776958001473e+00
-8.007729903306670671e-01
-6.001034813908019405e-01
-9.999794361484649619e-01
-3.600691384027307831e-03
-3.730036922506450026e-01
-5.999059061555687133e-01
-6.778733114970440787e-02
2.014767115615533066e-01
-9.999168583108714037e-01
1.000014868972060045e+00
-8.062021612993345299e-01
4.166130448432705524e-01
-1.970813625626534615e-01
1.000074164809481969e+00
-9.998713823633038622e-01
-6.771428742887035390e-02
2.042574470308422818e-01
1.000191628085292106e-01
-8.042868375544661719e-01
-2.512023044243090752e-01
9.671669444318706232e-02
-2.350142391372932738e-01
2.104635048237842587e-01
-7.931476585909741361e-02
-6.000316375644419997e-01
-5.999804666153578658e-01
4.070754027881267056e-01
1.000025345348026118e+00
9.996070971450639331e-02
-3.316347896124856032e-01
2.020858763571351802e-01
9.996293110870603515e-02
9.996297060282140212e-02
-7.904952416027960505e-01
-6.000137856227477640e-01
-6.000985207812401523e-01
9.999074622710724114e-01
-5.999288049542500501e-01
-6.000193130669494446e-01
9.999030509580900672e-01
2.080636776255825049e-01
-7.894198867483602777e-01
3.979011204892280995e-01
-3.179072988143726713e-02
2.028376476069624623e-01
-7.827361757218098681e-01
-9.999576994204272262e-01
-8.254898140359693270e-01
-1.000031906369870827e+00
9.997992106460701356e-01
1.000043672934425310e+00
-8.046013964873285351e-01
-3.693215594232168719e-01
-7.631448836619114662e-02
-8.027911681906132468e-01
1.000068913498556533e+00
-5.999734808489124438e-01
1.000122014695935813e-01
-1.000162327638098647e+00
4.051711396332924875e-01
2.075673369540046720e-01
9.998871180367012723e-01
-6.002996896657999404e-01
-5.999989595334904724e-01
-2.463655949862392502e-01
1.000162440264365626e+00
9.996403027604920666e-02
1.000210219514616972e+00
9.999906848804226422e-01
-1.000030851228748130e+00
3.970583710509403841e-01
1.000969476824148802e-01
4.081558395263252814e-01
9.985812892951519137e-02
-4.075411684542780411e-02
3.817568019799626178e-02
1.955099832908121504e-01
3.964973765030870290e-01
-8.223466748991203890e-01
-5.999508951316626648e-01
4.148703779635390387e-01
9.999755369159196716e-01
-5.268851438429538597e-02
-7.895137672759912073e-01
3.862681599638038699e-01
6.331882813149927736e-02
1.923389957546850493e-01
-1.000031181150229154e+00
-3.117893409561214857e-01
3.907468229947934080e-01
1.961064687766477799e-01
1.076758539155297512e-01
1.000019804168350346e+00
1.000217013479409278e+00
1.000076855803199161e+00
1.001994668734138422e-01
-2.469033805400564982e-02
-9.999287604173893174e-01
-2.529076682465588588e-01
-3.130311672221643970e-01
1.000015077736015945e+00
-8.123137982410764124e-01
-7.864535424486072124e-01
-5.998490534655998019e-01
-2.809224332022466353e-01
-9.997111606109044812e-01
1.957560679666513759e-01
1.000618063803765945e-01
-5.999529101225797856e-01
-5.128037264469527401e-02
1.000078490644554341e+00
1.885339965031403997e-01
2.075019853923052993e-01
4.248628735721415861e-02
-3.178554852357677873e-01
-3.359662406639841170e-01
-3.417897539836269316e-01
4.076932566907701672e-01
-1.907713389019216055e-01
1.000043013268641978e+00
1.000076330710245154e+00
3.108520174362379429e-02
2.122449316698571398e-01
1.973271849420197843e-01
1.472770173727810938e-01
-2.782121291545498476e-01
-6.000637040556918711e-01
-1.000027254283299083e+00
2.103018080264250356e-01
7.972388462148932708e-02
