-5.999373137939819634e-01
-5.999137347146338284e-01
1.000131025190398759e+00
-1.249041914930523398e-02
-9.999550007668411844e-01
-8.049730175048511738e-01
-5.999922257744146892e-01
2.135609892891117759e-02
-7.961625370942718716e-01
-2.947540789355951873e-01
1.001281731697129668e-01
-9.999695717838980036e-01
2.125455569008216361e-01
3.045289838335507419e-03
1.952680718418408068e-01
4.039201931145846580e-01
1.690673453126802749e-03
-1.000088128301950485e+00
1.977960856610452012e-01
1.831525443775465153e-02
3.870921005764159650e-01
3.927501018292460233e-01
-3.849911674330818712e-01
-8.015241117979780006e-01
-9.999760224146229115e-01
4.022687074321392164e-01
-2.077649147502981242e-01
-5.999696388557778093e-01
-2.840475665209605816e-01
1.000086905943399496e-01
-1.000065121387774258e+00
-8.090769651612241820e-01
-7.990361120524868133e-01
-1.000025078830221181e+00
-7.727281618560783230e-04
1.000048971154414712e+00
-9.999452946666969044e-01
9.999073219175408367e-01
4.023755743449491940e-01
-5.998126620588336566e-01
1.000034965712562229e+00
-8.042839091896074599e-01
-2.308646762984324918e-01
9.993540307180405480e-02
-3.309385198748566181e-01
4.170778186503841800e-01
9.990647587507087146e-02
1.000298626763648224e-01
9.994937989626387354e-02
2.133630493347530022e-01
-9.999612439884075776e-01
-7.835139823925623137e-01
3.992275108872756495e-01
3.991421953238467601e-01
-3.928143397560004968e-01
-9.999415984634361099e-01
-7.995241992271747700e-01
3.994706340521300136e-01
2.983579199989708219e-02
-1.000120338954771260e+00
-2.147718173969043187e-02
3.971474741401894160e-01
-9.999352214570563779e-01
-2.218648337917267233e-01
-9.998911837400873415e-01
1.000249203133200676e-01
-9.999082063605052584e-01
5.109691441589815641e-02
-8.027949154221841743e-01
3.965838676284345610e-01
-5.998649597871971162e-01
-3.275047240264549742e-01
1.000636417372917225e-01
4.951913020339215876e-02
1.942992298688915598e-01
9.997037562519296705e-02
1.868178803307739277e-01
9.999352120310488479e-01
-2.908267677420012937e-02
-8.030900567419657632e-01
3.906430799895678763e-01
4.173837759456107133e-01
1.961903788731147735e-01
1.982125401034315337e-01
1.000024797666250853e+00
3.848453523747665250e-01
-1.000080208708648666e+00
-5.997804591768441940e-01
-9.999496298561084684e-01
-1.401370185505658450e-02
-1.000043161530499214e+00
1.001941115115292658e-01
1.001512990369278350e-01
-6.002302571637851969e-01
1.819419997038402431e-02
-7.964172694633191441e-01
-7.840671184539866889e-01
-3.228074975723141948e-01
4.085080579191037731e-01
-3.011621868110861966e-01
3.912582975497991833e-01
-7.867614011737814605e-01
-3.852840824504036310e-01
1.001262072926583369e-01
1.001125100138035851e-01
1.000111916103313847e+00
3.303518087733902514e-02
4.082298122132129725e-01
9.999550773591542319e-02
-2.705029526868699685e-01
2.194250444224452590e-01
-3.131433052335247935e-01
-6.000717213860007337e-01
1.000129215417992379e+00
3.881871606864187862e-01
1.906240269753099459e-01
1.001561538713683919e-01
1.000090043575564192e+00
-9.998393948702178902e-01
3.893319725773543571e-01
1.000073548419653902e+00
4.024397319299785614e-01
1.000072739984990827e-01
4.116383909305988964e-01
-6.000059836224868048e-01
4.102404599830603571e-01
-2.072948313060083425e-01
4.050610941320032521e-01
9.999453623499147126e-01
1.000201665302536735e+00
9.986964866693846810e-02
2.152900596938649991e-01
3.961794545221209995e-01
-8.026895323811857885e-01
1.000080126701305416e-01
9.998970531208734025e-01
9.998909765036050334e-01
-1.000006405199068249e+00
-6.000072984777062857e-01
4.039476192226129636e-01
-2.648281786963577883e-02
3.952715963800095822e-01
9.998761255728128017e-02
4.029253482068919090e-01
-7.965662004506081362e-02
-2.790020238707202616e-01
-5.999316115732090671e-01
1.953675519327391641e-01
9.999790224947862072e-01
-1.000047494850362817e+00
-7.948603793794057903e-01
1.000126130303044203e+00
3.916793273236101602e-01
-6.000249467716469720e-01
1.001092329014058729e-01
1.644751921130876982e-02
-2.946782976605979432e-01
-8.081626481344197366e-01
1.908608718144655658e-01
9.999889564665991049e-02
1.000089100359780714e+00
1.962377537042461761e-01
2.260374435052093511e-01
-3.877693098635207614e-01
-9.997876871550025468e-01
2.417718405326541031e-02
3.979555177226288265e-01
-7.946190634259089336e-01
1.835423269809307589e-01
9.999109778362119672e-01
-7.921836935671708879e-01
-6.001038637738533854e-01
-9.998879169823784441e-01
6.907915158141640644e-02
-1.556801495996739948e-01
-5.998220043513277089e-01
-8.636565628371692394e-02
1.894044518025549129e-01
-9.999101698184881259e-01
1.000000997996659313e+00
-8.058296635864632407e-01
4.027696868087310422e-01
-2.752702329851945406e-01
1.000084363474336824e+00
-9.998090880116494716e-01
-5.786968417467141385e-02
2.037258951896818160e-01
1.001828588330527930e-01
-7.990518257602132746e-01
-2.965830930150233913e-01
2.359462338760031155e-02
-3.076776150347773631e-01
1.969935156448961722e-01
2.080423758697970416e-02
-5.999146469965720430e-01
-5.998863398392542123e-01
4.058400194874552946e-01
9.999031572152440317e-01
1.000201254966052583e-01
-2.810905851340789741e-01
2.097311296050611285e-01
1.000090396265650161e-01
1.000658804460215073e-01
-8.077478031048860307e-01
-5.999780651661733577e-01
-5.999990709368149266e-01
1.000020974178953415e+00
-5.998752013475278089e-01
-6.000915243254910658e-01
9.998413956654552681e-01
1.932894696907278553e-01
-8.073908110997984888e-01
4.091563960966472790e-01
-6.825761953863286602e-02
2.091611430834326435e-01
-8.084305469890842311e-01
-9.999917929309903863e-01
-7.994977968985607086e-01
-1.000016510882764331e+00
9.999054272693511658e-01
9.999600622907024450e-01
-7.883868378387707265e-01
-3.041166016665110550e-01
-8.417938086723919522e-02
-8.016535241782490884e-01
9.998620444481519653e-01
-6.000424115898330690e-01
1.001607415662504330e-01
-1.000158097781805422e+00
3.966687358164665000e-01
1.896897343325181229e-01
1.000011782994647991e+00
-5.998469514117801271e-01
-6.000816606880532422e-01
-2.688791278144525565e-01
9.998442684901048816e-01
9.995134728205704033e-02
9.999208832950106096e-01
9.998493152412257778e-01
-1.000040124824533416e+00
3.788595892589515790e-01
1.000068060313122481e-01
3.808250155885172239e-01
9.988903284292935392e-02
2.221762396152527838e-02
1.521254784673000543e-02
1.946092386526937223e-01
3.953742635893817137e-01
-7.902174067388635370e-01
-6.001028985741937438e-01
4.004587225861757083e-01
9.998591727889055703e-01
4.588324385110938153e-02
-8.183495851399114063e-01
3.925538588931385409e-01
6.212268673597381302e-02
1.945439518876600216e-01
-1.000017184152995453e+00
-2.984593390324453144e-01
4.040161762735963169e-01
2.084543747320529994e-01
3.989870051849095725e-03
1.000165108243392886e+00
9.998876343537366207e-01
1.000074473853383772e+00
1.000480156094417233e-01
-9.330938532762010282e-03
-1.000010355420934083e+00
-2.556468484555735055e-01
-2.273638678068761743e-01
1.000100896976003462e+00
-8.136369739344968544e-01
-7.956285391137899454e-01
-6.000099147117688991e-01
-2.880260260658404348e-01
-9.999705058431672677e-01
2.022390734011069446e-01
1.000171769828059748e-01
-5.999898523168211151e-01
-2.244511117042360948e-02
1.000007407558037631e+00
1.914351193399447537e-01
2.012510336878627348e-01
8.423872718952317429e-02
-2.919653576139292772e-01
-3.550475336683988070e-01
-3.080877408424216868e-01
3.962032501617529512e-01
-2.970827210992019185e-01
1.000000961751075224e+00
9.999701660378740309e-01
2.810747769410828698e-02
2.047339284902855716e-01
2.108664358147943896e-01
9.617326107134803459e-03
-3.049145692935220642e-01
-5.998613059923256774e-01
-9.999515625678467856e-01
1.870784856224952941e-01
7.791961880993177091e-04
