-6.001062427342729322e-01
-5.999892268926649841e-01
1.000098271710427644e+00
1.890726929215341343e-02
-9.999320423278323933e-01
-8.175240103992161833e-01
-6.000902553247602356e-01
-7.086367651709152282e-02
-7.864915782953918466e-01
-2.693896018622514710e-01
9.995286181000472003e-02
-9.999805656634240814e-01
2.058146460829831381e-01
1.943738659195457658e-02
1.977741418658564843e-01
4.141280588184648725e-01
3.786082965544303874e-02
-1.000092636476039409e+00
1.806788043907155417e-01
-8.976934478902977299e-02
4.173870419157177936e-01
4.048843616194371386e-01
-3.664362783548132385e-01
-8.072155281652404479e-01
-1.000148111437868748e+00
4.000015259568192039e-01
-2.392413883463223589e-01
-5.999053715127612429e-01
-3.634706529572829248e-01
9.991649201136706959e-02
-9.999903027411433110e-01
-8.297826027354471279e-01
-8.049647891778141107e-01
-9.999669053392703510e-01
-4.816636657770690527e-02
9.998911465200341908e-01
-9.999921198036327841e-01
9.998746188666293166e-01
3.974937444660464059e-01
-6.000038116054818849e-01
1.000149334106088306e+00
-7.893571889226650429e-01
-3.196723002245607237e-01
1.002279963865733425e-01
-3.094044508029195617e-01
4.132259769663291782e-01
1.000417002182800857e-01
9.995198260616927621e-02
1.002064507614512934e-01
1.965087928551655649e-01
-1.000147510684044727e+00
-8.192180652959820675e-01
3.949927482620567698e-01
4.221940691431330106e-01
-2.894107958324929064e-01
-1.000121203768397526e+00
-8.070320657847579460e-01
4.090403456270721994e-01
-4.899994347345703466e-02
-9.999025033060477963e-01
-9.052565617889132485e-03
4.033850511843801723e-01
-1.000020950520337237e+00
-3.247837158082494957e-01
-9.999198828146483864e-01
9.985560352564508413e-02
-1.000179569114363565e+00
1.780060085520524318e-02
-7.913317788118470197e-01
4.032032019878726836e-01
-6.000481468956553321e-01
-2.665936134503961163e-01
1.000925772637353411e-01
-2.973014401726702463e-02
2.140167253782267465e-01
9.984544471480116812e-02
1.966911205457952394e-01
1.000004133781728255e+00
3.607520741026546546e-02
-7.933859880218221416e-01
3.739107267593426154e-01
3.985816876683633270e-01
2.052336008473948092e-01
2.075542030631903900e-01
1.000047226646244125e+00
3.913747216759025371e-01
-1.000126324620677298e+00
-6.000255580858109283e-01
-9.999314453087198018e-01
1.469258375068759753e-02
-1.000043417489339781e+00
1.000410244480736954e-01
9.985720252434897304e-02
-5.998804072486736416e-01
4.997770504361520594e-02
-7.918705175757189130e-01
-7.890109986766795647e-01
-3.015622521054442395e-01
3.921345231679527199e-01
-2.304192285679320662e-01
3.817243637207218265e-01
-7.990139679494222547e-01
-3.010205764527705830e-01
1.001706681718723957e-01
9.992751782044757836e-02
9.998251002171196777e-01
-2.586426882001894439e-02
4.063688359482390267e-01
9.992520520688812080e-02
-3.165609822540486618e-01
2.139061299371133040e-01
-3.705193284994588998e-01
-6.000695430620798243e-01
1.000213634691733189e+00
3.934325420238716231e-01
1.888808114470766630e-01
1.000888966473719860e-01
9.999531974200275286e-01
-9.999768937644346600e-01
3.939817740496805998e-01
9.999842501383829907e-01
3.948369026263332526e-01
1.000916263707115755e-01
4.069512685247171913e-01
-5.999727711236322314e-01
4.033221829711471362e-01
-3.040646303333253142e-01
3.933356141785356308e-01
1.000110439077795954e+00
9.998960324254215770e-01
1.000908837998849277e-01
2.054951119930795711e-01
4.003382261753688498e-01
-7.894784085004651342e-01
9.993503390952668264e-02
1.000027882364476373e+00
9.999610569445592789e-01
-9.999919214694940051e-01
-5.998507359135295536e-01
4.063118829891756434e-01
4.128260764697253005e-02
4.121233294756661003e-01
9.993229801215754160e-02
3.972428348774732498e-01
4.394979132812123351e-02
-3.645694789868474395e-01
-5.999631857648541899e-01
1.966598258201584792e-01
9.998714280558537171e-01
-1.000030846499660564e+00
-8.064717382245503163e-01
9.998945217679883202e-01
4.017342178743059655e-01
-5.999256834291429863e-01
1.000203356542256755e-01
-7.558837336771950799e-02
-3.134964287952356488e-01
-8.054226224674188028e-01
1.974115284085044275e-01
1.000239219253067913e-01
1.000014582715198941e+00
2.076044602797906813e-01
2.058932144535428332e-01
-2.607590343105269381e-01
-9.999868515678580483e-01
-6.903286653012238872e-02
3.946276009193295797e-01
-7.791003334941873915e-01
1.968502845868310980e-01
1.000116762819885263e+00
-8.043834132191355346e-01
-6.000020186939077904e-01
-1.000004365729031841e+00
1.035411283325447969e-02
-3.933967681597205779e-01
-6.000902217580307285e-01
-8.412044311706487476e-02
2.119125948692820449e-01
-1.000087605240940647e+00
9.998209321020128382e-01
-8.244769460265459760e-01
3.981613252148339388e-01
-3.061041115509229860e-01
1.000026060972277975e+00
-9.999177198749424900e-01
1.074048427962066843e-01
2.164161181679775392e-01
1.000708657185011841e-01
-7.948312245094600881e-01
-3.137336030915213181e-01
-1.543952113419580323e-02
-3.418158935518387231e-01
1.991498094756746218e-01
9.339257438682324955e-03
-5.999889387642050043e-01
-5.997625938505303234e-01
4.135410151739464246e-01
9.999890623477580842e-01
9.999582432267820065e-02
-3.244659186514113891e-01
2.117854968446758746e-01
1.000510512996244661e-01
9.996809320899394113e-02
-8.028642556523556406e-01
-5.999597828994601700e-01
-6.000123142490219053e-01
9.999420846317300660e-01
-6.001542087284004179e-01
-6.000068385454527808e-01
9.998644833947510913e-01
2.100054430733228061e-01
-8.191571382375832933e-01
3.967113218507533068e-01
-3.548578156669116024e-02
1.982877322693399336e-01
-8.094538214428284029e-01
-1.000073350515531034e+00
-7.866434287656917101e-01
-1.000130916359915911e+00
1.000121949481486139e+00
1.000100148303328496e+00
-8.101157055865675360e-01
-2.793907652297329403e-01
-2.436450050679239351e-02
-8.097982171425865960e-01
1.000125604315125427e+00
-5.998265238388040821e-01
9.999682829486805646e-02
-9.997621650816601591e-01
3.994831249683921115e-01
1.915077224300928416e-01
9.999939297616120548e-01
-6.002040038474376615e-01
-5.999309506650790658e-01
-2.439924966976114162e-01
9.999854604900915156e-01
1.000415883883435664e-01
9.999725955935601096e-01
1.000160344823630920e+00
-1.000110953983250228e+00
4.020741317034770002e-01
1.002116721386452775e-01
4.057544534937448932e-01
9.996266632934826257e-02
4.159202408718669364e-02
-1.833488957841944433e-02
2.069905135415107678e-01
4.000432616401662922e-01
-8.011199968985058817e-01
-6.001898601687432055e-01
4.025162132843126961e-01
1.000079642960241211e+00
-1.157899520527078292e-02
-7.759780472172757015e-01
3.777299863635214527e-01
1.102343464824389295e-02
2.009569962714345404e-01
-9.999982520062570268e-01
-3.668509032367908151e-01
3.991274617712869954e-01
2.113910355668771335e-01
2.945126449739597987e-02
9.998362269162915927e-01
9.997657543292013393e-01
1.000068161593148819e+00
1.000050008582384631e-01
5.962947664685400162e-02
-9.998771901391781958e-01
-2.669848245125495123e-01
-2.354961824755504307e-01
1.000083847277832394e+00
-7.947972538052815450e-01
-8.121856737616489630e-01
-6.000116524906031756e-01
-2.608658420168639691e-01
-9.997928625723057072e-01
1.903222322957192625e-01
1.000894083889776881e-01
-6.000391237880472461e-01
-5.649682386564965075e-02
1.000003945711849251e+00
2.029629921345748877e-01
2.031592099333905388e-01
-1.331511233774554208e-02
-3.406538330936413894e-01
-2.846099779359890780e-01
-2.764737716576510240e-01
3.953551845995010861e-01
-3.914437851778845845e-01
9.999770783423670428e-01
9.999988799313545007e-01
3.203688008198685155e-02
2.282449040490240333e-01
2.115576245447745585e-01
-1.012595132853355007e-01
-3.188808838193343265e-01
-5.999176832194392794e-01
-1.000035557417091603e+00
2.140319103697232161e-01
-4.633295395064583599e-02
