-5.999533793038464013e-01
-5.998557668438748713e-01
9.999660754015649022e-01
-1.771472315057614350e-02
-1.000091354767808971e+00
-8.035392012699517084e-01
-6.000335825099712972e-01
1.545229897853715815e-03
-8.002896554489037362e-01
-3.256156286100844732e-01
1.000427360478646499e-01
-9.997739468617874437e-01
2.098094422124995029e-01
-7.798341277079635925e-02
1.737736006756867568e-01
4.005024525202431351e-01
-1.727700164877261912e-02
-1.000152723123378884e+00
1.938017435114105791e-01
-3.626308023272802744e-02
4.180031746335937104e-01
4.162226407241598203e-01
-3.302039894273623433e-01
-8.049653036437229847e-01
-1.000022907023147667e+00
3.900995715047932966e-01
-2.374255573713489609e-01
-6.001087329839083218e-01
-3.456979506507524835e-01
9.999302338037260873e-02
-9.999737447528536105e-01
-8.095108197195345356e-01
-8.230972412312919095e-01
-9.999699041768550511e-01
-9.724473854336380257e-03
1.000158978126969522e+00
-1.000025503145635541e+00
9.999218043902725617e-01
4.052625190825770440e-01
-6.000546632482394172e-01
9.999141602414101104e-01
-8.126165329324767095e-01
-3.168515476538670828e-01
9.985493402101854044e-02
-3.059244261631318129e-01
4.025901290030385882e-01
1.001463746496252527e-01
1.001251051498873584e-01
1.001123485098142640e-01
1.812990998741587645e-01
-1.000106940094507291e+00
-8.032651582675633950e-01
3.931265368695006646e-01
3.926290629710400548e-01
-2.704948907175634965e-01
-9.999194300515917844e-01
-7.977968849638567006e-01
4.165597076382883679e-01
-4.444704660737422430e-02
-1.000039720593258741e+00
1.335287907789250994e-02
4.187325105557976324e-01
-1.000093793029121603e+00
-3.092071202739982150e-01
-1.000053875753738941e+00
9.990510799905641393e-02
-9.999596800355454729e-01
-2.403520901592345535e-02
-8.030565937091070916e-01
4.277707364140410640e-01
-5.999349499847714817e-01
-2.563464389358381945e-01
1.000087708240235268e-01
3.257193619671121948e-02
1.950051121002915611e-01
1.002177044623159263e-01
2.058132227632331612e-01
9.999969344365290391e-01
1.745488882614363788e-02
-7.744382293479596946e-01
4.037579133351092975e-01
4.063229118136826301e-01
2.105785788420283799e-01
1.887119885431972066e-01
9.999453767080466182e-01
4.120149867349936490e-01
-9.998999641329832100e-01
-6.001156086549278568e-01
-1.000024176947313714e+00
-4.846153943268313724e-02
-9.999004832930835640e-01
9.992030871954063476e-02
9.993658523468459953e-02
-6.000087452169355906e-01
2.580086349165091122e-02
-8.097437885391582935e-01
-7.880355451718537019e-01
-2.516939743907714022e-01
4.030053340558426012e-01
-3.519667186107772183e-01
4.007236907383664448e-01
-7.894922130036503560e-01
-3.573487906956825944e-01
1.002182261943364017e-01
1.001160200885699014e-01
9.999316985956984150e-01
1.534979699805440710e-03
4.152117916478551551e-01
1.000879243640770688e-01
-1.391896099608686543e-01
2.094590124551351518e-01
-2.864121861412911585e-01
-6.000975127608132453e-01
9.998717358420946555e-01
4.110162354263779405e-01
2.106846448753511292e-01
1.000376911602428726e-01
1.000181625328580903e+00
-9.999780266183598831e-01
3.908635097924529900e-01
1.000156967367083150e+00
4.024315717725729380e-01
1.000012340859957466e-01
4.105772044532128295e-01
-6.000095070706775724e-01
3.950593403925669045e-01
-2.835291069194648128e-01
4.030952707927822898e-01
9.999394659244373873e-01
1.000045329381331394e+00
1.000630697221565196e-01
2.048426084687394177e-01
3.854207717934011179e-01
-8.169700972773612513e-01
9.998542067968442526e-02
9.999685061855654311e-01
9.999780916604775749e-01
-9.998627296116860963e-01
-6.000425294920620489e-01
3.997215219660681940e-01
-5.404611007146991469e-02
3.945042147875555405e-01
9.984719306881800760e-02
4.006023028841690925e-01
-1.603995172195707072e-02
-2.343813477389804778e-01
-5.999057044098541347e-01
2.259923377610816297e-01
1.000107045246060533e+00
-9.998901793856013187e-01
-8.073990207128554086e-01
9.997877624664166518e-01
3.977210031303582416e-01
-5.999560528031712137e-01
1.000416224500142587e-01
-7.386885534224249539e-02
-3.127858763163258171e-01
-8.228273249234645537e-01
2.051752239465823302e-01
1.000616897920853926e-01
1.000065589242240982e+00
1.826118168259478758e-01
1.973518812916434384e-01
-2.647218891477510772e-01
-1.000016784475811438e+00
-3.323156385618979136e-02
4.105796588101628397e-01
-7.952892644740748862e-01
2.032652863274740651e-01
9.999992667541115487e-01
-8.051037500585805917e-01
-5.999974267387522264e-01
-9.998284165664433898e-01
-2.950497941685799319e-02
-2.700550998959310722e-01
-6.000945149740865014e-01
-9.837609258141441493e-02
2.051756911965644248e-01
-1.000007537624145959e+00
9.999120271675879801e-01
-8.098480624870327826e-01
4.086549764781673422e-01
-2.817001869716494467e-01
9.999483401168918206e-01
-9.999956319138320060e-01
-1.503812927819998292e-02
2.109784596858414463e-01
9.999601754385122054e-02
-8.154654260479248240e-01
-2.709326688882979783e-01
6.205587608524945620e-02
-3.353798183119094389e-01
2.131248889793177226e-01
-1.362125196878105626e-02
-6.000514720357307263e-01
-6.000933569950852586e-01
4.089538334234632533e-01
1.000007819558137889e+00
9.998949575038564019e-02
-2.726449986118815727e-01
2.143226637622139275e-01
9.999538795396341329e-02
1.000078275989099430e-01
-7.969649962952026767e-01
-6.001859683695545122e-01
-5.999294805251660367e-01
9.999246856436047048e-01
-5.999509690690625341e-01
-6.001856131199002631e-01
9.999809321980168697e-01
2.110573180361112466e-01
-8.016032453533351587e-01
3.944501579010890047e-01
-3.194856216428669515e-02
2.200717858660170834e-01
-8.151103210470977967e-01
-9.999821011469746113e-01
-7.801899024167054941e-01
-1.000067094983814853e+00
9.998467301230926640e-01
9.999491327427740828e-01
-8.163382514220539621e-01
-3.431773144661848240e-01
3.466380732826638590e-03
-8.049113446774790459e-01
1.000181147615058164e+00
-5.999778557089755493e-01
9.996867268021795983e-02
-1.000035608350575922e+00
4.095349660444127515e-01
1.921724358679477995e-01
1.000090210460307993e+00
-6.001108185368403403e-01
-5.999489795635282174e-01
-3.133785805576697059e-01
1.000042570634612327e+00
9.997773386485070413e-02
9.999208293396834035e-01
1.000121105862481041e+00
-9.999960917056378573e-01
4.083878388300783979e-01
1.000871242985241910e-01
3.885562952484419852e-01
9.999056829736327479e-02
4.554868175546367831e-02
2.346700442885461813e-02
1.949839567418872877e-01
4.141750177677066547e-01
-8.077984588564077750e-01
-6.000397051689506656e-01
3.879592243514483618e-01
1.000034998262607999e+00
-4.207005849385158508e-02
-7.973409139107996424e-01
4.073337482803887077e-01
3.671222073920878126e-02
2.042211031107003527e-01
-9.998537490575174491e-01
-2.115750415572034693e-01
4.013123893851536783e-01
2.095505070368505751e-01
3.121301050992896994e-02
1.000110480229043697e+00
1.000100216789506780e+00
9.999798935795476407e-01
1.000628789425906939e-01
8.253653143589077812e-02
-1.000169016924450816e+00
-3.103966016175259690e-01
-2.880647287365487030e-01
1.000183480241218392e+00
-7.820443761365740709e-01
-7.980214982382582978e-01
-5.999332604128362334e-01
-1.918275211816191650e-01
-9.998288047357681840e-01
1.838383607507735606e-01
1.000735950871211866e-01
-5.999874147572755723e-01
-7.332052300103282863e-03
1.000006838258626463e+00
2.040506440186168335e-01
1.995764224500161665e-01
2.620168032875691208e-02
-2.451230319240159661e-01
-3.031087603220006255e-01
-2.764187573717340474e-01
4.001040802193700507e-01
-3.436274166977252853e-01
9.998023774439664946e-01
9.998747213817701374e-01
-2.432550813274361387e-02
2.133991524052305522e-01
2.010039925345760703e-01
-4.723504672862122861e-02
-2.861688883625623792e-01
-5.999102873726964713e-01
-1.000065092598372507e+00
2.008761112442714603e-01
4.955510197206841605e-02
