-5.999911881432284932e-01
-6.000249347047770243e-01
1.000065844611276011e+00
8.325336571149305476e-02
-1.000088566811899948e+00
-8.022816427562172725e-01
-6.000266597868815222e-01
-3.639748283549781166e-02
-7.860120615125765209e-01
-3.277187069297202715e-01
1.001057177132447934e-01
-9.999557355008643622e-01
2.003654909840056342e-01
-6.741319935876098624e-02
1.920880600470991073e-01
3.857894460214421062e-01
-1.399068567613087621e-02
-1.000084543770122902e+00
2.265636942985525815e-01
9.569742579819953687e-02
4.012291346541764225e-01
4.070795871130090671e-01
-3.246539777024972651e-01
-8.109351109173827954e-01
-1.000072194895724076e+00
3.943096077308571590e-01
-2.205303118755041480e-01
-6.000524281330786858e-01
-2.383794187190331482e-01
9.979158259831752420e-02
-9.999314106183201378e-01
-7.789031042338109279e-01
-7.952422231347355819e-01
-1.000071293519813054e+00
6.402747165863036105e-02
1.000016161711410723e+00
-1.000105177857616656e+00
1.000105659167945138e+00
3.914044520937013383e-01
-6.001225545852172383e-01
1.000005530399848741e+00
-8.085639010691129114e-01
-2.742998341529884199e-01
1.002192306859118892e-01
-2.668927693696714343e-01
3.920695562967339565e-01
1.000604470701953463e-01
1.000610134987460625e-01
1.000389224859662834e-01
2.077450145399740988e-01
-1.000027590796490840e+00
-8.045530526869105747e-01
4.108700408238031843e-01
3.995994917770402943e-01
-2.760295891643842481e-01
-1.000083309303316792e+00
-7.866540442997623783e-01
4.032438595395659298e-01
6.778097505515290333e-02
-9.999846241564729343e-01
-1.605342793218329789e-02
3.943552671008833665e-01
-1.000213765014323686e+00
-2.894679215880717749e-01
-9.999408971340827401e-01
1.000288706555754054e-01
-9.999417952377577246e-01
4.060729075908591640e-02
-8.195898929537150934e-01
3.916227198609661952e-01
-5.998898284344602594e-01
-3.326358445414899223e-01
9.997823511923494000e-02
1.064964859841696643e-01
1.983731951764812484e-01
1.000101309367683461e-01
2.028534779633596741e-01
9.999154816179557370e-01
3.789623162617040270e-02
-7.876917216505425756e-01
4.020201181364850274e-01
4.055039400173418018e-01
1.891766246779710281e-01
1.935274371285737316e-01
9.998451664571598174e-01
4.052290204816663688e-01
-9.998600790795003634e-01
-6.001714370646985541e-01
-9.999319909064822154e-01
-1.361204644635968623e-02
-1.000015347446348457e+00
1.001797247896746290e-01
9.991182113523329467e-02
-6.000372906057771516e-01
2.421288646978982280e-04
-7.822033729791207923e-01
-7.935647174743997168e-01
-3.489254256814002808e-01
3.925201093906307559e-01
-2.973153464481888553e-01
3.899345987755049592e-01
-8.054903526410819303e-01
-3.886166523740112178e-01
9.989433029092771588e-02
9.990022643685465831e-02
9.999983374766073796e-01
8.112845166664564567e-02
4.008631133210227016e-01
9.996582971859727107e-02
-3.436338547273809496e-01
1.990424543759918286e-01
-3.738463335335001636e-01
-5.998538491090211755e-01
1.000000539694655410e+00
3.935570026431855495e-01
1.916508614184283255e-01
1.001106555196290410e-01
1.000083308959769157e+00
-9.999712979191786033e-01
4.043623517445287252e-01
9.999097502893682377e-01
4.028740492772906467e-01
1.000550881065070397e-01
4.084686536497182940e-01
-6.001602079000625256e-01
3.885076416027931079e-01
-2.843233272758078911e-01
4.111385347265779089e-01
9.998597332945611260e-01
9.999597659945526074e-01
9.992662691976107736e-02
2.012937420542341982e-01
3.868160463817139627e-01
-7.848546822490962693e-01
1.000324479287576368e-01
9.999830298465179901e-01
1.000013435361892800e+00
-1.000043623582816288e+00
-6.001260540864353787e-01
4.065892638513677326e-01
4.434050594605940671e-02
4.175115239962595703e-01
1.001434929760721265e-01
3.804774358672411427e-01
2.299885610414756365e-02
-4.139942190137287925e-01
-5.998643833746840626e-01
2.244512456598039829e-01
9.999347061847208007e-01
-1.000026934851590665e+00
-7.950974158239173528e-01
1.000022068966527788e+00
3.871834768507584901e-01
-6.000564185829282415e-01
9.991149575364606517e-02
1.129869869224062878e-02
-3.603617310206405633e-01
-7.991125786324257962e-01
1.985792313805204157e-01
1.000237422557562483e-01
1.000267817695951411e+00
2.022567355102812547e-01
2.012624260467631432e-01
-2.906481733967567482e-01
-9.999563457687555834e-01
7.764977775631437540e-02
4.039008361688549709e-01
-7.927534679774383974e-01
1.893548444736393721e-01
1.000028859459031416e+00
-7.719409241434328495e-01
-6.001329029536853765e-01
-1.000042962040913697e+00
2.806826749469072679e-02
-2.627053158401402300e-01
-6.001653536473668948e-01
1.213709215354818929e-03
2.021618128893658550e-01
-1.000076325164695801e+00
1.000081861511799231e+00
-8.116146591283266432e-01
3.927364151611916210e-01
-3.113428401680981006e-01
1.000103157505831453e+00
-1.000026744508915932e+00
6.004581570549932107e-02
2.029516743893596542e-01
1.000228315424998571e-01
-8.044678430499989652e-01
-3.072063047580682049e-01
-8.389434357008498586e-03
-2.549119505465831104e-01
1.867911170707003410e-01
2.124983555654073875e-02
-5.998674997043538237e-01
-6.000390046829651158e-01
4.013821676903517321e-01
1.000042272762011963e+00
9.990067574972735787e-02
-3.439001491779158926e-01
2.163151746147942145e-01
9.987491913197239779e-02
9.988960003214697458e-02
-7.961741522900152024e-01
-6.000838198527911338e-01
-5.999045053667991789e-01
1.000024818823713968e+00
-5.999898194692570019e-01
-6.000948463868397420e-01
1.000035710430346558e+00
2.074169779136083580e-01
-8.062194774397871688e-01
4.001683005063002008e-01
-1.614293363113653706e-02
1.871226077899551810e-01
-7.840487281118535545e-01
-9.998041700493387474e-01
-7.975857034184249406e-01
-1.000040549902303288e+00
1.000166151716526786e+00
9.998241502981100037e-01
-7.945234186436495039e-01
-3.104320584620589574e-01
9.576430664190666020e-02
-7.769052133172549279e-01
9.997710616465691480e-01
-5.999753353035008896e-01
1.001294092700780319e-01
-9.998573723374318822e-01
4.148772409527960447e-01
1.889489147580435957e-01
1.000121491109586813e+00
-5.999226149914110851e-01
-5.999563498116662341e-01
-3.319572751420660772e-01
1.000100827705756146e+00
9.997217192828149190e-02
9.998838860042490451e-01
9.999568995794479997e-01
-1.000000736871848872e+00
3.922748692611586208e-01
1.000936034912556782e-01
4.027093620656525541e-01
9.988496515914629947e-02
5.623143562420249847e-02
-3.994203351685887693e-02
1.899172796218407677e-01
4.017571519296843086e-01
-8.053203346983466293e-01
-5.998501239582736400e-01
3.889224094859686787e-01
1.000235077617404933e+00
-1.313135914593374989e-03
-8.073616797820459823e-01
3.998458086728271521e-01
-8.453752023684027450e-02
2.049692079613851803e-01
-1.000088236564575794e+00
-3.559027860300845725e-01
3.985889751195031416e-01
1.993534288780502151e-01
3.497304640196074316e-02
1.000033653461263050e+00
9.999924488030899061e-01
9.999573641635171040e-01
9.998856745562599568e-02
5.884239118247497347e-02
-1.000056576921583451e+00
-3.986922434288623918e-01
-3.064154833323403104e-01
1.000080871374144476e+00
-7.992823592860262005e-01
-8.021486083381691445e-01
-5.999567834882683082e-01
-2.983468594015463160e-01
-9.998144113574995995e-01
1.929081408604366166e-01
1.000883121797675884e-01
-5.999098436380010391e-01
-3.732729044870804896e-02
1.000138829459085166e+00
2.037149217696383463e-01
1.921102829081863805e-01
-7.360395933033701821e-02
-2.967721883330282640e-01
-1.994877513274040948e-01
-2.980273397445685202e-01
3.851200308623487500e-01
-3.835399696555890636e-01
9.999447935084830874e-01
9.998359006005433924e-01
-7.586227480616748731e-02
1.877759603878331740e-01
2.055557994798726806e-01
-5.751466700854351161e-02
-2.641391253295136687e-01
-5.999748593293515730e-01
-1.000089547596696660e+00
1.845175102412654478e-01
1.029154157120836313e-02
