-6.000361460780447853e-01
-5.998180758629273468e-01
1.000051582460668831e+00
-2.564459175737314467e-02
-1.000034795966433743e+00
-8.032460986436402717e-01
-6.000859293000002648e-01
-5.430047878124139027e-02
-8.061392409334735554e-01
-3.340928216533565198e-01
1.000372471043157602e-01
-1.000057349318346445e+00
1.945970071130544155e-01
2.687243018152861429e-02
2.082551980263707414e-01
3.934150037427809332e-01
1.115586360376657621e-01
-9.999529123349094606e-01
2.019981339709937262e-01
1.989793315866312043e-02
3.920684240144993726e-01
3.762477948403963324e-01
-3.321653443771834247e-01
-7.963471241806393541e-01
-9.999549496192907672e-01
3.882586509547433229e-01
-3.464123539626142168e-01
-5.999300876727972076e-01
-3.437569644091990062e-01
9.996389916848387458e-02
-1.000073533534476145e+00
-8.054300317565764589e-01
-8.000296368446363493e-01
-9.999970265649599233e-01
1.471849347341965819e-01
9.998707794676195970e-01
-1.000014722541829881e+00
9.999682729829579841e-01
3.975066053404811006e-01
-5.999754335117627457e-01
9.999657016499838846e-01
-8.030850986389913571e-01
-2.574669742680696927e-01
9.986558283425293892e-02
-3.521457579786244629e-01
4.062144920747448595e-01
1.001970298693851680e-01
1.000586266956710046e-01
1.000523779799154245e-01
1.928879047037572181e-01
-1.000105722046763512e+00
-7.952355045200421024e-01
4.024142516957460725e-01
3.965202808949928603e-01
-2.396910779755618004e-01
-1.000004897920245162e+00
-8.086272325004968398e-01
4.128986751877365413e-01
-6.071623294749816518e-02
-9.999447890368935443e-01
-1.098308733364180417e-01
4.137820517256002861e-01
-9.998669057294213847e-01
-4.015957792847143493e-01
-9.999798882948300882e-01
1.001029119235701120e-01
-1.000002172541929246e+00
-5.863056190665329181e-02
-7.931623839591598335e-01
4.035014897967499348e-01
-6.000894075290025276e-01
-2.598239094432538976e-01
9.982408108655833889e-02
2.502244543176107561e-02
1.862758739254330720e-01
9.994382247657096485e-02
1.807729872076380973e-01
1.000086470781664794e+00
6.598304023078815916e-02
-7.881931939470868675e-01
3.915603921541980226e-01
3.958563671373837578e-01
1.876078454582144062e-01
1.892348059457303333e-01
1.000094333531482915e+00
3.868935362087680963e-01
-9.998470796061672550e-01
-6.000411397040794625e-01
-9.996995004982854871e-01
-2.596190731467697480e-02
-1.000023173030939461e+00
9.987918449524707531e-02
1.001047764159212899e-01
-6.000802160581603095e-01
-9.845282623537430361e-04
-7.983580968264991640e-01
-7.985078228974318293e-01
-2.759462832690038891e-01
3.805414061487576438e-01
-2.414475221176110298e-01
4.060987738668264124e-01
-8.011826744679386714e-01
-2.427390950999963604e-01
9.991253399207264407e-02
9.989482621270051599e-02
1.000014017842703939e+00
3.054515033234043997e-02
4.033363074729505171e-01
9.995921317923202321e-02
-3.656325776777120673e-01
2.053566574696037705e-01
-2.921305441362861965e-01
-6.001591499639556959e-01
9.999976307598114067e-01
3.976072033819230689e-01
1.872239979861504144e-01
1.000394621307321291e-01
9.998957466225644186e-01
-9.998368442586241800e-01
3.997357109884275839e-01
1.000074485731575091e+00
3.784633730637281812e-01
9.999634531990604647e-02
4.067698443458008239e-01
-5.999779541731294907e-01
4.012137174700207698e-01
-2.417520520456952204e-01
3.999092447975504672e-01
1.000077857044948448e+00
9.999209946297986651e-01
9.997270944910342794e-02
1.849338602863120351e-01
3.906515598896408425e-01
-7.947496119570884865e-01
1.000160194567610572e-01
9.999293432371685331e-01
1.000092173923101457e+00
-9.998438720658230361e-01
-5.999641885048738743e-01
4.104257537498173791e-01
-9.748653433670317892e-02
3.978615202934012718e-01
1.001340952344760699e-01
3.946354345503618744e-01
-5.302793177553997289e-02
-2.194154374487448100e-01
-5.998544338583189361e-01
2.019076554440152049e-01
1.000052148499995575e+00
-9.999216554297374326e-01
-8.028292192331679678e-01
9.999773768385580297e-01
3.944364094859961756e-01
-5.999169763099672092e-01
1.001893446760252354e-01
-1.678337847578880923e-02
-2.386412267199900794e-01
-8.104500607483156038e-01
2.018291962605652246e-01
9.995226574329796332e-02
9.999979725437050382e-01
2.161805209270961092e-01
2.000074480555507350e-01
-3.416025472931062401e-01
-9.999517621690060531e-01
-6.050437286416211584e-03
3.771853210247410049e-01
-8.059501421603473270e-01
2.035593558949815585e-01
9.999704053362388212e-01
-8.023485736466902107e-01
-6.000933510123501735e-01
-1.000009435091814947e+00
1.295179430785522307e-02
-3.496621072532806185e-01
-5.998640499138081505e-01
8.261099804197920282e-02
1.837264112303264585e-01
-1.000030341653681765e+00
9.999180918581805910e-01
-7.998607844953544710e-01
4.010757060299507959e-01
-3.188207131215927137e-01
1.000043978017246760e+00
-9.998302556551409426e-01
-3.889268589472861387e-02
2.098398338767121785e-01
9.982164242716159985e-02
-7.974627258042769062e-01
-3.054240038049258477e-01
-9.069218967372677173e-03
-2.874954878540328940e-01
2.058777208956147353e-01
4.741662732989277568e-02
-6.002054098817943828e-01
-5.999507702556926558e-01
4.015555444241786232e-01
1.000039783089387013e+00
9.983004329066823279e-02
-3.875339939299670688e-01
1.845193038724503853e-01
9.988644768726730183e-02
9.987119296354976528e-02
-8.109854119083318436e-01
-6.001137022732799808e-01
-6.000478478122570625e-01
9.999481462502544105e-01
-6.001044265775773434e-01
-5.999789040775967974e-01
9.999387408523172649e-01
2.224838577738806611e-01
-7.971033530156058644e-01
3.871450386830469492e-01
-2.683328336452427132e-02
2.118053069993141024e-01
-8.075747666009026604e-01
-9.998772690338699753e-01
-8.082510256575590191e-01
-1.000095540114408266e+00
9.998692379315125001e-01
9.997954578978135443e-01
-8.077022461205558557e-01
-3.261518432858106498e-01
-5.993029566562391164e-02
-8.138839606016557982e-01
9.998831136920515172e-01
-6.000674594971519005e-01
9.992211014652198353e-02
-1.000094093276222118e+00
3.854235358026902869e-01
2.006565472970268382e-01
1.000094671848815286e+00
-6.001673748458477009e-01
-6.000339616230548900e-01
-3.030992071023887457e-01
9.999231953717493404e-01
1.000044711598562508e-01
1.000069689851663446e+00
9.999988259520569134e-01
-9.998462073640838055e-01
3.958660575245652180e-01
1.002239030740428166e-01
4.029479455267981902e-01
9.994684692647543001e-02
-5.443550300725125135e-02
-1.036582921628439492e-02
1.962160534414692514e-01
3.924379119527771076e-01
-7.872412041256817705e-01
-6.000841073652182223e-01
4.113993864416812807e-01
9.999571131875729657e-01
-6.080592227202924471e-02
-8.003107889194714941e-01
4.101402192167294958e-01
3.985969834364078146e-02
2.142285011254120020e-01
-1.000052332612993089e+00
-2.626320655984592523e-01
4.113002312376017322e-01
1.955399874448460196e-01
-2.417552103817278281e-02
9.997958912573833290e-01
9.999658301164966456e-01
1.000000165022567167e+00
9.990237305845815763e-02
5.036953130071600976e-02
-1.000005641647392807e+00
-2.646356707215190562e-01
-2.635419182401104732e-01
1.000167473784003613e+00
-8.133860944122729419e-01
-8.075413519763489090e-01
-6.001366136689824105e-01
-2.494404734684682323e-01
-9.999549772080958965e-01
1.853460822382747286e-01
1.000028406309213108e-01
-6.001080507427209998e-01
-8.535281561474890311e-02
9.999142488368134574e-01
1.932143579615515916e-01
1.964482687231457192e-01
-1.091355717054066227e-02
-2.326456981068315832e-01
-2.815816257606555961e-01
-4.241067485011067451e-01
3.884336881503224204e-01
-2.817738889858437679e-01
1.000001124672979191e+00
1.000107036246951742e+00
2.968886321697292163e-02
1.964319129620456239e-01
1.953391150751227212e-01
-5.294229559575096972e-02
-3.566953546303324729e-01
-6.000606448091090339e-01
-9.999199093837503050e-01
1.881607228649723740e-01
-2.103696650358426873e-02
