-5.999104390503072759e-01
-6.000849768257644490e-01
1.000034027511530699e+00
3.864400392993561084e-02
-9.998658995293956409e-01
-8.026503595172025385e-01
-5.999496476731807082e-01
7.559419363516750590e-02
-8.030194837711001066e-01
-3.981071127900879247e-01
1.000447663222522321e-01
-1.000045358094362236e+00
1.913967767680256338e-01
1.004476029338529676e-02
2.026459814641751733e-01
3.762341399121217345e-01
6.461721295700104117e-02
-9.999535708150623092e-01
2.112067978608252183e-01
9.625667870122709205e-03
4.054621381015861004e-01
3.974854795224925241e-01
-3.284818514613326301e-01
-7.891430142554215488e-01
-1.000029302022304778e+00
3.979863620458972129e-01
-3.596078765846053571e-01
-5.997433104788204572e-01
-2.985519732042682395e-01
1.000606834993887778e-01
-1.000125149691778903e+00
-8.099621580377280861e-01
-8.199789060140652008e-01
-9.998088075774577144e-01
-7.191418693158026232e-02
1.000033391580396502e+00
-1.000135817545513284e+00
1.000088598494502046e+00
4.016702257027442435e-01
-6.000113264121298418e-01
9.999283894586963317e-01
-8.066538513987584480e-01
-3.125638424031443319e-01
9.981266491323900758e-02
-2.665974779426701358e-01
4.077004972836372199e-01
1.000379799293084071e-01
9.991075286206249628e-02
9.990003983978801294e-02
1.895964971182278747e-01
-1.000004823203034743e+00
-8.063444439474717340e-01
4.122352720013205407e-01
3.866813768541686458e-01
-3.122061078715770432e-01
-9.998880568794660251e-01
-8.019949225571533225e-01
3.994155639799157331e-01
5.571575401568491792e-02
-1.000024673781138240e+00
-3.034475401501043543e-02
4.016339764194272743e-01
-1.000006633656281840e+00
-3.476194032811237844e-01
-1.000078831981236371e+00
1.000233328521708820e-01
-1.000094456259683628e+00
-1.394293226615361467e-03
-8.074312684436388832e-01
3.938909802444824915e-01
-6.000194011605076705e-01
-2.765800923396889988e-01
9.987769588830444634e-02
-2.862864796163147249e-02
1.920893820597318613e-01
1.000647970399971415e-01
2.014766210462857199e-01
1.000070130117425737e+00
-7.040242240517988713e-03
-8.017284816653471591e-01
3.842265624797102097e-01
4.027168834746760462e-01
1.921676589285332970e-01
2.218452423092591164e-01
9.999914170646125866e-01
3.995127922198111747e-01
-9.999583177051034610e-01
-6.000348232809569193e-01
-1.000063280283618905e+00
-4.681311251760387343e-03
-1.000007835854453297e+00
9.996644173531034350e-02
1.000718367006722537e-01
-5.999950654031862562e-01
-5.285189644284276483e-02
-7.839437134852216271e-01
-8.009965432406006558e-01
-2.711666686585518793e-01
4.082812209042626650e-01
-3.049764336535555342e-01
3.888878465229631542e-01
-8.174428147300554226e-01
-3.036510276125192753e-01
1.000776096488715239e-01
9.987184468012247351e-02
1.000083424543922739e+00
4.450669158359930183e-02
4.201456338035217120e-01
1.002158532407365493e-01
-2.763854589817759111e-01
2.127127858499102409e-01
-2.966167833879362892e-01
-6.001138386915443323e-01
1.000025399506652146e+00
3.986303085106691624e-01
2.048193289159994379e-01
1.001207056450129917e-01
9.999207338242434018e-01
-9.997820936107439938e-01
3.973061094458287812e-01
1.000010567899831004e+00
4.145770227272102537e-01
1.002609223920878645e-01
4.042481044651804467e-01
-6.001380716094797396e-01
3.909769500198896908e-01
-3.030211541319577928e-01
3.943396340594484406e-01
9.999137944604397088e-01
9.998812493047619654e-01
1.000012043729040234e-01
1.847278817596550993e-01
4.067919318910049320e-01
-8.041874863196032397e-01
9.993396210626231957e-02
9.999044341097561572e-01
1.000001482971561995e+00
-1.000040150125501626e+00
-5.999574541556548235e-01
4.255191711347314776e-01
6.323316793535584124e-02
3.938820911368373645e-01
1.001457211620290638e-01
3.932290451246756580e-01
-9.364137018353568820e-02
-2.367660673327934839e-01
-5.999584752308603219e-01
1.996231757696863840e-01
9.999152900168665203e-01
-9.999052779797948931e-01
-7.861840096318222226e-01
9.999612880535588832e-01
4.031453562959683712e-01
-5.999867640185703177e-01
9.993392011369382766e-02
-5.983969347265688521e-02
-3.437089072853958260e-01
-7.921911472512203067e-01
1.952650320456365829e-01
1.001835686206653947e-01
9.999512791684447288e-01
1.863492874467968796e-01
1.994572284807013818e-01
-2.907868149367535127e-01
-1.000015361932429681e+00
-2.002162034286566333e-02
3.976810695047390820e-01
-8.145872595540453176e-01
1.926517562698122077e-01
1.000140846588065457e+00
-7.900854977647479016e-01
-6.001336875723607411e-01
-9.998641169926529848e-01
-3.139017322512570318e-02
-2.704918040075124930e-01
-5.999325844702509958e-01
1.461212701671047755e-02
1.921844485306503370e-01
-9.998665193631464110e-01
1.000024481926507613e+00
-7.987516443792109788e-01
3.967308382526529842e-01
-2.818622201977442066e-01
9.998777559424597561e-01
-9.999389419321512706e-01
1.926721636797968512e-02
1.967497493598010794e-01
1.000454310916761014e-01
-8.028032418228794320e-01
-2.235531778290803517e-01
-4.403667867530515478e-02
-3.213114867105347217e-01
2.168693002587017415e-01
9.507686981431244522e-02
-6.000081416142758473e-01
-6.000987564975858168e-01
4.004083762371928867e-01
1.000052372390614730e+00
1.001277843009222845e-01
-2.321616902233535340e-01
1.826416591738051487e-01
9.997247685232547865e-02
1.000180604656465966e-01
-7.986487340212625741e-01
-5.999481813442552047e-01
-5.998416485829846101e-01
1.000108956188720200e+00
-6.001199335090435794e-01
-6.000012051305989580e-01
1.000155917344006884e+00
1.959507434811603721e-01
-8.009260884763359511e-01
3.855957142023362927e-01
-1.528652701584814338e-02
2.025668656783071730e-01
-7.972275751428520296e-01
-9.999873249604703807e-01
-7.938650387425771893e-01
-9.998935851399434194e-01
1.000060343973642629e+00
1.000071899248193619e+00
-7.840506383914811472e-01
-2.151987378922659566e-01
-5.319320888839711853e-02
-7.834564873389190387e-01
1.000142896299930362e+00
-5.998939151644836487e-01
9.984285076156039496e-02
-9.998880715485323201e-01
3.832448860379386035e-01
1.880340355802487817e-01
1.000084627020713768e+00
-6.001207972890953979e-01
-6.001767638551086526e-01
-3.518983043733948102e-01
9.999759662150182749e-01
9.995440923778101117e-02
9.999803326865405184e-01
1.000036691438666026e+00
-1.000134766569073630e+00
4.053677229361718481e-01
1.002551456900369342e-01
3.994098644782849150e-01
9.981956498094826657e-02
5.888604142351248211e-02
1.431644940314547292e-04
1.958425006145026182e-01
3.966457439782711258e-01
-7.956212702971000583e-01
-5.999837433895498506e-01
3.999370149856279477e-01
1.000065612494779765e+00
4.953627420463509005e-03
-7.981511105232672598e-01
3.901067361035976955e-01
1.879162056328312347e-02
1.998189983388178326e-01
-1.000048060262987537e+00
-2.863243546891094393e-01
4.075858386412916645e-01
1.916108230346089680e-01
1.699634051587431069e-02
1.000066812174608133e+00
9.999237269395633287e-01
9.999687866107659362e-01
1.000161197818864312e-01
2.078259566245969220e-02
-1.000076151865360252e+00
-2.497239255485442233e-01
-3.167539202115476349e-01
9.998024873975842608e-01
-7.975759689100151428e-01
-8.055356065186156655e-01
-6.000115419869034294e-01
-2.877395560174616507e-01
-1.000013335205600873e+00
1.868529308139797729e-01
1.001470148395611354e-01
-5.999340230654568451e-01
-4.979808414575697534e-02
1.000108617455930826e+00
1.740199289318065667e-01
1.894965762419044408e-01
2.166105946157529868e-02
-3.104953105945003067e-01
-2.807393056740853932e-01
-1.974469622901416921e-01
3.945259071973866161e-01
-2.907723912357605967e-01
9.997845522550299346e-01
9.999862944144025656e-01
1.080337094354456018e-01
2.160584068344032216e-01
2.089146587962959212e-01
-5.183072551060518424e-02
-2.820534267480820922e-01
-5.999691511861680038e-01
-9.999128647379954549e-01
1.767849207433148384e-01
-5.071244397383509878e-02
