-5.997821086171108984e-01
-5.997838401209598658e-01
1.000126037886421182e+00
-3.066134900777998940e-03
-9.997746125331271605e-01
-8.075150137962152641e-01
-5.999340994776198865e-01
-2.504481339282713798e-02
-8.036568721740312560e-01
-3.715921642088175769e-01
1.001358769334397963e-01
-9.999447469071985894e-01
2.071511021587537360e-01
-6.135961674147389711e-04
2.008824745458226702e-01
3.940320077889501449e-01
7.075670194699476556e-02
-9.999518681612209470e-01
2.072127434405705571e-01
-4.403639642972439171e-03
4.018961737358142661e-01
4.137869928080385451e-01
-3.412150189762459540e-01
-8.000253546301340224e-01
-1.000022286536691007e+00
4.046899897779178690e-01
-2.529614296885298597e-01
-5.999313812803133139e-01
-2.927651570191837638e-01
1.001489331317282211e-01
-9.999460371640858103e-01
-7.934452749475007227e-01
-8.179285917780835247e-01
-1.000074560158048964e+00
-6.905867514147420727e-02
1.000202300173302916e+00
-9.999333932549526738e-01
1.000170260543497225e+00
3.988856184946423800e-01
-6.001368883548346966e-01
9.999083390839612617e-01
-7.938484297996539762e-01
-3.903829344804888302e-01
1.000232767820312396e-01
-3.674598402030582744e-01
3.884584009214612221e-01
1.000060834814253952e-01
9.997095703697148061e-02
1.000354649377194483e-01
2.138099933495011262e-01
-9.999708016295962842e-01
-7.747956313316477495e-01
3.839973034311273126e-01
3.915631945148460580e-01
-1.798175776610601018e-01
-9.999870074784215079e-01
-8.117753944310320824e-01
4.065065103054458229e-01
-4.641848723374135399e-02
-1.000023214925814807e+00
6.952608859725994267e-03
4.254370244946300006e-01
-9.998497437958210332e-01
-2.123835023137631006e-01
-1.000064743974452774e+00
9.993896879036393011e-02
-1.000026279785016126e+00
3.195076955232688948e-02
-8.142882543661881245e-01
3.992638095821560706e-01
-5.999921527754334960e-01
-3.092511033856201186e-01
1.002252617019020742e-01
2.428233728165485501e-03
1.988986657094307664e-01
9.990787320127646198e-02
1.934809999866169694e-01
9.999083539007787014e-01
4.055867154811121714e-03
-8.303451477841182760e-01
3.827671890900021245e-01
4.026642201818833589e-01
2.039258522749349545e-01
1.953012628598631284e-01
9.999260941854052342e-01
4.144325944491323854e-01
-9.999208371698223852e-01
-5.999615300750429370e-01
-9.998956521004733755e-01
1.820793469544820581e-03
-9.998775570658050560e-01
9.995157928735101671e-02
1.001513913169908288e-01
-6.000151558858968226e-01
2.460394432004218979e-02
-7.900950874872211260e-01
-8.077215103793640161e-01
-3.891219159504935021e-01
3.793404575096591680e-01
-2.586670049628307932e-01
3.753189665678133835e-01
-8.075277095855974974e-01
-3.819885260215842293e-01
9.995241565284068708e-02
1.000780893328633014e-01
9.998936617201248378e-01
4.665570387579220935e-02
3.971848765992209707e-01
9.998918308526270893e-02
-2.532568275291462445e-01
2.172605099542651852e-01
-3.756207084003740926e-01
-6.000165849819215635e-01
9.999889869802959241e-01
3.822178603697866106e-01
1.962359463421036454e-01
1.000027798449573679e-01
9.999654830916854253e-01
-9.998796034206290928e-01
3.865231531919031682e-01
9.999812543143660193e-01
4.010747450165483841e-01
1.002168108047796491e-01
3.981528617552216320e-01
-6.000125543963066299e-01
4.102713624401456705e-01
-3.872752203504438162e-01
3.992712626657042851e-01
1.000069148561225196e+00
1.000040434109185528e+00
1.000113111499499469e-01
1.929281418675997672e-01
3.961985436017828599e-01
-8.114480877611571774e-01
1.000048203008089553e-01
9.999570657294273301e-01
9.999678638581640522e-01
-1.000019926616204424e+00
-6.000043478322272250e-01
3.976279652378619800e-01
3.698771698006538683e-02
3.947825042264922479e-01
1.001839113477176746e-01
3.912915378780653652e-01
9.356488252389725049e-03
-3.799218356338301961e-01
-5.998763356953561443e-01
1.939900256815689228e-01
9.998728451632156178e-01
-9.999911769125419125e-01
-7.876074192446964606e-01
9.998241466082109508e-01
4.019294616689599309e-01
-5.998164601436615229e-01
9.992758785599306637e-02
2.614232046984132918e-02
-2.995606243277659231e-01
-7.973825305677298969e-01
1.963074831825755984e-01
9.985261483717337849e-02
1.000105036233577716e+00
2.044586441938688048e-01
2.087291686515048428e-01
-2.774928800302591814e-01
-9.999581759426110494e-01
-9.372055920691979916e-03
3.853967793664920816e-01
-7.946120441215169805e-01
2.047096417626500242e-01
9.999852454021226356e-01
-8.079342509143667694e-01
-6.001792802965004725e-01
-1.000034547574375487e+00
-1.845030667135935318e-02
-2.249141404224771212e-01
-5.998593244303368488e-01
2.113003240153537318e-04
2.112689737891165209e-01
-1.000063550970740733e+00
9.998819502580168495e-01
-7.809761438575734127e-01
4.102785830582722504e-01
-2.544974924618585987e-01
1.000194760473980482e+00
-9.999866447182084173e-01
-1.012530285289970451e-03
2.039877993039900250e-01
9.991340470836874987e-02
-8.084406029547180905e-01
-4.447795297954670879e-01
-5.438601926962594035e-02
-3.239460605790855374e-01
2.083223758220084654e-01
4.814327241834992499e-02
-6.000571833720824699e-01
-5.999486708669908852e-01
3.994999389296836623e-01
1.000044259683319670e+00
9.986489936105628906e-02
-4.212345895225388381e-01
2.121937079734291243e-01
9.991787277934205402e-02
1.000611991761721636e-01
-8.012393266325293917e-01
-5.999166794493739907e-01
-6.000539519699051860e-01
1.000072325625282588e+00
-5.999414324068922388e-01
-6.001110793062396365e-01
9.999880727845149586e-01
2.112162524457277535e-01
-8.130262509576807739e-01
3.882009813692125499e-01
-6.648027382870232149e-02
1.959511630302371854e-01
-7.958110935221838211e-01
-1.000014435037298144e+00
-7.936878493123449285e-01
-1.000015453820779499e+00
1.000088760978524505e+00
9.998560138984265988e-01
-7.991328937523380915e-01
-4.014002245350270504e-01
6.863844812332432765e-02
-8.180200014005044595e-01
9.999661214857035185e-01
-6.003295634958274452e-01
1.000541797742441064e-01
-9.999778038761552024e-01
4.146049924737980619e-01
1.946135538912561747e-01
9.998485366928372420e-01
-5.998427826921789441e-01
-6.000631392244570872e-01
-2.564181059628950488e-01
9.999546380648692834e-01
1.000858695628845385e-01
9.998805842303591929e-01
9.999157056146755762e-01
-9.999105196373030413e-01
4.086755628134599583e-01
9.994773612326746104e-02
3.943028746040534438e-01
9.988782180120839294e-02
1.458125011633076319e-02
1.766253969071128818e-02
2.006029106984555388e-01
3.890977914170861141e-01
-8.052046812049487023e-01
-5.999090361897688739e-01
4.040519812462655680e-01
9.999558423779703054e-01
-3.527170460970570354e-02
-8.045676290703733802e-01
4.223290533623370591e-01
8.686166617657738176e-02
2.050759923485602487e-01
-9.999782570733456444e-01
-2.541685658990053831e-01
4.107242460350992164e-01
1.879606965578348443e-01
-8.804239767834756702e-02
9.999644144493740061e-01
1.000130464778810735e+00
9.998442273813057390e-01
9.996268845315960105e-02
-9.071169198191872396e-02
-1.000077292578891885e+00
-3.369560481487183234e-01
-3.617065538646480616e-01
9.997568801447659359e-01
-7.997298979483070669e-01
-8.092212800205278445e-01
-5.997899624112474903e-01
-2.551745343032143509e-01
-9.998308497361989566e-01
1.941192265534242289e-01
9.992188719394397289e-02
-6.002146304753118722e-01
-4.396767666580348594e-02
1.000107634651334898e+00
1.987002300474353389e-01
2.064847334958725966e-01
-4.134791587076012964e-02
-3.936042033500763426e-01
-2.500911401124403799e-01
-3.417745619781799027e-01
4.016850781155145711e-01
-2.845324712280003498e-01
9.999349386802022233e-01
9.999384977156423604e-01
-7.737694779201113339e-05
2.023444630975705372e-01
2.073540043140231492e-01
-1.283636770165821617e-01
-2.476953391992797737e-01
-6.000186937413652943e-01
-1.000017571962126706e+00
2.103223313257785443e-01
7.795773992031813232e-03
