-6.000469039894731349e-01
-5.999396843646973565e-01
1.000100196738277436e+00
7.632609272045681736e-02
-9.999577340199675701e-01
-7.943313740732753647e-01
-6.001177651959339610e-01
1.169496670435344124e-02
-8.000447331533893092e-01
-3.543834262298070081e-01
9.986346702484479032e-02
-9.998635158671187462e-01
1.851710215144212468e-01
2.805282618639825740e-02
2.049436309181012217e-01
4.093449079014701564e-01
-3.349162360816745898e-02
-9.999214142535388650e-01
2.057679293026913325e-01
-1.204862182875805245e-02
3.952391214098724403e-01
4.032794181317134741e-01
-2.550848783135166720e-01
-8.138153967005228306e-01
-1.000085882661112535e+00
3.927401507383182500e-01
-2.640599256897587233e-01
-5.999412379692522501e-01
-3.691223679993889673e-01
1.001297226508621185e-01
-9.998997124487472021e-01
-7.971715232603602264e-01
-8.059105325101163508e-01
-9.997667180421336841e-01
-1.380100484535642935e-02
1.000062744483720456e+00
-1.000151977852882901e+00
9.999814520508251148e-01
3.930166823501837214e-01
-6.000984207683894844e-01
1.000005431221875796e+00
-7.952534904490393686e-01
-2.224902286127956041e-01
1.000177936030071935e-01
-3.019650992052378413e-01
4.013326512280794844e-01
1.000255385814261544e-01
1.000358998768463847e-01
9.992955470778486227e-02
1.987084762849280484e-01
-9.999193941293297305e-01
-7.841352122057045904e-01
3.945162454636420013e-01
3.915706409934622823e-01
-2.734214767794647116e-01
-1.000083528510155251e+00
-7.910461645445102663e-01
4.045758986895005571e-01
5.685155830355364398e-02
-1.000047762790609696e+00
-7.122180691936558228e-02
4.150423875256762929e-01
-9.998824562530024274e-01
-2.463411266796796117e-01
-1.000116156268064715e+00
1.000045630789587470e-01
-9.999183243429772272e-01
-9.487484775991032737e-03
-7.968410963284324744e-01
3.975258609174835422e-01
-5.999532306651084168e-01
-2.546911153390300497e-01
1.001803340305532503e-01
3.370049571262141025e-02
2.081761220269137680e-01
1.000836827370051585e-01
2.017413723080692389e-01
9.998160648736539313e-01
8.676384551545172907e-02
-8.070672963649717646e-01
3.951990792668023111e-01
3.938825014331317487e-01
1.996905213805581780e-01
1.957641655443030371e-01
9.999433647113291634e-01
4.068523019781634109e-01
-9.999392828299690228e-01
-5.999888554264889429e-01
-9.999095040904457665e-01
-1.163752859520861549e-01
-1.000042168763463968e+00
1.000161528453943488e-01
1.000378361191428950e-01
-6.002325556280795338e-01
1.935635607774718880e-02
-8.076128973883532902e-01
-7.927893476815737195e-01
-1.903294523481525169e-01
4.112437443142016313e-01
-3.063081936967673169e-01
3.972617705641044994e-01
-8.140567004170597976e-01
-3.008174823603058656e-01
1.000666463011815333e-01
1.001507340442261140e-01
1.000082263684207273e+00
3.169171291174426724e-02
4.210468150666165088e-01
9.998757270779015660e-02
-2.358792952141257615e-01
1.935743108452106509e-01
-2.095782852770465554e-01
-6.000392541969650217e-01
9.999770736280614303e-01
4.062322842579834115e-01
2.185088699430924042e-01
1.000781501287819480e-01
1.000230466805569707e+00
-9.999957886090614645e-01
3.946773468717333921e-01
9.998538957791762716e-01
4.032304966634221999e-01
9.984238207973622492e-02
3.975253528283806959e-01
-5.998859540148222536e-01
4.099368544607323583e-01
-2.506492309586462186e-01
3.927237352079432919e-01
9.999446162468514920e-01
9.999681615655411360e-01
1.001683386052593105e-01
1.969124690542901346e-01
4.197530144707064537e-01
-7.971648927041021793e-01
9.999221584744229230e-02
1.000056186851750795e+00
1.000028957057512713e+00
-9.999201116451600369e-01
-5.999695802220905705e-01
3.949890474943253960e-01
6.641552151840708629e-02
4.193036644010753600e-01
1.000909613329593884e-01
3.810889832697254009e-01
3.511166230417755302e-02
-3.957994788916160411e-01
-5.999178171460872733e-01
1.870292988562229086e-01
9.999586537868512259e-01
-9.999080271387957852e-01
-7.924595568380244925e-01
9.999487792769130579e-01
4.173394984623527981e-01
-5.999948897733227149e-01
1.000819329931907226e-01
-2.654559232214227793e-02
-1.868578731296085815e-01
-7.973860054388226537e-01
1.944753296961122813e-01
9.987250335019519365e-02
9.998908141557560914e-01
2.089730546544999734e-01
1.920600192596624289e-01
-2.614252972181194679e-01
-1.000078041514175231e+00
-7.911485378320176620e-02
3.957165992008465638e-01
-7.837592555757887380e-01
2.003557507525898229e-01
9.998469594777643632e-01
-7.843075431419563870e-01
-6.002067578123045921e-01
-9.999683741138882809e-01
3.093903307622668589e-02
-3.497134754496036280e-01
-5.999305744630408777e-01
4.435894633576030303e-03
2.263350115020545117e-01
-9.999320091419244827e-01
1.000176225581983713e+00
-8.001459747400901934e-01
4.185337456892123109e-01
-2.526169421040851404e-01
1.000255370126295063e+00
-1.000001296863732181e+00
-5.172977056471529667e-02
1.990078252746913245e-01
1.000218542516484593e-01
-7.855320562960862452e-01
-2.804878012307608359e-01
1.924476882568421782e-02
-3.309695168053163883e-01
1.981051089454707037e-01
-5.867457527985908000e-02
-6.000645206401037379e-01
-6.000134001229896485e-01
4.080238701151927549e-01
1.000040914322689156e+00
9.993802278862509714e-02
-2.520279769343184428e-01
2.134734056659443047e-01
1.002266754485312966e-01
1.000667519053660692e-01
-8.037501894622440801e-01
-5.998806782746158861e-01
-6.001409413252353220e-01
9.999100102303278836e-01
-5.998291681661098718e-01
-5.998833033766661771e-01
9.999399042702470375e-01
2.012972431791578976e-01
-8.157947971308268098e-01
4.138255927419968727e-01
-1.522167102518422188e-02
1.925610276727469927e-01
-7.819009208160004887e-01
-1.000017106832156832e+00
-7.934888135282097688e-01
-1.000014811009324767e+00
9.999403986637884767e-01
9.999641770628383552e-01
-8.112688268506397238e-01
-3.459243914004374587e-01
-5.293830657769171832e-02
-7.946900565221656221e-01
1.000162444665096073e+00
-5.999317941892045036e-01
1.000516895181449706e-01
-9.998649877831864430e-01
4.093019604259834909e-01
1.941082171804037471e-01
1.000235460093430895e+00
-5.999652863808850878e-01
-5.998639564522726397e-01
-3.609316931709368736e-01
9.999972097261246029e-01
1.001298469930479024e-01
9.999724075036831028e-01
1.000060089708986411e+00
-9.999880957635163270e-01
3.929965043928240753e-01
9.995999596863092140e-02
3.986742459747857903e-01
1.001234581155949627e-01
-2.864795885248597879e-02
1.286523326936848399e-01
2.187079279154300893e-01
4.130547941355470765e-01
-8.068968030992128559e-01
-6.000368728666592988e-01
4.137148309906906185e-01
1.000004445764056671e+00
6.536368650284066217e-02
-7.976711942802591215e-01
4.073162797263538137e-01
-1.245311761933801976e-02
2.061095454461266963e-01
-1.000070682470260541e+00
-2.270412435604721724e-01
3.889090957489755307e-01
1.909740192541187487e-01
-3.279004770822478189e-03
1.000198996443512733e+00
9.999549664505251734e-01
1.000183695712313803e+00
1.000734170368485498e-01
-2.573467941226662004e-02
-9.998756589024426766e-01
-3.097191742532920955e-01
-3.100196991371432231e-01
9.999176109159294557e-01
-8.040940832902554458e-01
-8.028790386423600989e-01
-5.999393949661678827e-01
-2.217399633662443803e-01
-9.997999371103540867e-01
1.976115760418006295e-01
9.996738076320055288e-02
-5.999873934083574945e-01
3.015591647105046735e-02
9.999969955141021494e-01
1.881836966716120274e-01
2.049295567425195030e-01
6.236148297034093671e-04
-3.464584373753828439e-01
-2.392267022106265850e-01
-3.171779533449642363e-01
4.063039724764444527e-01
-1.575812646556897789e-01
9.999356434939039584e-01
9.999938836514856710e-01
8.695441247805893448e-02
1.995352710061843171e-01
2.040199752068525552e-01
8.953708910363437912e-02
-3.018883957910510896e-01
-6.001687333116595413e-01
-9.999830690597834026e-01
1.900330671979786890e-01
1.056570145815832751e-02
