-5.999435259585214064e-01
-6.001022959639186194e-01
1.000003987474660461e+00
-1.352051019243888201e-02
-1.000035932996225174e+00
-8.030927911888805504e-01
-5.999277473079805967e-01
-1.908067771668963200e-02
-7.937526386785939136e-01
-3.519276967722616556e-01
1.000817242259420814e-01
-1.000083072156363606e+00
2.119736082185979531e-01
-4.641983152575490656e-02
2.035214711128444376e-01
4.054176839368947571e-01
3.409347128418710460e-02
-9.998171307478396219e-01
2.041029009493406099e-01
9.446870559076281371e-03
4.091970088794808502e-01
3.947970138820808828e-01
-2.585046136567715758e-01
-8.053768832454073490e-01
-9.999029511471406728e-01
4.122828195422701403e-01
-2.698970441620698879e-01
-5.999742280496960234e-01
-3.063155892269399660e-01
9.988459450301827303e-02
-9.999743131363342252e-01
-8.017131635276374402e-01
-7.819905101912831835e-01
-1.000046199374551970e+00
8.202469275872094692e-04
9.999410440871070449e-01
-9.999751665111380472e-01
1.000044627513422713e+00
4.047211269838564274e-01
-6.000218891064458271e-01
9.999618129912348774e-01
-7.868978170378341241e-01
-2.581237047584933331e-01
1.000725556843831132e-01
-2.237973222914806104e-01
4.021510724646971680e-01
9.999193620584934106e-02
9.999463726666701913e-02
9.997791002607479827e-02
1.938420694938303435e-01
-1.000015062026046175e+00
-7.971980052546722151e-01
4.359742718826991048e-01
4.011118948920477378e-01
-2.686863511311756159e-01
-1.000027842433259151e+00
-7.933791715778527598e-01
3.934493542896482787e-01
-4.125445917340427732e-02
-9.998392859573922431e-01
-4.789369028223010305e-02
4.006904573885585186e-01
-1.000018610970280442e+00
-3.245971512047088336e-01
-1.000055939803763616e+00
1.000297882441382458e-01
-9.999916634595149567e-01
7.974110258259036951e-03
-8.040801136777351310e-01
4.117452958693970655e-01
-6.000041096622020786e-01
-2.944051381025232228e-01
9.999764035577478338e-02
-4.977898240582625394e-02
1.894290595288561363e-01
9.984761887237462996e-02
2.054248529203139828e-01
1.000098521456934009e+00
4.068300821256416039e-02
-7.958014217698985426e-01
4.060531326040847655e-01
3.925368739301423049e-01
1.882741022566400968e-01
1.879115484719317830e-01
9.999443907912834995e-01
3.957743162243604340e-01
-9.998203609799274361e-01
-6.001519620495868734e-01
-1.000092874451913527e+00
7.827798952039456692e-02
-9.999810311036032573e-01
9.992692495709977474e-02
9.992180083278055791e-02
-5.999974972581747501e-01
7.714671694374146405e-02
-7.910923000797781546e-01
-8.103771333493262619e-01
-3.247463336473468409e-01
3.992318371004637823e-01
-3.463463002731796414e-01
3.977461537999968932e-01
-7.966433663057211900e-01
-2.680323276373716146e-01
1.000000105021210950e-01
1.000475133629564889e-01
9.999000946875493678e-01
3.183963543490338916e-02
4.028065432975295734e-01
1.000300922040016499e-01
-2.804847949952882780e-01
1.981289450648937855e-01
-2.441470740774534520e-01
-6.000791460159169421e-01
9.997734484930675958e-01
3.977713669163692178e-01
2.118067873542943125e-01
1.000624484699687428e-01
9.998317386850776867e-01
-1.000070503950144962e+00
4.158396211312411772e-01
1.000079263604653601e+00
3.846138843544916752e-01
9.996737717633144560e-02
3.944799462416581637e-01
-6.000045479007963811e-01
3.929139239943947870e-01
-2.735853715433125277e-01
3.830887135225439777e-01
9.998882079448094817e-01
1.000044867982100127e+00
1.000168998029230122e-01
1.921900483293998707e-01
3.911217196301786103e-01
-8.007719482086209650e-01
9.996652175538832397e-02
9.999335097354482560e-01
9.998649990469975490e-01
-1.000066220752081403e+00
-6.002654821797616114e-01
3.888200300854138258e-01
4.270012949392291285e-02
3.929442956771111994e-01
9.996754279952958788e-02
4.052664434558500006e-01
-5.801750392737201056e-02
-1.995903222334859950e-01
-5.999213614266455386e-01
1.946803584165106293e-01
1.000133532632668132e+00
-1.000023781562441316e+00
-7.892202631647602384e-01
1.000147345103509000e+00
3.906501537211747310e-01
-6.000574248641696862e-01
1.000700382544131573e-01
4.434147318080568223e-02
-3.088215210894318385e-01
-8.012225506645074269e-01
2.008269393167860795e-01
9.985635750319332704e-02
1.000038343101627980e+00
1.628990933612792791e-01
2.069419998426301199e-01
-3.050502748812106146e-01
-1.000139984075424149e+00
2.026264629800825223e-02
3.975844741712813435e-01
-7.961819503872217263e-01
1.896579178950790756e-01
9.999598739075963305e-01
-7.948819023716863219e-01
-5.999979422479675417e-01
-9.999440660918046397e-01
-2.575223052255824069e-02
-3.228434141159547965e-01
-6.000126168234246604e-01
-3.411990269637920487e-02
2.104362956627434667e-01
-9.999772042743695355e-01
1.000063139024230718e+00
-8.065971229786145225e-01
3.993184982305615360e-01
-3.581839654728246058e-01
9.999804874160700408e-01
-1.000097991231193362e+00
-8.093971699715285517e-02
1.911533468195361629e-01
9.993511573835886508e-02
-7.962217129622467526e-01
-2.826421524814350383e-01
-6.394497095775378281e-02
-2.138835157858189895e-01
1.785413704399818613e-01
-1.546000846537941113e-02
-6.000277312877480007e-01
-5.999853653387405839e-01
4.164238305861709399e-01
1.000041882099806712e+00
9.972012908675771670e-02
-3.315833969272358739e-01
2.036230564614740224e-01
1.000356793158660440e-01
9.977205681208548005e-02
-8.121193219377959016e-01
-5.999468482382034340e-01
-6.001422144480923482e-01
1.000104522260340190e+00
-5.999113913983541435e-01
-6.000253940209751002e-01
9.998854957517099296e-01
2.081790148222665560e-01
-7.958607271871089850e-01
4.152092102055468525e-01
3.189572367846644357e-02
2.180846726293750870e-01
-7.919993415257852165e-01
-1.000093186929428279e+00
-7.938761967138960873e-01
-1.000157791123707396e+00
9.999608878828689651e-01
9.998530308700411817e-01
-8.067524927585190131e-01
-3.198641508849373594e-01
-5.754152733063101766e-02
-8.075343439669582235e-01
1.000063159030610382e+00
-6.000854370691418582e-01
9.998219541486780271e-02
-1.000050638460376007e+00
4.094977984312888064e-01
1.893183009810984752e-01
1.000043862024341479e+00
-5.998766941247403173e-01
-6.000402136395701636e-01
-2.113955611776953125e-01
1.000095500891759359e+00
1.000675299410836855e-01
9.999533681240031502e-01
1.000141813685498038e+00
-1.000053362106531507e+00
4.023414216805343280e-01
1.000423686765567893e-01
3.931532272479366652e-01
1.000870037499924786e-01
-4.217496014807381281e-03
3.546090948549453920e-02
2.007612220912959322e-01
3.854781341080580348e-01
-7.897230623090021329e-01
-6.000103132396550354e-01
3.988046585845060887e-01
1.000034845142445228e+00
-1.751942830451434438e-02
-7.947468726412283413e-01
4.027799374750555828e-01
-1.930904661894130778e-02
2.019502519754151626e-01
-1.000016984209393334e+00
-3.373138409440328278e-01
4.004829868587265196e-01
2.003758548022922525e-01
-5.234446264453915948e-02
1.000025354164590707e+00
9.999936028177345282e-01
9.998796561420044693e-01
9.997350445893013471e-02
-4.779770886854319001e-02
-1.000137538026344641e+00
-2.840939946901496205e-01
-2.893649374437958777e-01
1.000157301200991444e+00
-8.093389495880665141e-01
-8.033233866081137542e-01
-6.000896593982254501e-01
-3.158174790856747016e-01
-1.000002100489936430e+00
2.002609455755566537e-01
1.000535710382474824e-01
-5.998796875926204475e-01
1.985435495080492205e-02
9.999292556643908370e-01
2.052403587313541833e-01
1.943663026004195105e-01
-4.245786174395171919e-02
-3.385480145282950271e-01
-3.026963191302438627e-01
-2.091996829310141526e-01
4.215308950294337498e-01
-3.402307172507854083e-01
1.000051828497007467e+00
9.999316975588404821e-01
4.188587973582215407e-02
2.096004883735791413e-01
2.004419105249396205e-01
3.340161867348672570e-02
-3.160576514655272229e-01
-6.000113098449139093e-01
-1.000176359635837509e+00
1.839089942644382969e-01
7.279990769929114980e-02
