-6.001732547855300748e-01
-6.001124721688815278e-01
1.000177563558112492e+00
5.290109724823154752e-02
-9.999529288161574936e-01
-7.956336323173842651e-01
-5.999238479348801834e-01
3.738981140499527539e-02
-7.996211405865130128e-01
-1.848551073346532680e-01
1.000098782315592405e-01
-9.998831798062213227e-01
1.862630750521550582e-01
-3.061473814018913012e-02
2.011218913274428199e-01
3.864634056247654992e-01
-8.011246159182810675e-03
-1.000024542190642185e+00
2.052008846666560915e-01
-7.692074787254470081e-02
3.843063676242934879e-01
3.914292666975818791e-01
-2.661488828978448851e-01
-7.923618531057335934e-01
-9.999550577965897746e-01
4.113255385108207651e-01
-4.083668447318527517e-01
-5.999184644490419549e-01
-3.706924464165214372e-01
1.000116450464022810e-01
-9.999443560972051115e-01
-8.091134437864322404e-01
-7.913948864877107248e-01
-9.999099231976900093e-01
-6.500742020332914151e-02
1.000148149990032653e+00
-9.998155347564797735e-01
1.000116980986414772e+00
3.990815590327682072e-01
-5.999806457931691206e-01
1.000056512424863042e+00
-7.889734925548054223e-01
-2.884637376695501354e-01
9.969766306668598199e-02
-2.552554933310471341e-01
4.166206763949498737e-01
9.985917407367804477e-02
1.000128240326755152e-01
1.000074533615202960e-01
2.093431065983518413e-01
-1.000044438573948424e+00
-8.095552411781675728e-01
4.194440124493496458e-01
4.177891235369147194e-01
-3.431656034099219155e-01
-1.000067412896286756e+00
-8.216382573085102559e-01
3.908082852458522050e-01
-4.402440730355587639e-02
-9.999653038035999364e-01
-4.935914716000312091e-02
4.117351948487076863e-01
-1.000046190840748750e+00
-2.370463315068069843e-01
-1.000074728178585781e+00
9.991641318227656443e-02
-1.000044855869554716e+00
-3.096936754111637158e-02
-7.932496151151613439e-01
3.985635668226188977e-01
-5.999662467150171929e-01
-3.627245514791767600e-01
9.998196823159399838e-02
1.759855462136621779e-02
1.980323248694306482e-01
9.989345928694341736e-02
2.010888673282346384e-01
1.000112109800954441e+00
6.601658066788576584e-02
-8.002735850098676718e-01
4.125931225146052816e-01
4.099266519485690874e-01
1.956409521010500363e-01
1.974306331964899852e-01
9.999449162094145027e-01
4.035352850184766860e-01
-9.999779215556188205e-01
-6.000239639956043147e-01
-1.000046912189666903e+00
6.471004061653447791e-03
-9.999855775820166714e-01
1.000828518589055999e-01
9.999915882313380189e-02
-6.000539920262144555e-01
-3.393930225886154090e-02
-7.934156454648660928e-01
-8.094567362549331957e-01
-2.608807339178882412e-01
4.070620989501549380e-01
-2.060751034688060312e-01
4.039070551812213306e-01
-8.104893182557622033e-01
-2.305412718954867324e-01
1.000404704684324936e-01
1.000019520902412917e-01
1.000032056239694711e+00
7.161898710652379874e-02
3.964592664377721842e-01
9.995629806652163440e-02
-3.326862364164694941e-01
2.066608622367661630e-01
-2.801098298057209668e-01
-5.998785976434649614e-01
1.000055136738497330e+00
4.010199749754415066e-01
2.051805844867444772e-01
1.000310618454886280e-01
1.000332835262878417e+00
-1.000062077519510151e+00
3.876925474683008965e-01
9.999834407249855728e-01
3.913474544769063312e-01
1.000782376838854626e-01
4.053628402584318335e-01
-5.999767120223974404e-01
4.074605945684722785e-01
-3.428586737191528511e-01
3.919391024290360681e-01
9.999622916221828639e-01
9.998981690871132644e-01
9.986635122381279372e-02
1.975633592513672543e-01
4.033038681791501490e-01
-7.971459531784723662e-01
1.000017990805433798e-01
1.000053920358952242e+00
1.000164561157870668e+00
-1.000072414635391649e+00
-6.002024507491761085e-01
3.999685529780256932e-01
4.298132888140751562e-02
3.981698612823693084e-01
1.001339184130774079e-01
3.862860318141603244e-01
1.075209423946762305e-01
-3.190081617825701876e-01
-5.998470584775105197e-01
1.962232774658902168e-01
1.000006482126078566e+00
-1.000125953371517218e+00
-7.856690807121743392e-01
1.000037624109737067e+00
3.996984874874581206e-01
-6.000966001756660173e-01
9.997468281402470403e-02
-2.633517735884662384e-02
-2.818378658055861186e-01
-8.165181601284241530e-01
1.893312008412620095e-01
1.000043935105959930e-01
1.000139992513582321e+00
2.052283721561631580e-01
1.872414589300299970e-01
-2.943499462833417679e-01
-1.000106891627504657e+00
2.914809952335149779e-02
3.835448637913053682e-01
-7.941443569881614373e-01
1.749240784272277083e-01
9.998652175352361615e-01
-8.091981961058473116e-01
-5.999801501407955318e-01
-9.998647101506424884e-01
-1.171763638404029785e-02
-2.426875278622198373e-01
-5.999302158121723183e-01
-8.365234643980935803e-02
1.885812265825735912e-01
-9.999771432630973900e-01
1.000135248579794744e+00
-7.975316121434616878e-01
4.072932409934312825e-01
-2.862636453417411464e-01
9.998293910629763026e-01
-1.000049488067242809e+00
4.129588368906963319e-02
2.007373928720855016e-01
1.001961967486095922e-01
-7.802041471958756080e-01
-2.699244770487650991e-01
-5.156238593918079094e-02
-2.951776445166421903e-01
1.829446546785583882e-01
5.682830199723659659e-02
-5.999879588298292488e-01
-5.999012321768792955e-01
4.089001841818658001e-01
9.999549094610176159e-01
1.000787472628289765e-01
-2.853097123450955563e-01
1.993423739818755147e-01
1.000623053979142196e-01
1.000684664787993700e-01
-8.152933260886424671e-01
-6.001425339178225737e-01
-5.998706943681991755e-01
1.000036026699957503e+00
-5.998777329528238722e-01
-5.999825033870187507e-01
1.000144294359428976e+00
2.092724553187645387e-01
-7.955238794193587593e-01
3.955339804705270135e-01
-7.635134476406890691e-02
2.141150066963304066e-01
-8.055093949293279376e-01
-1.000061185777020745e+00
-8.012708913390731436e-01
-1.000065981184507402e+00
9.999652875687475850e-01
1.000122095099522879e+00
-7.875416411972668840e-01
-2.913506879225222779e-01
-1.786912043698300409e-02
-8.103873660648679422e-01
9.999662555615488335e-01
-5.999205302122001537e-01
1.001030954327452455e-01
-1.000185851667675152e+00
4.149431366680273459e-01
1.904235281645821065e-01
9.998621325855440167e-01
-5.999058370512465599e-01
-6.001365969167640202e-01
-2.564594902280310507e-01
1.000051010594580347e+00
9.994641706927283320e-02
1.000062726893720777e+00
1.000029069812048643e+00
-9.998600671495262437e-01
3.971164044587453534e-01
1.001338995314809827e-01
3.965865984146885181e-01
9.996732103241312561e-02
1.780005856205089596e-02
-5.419667145932294261e-02
2.226206466119645400e-01
4.026223947336689535e-01
-7.852495178093392703e-01
-6.001082230525421890e-01
4.040052611917082093e-01
9.999790780531322421e-01
-2.783348781978436937e-02
-8.053294408391474812e-01
4.061783065282413840e-01
-2.560892894215009707e-02
2.074776674120099862e-01
-1.000018968208884695e+00
-3.073730122186382197e-01
4.067104775780112091e-01
1.992329732660077513e-01
-2.757581301051697728e-02
1.000001636692676721e+00
1.000116682896528442e+00
1.000025469316150550e+00
1.000912463667373853e-01
-4.395634943522658267e-02
-1.000078201539642331e+00
-3.527477875050180067e-01
-3.101551857481158470e-01
1.000094966625789450e+00
-7.953255497380419259e-01
-8.012513530939621154e-01
-6.001013890776305537e-01
-4.414087125695151936e-01
-1.000058386375733965e+00
2.035870553217578316e-01
9.992115126554056148e-02
-6.000889384353835787e-01
2.874171520597267049e-02
1.000113189367026090e+00
1.949530128601265622e-01
2.044466996025635919e-01
1.217199094678955013e-02
-3.046215266147211942e-01
-3.432363263829459887e-01
-3.350353667012497261e-01
3.899177343400134776e-01
-2.483724989595881005e-01
9.999420646817707148e-01
1.000107823268028495e+00
-5.265302757417023027e-02
1.795850716966586325e-01
1.996598908929836380e-01
-3.504515422962300314e-02
-3.566263756908893967e-01
-5.998688306518514812e-01
-9.998392926025966299e-01
2.008325591082795458e-01
-2.351492045079689713e-03
