-5.999559716669493614e-01
-6.001507569764396033e-01
9.999656512256154262e-01
6.194526676779746333e-02
-1.000146099004034950e+00
-8.013559163528419793e-01
-5.999041152960320478e-01
-1.463135853826087185e-01
-7.894575884854361236e-01
-2.201675738602407173e-01
1.001635478740006691e-01
-1.000016481945325220e+00
1.972200107197867314e-01
6.399108837744925393e-02
1.824673521560315204e-01
3.882349175488336024e-01
2.872583954710547158e-02
-1.000017210598999728e+00
2.065160936285257154e-01
7.906977739710231712e-02
4.111429567582215450e-01
3.968072454829978390e-01
-2.322581309205291600e-01
-8.216787303045152147e-01
-9.999822060415887170e-01
4.074712125180600109e-01
-2.395787833610987239e-01
-6.000331080757969060e-01
-3.331915725958701224e-01
1.002124734827871400e-01
-9.999574965900632773e-01
-8.092494269825408759e-01
-7.920159774923904994e-01
-1.000035983488583691e+00
9.464792305537969574e-03
9.998518795156703387e-01
-1.000169797819834061e+00
1.000068563186596204e+00
3.926130179448098501e-01
-5.999411081210319630e-01
9.999464527680796966e-01
-7.870142446843315653e-01
-2.126106123409188808e-01
9.996332040010837139e-02
-3.634541517891369811e-01
4.169387304287647811e-01
9.979736428426946859e-02
9.996580553625808441e-02
1.001314589000540933e-01
2.017911563288753984e-01
-1.000108759334195074e+00
-8.005983613962806000e-01
4.111468645804048916e-01
4.021378385390029231e-01
-3.714510845215812096e-01
-9.998541042486226438e-01
-8.154219167244765032e-01
4.058249491197365444e-01
-1.105237717461656465e-02
-1.000016872505861354e+00
-6.703127472605428794e-02
4.118900437844007500e-01
-9.999509990889107192e-01
-3.423350965946345692e-01
-9.998963774685667438e-01
9.998499091975958375e-02
-9.998823019850465732e-01
-1.213809778157574383e-02
-8.041458022060695709e-01
4.073699472106361297e-01
-6.001568155414510608e-01
-2.798029308184628583e-01
1.000904051904000086e-01
4.206484860221109540e-02
1.914289669909100822e-01
1.000939804745793887e-01
1.937224048637928575e-01
1.000098258680489405e+00
8.100108616853582411e-02
-8.123639807817661929e-01
3.906630448218199603e-01
3.925555615761946449e-01
1.962170574645659693e-01
1.902417967319441627e-01
9.999098108821010689e-01
4.097845796837622512e-01
-9.999942836469384311e-01
-6.001106581303886633e-01
-9.999992120207366053e-01
6.048158170607123574e-03
-9.999957144537052756e-01
9.995786868118378132e-02
1.000847695027848872e-01
-6.001452257915258492e-01
1.108983983519901129e-01
-7.906027397805643897e-01
-7.907839899778201787e-01
-3.049279831258792650e-01
3.957310283668601381e-01
-3.656180450841336471e-01
3.925978277912462455e-01
-7.892453580460884188e-01
-3.076009151299534672e-01
9.999123813141609640e-02
9.997890589601979294e-02
1.000017413812866796e+00
-2.313501261253505040e-02
3.927691272690138624e-01
1.000357747935864128e-01
-2.624107475381098897e-01
2.004987885549472659e-01
-3.024942022153568333e-01
-5.998782811142923110e-01
9.999428054514888364e-01
4.266903127279666474e-01
2.082369465016061238e-01
1.000130186565515028e-01
1.000047897789208662e+00
-1.000038213407391519e+00
3.894654039923513555e-01
1.000003362739335211e+00
4.010620729044897526e-01
1.001020640530409650e-01
3.976176460050154238e-01
-5.997913838123852814e-01
3.864349191201715272e-01
-4.303784680529453288e-01
3.991622133028076003e-01
1.000011618381104306e+00
1.000021806658337953e+00
1.000966721237139256e-01
2.019631586564770986e-01
3.920044322762784028e-01
-8.067829102610826197e-01
9.996010913394390296e-02
1.000045811168050358e+00
1.000080604092104197e+00
-1.000054323765810382e+00
-6.000440084476463820e-01
3.974315975520662514e-01
2.425990508723213993e-02
3.904795972189197828e-01
9.996678746635662138e-02
3.961703677780531452e-01
6.095375586993021649e-02
-3.893251441786860223e-01
-5.999078929632386536e-01
1.968231459806986938e-01
1.000006634561188879e+00
-1.000123223941633333e+00
-8.005832544730951961e-01
9.998889658445876405e-01
4.020312333566912755e-01
-6.001679577746473759e-01
9.998023068576379624e-02
-8.036906474814523027e-02
-2.921592058729964303e-01
-7.947290505087044599e-01
1.890795041251745467e-01
1.002209138990453469e-01
1.000154253892759915e+00
1.907323926624741040e-01
1.905970358127307973e-01
-3.104918820817094693e-01
-9.999833910043179896e-01
9.189902826970887395e-03
3.806237858423549003e-01
-7.996752425979009038e-01
2.079512765993958567e-01
1.000118651396840086e+00
-7.919469119981334959e-01
-5.999498001550220838e-01
-9.999956310267973381e-01
2.249577643669282978e-02
-2.667724138672763479e-01
-6.000914994122943380e-01
8.192664433747398611e-02
2.018500988043024358e-01
-9.999782582411365084e-01
9.999866758341848794e-01
-7.912074104761210869e-01
3.899383040804996203e-01
-2.643124203579723663e-01
1.000039087508887370e+00
-1.000124079520259279e+00
1.363909876777116316e-02
2.115963709852044794e-01
1.000175415921293054e-01
-8.075251944497301437e-01
-2.850522576113955209e-01
1.901689857358133257e-02
-2.379646188943999874e-01
2.018907747206601655e-01
-4.027355041833024715e-03
-5.999183642677914374e-01
-5.999370289791563504e-01
4.035387838736542165e-01
9.999748438739520795e-01
9.990196131342284069e-02
-2.191027713065947791e-01
2.043610663208951239e-01
1.002409364302074002e-01
1.001194049639435590e-01
-8.056526132000115803e-01
-5.998325965841914131e-01
-6.000165001021671163e-01
9.999996864149828246e-01
-5.999502925427747657e-01
-6.000706567739780839e-01
1.000024633924136763e+00
1.946654530476598921e-01
-7.975614049446386744e-01
3.966939023656920749e-01
-5.180029281374386868e-02
2.020441503430581154e-01
-8.009447728525090904e-01
-9.999013683255434382e-01
-8.009136911667326109e-01
-9.999859487473673481e-01
9.998861485218966116e-01
9.999682976187643790e-01
-8.054684331945602960e-01
-2.824139746658079209e-01
7.357637300025458849e-02
-7.982380651638758540e-01
9.999933071923423622e-01
-5.999313641004300202e-01
1.001695883694848632e-01
-1.000123579710696209e+00
4.007079312267605165e-01
1.970399108977786418e-01
9.998431419563272859e-01
-5.998332802036332456e-01
-6.000227943173257472e-01
-3.010665725212866572e-01
1.000014229171889868e+00
9.985342726229082255e-02
9.998085364399592612e-01
9.999591911413481249e-01
-1.000099487049125546e+00
4.024746603988707538e-01
1.000155674176147758e-01
3.977290035606833585e-01
1.000557737520261781e-01
3.300872501306689050e-02
1.785801929547602834e-02
1.956581237907406567e-01
3.911047687650621163e-01
-8.074076808484658141e-01
-6.000157532300489649e-01
4.009220292195438407e-01
9.999957585042238417e-01
5.890033791391085377e-02
-8.073488406766698988e-01
4.043885995249767440e-01
6.415283703616733724e-02
1.724591656942583984e-01
-9.999412985749253080e-01
-2.864756767156539374e-01
4.043759688377618344e-01
1.945128633029942211e-01
1.317590568083645136e-02
9.998614691312628366e-01
1.000049086998469061e+00
1.000110620508300574e+00
9.993748384322166667e-02
7.403395883606857936e-03
-1.000046664774231875e+00
-3.356807891832693791e-01
-2.636299955797842265e-01
1.000066614903849516e+00
-8.099774483657409263e-01
-8.032962996412290613e-01
-6.001349155406364710e-01
-3.810692173453981146e-01
-1.000148149839531486e+00
1.981998740591036923e-01
9.988981803759064415e-02
-6.000815965179701061e-01
-3.200798573433599054e-02
1.000224548533807267e+00
2.063026167142055500e-01
2.171446703803283640e-01
2.303938271912016073e-03
-2.741355679050779814e-01
-4.586830446211188628e-01
-2.350844188780393806e-01
4.033859095785117810e-01
-3.988771440255132195e-01
9.998751001670170835e-01
1.000032799959718499e+00
-1.027158943793215623e-01
1.820200203204674905e-01
2.113413373672803630e-01
-3.780831421411484650e-02
-3.920595760409926189e-01
-5.999445375680273473e-01
-1.000127666755654898e+00
2.034916361021376074e-01
3.724835152103126573e-02
