-6.000157936922448920e-01
-5.998514665663015055e-01
1.000064835467486146e+00
5.549110650232182140e-02
-9.999748849578896648e-01
-7.835141976472349556e-01
-6.001231502578052712e-01
-7.011937918919072810e-02
-7.980380481746658372e-01
-3.528554509615498547e-01
1.000476687642709306e-01
-9.998916193007503228e-01
1.642343712125701738e-01
-2.904176236647385001e-02
2.051190799255498132e-01
4.017155619864116733e-01
2.806999771365317232e-03
-1.000033475755814250e+00
2.003218906470022320e-01
7.708089990790942779e-03
4.106829754780947361e-01
3.845420062710644404e-01
-2.132384783441483023e-01
-8.052399726602533780e-01
-1.000215614776588602e+00
4.063823654361654047e-01
-3.327785568902986157e-01
-5.998123843219465012e-01
-2.794595014388813747e-01
9.998672084992038522e-02
-9.999100199605065464e-01
-7.777829721981450728e-01
-7.899208551289955693e-01
-1.000056995367848423e+00
-4.727426387497958050e-03
1.000118789489192306e+00
-9.999702414181044219e-01
1.000001377018769677e+00
4.017773991689146951e-01
-5.998643417638902520e-01
9.999720302231357438e-01
-8.041244598339506444e-01
-3.953047188507473053e-01
1.001892632022821639e-01
-3.318626569661282666e-01
4.033606508966728343e-01
9.984522088455759226e-02
1.000647909240240108e-01
1.000384349309080684e-01
1.966171744038748559e-01
-9.999186931417209934e-01
-7.938527258456351543e-01
4.019509657649620316e-01
3.960197835719282411e-01
-3.584488861077476662e-01
-9.999024795318249836e-01
-8.070326615168332829e-01
4.029937732615503920e-01
2.973948482504966406e-02
-1.000044064329169702e+00
3.066345279797461076e-02
4.069995862518339669e-01
-9.999555207711577909e-01
-3.736691376124904873e-01
-9.999441453574849925e-01
9.998474565997608754e-02
-1.000006799517391132e+00
-4.683304368811259943e-02
-7.853648298405987438e-01
4.022594020491907507e-01
-5.997715296472173607e-01
-3.543222384906584144e-01
9.992566032284612432e-02
2.706702484128688246e-02
2.016449009906554624e-01
9.995576782717770226e-02
1.964608216529010465e-01
9.998943538548320520e-01
7.903876380885733327e-03
-7.842596661357215115e-01
3.976087014729631219e-01
4.125225101467349109e-01
2.124842476696453264e-01
2.034800002550969933e-01
9.998134104485046914e-01
4.027350603961614151e-01
-9.999780130384899879e-01
-5.999328681491349347e-01
-1.000100771861315074e+00
-3.607475581234931977e-02
-9.998228272170599507e-01
9.981477660191083456e-02
9.986268276274244682e-02
-5.998368840334969976e-01
1.308679712627938002e-02
-8.113002917527064595e-01
-8.001340827687457580e-01
-2.311953459092272456e-01
4.017159525396599151e-01
-3.506104148165324896e-01
3.891257429169036053e-01
-7.946335911519991635e-01
-2.862796847361198660e-01
1.000399294846756881e-01
9.997418071280329832e-02
9.998756370727820419e-01
1.011307987341177467e-01
4.028270033500280789e-01
9.988560022150595741e-02
-3.638235198823951966e-01
2.002136942953912924e-01
-3.412747015471696010e-01
-5.999179545746767817e-01
1.000060518327938963e+00
4.117524840662369900e-01
2.094661854984503913e-01
1.000511856191663995e-01
1.000035827788376297e+00
-1.000020666156459459e+00
4.023404624889596048e-01
9.998534292440277582e-01
3.985001022321935649e-01
1.001665878980209506e-01
3.824905732912064482e-01
-5.999535446949508799e-01
3.944692654485704719e-01
-1.741805518000960062e-01
4.174190270514851475e-01
1.000022535316875683e+00
9.998906835518049929e-01
9.986437607436747521e-02
2.108202733340049373e-01
4.073870069242027658e-01
-8.016264683131923974e-01
1.000454810619526291e-01
9.999775708074148950e-01
9.998631661989766384e-01
-1.000032868687418919e+00
-5.999428369563893915e-01
4.104817716453282306e-01
1.470653832778293438e-02
3.918603687206178576e-01
1.000275933262483458e-01
3.946998401067551843e-01
-9.705997194683617380e-03
-3.408813502723448963e-01
-5.999294455287030869e-01
2.044388461843346660e-01
9.999328335856233485e-01
-9.998984614137800264e-01
-8.030757284468506008e-01
9.999241493089751076e-01
4.063729158784470941e-01
-6.001014886155032757e-01
9.974756266825142437e-02
-2.605365459097478548e-02
-2.528913137019419000e-01
-8.008231492013855313e-01
1.926682682122925205e-01
1.000902208339958382e-01
9.999478120859689456e-01
2.051051674000780589e-01
1.969292048274517426e-01
-3.184369862299760712e-01
-9.998597730430435204e-01
-1.267518982116925576e-02
3.944541765876980466e-01
-8.057442133247038063e-01
2.101634405625087132e-01
1.000067824910308989e+00
-7.928580101743684105e-01
-6.000757207244620250e-01
-1.000057780456787171e+00
-3.751241821611536048e-02
-3.185451323413156510e-01
-5.998082158278100762e-01
8.364277425807462030e-03
1.928607630050507005e-01
-1.000176663753941986e+00
1.000034009464408236e+00
-7.889979903471479039e-01
4.066088676044800065e-01
-2.416857741654482028e-01
9.999856714616355280e-01
-1.000019469652710047e+00
-1.512183452959572905e-02
1.987297130204202511e-01
1.000135934156090312e-01
-8.084725845914167985e-01
-2.641659764686659639e-01
3.578027593440729487e-02
-2.912675187291454137e-01
2.010404277198919731e-01
8.612234373731697534e-02
-6.000961558481644476e-01
-6.000558671999213223e-01
3.947143981244153887e-01
9.999584030033451532e-01
1.000165111528430600e-01
-2.614000145001175723e-01
2.051315100046472717e-01
9.998594372148551790e-02
9.977807964575544086e-02
-7.867461092086696084e-01
-6.001743519280354766e-01
-5.999084012494734219e-01
1.000169525483076916e+00
-5.999787600849909586e-01
-5.999020678614352953e-01
9.999720082132573795e-01
2.071030991691757417e-01
-8.165121305290363729e-01
4.050248887227356209e-01
-2.576837929667834606e-02
2.064890806287635883e-01
-7.888545894734961816e-01
-9.999821920981974976e-01
-7.906680524498145290e-01
-9.999877051764033409e-01
9.998668173262434955e-01
1.000099964252570084e+00
-8.039171890832681466e-01
-3.131009704047645337e-01
6.046359531109923857e-02
-7.960724835090650098e-01
9.999929222151432429e-01
-6.001754274078825446e-01
9.993165184721096439e-02
-1.000005317038392239e+00
4.013382062098752590e-01
2.073036320170251745e-01
1.000082156061479655e+00
-5.999119461239564854e-01
-5.999747808297781759e-01
-3.602330829886587482e-01
9.999345618976024364e-01
9.999947521649869830e-02
9.999832475874272930e-01
1.000131749494208133e+00
-9.999178041385504701e-01
4.141987028551941674e-01
1.002449599376031841e-01
3.980467243387551535e-01
9.982551783439651272e-02
8.261834916666793704e-02
3.016835938148497431e-02
2.048234542321702156e-01
3.839021430692253212e-01
-7.961572322878203156e-01
-6.000013576501659340e-01
3.956034063257442002e-01
9.999270338531001112e-01
5.146931291855651180e-02
-7.865040122570798875e-01
4.099358804967311309e-01
-3.585010269786727266e-02
1.990320069139059622e-01
-9.999588449170755400e-01
-2.892376044678398039e-01
4.017726925812493688e-01
2.006227573939852460e-01
-9.911159973334561502e-03
9.999397183925833321e-01
1.000044670301525107e+00
1.000004601054689468e+00
9.996252302540027668e-02
-2.211019281778790410e-02
-1.000013413506972926e+00
-2.857057450383437280e-01
-3.588922402593601735e-01
9.999774196427486661e-01
-7.984724270412622005e-01
-8.279664377139420717e-01
-6.000282049968140852e-01
-2.831377580048936582e-01
-1.000002441985565094e+00
1.992154910125700229e-01
9.998299455614970133e-02
-6.000719189747774074e-01
-9.279514982267086931e-02
9.999165393767823762e-01
1.844388885155882618e-01
1.897059543830665052e-01
-5.181001593797031346e-02
-3.374783340302376367e-01
-2.415437858363435053e-01
-3.494144044934803239e-01
4.124351885095280945e-01
-2.659005381038722082e-01
9.998630683310837375e-01
1.000081918150474536e+00
-1.448426300369339698e-02
1.879829774743002613e-01
1.916073831474582323e-01
-6.453006488156035059e-02
-2.027747692496107423e-01
-6.000872879290410911e-01
-1.000162614300303954e+00
2.083138558753029612e-01
-3.014987898943441436e-02
