-6.000035354800147269e-01
-6.001749015456124825e-01
9.998473149625636269e-01
-6.207522833513858668e-03
-9.998608891050198011e-01
-7.926973450142396072e-01
-6.000479191369685328e-01
6.082390873764428885e-02
-8.068566777771859488e-01
-3.328309414266157340e-01
9.978914984924532050e-02
-1.000152864657104068e+00
1.994141975123284172e-01
-4.954886508131513961e-02
2.057443510744615955e-01
3.924077435751692766e-01
5.363801962270963591e-02
-9.999463192792797939e-01
1.939196201629432570e-01
-7.113801337994796192e-02
3.931443052292485363e-01
4.058774481044742921e-01
-3.603038594106339199e-01
-7.868778353173684348e-01
-1.000129677104835135e+00
3.890610898452184219e-01
-3.215350815220237579e-01
-6.000101721369704988e-01
-2.938286265237542438e-01
9.977715916503678006e-02
-1.000131213463252511e+00
-7.973051297639237589e-01
-7.973957288982879144e-01
-9.998988131496764353e-01
-7.004646369755249125e-02
1.000016765518100925e+00
-9.998464210647730610e-01
9.998515315957635652e-01
4.061534551894167011e-01
-6.000141359321602419e-01
1.000052515270634101e+00
-8.011346080487442567e-01
-2.407799759365288617e-01
9.997596170825825967e-02
-3.028648010300628024e-01
4.044178897879213141e-01
9.997921367652699842e-02
1.001546440176768610e-01
9.999690917767353748e-02
1.927795333108563436e-01
-1.000050447128673303e+00
-7.961645512905025646e-01
3.956294885030210984e-01
3.919731174604053625e-01
-2.988277892443543249e-01
-9.998395852352524038e-01
-8.040458558499572472e-01
4.009019454340717048e-01
6.257332218365872778e-02
-9.999333437391831891e-01
-3.600333982892744283e-02
4.025719526048844865e-01
-9.999434333380791129e-01
-2.745292106958156508e-01
-1.000092757315002912e+00
1.001222211031478349e-01
-1.000096125155580440e+00
-2.891783244242796674e-02
-8.000604028690536662e-01
4.079607984692115163e-01
-6.000440306154671832e-01
-3.654271505799986386e-01
9.996880278837459721e-02
3.461478479765876803e-02
1.969271347385252446e-01
1.000792020770874813e-01
2.191341746208153585e-01
1.000098282498808056e+00
8.394379077439551723e-03
-7.988943889030711842e-01
4.101118611650486079e-01
3.883661171648313259e-01
1.985450504627564727e-01
1.907282333194091628e-01
9.998255756394217597e-01
4.067625146451140372e-01
-9.999347478418052493e-01
-5.998129111772064759e-01
-9.998952503918920875e-01
1.202891864889971824e-02
-9.999666664459915255e-01
9.992207828847810003e-02
1.001495697145691199e-01
-5.998024625760708384e-01
3.393789156263808237e-03
-7.864372728149493508e-01
-8.019993791180825005e-01
-3.183656044527680695e-01
4.039128672246343754e-01
-2.741606394649858114e-01
3.855188985131082768e-01
-7.968830239881239397e-01
-3.137661806995971636e-01
1.000237197381529386e-01
1.000990315717921880e-01
9.998416454268492792e-01
-7.832954123275566449e-02
4.040788766375477126e-01
1.000120923219034591e-01
-2.439297043796934683e-01
2.163221832588786420e-01
-2.943335787196764697e-01
-5.999811621303050568e-01
1.000098534547078755e+00
4.068936480133195088e-01
2.048090726574825216e-01
9.995168784293813335e-02
9.999761872707058075e-01
-9.999934058161065176e-01
4.119466303831457177e-01
1.000051449516223823e+00
3.919890344083212796e-01
9.996487949481436264e-02
3.983046594002835339e-01
-6.001117973636660441e-01
4.109672880159172537e-01
-3.256750752106599700e-01
4.080909280961048657e-01
1.000059430094270008e+00
1.000121120220888171e+00
9.999548012113397555e-02
2.021615742664717164e-01
3.901846749873335018e-01
-7.974555055531178382e-01
1.001684706741944597e-01
1.000023797038630535e+00
9.999645217908971206e-01
-1.000049147101994329e+00
-6.000886897944943676e-01
3.992733963259682550e-01
-1.335020875827580555e-02
3.898701529458992177e-01
9.978992559326645140e-02
4.001061577334599217e-01
6.711850293467329365e-02
-2.756656059103888001e-01
-5.999742180054662422e-01
1.965320501123462849e-01
9.998656625659448904e-01
-9.999754524609960615e-01
-8.093400162675469245e-01
1.000001692694594047e+00
3.995756789991077307e-01
-5.999996840189427694e-01
1.000037086815165760e-01
3.355932418775584014e-02
-3.174166667732156721e-01
-8.142754522678687934e-01
2.095232139090593415e-01
9.994050741477647493e-02
1.000009753778464461e+00
2.082868197022083590e-01
2.136535579248885208e-01
-3.067756998340644414e-01
-1.000138672915586113e+00
8.468292826855849942e-02
3.846207757888978618e-01
-7.821159116016610513e-01
2.026091513998468374e-01
9.999154290868038641e-01
-8.029237689592536587e-01
-5.999058805103403280e-01
-9.998839238796392026e-01
6.389959728713821840e-02
-3.595471486564054686e-01
-6.000708866251190932e-01
2.503944048378372797e-02
1.955984147695495057e-01
-1.000064246803966439e+00
1.000125872674910488e+00
-8.075357613363647324e-01
3.965306742043828159e-01
-2.130276939554410220e-01
1.000076263453394843e+00
-9.999968792127904571e-01
-1.032542315886974260e-01
2.121109615757786060e-01
9.983734492555401685e-02
-8.006807821163290928e-01
-2.832142645329500108e-01
6.087981734674673823e-02
-2.641168348200971794e-01
1.872191567987085969e-01
-1.155030052784316100e-02
-6.000107899202951067e-01
-5.999892021954655874e-01
4.011712540536325200e-01
1.000065319031736122e+00
1.000168479659438309e-01
-3.600435660054547293e-01
2.069549629607915220e-01
1.000710378597818168e-01
1.001015561084081101e-01
-7.987385691902562090e-01
-6.000203328200053310e-01
-6.000084200399489198e-01
1.000098325506484365e+00
-5.999738541363348610e-01
-5.999725975195828731e-01
1.000188703471720064e+00
1.864518842903001294e-01
-7.830673148372279124e-01
3.845447874114565900e-01
1.112726712976122301e-01
2.014081631910503434e-01
-7.801772927194079443e-01
-1.000033688540320709e+00
-7.805622248086669934e-01
-9.999912622226663217e-01
9.999511490078046849e-01
9.999209729628120158e-01
-8.013697984515546491e-01
-4.034133956115135700e-01
-5.442397404268334293e-02
-7.971550540831375820e-01
1.000008129773909626e+00
-5.999565648957519981e-01
9.997689748122033648e-02
-1.000084327103321513e+00
4.100488896727886301e-01
1.961018945180971751e-01
1.000112635728910959e+00
-6.003119677023548428e-01
-6.002846397493722952e-01
-3.641908454472589929e-01
1.000037068242891181e+00
9.987526713610778151e-02
9.999907333627074957e-01
1.000101207810639936e+00
-9.998277823594698965e-01
4.122319765091748689e-01
1.001898774526113478e-01
3.948273712826631532e-01
9.992724236141688199e-02
1.852462965162296124e-02
-2.235336447545331617e-02
1.916077837852404320e-01
3.956572633604819034e-01
-8.032945313858489422e-01
-5.998011761883219606e-01
4.058861131268449163e-01
9.999515495243999075e-01
6.325260623195981535e-02
-8.085888176307304276e-01
4.120907989068257615e-01
2.152102229114279119e-02
2.178907475185142550e-01
-9.999284925751376063e-01
-2.978362293515951498e-01
3.932711788968892841e-01
2.049476815748914882e-01
-1.084377878321332034e-01
1.000010795550461795e+00
1.000133833231248159e+00
9.999586623481988568e-01
9.979247713096016381e-02
-7.905459718216323317e-02
-1.000110207157500763e+00
-2.451329764494181163e-01
-3.111588107658099234e-01
9.998864848096584712e-01
-7.969342927823570566e-01
-7.979304848729025235e-01
-5.998941585726075276e-01
-2.988087146543598749e-01
-9.998289678677945158e-01
1.956152833683952597e-01
9.989462669384710503e-02
-5.998824135383511447e-01
-4.857280989178265618e-02
9.999257760902573455e-01
2.037517261028527760e-01
2.142530764136722499e-01
-2.313348740358607547e-02
-1.541984885707843034e-01
-2.708848217551535487e-01
-3.029703072753032189e-01
3.977317775766358587e-01
-3.182952913845316090e-01
9.999597852039724399e-01
1.000068381671401996e+00
-9.391871508644734912e-02
1.917030704149484399e-01
2.063025715387966641e-01
-6.407489655271806153e-03
-2.808319379449987774e-01
-5.998872688189597069e-01
-1.000063441793100472e+00
1.985157203201869114e-01
-1.453404410173017580e-02
