-6.002089663717079526e-01
-5.999473221568626391e-01
1.000096943641294311e+00
4.344594894129827356e-02
-9.998758506774477750e-01
-7.928428016287618618e-01
-6.000972483786353173e-01
5.583577283232504102e-02
-7.964661512087939377e-01
-3.562439870635579209e-01
9.988619297298025057e-02
-9.998047406894174927e-01
2.012891554790735005e-01
-2.745139123937242673e-02
1.833971284994061479e-01
4.112783234382541564e-01
-6.588310773662284237e-02
-9.999460894111229514e-01
2.038981224307228335e-01
4.334397717104262332e-02
3.897036938953621910e-01
3.981237838671975449e-01
-2.791525623813454482e-01
-7.923874453251783523e-01
-1.000031673784843811e+00
3.961016233399570763e-01
-3.070999784543267941e-01
-6.001083559961573055e-01
-3.135113328059531690e-01
1.000153481745222755e-01
-9.999664067791819155e-01
-7.951777867866074434e-01
-7.882831454549776851e-01
-9.999995740370278829e-01
-9.407077295546237283e-02
9.998686510661671800e-01
-1.000166926228230446e+00
9.999823716802750395e-01
3.810134104991597104e-01
-6.000319861047631598e-01
1.000202922705905939e+00
-8.013139219364703303e-01
-2.895604811958938374e-01
1.001603493726461458e-01
-2.520347203067184738e-01
4.065800378708311347e-01
9.991721482334532667e-02
1.000497650004026073e-01
1.000028219869717738e-01
1.869658236133227014e-01
-9.999473383950499006e-01
-8.083726989480424230e-01
3.844563192889471903e-01
4.270155929482226109e-01
-3.727657701388068512e-01
-1.000176697767110712e+00
-7.828867697148017557e-01
4.011799491613597946e-01
6.913373684813538256e-02
-9.999580924073258048e-01
-7.547088024877099399e-02
4.164610938125632988e-01
-1.000159367421143308e+00
-2.230868996606424071e-01
-9.999566835392649233e-01
9.986566919967906908e-02
-9.999790418167012751e-01
2.501069078641040069e-02
-7.825558046878200447e-01
3.970527628859266689e-01
-6.001005865276589635e-01
-3.026042417067178469e-01
1.000080359496079152e-01
-5.797734183318751372e-02
2.072649520170768700e-01
1.000090159908376269e-01
1.837169142187163040e-01
9.998170489513601433e-01
7.160609649797802789e-02
-7.876274713525746041e-01
3.870967134751780447e-01
4.107906718626629927e-01
2.078498751370876085e-01
1.981583598968059412e-01
1.000078092604609781e+00
4.050262767759064131e-01
-1.000154351778968609e+00
-6.000931104597554411e-01
-9.999170602805743657e-01
-6.698583003162214555e-02
-1.000057857447213427e+00
1.000589557342509567e-01
9.982366402606948630e-02
-6.000111505701128944e-01
1.662199639912087176e-02
-8.036420509128126000e-01
-7.995344451837663735e-01
-3.037345997831082944e-01
4.023125518236936871e-01
-3.132305399148413438e-01
4.048051735496963066e-01
-8.000417257259321291e-01
-3.290941026333297215e-01
1.001817322703792146e-01
9.999844751020434130e-02
9.997891402846151854e-01
-1.744638043599534491e-02
3.967921423238953693e-01
9.987529194824466827e-02
-3.193240299742455823e-01
1.882997543861236467e-01
-3.070353184667738988e-01
-5.999715128812519449e-01
1.000066162544902326e+00
4.026405545619561877e-01
1.959761919085165616e-01
9.993101603660882459e-02
1.000084070875872921e+00
-9.999104048441493919e-01
3.949744883565570186e-01
9.998977929783390284e-01
4.054894394156970949e-01
1.000954364478702646e-01
3.884537383542108202e-01
-5.998907949925400551e-01
3.867614647522644722e-01
-3.472156082341187888e-01
4.112384221275667273e-01
1.000004322737512386e+00
9.999247795078154422e-01
1.000201646197039496e-01
1.958765808527390129e-01
4.012622607147769416e-01
-8.053294959399728281e-01
1.002494851352886962e-01
1.000109922281723795e+00
1.000070199595678666e+00
-1.000243931661715768e+00
-5.998627141426396969e-01
4.069611832321637368e-01
8.071138778283190596e-02
3.978329829462739498e-01
1.000875140163027810e-01
3.865953407919197615e-01
-1.609942246904021851e-02
-2.857865413292257628e-01
-5.999242162808098300e-01
2.115350202100695076e-01
9.998616932945618707e-01
-9.999698708371416167e-01
-8.113062438275183696e-01
9.999680891388894599e-01
4.177582854487228436e-01
-5.998949575769821907e-01
1.000203962906022759e-01
8.642507415014526878e-03
-2.849327154968944176e-01
-8.338791761392684299e-01
2.010149092901787893e-01
1.000081538023960548e-01
1.000044084705518976e+00
2.018922673289753611e-01
2.030439027065055191e-01
-3.055605429692826447e-01
-9.999879524252215379e-01
-1.263580751558874941e-02
4.115762639581769244e-01
-7.892155193588574758e-01
1.816421085206427477e-01
9.998323223035333607e-01
-7.972581336020946319e-01
-6.000873103260505603e-01
-1.000093184318429751e+00
8.797932394936118158e-03
-3.181065225504878802e-01
-5.999184609954577585e-01
5.136193560131770142e-02
2.050432128318604441e-01
-1.000050605067987819e+00
1.000023665928448047e+00
-7.883516495328057871e-01
3.945432410238415843e-01
-2.742155339436381789e-01
1.000026016768960968e+00
-9.999370535849432251e-01
-3.745607639870166677e-02
1.900327661116267275e-01
9.999294138193534631e-02
-7.870022373139259342e-01
-3.865084085788880186e-01
7.494424661746233729e-03
-3.099994481112689493e-01
2.004796185291070065e-01
8.598259729426691034e-02
-5.999684993097722518e-01
-6.000580761035509969e-01
4.074707371067285422e-01
1.000098785096704690e+00
9.991445413098289097e-02
-4.055513507721483779e-01
2.003111791253861795e-01
1.000758109847450367e-01
9.982624474204705722e-02
-7.919288098783631158e-01
-6.001052681185593540e-01
-5.999013973892790563e-01
1.000014011358939747e+00
-6.000954708431242013e-01
-5.999983582521769554e-01
1.000081431654208375e+00
2.051404021313377180e-01
-8.042809964998764993e-01
4.052486405349524090e-01
-7.605731384097964842e-02
1.951057256244186078e-01
-8.036068592062093341e-01
-9.999477309052351437e-01
-8.007444873089759607e-01
-1.000175590563302075e+00
1.000089302713816686e+00
9.998477430156829104e-01
-8.099573351772666463e-01
-2.134737324950236603e-01
1.172398750764542807e-01
-8.063376292035747683e-01
1.000080583539629142e+00
-5.999979923288227823e-01
1.000136646209840163e-01
-9.999958854802988295e-01
4.165772463679600635e-01
2.151651757558833977e-01
1.000052406520226089e+00
-5.999082762495819843e-01
-5.999372472614394880e-01
-3.607633740199268080e-01
9.999857194124319726e-01
1.000513704084537020e-01
1.000002407091080014e+00
1.000026740243163514e+00
-1.000061655157629792e+00
4.162677907726513027e-01
1.001595226313912179e-01
3.892886434234603121e-01
9.989722313668918108e-02
-3.798565308914875899e-02
-3.109121191861625826e-03
1.997136603842765146e-01
3.986096040909415938e-01
-7.849407225245993436e-01
-6.000847862686832235e-01
4.067154755728902282e-01
9.998250172454621332e-01
2.227348792251137785e-02
-7.696178541386982097e-01
3.953117605270207169e-01
5.534908795511276486e-03
1.963714491536392992e-01
-1.000008605865207567e+00
-2.939653966737538204e-01
4.139131718117996517e-01
1.894354195099041405e-01
3.223314824127307410e-02
1.000142332168601378e+00
1.000118046565009911e+00
1.000017219077290687e+00
9.984174684809839218e-02
3.144813709291826003e-03
-9.999392170435041916e-01
-2.697411749050199758e-01
-2.929277635506540856e-01
9.999793633470107634e-01
-8.041810392242046968e-01
-8.194370392430131433e-01
-5.999735455285095664e-01
-4.031037084808889448e-01
-9.998482043475210856e-01
1.978733022485316961e-01
1.000495299632036122e-01
-5.999831945382365639e-01
6.732797213802892144e-02
1.000135277135042244e+00
2.120654968637122884e-01
2.080703239499924195e-01
3.469962702809172017e-02
-2.615150349707594524e-01
-3.443016177807514122e-01
-3.423393790994376240e-01
3.965121676193755773e-01
-3.244406189565500753e-01
1.000189302984913597e+00
1.000037610889304318e+00
-5.111497195537130500e-02
1.958994271592169045e-01
2.031461541706547080e-01
-2.367358111896318562e-02
-3.181232993895941052e-01
-6.001669733557633002e-01
-1.000039922108952206e+00
2.014394431090341941e-01
4.204175095227802306e-02
