-6.000387346137658895e-01
-5.998101654380232350e-01
9.999637979257566256e-01
8.195635468986257541e-03
-9.999899330465443770e-01
-7.887305342769138639e-01
-5.998408732114089981e-01
-1.578351276307207382e-02
-7.853199707896549864e-01
-3.608137305660716332e-01
9.997825431355694681e-02
-1.000219006005996114e+00
1.948198978023548689e-01
-4.887632628860018313e-02
2.145464306888547334e-01
4.019073448897480527e-01
7.965189996443448883e-02
-9.999647126132817920e-01
2.223538518467766123e-01
-1.486491911890622936e-02
3.983065908592168247e-01
4.007599549719705889e-01
-2.620453343794666434e-01
-7.974704838485554559e-01
-9.996932771713766819e-01
3.806718415398930300e-01
-2.587291794734464800e-01
-5.999513044704181119e-01
-2.860843295809851750e-01
1.001267418250473967e-01
-9.998740833550665563e-01
-8.020722712918318953e-01
-7.771182196229436956e-01
-9.999682146258621618e-01
3.417020750364335030e-02
1.000082791189065290e+00
-9.999762571012695833e-01
9.998610125804385795e-01
4.016408745191268337e-01
-6.000949375164927879e-01
9.999858141116504395e-01
-8.149677928758808365e-01
-2.323973181648532615e-01
1.001504027706033861e-01
-2.694374341523041450e-01
3.978355686729745377e-01
9.987127962135650128e-02
9.977980076736506221e-02
9.996167415571848014e-02
2.191200386857383164e-01
-9.999824753410532230e-01
-8.190634324342307426e-01
4.194901016222063461e-01
4.086336819288404199e-01
-2.782437029118717819e-01
-9.999414164185835840e-01
-8.087094337459044269e-01
3.985435016924229190e-01
-7.083999852406709999e-03
-9.999424460558836714e-01
2.742621536812519731e-02
4.014709907538475120e-01
-9.998376914758762002e-01
-2.941593359208999892e-01
-9.999886439728418175e-01
9.994387241184010673e-02
-9.999850093744282464e-01
-1.469440125111629372e-02
-8.140347898534279203e-01
4.190979581502315421e-01
-5.998573799257340688e-01
-3.213910483934079299e-01
9.998192151312139397e-02
3.970373230825757771e-02
2.007968810703306684e-01
9.990107558281377531e-02
2.133850892981804526e-01
9.998418063627634300e-01
5.361390146746058960e-02
-7.968327854816454892e-01
3.907349294607270207e-01
4.030344086994801511e-01
1.937132074902624956e-01
1.961916163116868839e-01
9.998121352677707963e-01
3.979045068230271931e-01
-1.000017127750352897e+00
-5.999537191963161264e-01
-1.000015125247255998e+00
7.481931130170090677e-03
-1.000082889059708657e+00
1.000851494441752643e-01
9.994696375685631351e-02
-5.998430451055255519e-01
4.176297494592124543e-02
-8.057846886652294538e-01
-8.075306172764189494e-01
-3.038424520936638396e-01
3.912861075091569329e-01
-2.814097546450209930e-01
4.020421433192860605e-01
-8.074743367671581851e-01
-3.949752180630958232e-01
9.997309770052927036e-02
9.987667966746506532e-02
1.000151912447490465e+00
-1.462797022967513363e-02
3.962506501518636148e-01
1.001528547165638494e-01
-3.029035700771625650e-01
2.024173702335490266e-01
-3.010187186820876826e-01
-5.999710128090447459e-01
1.000125855488851023e+00
3.884063372137587233e-01
1.885113061436777537e-01
9.996410565635044376e-02
1.000072364003014691e+00
-9.999348609884122219e-01
3.849238108246599288e-01
9.998163043946768358e-01
3.899736461410944766e-01
9.997373897939960952e-02
3.947179683165047415e-01
-5.997818580161730084e-01
3.940315447421564032e-01
-2.499805717352622247e-01
3.949919808896152351e-01
1.000001453018912745e+00
1.000069149482243569e+00
1.000012460395786063e-01
1.940783279976578957e-01
4.025509169569500556e-01
-7.970316510001744792e-01
1.000912304172658362e-01
9.999515386735953193e-01
1.000075533810486528e+00
-9.999448401079263915e-01
-6.000979728591664397e-01
4.137997677160177301e-01
6.314490530720415391e-03
3.918638686723238673e-01
9.996861988589646197e-02
3.990963288435544487e-01
-3.644602211072293235e-02
-2.250391144295002255e-01
-6.000981491307807447e-01
2.274661954671151898e-01
9.998405824570933964e-01
-1.000073296005620671e+00
-7.953236295166171699e-01
1.000281389786454866e+00
4.093438455814840671e-01
-5.997970077347408724e-01
1.000100058791624086e-01
-2.810843239325040710e-02
-2.203349899474637275e-01
-8.159375335217401437e-01
2.007247243630810030e-01
9.984241075291455658e-02
9.999155006558141379e-01
2.209459662285244708e-01
1.910276332764302976e-01
-2.931567404647133501e-01
-9.999180123008295507e-01
1.330348960290510599e-02
4.030984646725615517e-01
-8.063299084487691726e-01
1.835133657543323304e-01
1.000169642070253717e+00
-8.026096503232236223e-01
-6.000872967251743573e-01
-9.999020323801507404e-01
5.477866121446260672e-03
-2.533411487094949233e-01
-5.998995581772456065e-01
3.091667640834370318e-02
1.935346951319369124e-01
-9.999895418216732113e-01
1.000061034252566650e+00
-8.000633238878390729e-01
4.130883128936749804e-01
-2.334614285738331185e-01
9.999977968265967299e-01
-1.000017855767068475e+00
2.838978498409314155e-02
2.018098432463970582e-01
1.000531816111274869e-01
-7.821436998165617327e-01
-2.420753790338667499e-01
9.532858799761772389e-03
-2.446237731977314034e-01
2.066255803011869674e-01
-1.059976524328384156e-01
-6.000484347901993143e-01
-6.000139361096509250e-01
4.048660019370710073e-01
1.000026763377480199e+00
1.000433557204120916e-01
-2.551187675486647488e-01
1.947408938619649976e-01
9.991108254340287653e-02
9.984722472143216232e-02
-8.082279220315250479e-01
-6.000315404718417067e-01
-5.999576083733588749e-01
9.999416025897831517e-01
-6.001082635105751129e-01
-6.001329359272007391e-01
1.000122974762543970e+00
2.055958699680323076e-01
-7.963894201990394661e-01
3.942418515340276874e-01
-2.607392784088809548e-02
1.880724427514577080e-01
-8.072435496476527694e-01
-1.000041287011983471e+00
-8.023550268406500763e-01
-1.000084605917606062e+00
1.000049082802187961e+00
1.000017919026831681e+00
-8.100363377592644243e-01
-1.614659193191027853e-01
-1.492280741504448463e-02
-8.066296220496288472e-01
9.999464807437485891e-01
-6.000694310565810596e-01
9.996075830401696116e-02
-9.999230214589962529e-01
3.953525206371939493e-01
1.989464524979832616e-01
9.999691530257475147e-01
-5.999788419457282584e-01
-5.998111797529329658e-01
-3.350708028985656117e-01
9.999223667035244123e-01
1.000031985594925926e-01
1.000022293657043759e+00
9.998749764441403620e-01
-1.000030362411895357e+00
4.163967974277404394e-01
1.001030340720102801e-01
4.134501379064409732e-01
1.000276051382561066e-01
1.656258721769089670e-02
-2.176019591692017127e-02
1.922008326820262569e-01
4.005786068970721980e-01
-8.023078816577250416e-01
-6.000568241659850477e-01
3.862851808332623538e-01
1.000116079784006518e+00
2.494247409400834892e-02
-7.924573933253294955e-01
4.080816019845993070e-01
1.117987956897469048e-02
1.863718932179992960e-01
-1.000029914048271351e+00
-2.554378443063248239e-01
3.960196101318944062e-01
1.900588784660442454e-01
1.385101056371898813e-03
9.999328722336003894e-01
1.000128814471038075e+00
9.998429957095346099e-01
9.983700671325979048e-02
-2.485815226047229445e-02
-9.998531935396967052e-01
-1.298395396041322480e-01
-3.557505641538186159e-01
9.999266057704654376e-01
-8.132904409227661446e-01
-7.841127682015791578e-01
-6.000760576300153692e-01
-3.654986145573587697e-01
-9.999766466386448283e-01
1.999460707765045864e-01
9.998272275261897712e-02
-5.999536403147243124e-01
2.265841999362717962e-02
1.000049135592942839e+00
1.831986548044867158e-01
2.034861149049242424e-01
8.095851827424642086e-03
-3.075447696252781027e-01
-2.365248689584212305e-01
-4.030890151958101408e-01
3.941589524465490268e-01
-2.616869896977507826e-01
9.998646664366249714e-01
9.999832456894033328e-01
1.985938850781798770e-03
1.933041140068670061e-01
2.035934935764842912e-01
-1.276977672749161170e-03
-2.942756044572448770e-01
-6.000173156890169501e-01
-1.000048656400269298e+00
1.809516129242636218e-01
-2.852402002265620740e-02
