-5.999608798023899903e-01
-6.000829804213694274e-01
9.999853855135201197e-01
1.218638166015919427e-02
-9.999376601323896052e-01
-8.093941227239866976e-01
-6.000779109664903244e-01
-2.721082082311349071e-02
-8.023286346064979480e-01
-2.914426848184306640e-01
1.000763765079676765e-01
-9.998822245635858863e-01
2.029503650116404045e-01
1.015220291739281910e-01
2.108443998091905358e-01
4.001730860649065358e-01
5.172223622973759483e-02
-1.000189036177161928e+00
1.957408490793728084e-01
-8.242559461587586900e-02
4.035554957249430919e-01
3.972252911068840930e-01
-2.346970332001395709e-01
-8.107604506510657227e-01
-1.000042939765420469e+00
3.911394776541429752e-01
-2.631041925162203032e-01
-5.998232173322300964e-01
-2.391476428223223982e-01
9.999574655609475005e-02
-9.999955828710869188e-01
-8.017658726622215459e-01
-8.054561360075346288e-01
-1.000022353515849005e+00
-9.914267433905671334e-02
9.999069330486138885e-01
-9.999758481628923112e-01
1.000005692026175064e+00
4.141185602543069888e-01
-5.997127383536786649e-01
1.000073676746712659e+00
-8.084642634959503527e-01
-2.980632595091501913e-01
1.000966535164192067e-01
-2.618922523770221278e-01
3.875224881956454981e-01
9.992378503584951888e-02
9.998243556772318241e-02
9.995046955758135621e-02
2.038538269343283804e-01
-9.999326295583073065e-01
-8.021102198912455350e-01
3.866606779182277243e-01
4.007781375306160854e-01
-3.161985401645387994e-01
-9.999826143548392610e-01
-8.133716190349511432e-01
3.990471002092402242e-01
-5.031175026773870157e-02
-9.998746625678939237e-01
-1.332228593489863215e-02
3.906614895841804547e-01
-1.000175215155181263e+00
-3.059620352959839806e-01
-1.000029026601722437e+00
9.987653283041904306e-02
-1.000121634944213245e+00
2.613024759937231448e-02
-7.846042769398481331e-01
4.277548640659466495e-01
-5.999814699726858658e-01
-2.761570681523416448e-01
1.000280076539649537e-01
-4.563844549086414765e-02
2.121339128186927325e-01
1.000429537213288200e-01
1.928363547512010057e-01
1.000119977001253879e+00
1.030186301446861345e-02
-7.980305049092248915e-01
3.958907400327489334e-01
3.981627855357730561e-01
2.066372604466048535e-01
2.046774946858632427e-01
9.999975374445416731e-01
3.929255733051790767e-01
-1.000069376180590996e+00
-6.000588773446083879e-01
-1.000073721967107199e+00
-3.246584352924688360e-02
-1.000145336143734909e+00
1.001543214041884372e-01
9.991979604794783143e-02
-5.999633452976225190e-01
4.084666058612865941e-02
-7.960595684017105489e-01
-7.932953834857425779e-01
-3.227592324939896340e-01
4.006203350559908727e-01
-3.099395752307455565e-01
3.717120984950432194e-01
-7.970781173487736515e-01
-3.055642985895276609e-01
9.996483811437405220e-02
9.995349842795756001e-02
9.999250803522961029e-01
-2.663581427822888856e-02
3.966042898113550930e-01
9.995889884121174351e-02
-2.496122589988792606e-01
1.974097561350986740e-01
-2.513553700221414777e-01
-6.001089817860699727e-01
1.000112701263457193e+00
4.171612653013733740e-01
1.932050057441342950e-01
9.989362105516927381e-02
1.000134478634757018e+00
-9.999012939979939896e-01
3.992342238025685108e-01
9.998796782768726299e-01
3.920784327008953740e-01
1.001379389788197988e-01
4.050495733520104724e-01
-6.000583935165396676e-01
3.907409530552241050e-01
-3.013223597416803123e-01
4.008078268513128317e-01
9.999318804230877822e-01
9.998107484574804138e-01
1.001926718159238949e-01
2.066165055533738804e-01
4.077297470157579817e-01
-8.017009484124719698e-01
1.000416202516960645e-01
1.000031853946313332e+00
9.999213857268077765e-01
-1.000046393195577421e+00
-6.000893037668210139e-01
3.960284803695796052e-01
1.363813185486037818e-02
3.848334370327026188e-01
9.993340098107045266e-02
3.987831879063448159e-01
8.842062525792555860e-02
-2.151144974825993650e-01
-6.000856624240237247e-01
2.024399065347884386e-01
9.999596275538504830e-01
-1.000040241750887793e+00
-8.268581343621087543e-01
9.999720460024931201e-01
3.867725704509458740e-01
-5.999876356771479680e-01
9.973762747203503143e-02
-6.138266410174259002e-03
-3.402664512181503564e-01
-7.929570181737491952e-01
2.056410484883938461e-01
9.997404646829503860e-02
9.998566344830445152e-01
1.787837346737215227e-01
1.974972601441757902e-01
-2.729061007146909579e-01
-9.999637939346814886e-01
5.868100799832042837e-03
4.001111300844639174e-01
-7.828427327116082024e-01
2.001133586760176775e-01
1.000033609269485257e+00
-8.094503882129153727e-01
-6.000064178798815151e-01
-1.000176535386913645e+00
2.020985586877870749e-02
-2.236194056761695026e-01
-6.000138532145203873e-01
-7.475725436952110337e-02
2.035022300609173329e-01
-1.000052772618712504e+00
9.997777242394927377e-01
-8.067268190755645385e-01
4.017645314282208835e-01
-3.034178247265363892e-01
1.000034329691472657e+00
-1.000089662945882862e+00
-4.097749911591831717e-02
2.041093865660001949e-01
1.001129167169013401e-01
-7.932043111516774436e-01
-2.093132835189498442e-01
-4.362884003584109605e-03
-3.699547605119947180e-01
1.911769596825498574e-01
-8.173229070440381216e-02
-6.002309451658659478e-01
-6.001785978824352163e-01
4.167232208367679380e-01
9.999112254320087212e-01
9.997436969528319950e-02
-2.849541982848124988e-01
2.022886857167253694e-01
9.996080729207297566e-02
1.000624787177478159e-01
-8.024066451707606573e-01
-6.001370085102238905e-01
-6.000041124156171302e-01
9.999457709203329880e-01
-6.000295358714912153e-01
-6.001057364275566020e-01
1.000026617584735211e+00
1.847623105455405423e-01
-8.153927263800461178e-01
4.078670092444831030e-01
3.082826295521616522e-02
2.043663746619739652e-01
-8.086496420562694354e-01
-1.000016995369721773e+00
-7.898522461321476618e-01
-1.000167428220996468e+00
9.998702252699549486e-01
1.000024014220177060e+00
-8.109056054180046047e-01
-4.362932030255588511e-01
-2.041137946386687579e-02
-8.043538632049838100e-01
9.998719252672699787e-01
-5.998725902178784208e-01
1.001073028807477894e-01
-1.000038403597012460e+00
3.877874751262760933e-01
2.051625466470696491e-01
1.000022720337103488e+00
-5.999079497275947581e-01
-6.000322152348275262e-01
-3.706833432708974696e-01
1.000033351950356364e+00
9.992027435334217833e-02
9.999240936156281734e-01
9.998524279290791350e-01
-1.000170964853667188e+00
3.929465813267560281e-01
9.989986813034876234e-02
3.994803154473892115e-01
9.997746637208718146e-02
7.248356495839020086e-02
-1.465893775760090112e-01
1.894798932363273847e-01
3.968816477713034696e-01
-7.843008265848735450e-01
-5.999973269207889981e-01
4.081901127321227452e-01
1.000086845254996470e+00
-5.910319526801143322e-03
-7.997120398427086663e-01
4.014659586782423073e-01
3.806676109008855224e-02
1.994646119035176912e-01
-9.999192551617823721e-01
-3.103635526089502106e-01
4.007380632469806914e-01
2.089872754115879305e-01
-2.858662693414649320e-02
9.998682641649045966e-01
9.998020163563378082e-01
9.998968446875149407e-01
1.000426668743204933e-01
-6.749151879133344356e-02
-9.998578043767621937e-01
-2.736089816733919822e-01
-2.619014922461843087e-01
1.000133799414089752e+00
-7.848023780351930379e-01
-8.045467707366503740e-01
-5.997832253362629373e-01
-2.650010985390915397e-01
-9.999600210342931561e-01
2.048050909245587581e-01
9.986556954890300764e-02
-5.999452930708277787e-01
-1.614487923963304691e-02
9.998797661326283004e-01
1.864675236086132115e-01
2.103976152234534602e-01
-3.142733246147414589e-02
-2.623319057765509110e-01
-2.769104640954295760e-01
-3.197479029268835982e-01
3.928295717007498355e-01
-2.211685799055523316e-01
9.998602147446420396e-01
9.999477301930854711e-01
-5.390328200896965516e-02
1.924686200184957119e-01
2.049526705110793490e-01
1.206528250357462168e-01
-2.645715209411425572e-01
-6.000220720446043376e-01
-9.999947087731960726e-01
2.027929653193517034e-01
-1.974592590985213558e-02
