-6.001044077791970466e-01
-5.997723958076923712e-01
1.000020021031323703e+00
1.376765671190946852e-02
-9.999737033570726963e-01
-8.048362127206363237e-01
-5.999086258828949525e-01
-1.049035599947221176e-01
-7.902130663453941217e-01
-3.232107104042789003e-01
9.992490015052667152e-02
-9.999384200178186299e-01
1.755683108231806677e-01
4.423410364822027985e-02
1.953039024702669657e-01
4.101875381198844539e-01
5.128291975174428807e-02
-9.999193919454696378e-01
1.840025825872345644e-01
-7.514968124962455309e-02
3.988036703362368707e-01
4.072808623747608547e-01
-3.328157285005288735e-01
-7.785750274774911883e-01
-1.000001229872715669e+00
3.940039093615100851e-01
-2.439305645975592407e-01
-5.999881190547031728e-01
-1.708649602593993455e-01
9.991678668016630571e-02
-9.998861979585215165e-01
-7.930444296088071665e-01
-7.895287217547506398e-01
-9.999015798223223062e-01
-1.211259816643944776e-02
9.999299789645027525e-01
-1.000077911547619269e+00
9.998180568006549418e-01
3.908709102219058984e-01
-5.999239197471218921e-01
9.999383488721627078e-01
-7.829966499327446483e-01
-3.555538471747345941e-01
9.998822432507788183e-02
-3.386556239098927890e-01
4.056958814605352570e-01
1.001694441004714470e-01
1.000251336895555399e-01
9.994353538830996753e-02
2.021350895620554755e-01
-1.000043646094355809e+00
-7.793643294348426842e-01
4.035336223526196919e-01
4.069442104915450553e-01
-3.013975268422532938e-01
-9.999417793330125370e-01
-7.964869936116240057e-01
3.777159091529577739e-01
-5.192375392108455889e-02
-1.000199383711394718e+00
3.433493627201244375e-02
4.059171935407167586e-01
-9.998591089688575462e-01
-3.304525938218425551e-01
-9.997620757893838084e-01
9.995860222749132495e-02
-9.999265073755206901e-01
1.164105880837289567e-02
-8.052347254306806423e-01
3.857229325619856430e-01
-5.999943839216329566e-01
-3.274743212386456159e-01
9.997557447563340527e-02
-5.621939330360653519e-02
1.840639909911407357e-01
1.000240333065593457e-01
2.038395799327900326e-01
9.999497718351286757e-01
-8.800023678029632312e-02
-8.113476729599683468e-01
3.992227809416158402e-01
4.169553594296425136e-01
1.920987868850860814e-01
2.063876800800928668e-01
9.999327371330453129e-01
3.956218134698978317e-01
-9.998876838961209268e-01
-6.000384574375954294e-01
-1.000009743471250045e+00
1.144513018279171013e-02
-1.000023374615041982e+00
9.997154087505122355e-02
9.981948718421282396e-02
-6.000396460354634476e-01
-5.490917978055225718e-02
-7.944693133780775796e-01
-7.999144105545507033e-01
-3.325244573726989228e-01
4.210943142032146369e-01
-3.273417150138622222e-01
4.087492643143097459e-01
-7.926966743876915356e-01
-2.760481576987860453e-01
1.000349838265688907e-01
1.000751710813658907e-01
1.000036770431945277e+00
-3.645192045934721962e-03
3.990126907609447549e-01
9.985044517743060788e-02
-2.450375060967822094e-01
2.051344871614321219e-01
-3.423012100136912927e-01
-6.002286164358426879e-01
1.000039735011373443e+00
4.262111209294551784e-01
1.985647963042787012e-01
9.997621474354607962e-02
1.000110164752591402e+00
-9.999825526549690480e-01
3.985515689101293835e-01
1.000076041124248194e+00
4.092762556806495144e-01
1.000879305362860350e-01
4.038775657577411415e-01
-6.000968269873870886e-01
4.067104693973840335e-01
-1.926811330413242263e-01
3.921966217851918790e-01
9.999146437651332819e-01
1.000014644519600315e+00
9.984471802307426369e-02
2.085062176034850612e-01
4.092962686074123613e-01
-7.925634676736783568e-01
9.989330883098705705e-02
9.999322276335126380e-01
9.999703460727148441e-01
-1.000045128622282009e+00
-5.998727173036340066e-01
4.029830949411648544e-01
-8.060306865195493095e-03
4.126220319282543625e-01
1.001211273837064597e-01
4.204294637269129220e-01
-1.192593571465611763e-01
-3.218588401950885358e-01
-6.000080311184206039e-01
2.027010503874694392e-01
9.999993176899804048e-01
-1.000065617385510697e+00
-8.043748482447260484e-01
9.998732217535405420e-01
3.977410273451282285e-01
-5.998431007742590637e-01
1.000387740097657963e-01
-7.411839089209439025e-04
-2.097852599756749314e-01
-7.768374945062956893e-01
1.934940276368952161e-01
1.000604399726662264e-01
9.999826423975348710e-01
2.010625902384813868e-01
2.061461650576181526e-01
-3.203657168968702118e-01
-1.000035131485244921e+00
-5.174996101555032896e-02
4.027700647439947934e-01
-7.924341347848654626e-01
2.060193723538354393e-01
9.999617629700134902e-01
-7.950911872053738616e-01
-6.001842187847876708e-01
-9.998459578840528383e-01
-4.800470501772357429e-02
-3.171837532654403491e-01
-5.999628836427993717e-01
4.769465413506922963e-02
2.124764985471203904e-01
-1.000020310362555565e+00
9.999861537711038917e-01
-8.117863989885943932e-01
3.975310376099287502e-01
-2.674066916969686236e-01
9.999141060866477693e-01
-9.999097657857612953e-01
7.598809347882577725e-02
2.124062569954251189e-01
1.000130812798350199e-01
-8.034947930226646884e-01
-2.700471504869171868e-01
-8.266173278967203775e-02
-2.921457128049117502e-01
1.808167542113953696e-01
-1.155345931462559150e-01
-6.000128589480981933e-01
-6.000360983561273676e-01
4.054124033844520580e-01
1.000036864240403611e+00
9.996299035179016801e-02
-2.267359171997231360e-01
2.042134925909236398e-01
9.993673287405317740e-02
1.000286273349272476e-01
-7.786260660724492189e-01
-5.998635146826739595e-01
-6.000932126956033397e-01
1.000011863099892651e+00
-5.999552928202362967e-01
-6.000169533426837898e-01
9.999864138320183615e-01
2.086787974513154564e-01
-7.820448491812379554e-01
3.865220413405703326e-01
-5.470499078899709183e-02
1.904096012689077688e-01
-7.920152868048321304e-01
-9.999347063500930721e-01
-7.972888391196492064e-01
-9.999330327334056134e-01
1.000069700763127845e+00
1.000021818352335501e+00
-8.064222255026252117e-01
-3.067147340596208527e-01
-5.814734887989317716e-03
-8.096659814699975755e-01
9.999832211899543077e-01
-5.997848961687075597e-01
1.001158953107066235e-01
-9.998916784112742429e-01
3.825473462287478643e-01
2.031549051309813336e-01
9.999425558809685866e-01
-5.999648816513190042e-01
-6.000328373602402676e-01
-3.227844890058644833e-01
9.999186268010887835e-01
9.989515905559952225e-02
9.999842451877060112e-01
9.999848159493739397e-01
-9.998776466688313880e-01
3.921005232155973519e-01
1.003325190350121826e-01
4.033540027827997032e-01
9.995885613411581438e-02
-7.792472427003577229e-02
1.196405860468051190e-02
1.997684744525952127e-01
3.922744042233145545e-01
-8.055471591950503774e-01
-5.998180577788628787e-01
4.089080008955504608e-01
9.998405876356110111e-01
1.814947142693401280e-02
-8.017865065474533148e-01
3.891955854732937481e-01
1.067340743127992084e-02
1.899671312692075564e-01
-1.000099545115038069e+00
-2.574495133172855499e-01
3.902462691265092265e-01
1.908150691094643858e-01
-4.494084657566270284e-03
1.000013129370389553e+00
9.998637227513947900e-01
9.999797553427893781e-01
9.985391399752789610e-02
6.569628480081511623e-02
-9.999948988578770681e-01
-3.183917104637452589e-01
-3.287980727404052894e-01
9.999832227873778345e-01
-8.037960692458104850e-01
-7.892354253483438997e-01
-5.996983788619483224e-01
-3.441551955819955877e-01
-1.000013025189257387e+00
1.942178523272320989e-01
1.002089667377777105e-01
-6.001322642483684078e-01
8.660684711730134988e-03
9.999471518376943369e-01
1.838371742141317877e-01
2.005426413983710521e-01
7.849704537724479236e-02
-3.521959668311909764e-01
-3.282957593225801496e-01
-3.040599538798367529e-01
4.123163924411636372e-01
-3.295920323849149680e-01
1.000156156307477007e+00
9.998726249249945131e-01
-2.505698841168050445e-02
2.141637192467617246e-01
2.092469960354373659e-01
3.715692720497803386e-02
-3.795991020556210294e-01
-5.999262582241318142e-01
-9.998860499226134291e-01
2.181357113591231855e-01
-5.205063878294979851e-02
