-6.002075911440255540e-01
-6.000065479001580604e-01
1.000056382338048833e+00
9.689447627356596870e-02
-1.000287633988485858e+00
-8.099848741185717849e-01
-6.002276435903255436e-01
-9.779102975351717381e-03
-8.052905277473316747e-01
-3.053199550203478108e-01
1.001489383894666602e-01
-1.000120206503766651e+00
1.828063505693743873e-01
2.638119865239681172e-02
2.001732503799663887e-01
4.120922082197020497e-01
-5.262685306342228947e-02
-9.997546562586715480e-01
2.028880627297533767e-01
-2.197101432902232379e-02
4.171376613354242924e-01
4.162277400623314305e-01
-2.220190366202680621e-01
-8.015470914456310769e-01
-9.999445579649619553e-01
4.016221756556699884e-01
-3.117242006123672193e-01
-5.999158288737431732e-01
-3.574679641516447237e-01
1.000926366873520212e-01
-1.000082985022768378e+00
-7.991344514735072568e-01
-7.945146198202158727e-01
-9.999677492001054491e-01
-3.751646136843496404e-02
9.999408639847462421e-01
-9.999828721288123168e-01
1.000404311500485255e+00
4.103070007961249765e-01
-5.999077203986248330e-01
9.999455140775148632e-01
-8.235186240573900696e-01
-2.955606356615887442e-01
9.996186989281395652e-02
-3.405248091709044411e-01
3.913182465588674885e-01
1.000937534386344002e-01
9.999578623154470325e-02
9.995966492136475201e-02
1.885481920178911364e-01
-9.999911112946595626e-01
-8.072249507459190454e-01
4.049111510138513892e-01
3.861977590727930232e-01
-3.131901969711807787e-01
-1.000094744431729854e+00
-8.050068509080944290e-01
4.066311962333940544e-01
-5.721215418681383641e-02
-1.000017397725826207e+00
-5.515679242886664668e-02
4.202699603587699007e-01
-9.999225542767687935e-01
-3.470465996035342893e-01
-1.000072768057869377e+00
1.000518070209175658e-01
-9.999496253202714291e-01
-2.387538283769009839e-02
-8.083975121447694034e-01
4.161794675734153959e-01
-5.998800294358037632e-01
-1.879941251025249449e-01
9.997142466088479451e-02
3.399607622402835150e-02
2.002130895483863471e-01
9.999581097842440147e-02
1.929875816688827461e-01
9.997869531355633166e-01
1.632524978889629899e-02
-7.856811485110778426e-01
4.017225126390173706e-01
4.074396625040458964e-01
2.042822370445568914e-01
2.077547447079556020e-01
1.000016158980558734e+00
4.037551771492957631e-01
-9.998495661034478843e-01
-6.002372262611220810e-01
-1.000057300053854181e+00
-7.234934060862403815e-02
-1.000136794700394294e+00
1.000070740095500010e-01
1.000670917559583206e-01
-6.000140553096255935e-01
3.089742279676145967e-02
-8.087468511455436770e-01
-7.930645052349141189e-01
-3.085111596938455714e-01
4.039175281714070254e-01
-3.161062683472676826e-01
4.032156603473766587e-01
-7.861215807333693517e-01
-3.318838335817173024e-01
1.000199165624719860e-01
9.998353931746457868e-02
9.999939717625687674e-01
4.120318427801437922e-02
3.942095742698998317e-01
9.997522378505015184e-02
-2.715032243832091741e-01
1.975061254795381360e-01
-3.162443207371796183e-01
-6.001788508660393928e-01
9.999046473307917626e-01
4.123228486722797514e-01
2.087085892742126247e-01
9.993659548035095652e-02
9.999730100678374534e-01
-9.998984327681397222e-01
4.124353854926273710e-01
9.999887194516804412e-01
3.881517353101937573e-01
9.977712146586499575e-02
3.960338502256564586e-01
-6.000817374774291002e-01
3.947420325269303532e-01
-2.757371202343603112e-01
4.035361382585838652e-01
1.000098113604379613e+00
1.000194020757237512e+00
9.999707853700996740e-02
1.910940845970638957e-01
4.044927430851979477e-01
-8.014871759732100642e-01
1.000676466537059744e-01
1.000054458154041592e+00
9.998804422561198280e-01
-1.000087319995158097e+00
-5.999078147342737921e-01
3.954929544950222531e-01
-3.603495130507455152e-02
4.008167974792611332e-01
1.000537037733451040e-01
4.021517933574348946e-01
-1.915265423021238200e-02
-2.700929571045004307e-01
-6.000179756212583593e-01
2.028239072569934520e-01
1.000025830697450102e+00
-1.000012734786361435e+00
-7.922871500591887051e-01
1.000013070564706341e+00
3.791994183019474773e-01
-6.002416488371379311e-01
1.000744664700187331e-01
-4.241548451056331714e-02
-3.085081557186914458e-01
-7.902976816914453195e-01
1.853215783143388751e-01
1.000333960155452839e-01
1.000187678428940741e+00
2.065560957508018602e-01
1.852639579330992436e-01
-2.592659700736931194e-01
-1.000052023940226409e+00
-9.673559776568933788e-02
4.053236739015055323e-01
-8.076879779231387335e-01
2.065552894311655230e-01
1.000013792745916286e+00
-8.061864678357344438e-01
-5.999074136279231029e-01
-9.999213863087423881e-01
7.663385801366108530e-02
-3.207150954465919357e-01
-5.998997471292595307e-01
-6.158562193100482023e-03
2.047400969269751181e-01
-1.000019148980335837e+00
1.000094770946152734e+00
-7.763293654505070140e-01
4.022045944823007257e-01
-2.129543281282679779e-01
9.998710072920924397e-01
-1.000096833205892821e+00
2.941519056813988314e-02
2.091547037546144516e-01
1.000449036443061684e-01
-7.920294188149692438e-01
-2.593676916242970698e-01
9.709481360795163551e-03
-3.512271580113842107e-01
2.131142876503188399e-01
-9.352227444407350612e-03
-5.999338826156889182e-01
-6.001641114091690321e-01
3.999838571402218323e-01
1.000019017051440251e+00
9.991754962793197858e-02
-2.847173083198713539e-01
1.863346559442559947e-01
9.995920952478874744e-02
9.982171209428528091e-02
-7.992942594330355588e-01
-5.998719315899818660e-01
-6.001187852651181931e-01
9.997500731090488424e-01
-5.998600777467264500e-01
-5.999156590414488344e-01
1.000000839599653357e+00
1.830850358057578009e-01
-8.078709885415940040e-01
3.928522287655224488e-01
4.202552512350832270e-02
1.788884272257827424e-01
-8.143537493873663768e-01
-9.999109435783015698e-01
-7.708918066679492087e-01
-1.000056747515316369e+00
1.000020709846997091e+00
9.999293172960453946e-01
-8.064208941265522679e-01
-3.075380820265439796e-01
2.394346094051992904e-02
-8.154474905284667674e-01
1.000206450021849491e+00
-6.000091557363289585e-01
1.000426923602095314e-01
-9.997410994025991426e-01
4.040212068741394491e-01
1.856968579360235572e-01
1.000094997733008473e+00
-5.999816153517073536e-01
-5.998537716148352184e-01
-3.487441381651248951e-01
9.997361609425476914e-01
1.000396468342638484e-01
1.000046573180149556e+00
1.000096669541770789e+00
-9.999710547024295293e-01
3.909737715104406597e-01
9.987322610981988480e-02
4.009782007424147476e-01
1.000972108440370684e-01
-1.014783392347779270e-02
-4.629394132560543662e-02
2.015568193890756588e-01
3.987158879543646339e-01
-7.986303115433852629e-01
-6.000063293805777409e-01
4.031749993477821703e-01
1.000010288588621732e+00
4.368970133237720654e-02
-8.182858515711863845e-01
4.071301422042479246e-01
-2.886290211457748223e-02
1.977258898076368621e-01
-1.000140024022201812e+00
-3.399051187613791880e-01
3.959806182077268977e-01
2.032017199676690311e-01
-3.585395411155137269e-02
9.999779801480566110e-01
9.999232920230243238e-01
1.000004076985067325e+00
9.999915413662820163e-02
1.379851247172855094e-02
-1.000063503365071327e+00
-2.973588748882883270e-01
-2.982116929532943606e-01
9.999592976022496638e-01
-7.981121658631576965e-01
-7.838936320640669253e-01
-5.999807895316908724e-01
-4.242640955305145845e-01
-9.999760910425705696e-01
1.965131096551109291e-01
1.000081526929765541e-01
-6.001484494513174006e-01
-4.912103642736421289e-04
1.000061081974458865e+00
1.804394396255909749e-01
1.918070295918540002e-01
5.989251286221105967e-03
-2.850571414463624054e-01
-2.852261498508868454e-01
-3.179105248709889753e-01
4.046781213786554421e-01
-3.523653317415700870e-01
9.999850645315609965e-01
1.000037232792063024e+00
-1.743115474180567323e-02
2.054922626023169552e-01
2.085292092920744411e-01
-2.139064418411694424e-02
-2.698564805878301831e-01
-6.000534563799524435e-01
-1.000244952935978482e+00
2.097169221414218743e-01
4.485214284326247830e-03
