-6.001829611289509758e-01
-5.998731095464832075e-01
1.000116380090518620e+00
-6.250039437201666132e-03
-9.999832774003030167e-01
-8.049504532134807988e-01
-6.000520586469486606e-01
5.487300194881068738e-02
-7.947420224312199410e-01
-2.919729894950193194e-01
1.001057256269761858e-01
-1.000061234075070526e+00
1.955053380935947438e-01
8.579209444870966594e-02
2.058451198854211739e-01
4.013599254455989529e-01
1.146766218852710885e-02
-9.999592216610350137e-01
2.000269942212438146e-01
-7.840884034303300873e-03
4.059162851427409180e-01
4.079302680618139831e-01
-2.885343965172900149e-01
-7.976979539638304750e-01
-9.998295952790922092e-01
4.136376461667312654e-01
-3.391279373982940548e-01
-6.000782639128151574e-01
-3.125901697809226887e-01
1.001190793637590642e-01
-9.999564547685177995e-01
-8.047639560585084784e-01
-8.051171217996155871e-01
-9.998249268637386944e-01
-2.566347154892159588e-02
9.998672943772571875e-01
-9.998228233419177435e-01
9.999988421736855093e-01
3.881744242476333762e-01
-6.001105905757514458e-01
9.998929180724293042e-01
-7.927136136512101805e-01
-2.944196457876428474e-01
9.994613052401928044e-02
-2.390461851734251297e-01
3.991936970177495936e-01
1.001966710957742923e-01
9.991013745125235102e-02
1.000932692231819715e-01
1.799163759149290664e-01
-1.000114485297986855e+00
-8.052721880333616467e-01
3.943039564506655714e-01
3.983445710529438522e-01
-3.196762556121586774e-01
-9.999033675632900131e-01
-7.995297659120547129e-01
3.920422273547393699e-01
3.426069180056733748e-02
-1.000077427496109950e+00
1.191091605841858303e-02
4.075925028179611664e-01
-9.998520208756666028e-01
-1.936377873049328624e-01
-9.999847839946242045e-01
9.985999426508718191e-02
-9.998143818326716836e-01
2.499867513079245124e-02
-7.962843584531902330e-01
3.958885937416505851e-01
-5.998845814262825371e-01
-2.245004158077092415e-01
9.990710547260676921e-02
2.065510197104886841e-02
2.008299227669824438e-01
9.993741430536137726e-02
1.822861036639784049e-01
9.998509642421281596e-01
1.337611987031048742e-03
-8.074133718438742946e-01
4.031503616785057087e-01
3.981272953854019803e-01
1.902315770126855321e-01
2.016736542024705481e-01
9.999245396851522694e-01
4.132365193092009115e-01
-9.999567483931323109e-01
-5.999389299156951960e-01
-9.999514783276488572e-01
-4.962864757949277811e-02
-1.000045260655304080e+00
1.000145886173720161e-01
1.001213527854782209e-01
-6.000520337331505250e-01
2.054357418901456636e-02
-7.886656591145951856e-01
-7.976057352250367494e-01
-2.622615146357909488e-01
4.060415671866777765e-01
-3.348841716522262812e-01
4.080714279749456663e-01
-8.016151050920196086e-01
-2.789840535468466332e-01
9.985949026973478526e-02
1.000919668579939859e-01
1.000137835055662006e+00
2.600031626425928361e-02
4.076710290706835882e-01
1.000729426739628142e-01
-3.258264899544323079e-01
1.961951145924387963e-01
-2.627304897630403091e-01
-6.001262489739491723e-01
1.000124234965926284e+00
3.882085046539943129e-01
2.058206952998836159e-01
1.000377233293441859e-01
9.999602466956352131e-01
-1.000010627348647763e+00
4.071731445111615999e-01
1.000063945914055674e+00
4.127928714716655456e-01
1.001766343718774183e-01
3.939798830582789679e-01
-5.999573791710938186e-01
3.921899210762258003e-01
-2.434265435350924101e-01
3.876009043965754075e-01
9.998877594834806315e-01
9.998856900623374067e-01
1.000079482453035962e-01
2.147863118731766496e-01
3.832417130845384712e-01
-8.129267811720475301e-01
9.993808318211654107e-02
1.000049098123766633e+00
9.999473730090452372e-01
-9.999913329448191224e-01
-5.999973920835127705e-01
4.189128354560327505e-01
6.527276382190871223e-03
4.005309175495024299e-01
9.989905259604825449e-02
4.252688309371033815e-01
-5.784097908793926074e-02
-3.813608191176762752e-01
-5.997879395210059528e-01
1.831969018842828645e-01
1.000030635233682741e+00
-1.000008274908795958e+00
-7.853504779836782967e-01
1.000021740897646172e+00
3.823607770951121809e-01
-5.999359172563178966e-01
1.000691368754665772e-01
6.895076356261387041e-02
-3.365362259426820657e-01
-8.019990558611146403e-01
1.971481326085594288e-01
1.000160918807946608e-01
1.000083653341951928e+00
1.989976964404387982e-01
1.868170748934602221e-01
-3.787150580610381123e-01
-9.999571716620221373e-01
7.194878197911815099e-02
4.001504428233557120e-01
-8.026651953801227091e-01
2.112961828307318712e-01
9.997456464206102567e-01
-7.953724327984205145e-01
-6.000108219087899597e-01
-9.998764507419110048e-01
2.667321332304721862e-02
-2.020227239015904286e-01
-6.002194062621201143e-01
-6.629396792117736581e-02
1.854114475038038390e-01
-9.999424746429579347e-01
9.999871653009391181e-01
-8.007272588090911247e-01
3.943541453958617216e-01
-2.961604589179049896e-01
9.997907162525059288e-01
-9.999956616681632271e-01
6.958586330747612569e-02
2.027820123838129096e-01
9.973413857519021486e-02
-8.033912671932379457e-01
-3.036112320812358600e-01
1.804956990778766243e-02
-3.896366838447387071e-01
1.889450996785596582e-01
1.816436896826350775e-02
-6.000071651186491550e-01
-5.998310650299033542e-01
4.053105009068929121e-01
1.000052001720146633e+00
1.000259873040277026e-01
-2.835811244849129609e-01
1.954249750558197107e-01
9.986544689838626476e-02
1.000903029846183651e-01
-7.912537270165886927e-01
-6.001041537413869253e-01
-6.000549630384649502e-01
1.000073842305491567e+00
-5.999937340104267713e-01
-5.998599018603583133e-01
1.000043549554791911e+00
1.902212978958798539e-01
-7.961866426053997303e-01
4.178010920196855160e-01
-1.511614278461649412e-02
2.022542323825403388e-01
-7.900786332133595824e-01
-9.998960205151119496e-01
-7.946194959787382661e-01
-1.000025291176778408e+00
1.000012066236622310e+00
1.000088998629510728e+00
-7.986496108973524244e-01
-3.034173943915823290e-01
9.177439175562451812e-02
-8.059638552891472685e-01
9.999587396504071579e-01
-6.001871420451472261e-01
9.993405429853290112e-02
-1.000160491660809337e+00
4.112750962864235582e-01
2.001142039699866926e-01
9.999429074179807531e-01
-5.999532592548431076e-01
-6.001283748005061813e-01
-2.997249956181851083e-01
1.000106454723455940e+00
1.002491793968284389e-01
9.998162503884117092e-01
9.999302766834949896e-01
-1.000006139004768535e+00
3.917896939790078137e-01
9.985138673418440802e-02
4.092712814585264813e-01
9.990059770691436802e-02
-1.599508328911348684e-02
-2.114734239319649919e-02
2.117916124043053849e-01
3.848705894450082932e-01
-8.106050015919156193e-01
-5.998824599777735633e-01
3.846032584264861276e-01
1.000091505457126440e+00
4.830467617536952918e-02
-7.906290660832621109e-01
4.105487191695537663e-01
-4.737814392935951052e-02
1.911578715911819160e-01
-9.999875932145120272e-01
-3.075684119757583490e-01
4.034156800599161818e-01
2.076776068741218173e-01
-1.182731389296251545e-02
1.000084534600801822e+00
1.000286795372167692e+00
9.999788776209550534e-01
9.998493541764010006e-02
-1.143586617654949178e-01
-1.000013431267662511e+00
-2.770761854022797399e-01
-3.473083195795906852e-01
9.999210960853687213e-01
-8.137693242089470980e-01
-7.998006598226828912e-01
-5.999528518984993397e-01
-3.279145300623402814e-01
-9.999480196471545179e-01
1.961134472001362372e-01
1.000097219964729972e-01
-5.999596693082016596e-01
-7.568172974298865291e-03
9.999879618233419309e-01
2.117124631457930062e-01
2.038243676107179547e-01
6.555353761147351965e-02
-3.328606747794578546e-01
-3.470863421517350056e-01
-3.068090506906132608e-01
4.120684121776364006e-01
-3.146872386231137075e-01
9.998744557604852812e-01
9.998438200357783190e-01
9.384168153616881392e-02
2.028497035919905878e-01
2.054839235606197578e-01
4.408000228282030891e-02
-3.123258104812158265e-01
-5.999199053460225750e-01
-9.999716987723044070e-01
1.984068586045166505e-01
2.769705395624384031e-02
