-5.997343267010629697e-01
-5.999898409733751548e-01
1.000117563423756240e+00
2.933436481254535211e-02
-1.000028540582627468e+00
-8.018086032696769561e-01
-6.001114352367296068e-01
1.905452243274576712e-02
-7.884814132320656643e-01
-2.574976838070960339e-01
9.992187490978868269e-02
-1.000042168942418375e+00
1.974978313181516565e-01
-4.573912899372633428e-02
1.962870825600377678e-01
3.884998548701298904e-01
3.442497549026905194e-03
-9.998867554772770117e-01
1.907655406611922511e-01
-8.792558658722036957e-02
4.195992407652147094e-01
3.995198676218884581e-01
-3.245495089877037387e-01
-8.074817696848550774e-01
-1.000153060761592938e+00
3.987913556220084033e-01
-2.761044384480332847e-01
-6.001704201340273270e-01
-2.354846956872720942e-01
9.987570460603333034e-02
-1.000035490564016083e+00
-7.995004953440708606e-01
-8.100248386338511075e-01
-1.000069840311018643e+00
2.085762818173052952e-02
9.999703550578373790e-01
-1.000015867997373631e+00
1.000089751147533956e+00
3.955565693977445285e-01
-6.000876000404872235e-01
9.999682397984754889e-01
-8.028639956828490520e-01
-3.068738228223555353e-01
1.001129041930875346e-01
-2.370646424090964433e-01
4.107070061256479221e-01
9.987128651824908609e-02
1.001272989136482577e-01
1.000082563107325406e-01
1.965825578246337135e-01
-9.999754483264794436e-01
-8.079988584916647509e-01
3.887401580407193191e-01
3.818327170758958888e-01
-2.560706486467293486e-01
-1.000193301888739672e+00
-8.048155162980752397e-01
3.840876613109677762e-01
-4.447919278668896470e-02
-9.999770043166473776e-01
4.700951872773953544e-02
4.084692078224256839e-01
-9.998275393467328520e-01
-3.582825880266232166e-01
-9.999927610687148194e-01
9.988614243459656428e-02
-9.998270365146505467e-01
5.276990319559532461e-02
-7.877471885832757481e-01
3.927279282088621537e-01
-6.000377344383985845e-01
-2.975372822276440288e-01
1.001484484654392160e-01
-2.021960601269078353e-02
1.963108446230759363e-01
9.980827778177632503e-02
1.965626771013553598e-01
9.999471673925561799e-01
3.894848009621252466e-02
-7.900686537718475400e-01
3.915078620222842143e-01
3.866200729482758836e-01
1.957793008705504267e-01
2.046286034268439968e-01
1.000226532789631806e+00
4.014355151424159329e-01
-1.000076083593627096e+00
-6.000348851167058850e-01
-1.000114512363805774e+00
-1.340983862768604373e-01
-9.999377157923845516e-01
1.000133374510240036e-01
1.001616324440466888e-01
-6.001318583711114929e-01
-4.855658484012906340e-02
-8.032030470707546277e-01
-7.930586419709234614e-01
-3.396786758151822405e-01
3.952121552047187514e-01
-3.149762435970256402e-01
3.882586485183082692e-01
-8.021554964884193284e-01
-3.608192831200079387e-01
9.987023987430844463e-02
1.000068284748616837e-01
9.999977024866973929e-01
2.629719459470938880e-02
3.995523633092112892e-01
9.983812295619845512e-02
-2.593353757335821186e-01
1.961240110936331715e-01
-3.494190207852418406e-01
-6.000698570433569135e-01
1.000178490768320216e+00
3.913941233502086781e-01
1.978808487252954884e-01
9.997461995755342612e-02
1.000022089686120275e+00
-1.000118598395373537e+00
3.937564513119476417e-01
1.000051199265476809e+00
3.981641631408908699e-01
1.001485535710752023e-01
4.015221781086412145e-01
-5.999055860546539387e-01
4.022225739511380294e-01
-2.575318380054617551e-01
4.113111731321765774e-01
1.000066523198320567e+00
1.000071708976357332e+00
1.000794011483684964e-01
2.079573592403510252e-01
3.845080251654949266e-01
-8.062830387246056052e-01
1.000015035504249333e-01
1.000041092482488958e+00
9.998942704789113289e-01
-1.000140929564912851e+00
-5.998516857557735227e-01
3.934968202948574967e-01
-1.325245439376782075e-02
4.020088972279662332e-01
1.000079582803407169e-01
4.020367383502878034e-01
-3.992047021427169717e-02
-2.350445459932114511e-01
-5.997913528456243482e-01
1.904831339660636447e-01
1.000041618953973366e+00
-1.000086765613651174e+00
-8.089291673842926578e-01
1.000057678123911220e+00
3.949351523218824211e-01
-6.000721668334361159e-01
9.989611064484220371e-02
-6.080574037496693646e-02
-2.445936440573596715e-01
-8.119689976479821381e-01
1.925862662028049732e-01
1.000565985000945318e-01
1.000039347483499874e+00
2.049240684803893264e-01
1.909389281990898912e-01
-3.191083660231507357e-01
-1.000066024333061465e+00
4.856938845758745210e-02
3.961855122955281194e-01
-7.873039146827064405e-01
1.923339081855843236e-01
1.000072900735350379e+00
-8.103068465874342374e-01
-5.999255022894307565e-01
-9.999564937981982871e-01
-3.001085231927591232e-02
-2.796171458993120251e-01
-6.000737348005462657e-01
3.291000918752341048e-02
1.942175240415612569e-01
-1.000063464900471377e+00
1.000041417190745907e+00
-8.024867879242028046e-01
4.000579724456597708e-01
-2.959005485882170716e-01
1.000100690609479370e+00
-9.998887371201452545e-01
1.033289520894400786e-02
1.955688361432692257e-01
1.001965848101694645e-01
-8.137500977683829184e-01
-2.751264789730656912e-01
3.237843457678104414e-02
-3.806998240694307034e-01
2.099342128823700471e-01
1.135894838142225832e-01
-6.000689134106281797e-01
-6.000028804764724333e-01
3.949002784330762350e-01
1.000065033498676037e+00
1.000097647815105795e-01
-2.991927978073998795e-01
2.019803439253119448e-01
1.000938903698437854e-01
9.990249439568492373e-02
-7.864406770023633086e-01
-6.000006456994385617e-01
-5.999729302369734008e-01
1.000053814720343270e+00
-5.999872186484161984e-01
-6.000223278192029497e-01
9.999138762389770951e-01
2.024209077365277942e-01
-7.935049604674134782e-01
3.798566898741618236e-01
1.187509361569192255e-02
1.828678493880461498e-01
-8.089538744900126588e-01
-9.999301731378534841e-01
-8.073074766070920116e-01
-9.999349179693159950e-01
1.000047717491475918e+00
9.999996966865287717e-01
-8.139929940810611830e-01
-3.462106243654206605e-01
9.784146069473833446e-03
-8.014118404422523323e-01
1.000122939593709015e+00
-6.000162663229571258e-01
1.000195619985976420e-01
-9.998282100683592022e-01
3.944217401444463089e-01
2.058306374756629920e-01
9.999412971296195440e-01
-6.000206527741085427e-01
-6.000580678592657424e-01
-2.275374443849838557e-01
1.000048826527305756e+00
1.000017915516179939e-01
9.999849545169761100e-01
1.000017388864501866e+00
-9.997289013896201171e-01
4.047826571199291679e-01
9.968427105388293075e-02
3.965553854662591804e-01
1.001170094483686546e-01
-1.925064290022281827e-02
-1.056735867881300299e-02
2.053422482364362645e-01
4.070553330753434729e-01
-7.959985485015057538e-01
-5.998383813904555328e-01
4.137485615740765788e-01
9.999144021117454262e-01
1.544053867857729245e-01
-7.903211891678787460e-01
3.972564984502611751e-01
-6.600033213457888459e-02
2.082686205920046274e-01
-1.000066057111057560e+00
-2.813909371575186724e-01
3.955043493908126373e-01
2.019538486975462344e-01
-3.176826405811561393e-02
9.999152632084677972e-01
9.999091475613648416e-01
9.999952063164468941e-01
9.989321754759199201e-02
2.116149394221842131e-02
-1.000178112498710581e+00
-3.237481447395294532e-01
-2.652492427122447594e-01
1.000023210374949567e+00
-7.926040294061021951e-01
-7.866825776944973425e-01
-6.000345422302867382e-01
-3.175055216719461226e-01
-9.999413765164498757e-01
1.968619706970154148e-01
1.000705451785162958e-01
-5.999276750296812510e-01
-3.740623705873262483e-02
9.999694093229152259e-01
1.842607637406378229e-01
1.869118654473574392e-01
-4.902070657221684752e-02
-3.405978944561747213e-01
-3.318616937630351482e-01
-2.513515394754373689e-01
4.002075421988330883e-01
-2.720235323076895528e-01
1.000080296464360030e+00
1.000036031583917184e+00
-4.302533689286863750e-02
2.158763660668081008e-01
2.250329534338505744e-01
2.140451235051672729e-02
-3.851998821965454955e-01
-5.999787501094469011e-01
-1.000071886259837672e+00
1.999109094765451622e-01
4.086018920843857011e-02
