-6.000480491121864546e-01
-5.999189216804423630e-01
9.999125921471573308e-01
2.810152986258122876e-02
-9.999367573100224060e-01
-7.957437201186483566e-01
-5.998541083845638777e-01
6.603557392742176457e-02
-8.214433287754766555e-01
-2.891959429549488814e-01
9.981690920785200871e-02
-9.999626303078704703e-01
1.990279915526099452e-01
-5.819754282799716183e-02
2.050701870642669955e-01
3.993724064034459009e-01
3.722226211787903541e-03
-1.000006252135245965e+00
2.093432299266779484e-01
-1.975116833067542058e-02
3.878005324023452993e-01
4.036522857082508464e-01
-2.808864778291396691e-01
-7.948646324555181941e-01
-9.999757845833980863e-01
4.162671786219160897e-01
-4.209601933632167725e-01
-5.998896701810623178e-01
-3.167366025777986205e-01
9.995176636842277584e-02
-9.999798137371808116e-01
-7.953799895334175973e-01
-7.936997029893375633e-01
-1.000085837602066707e+00
3.224521589773164665e-02
1.000155642717686089e+00
-1.000080931245640015e+00
9.998990754382144353e-01
4.051221583831896011e-01
-5.998206105635550678e-01
1.000058931164152343e+00
-7.918114063343383302e-01
-3.720779340631367171e-01
9.990168741134777819e-02
-3.867708199539041658e-01
4.050714133353029989e-01
1.000324688074484686e-01
9.997909930641929455e-02
9.989110658676977894e-02
2.134917854016153138e-01
-9.999801878545798717e-01
-8.402808305352751361e-01
4.061206545475536944e-01
4.003660249098448531e-01
-3.039077727925221795e-01
-1.000034626566987939e+00
-8.101544671344985682e-01
4.130701516766505099e-01
-2.269718625830996137e-02
-1.000025938586345919e+00
-3.092660116364693429e-02
4.128439519115436607e-01
-1.000044782171324087e+00
-3.356987831939493572e-01
-9.998220636534039807e-01
1.001047961590574437e-01
-9.998246555761329812e-01
1.985220657930895916e-02
-7.992573017720225881e-01
4.047419965884834214e-01
-5.999336328304047949e-01
-2.818017575528193319e-01
1.000100385657189950e-01
5.116694901235718795e-02
2.129993233278035247e-01
9.990439882802321092e-02
1.957838028353472704e-01
1.000064869010086399e+00
1.023208302266556818e-01
-7.866637893292783845e-01
3.962102690491847157e-01
3.889093174245319418e-01
1.972342393783328984e-01
1.952308424738175840e-01
9.997268886211372330e-01
4.146982256361201880e-01
-9.998434119285324329e-01
-6.000162971961467973e-01
-1.000042433499700234e+00
-6.177396917431721146e-02
-9.999473387756765419e-01
1.000194471151168857e-01
1.000972684911021066e-01
-5.998261959327656490e-01
8.409529511091132226e-02
-7.935460978569982560e-01
-8.048053776892071243e-01
-3.060995008409388429e-01
4.043573113563864174e-01
-2.275942256105122352e-01
4.071698392185578164e-01
-7.984078323529975041e-01
-3.311070314635885525e-01
9.984224135411973178e-02
9.982083920970946656e-02
9.999514919578219585e-01
2.321255443990642708e-02
4.028652131878564524e-01
9.996052255106128992e-02
-3.419449478364395278e-01
1.869709884396392741e-01
-2.700313178452600216e-01
-6.000797929966387168e-01
9.999424134448574586e-01
4.038974562460294626e-01
2.022809385908875268e-01
9.999015775117611748e-02
1.000129213453151644e+00
-9.999556040697871184e-01
4.042614651317682495e-01
1.000015274883559346e+00
4.023118441307533821e-01
1.000783793155211460e-01
4.077787880405418508e-01
-5.999029160176001518e-01
4.019360811558499447e-01
-2.762555890770944100e-01
4.179219539971330000e-01
9.999226522841412335e-01
9.998963055258409671e-01
9.977692784342591381e-02
2.168079552556343437e-01
3.973668333837977462e-01
-7.981851632710934563e-01
1.000170313269823363e-01
1.000086266889069098e+00
9.998799195996190825e-01
-1.000028367752294978e+00
-6.001366257896287859e-01
4.132342524176229048e-01
-1.976379746684363628e-02
3.905801209086105508e-01
9.995946439479506951e-02
3.794529047962717505e-01
8.458197144258955413e-02
-3.736620303847614233e-01
-5.998879668315675318e-01
2.141297028789269086e-01
9.999001127144002687e-01
-9.999908016087961649e-01
-7.949525107108674771e-01
1.000126278404584346e+00
4.021681989901963461e-01
-5.999393024708926658e-01
9.980355047467268093e-02
9.642014303507338846e-02
-2.923673188392609257e-01
-7.821234343718813653e-01
1.904706072139747131e-01
9.997977406308361514e-02
1.000170120572721810e+00
1.881929561285066166e-01
1.946342532829393734e-01
-2.946473166333188343e-01
-1.000222788221153181e+00
1.114060416001987248e-02
3.948880169870080947e-01
-8.008665068960757472e-01
2.121050670364884039e-01
9.997695488083658821e-01
-7.961238891114583716e-01
-6.001315264229005741e-01
-9.999145466020026296e-01
7.201565668905777172e-03
-3.174996835324496169e-01
-6.000873821873929925e-01
1.231833537770865919e-02
2.095071973372928664e-01
-1.000056974481323024e+00
9.999933804288417827e-01
-7.834991083546374302e-01
4.017846676607312872e-01
-2.776548017301739835e-01
1.000200486508072251e+00
-1.000165872551346924e+00
2.948603562577239989e-02
1.899541305956461978e-01
1.000821857920563551e-01
-7.883381107388651721e-01
-2.506482513362280895e-01
-7.411630372306902970e-02
-2.657982576528993834e-01
2.117577404882550196e-01
-5.372730839865057922e-02
-5.998824451542552616e-01
-5.999252485398077761e-01
4.023287922189686672e-01
1.000056513724432383e+00
1.000460885745804301e-01
-3.514903908899302820e-01
1.961578479815508091e-01
1.002160618864316455e-01
9.992344483428501623e-02
-8.036596271501578181e-01
-6.001013280446438891e-01
-5.999190311334233749e-01
1.000041446804455392e+00
-6.000659768349276835e-01
-5.999453229190113701e-01
1.000235583858762656e+00
1.933907353115414396e-01
-8.017815782075928821e-01
4.048469453806029517e-01
6.825851142296522622e-03
2.045841878227943333e-01
-7.868590365048767632e-01
-9.999407609196859781e-01
-7.955006567787736849e-01
-9.999724010016521891e-01
9.999123109427467959e-01
9.999445949931823341e-01
-8.015551099548697822e-01
-3.117855656621821847e-01
-2.240572158647521905e-02
-8.104554189111834450e-01
9.999107283707954208e-01
-6.001513767151762657e-01
9.990039448879468875e-02
-1.000048886616021315e+00
3.926616697174011850e-01
2.103492383935800514e-01
1.000012164726748143e+00
-5.999058833735130269e-01
-5.998791729297145991e-01
-2.774910166979958070e-01
9.998714721630785895e-01
1.000874950157918802e-01
9.999684748283758084e-01
9.999693777813539741e-01
-9.999207362268746069e-01
3.994461207957459847e-01
1.000126202362205674e-01
4.112409549586267810e-01
1.001118283365313583e-01
3.587722235748578431e-02
7.523244434453055240e-02
1.949791814920529553e-01
3.965484641025964208e-01
-8.121183454048374051e-01
-5.999441668626808166e-01
4.100745030818813697e-01
1.000017092107180483e+00
-3.383383985065951255e-02
-8.038792985914449130e-01
3.996887178957026499e-01
-6.463196441177652962e-02
2.064821575357010941e-01
-1.000030125749884480e+00
-3.445221312703268257e-01
3.971833072999321756e-01
2.007629228829947710e-01
-9.249369714448642255e-02
1.000060689471831799e+00
9.999029523712940071e-01
9.998405231783814573e-01
1.000774819296108842e-01
-8.687688491133429766e-03
-9.999615816715754502e-01
-2.422027668338747886e-01
-3.379654828022082280e-01
9.998375039616616000e-01
-8.008225144685373609e-01
-7.790113142165500104e-01
-5.998953024791991995e-01
-3.505636906370203087e-01
-1.000002759550898013e+00
1.935284335327645822e-01
1.000416035302360007e-01
-6.000671910565378298e-01
-7.402966178533808284e-02
1.000053173749225532e+00
2.190615348967309695e-01
1.970261344349861776e-01
4.589570625207456400e-02
-3.550208058704779623e-01
-2.803482903247499491e-01
-3.108856121813812767e-01
3.928491259729003371e-01
-2.743085409273036124e-01
9.999861646830103812e-01
1.000038399342985773e+00
1.217018702434697133e-02
1.897356656460646440e-01
1.907308939249650614e-01
-8.640328597064567129e-02
-2.959599600795825847e-01
-5.998987172695634529e-01
-9.999301919142499218e-01
1.886293454780568479e-01
9.829208865492283786e-02
