-5.999755797950648839e-01
-6.000778941725387616e-01
9.999116543724803075e-01
1.342247963613540235e-02
-9.999052576579322560e-01
-7.868781386611735096e-01
-6.001318019736106013e-01
4.525281722987253841e-02
-8.173627210760348039e-01
-3.194798419080519536e-01
9.990648510712873964e-02
-9.999436616524892685e-01
1.972100664468295350e-01
1.098059807361016944e-02
2.194298415134025571e-01
3.946067653728498881e-01
-2.647744962752007769e-02
-9.999027075618480698e-01
1.995128591040999100e-01
2.105411308533527634e-02
3.775964566589510296e-01
4.022932167651461777e-01
-3.812580423758821224e-01
-7.988970842865763533e-01
-9.999061754538717262e-01
3.862403999275568767e-01
-3.027484441778074409e-01
-5.998838784147650927e-01
-3.317779382106912367e-01
1.001027916575683852e-01
-9.999595146814229674e-01
-8.207446976993011400e-01
-7.927503939580068382e-01
-9.999869520342781204e-01
2.062113521597582280e-02
9.999876508121503527e-01
-1.000017907146034224e+00
9.998712210260386479e-01
3.874473430046755373e-01
-5.999736452901985873e-01
9.997516985232958175e-01
-8.059171802827332920e-01
-3.152456961594165552e-01
1.000146967332811165e-01
-3.301026557147035412e-01
4.199184422642837644e-01
1.000860630376897570e-01
1.000953493852610038e-01
1.001048570245331865e-01
1.995738550903384534e-01
-1.000075539229367427e+00
-8.067194354512923216e-01
3.769519220445836094e-01
4.010017831325292659e-01
-2.231924599456676650e-01
-9.999646013178272730e-01
-7.805221505173859375e-01
3.910392267483534523e-01
5.109197140447793717e-02
-1.000034809008921277e+00
-6.351718049650351659e-03
3.966083156791630482e-01
-1.000059352891718101e+00
-3.175044711829703714e-01
-1.000054774278027026e+00
1.000295378986296169e-01
-1.000025086095716276e+00
-2.489177312345517215e-02
-7.973331067362131597e-01
3.801868347896242284e-01
-5.999439960791745907e-01
-3.266826565632988677e-01
9.996466334504454376e-02
-1.923557143956857243e-02
1.881782942769534284e-01
9.992900830474779617e-02
2.002007824958508542e-01
1.000048175394088412e+00
1.184341754819043203e-03
-8.122882024953228530e-01
4.043671580794713782e-01
3.938323528970523180e-01
2.038230833430024480e-01
2.002799624113294485e-01
1.000039648553616711e+00
4.065295684878906801e-01
-1.000075023481918235e+00
-6.000333173663282560e-01
-1.000033199780638427e+00
-3.943029838588729685e-02
-9.999981329749995096e-01
1.001948679384053048e-01
1.001168507096983212e-01
-5.999223809248849237e-01
-2.356477681696906787e-02
-8.032045011320050332e-01
-8.107904580404002859e-01
-2.873847944296820112e-01
3.935100392193073837e-01
-2.780332139556572213e-01
4.123245672665278860e-01
-8.125787039590930405e-01
-3.322418064711177288e-01
9.992069942628256651e-02
1.000743147040333014e-01
1.000027896912414560e+00
-8.184682815085270527e-03
3.965340985808969987e-01
1.000112009266867774e-01
-2.166263975440785861e-01
2.025588951133696081e-01
-2.024713453571992949e-01
-6.001481453993912085e-01
9.999208816814677547e-01
4.004828788480241930e-01
1.876211486831165787e-01
1.001913168130684206e-01
9.999659245143609487e-01
-1.000110129250183055e+00
4.082545127916109018e-01
1.000022728719438758e+00
4.096817672116275788e-01
9.998361387224391494e-02
3.855525337091203486e-01
-5.999917112491189863e-01
3.802851876566111233e-01
-2.888281446876651004e-01
4.206689555485393361e-01
9.999530705034933575e-01
1.000091900231323772e+00
1.000310689825642252e-01
1.898820416479920503e-01
3.953078553778159310e-01
-7.830200644589998538e-01
9.998737253301404060e-02
1.000079830642708556e+00
1.000043345574545661e+00
-1.000000264632527225e+00
-6.000329794231590297e-01
3.976388813878061201e-01
4.356923792946416907e-02
4.040736628469719927e-01
1.000161850079487741e-01
3.986366027893777919e-01
-4.696308664735162480e-02
-3.353534292202082767e-01
-6.000422902220081678e-01
1.931006274510212450e-01
9.999623847148619848e-01
-9.998428192247055257e-01
-7.804769870888556005e-01
1.000007186668832260e+00
3.860590500312225948e-01
-6.001084569205494823e-01
1.001118457193223288e-01
-1.094077123141551922e-01
-3.459592433922377142e-01
-7.868346953937902510e-01
1.855239072664525979e-01
9.992553393768541237e-02
9.998480493353816279e-01
1.970200516548686331e-01
2.179761716562417240e-01
-2.677068190643904222e-01
-9.999602008935128961e-01
4.378742439400524350e-02
3.990674057295845456e-01
-8.049067891634188454e-01
1.766913156941521956e-01
9.999851990470156604e-01
-7.857425223844564099e-01
-6.000163648639670333e-01
-1.000096149875541407e+00
4.216327938394449221e-02
-2.108057126542896287e-01
-6.001256203511764475e-01
4.255043443322847896e-02
1.935349142491623320e-01
-9.998716999045561549e-01
1.000060626086912263e+00
-7.943119924009052202e-01
4.056907738391996032e-01
-2.906643174594036316e-01
9.998955798108474236e-01
-9.999876054735283848e-01
1.458438739069822625e-02
1.980830987990199188e-01
1.001843272120091916e-01
-7.849101014936934462e-01
-3.600451445881637236e-01
3.443589354827966686e-02
-3.362040132269064063e-01
2.039741091221979330e-01
-4.504209640298152684e-02
-6.000608836121671397e-01
-5.998328036320360601e-01
3.849436858789461735e-01
9.999343324777286712e-01
1.001028095995431105e-01
-3.170297426033249488e-01
1.986456024077632998e-01
1.001887630951923264e-01
1.000424082571945150e-01
-8.185021171687675290e-01
-6.000147939206448289e-01
-6.000108168426874222e-01
9.999711924158156684e-01
-5.998339177422311597e-01
-5.999325866161390186e-01
1.000019792461150914e+00
2.021248695701072517e-01
-8.116430652186987782e-01
3.755514196461996468e-01
-1.084676675481768132e-02
1.997522958663162096e-01
-8.185513013572035534e-01
-9.998524203623603279e-01
-7.970962118430972021e-01
-1.000209053828019279e+00
1.000107936994005131e+00
9.999218611965579040e-01
-8.117248003362333986e-01
-2.879810104275852822e-01
8.817378112192226711e-03
-8.090796640193184119e-01
9.998614056440066067e-01
-6.001354296289445056e-01
1.001888319097467284e-01
-9.999539592774825403e-01
4.045013249724550564e-01
1.912433316503787117e-01
1.000125783377332489e+00
-5.998762148088352397e-01
-5.998402509581495234e-01
-3.404253004869708943e-01
1.000097970870237329e+00
9.995554160863127924e-02
1.000028645943689343e+00
1.000120714508272224e+00
-9.998880612972290693e-01
4.011568091261557001e-01
1.000033340487138933e-01
3.936591919399970441e-01
1.000326541826719179e-01
-8.053847812744320545e-02
-2.936181880442138847e-02
1.902345032087848498e-01
4.062001786773881684e-01
-8.123002770450766796e-01
-6.000896633369501298e-01
4.092510375904196973e-01
1.000005453062220662e+00
9.490371215359250101e-02
-7.939945370389239754e-01
3.940348667090944335e-01
2.164400018010195770e-02
2.112250979987130017e-01
-9.997577759189305580e-01
-2.872747824535907268e-01
4.003494131532367439e-01
1.748882491399799954e-01
2.099743998782409304e-02
9.999305505256319559e-01
1.000074590028539268e+00
1.000146508265798539e+00
1.000878716273085473e-01
7.044711210328594327e-03
-9.998820514210152721e-01
-3.401637224693893069e-01
-2.740332626695743956e-01
1.000017908592567117e+00
-8.188126643122779491e-01
-8.018549250519325655e-01
-6.000299819335849216e-01
-3.013005351234627760e-01
-9.999135180717008131e-01
2.168638182832143824e-01
1.000887345893076430e-01
-6.000898888315145951e-01
-6.145076199442953135e-02
9.998199400284099037e-01
2.127368498307750655e-01
1.903170278252171166e-01
5.567145841573165749e-02
-3.646941873007079060e-01
-3.624033244954339428e-01
-3.077095943727601868e-01
3.979173037384300948e-01
-3.879943422529921193e-01
1.000083456912738811e+00
1.000064521422439068e+00
4.505912822174321097e-02
1.977317308860323530e-01
2.249295552840226697e-01
-9.638834438732749033e-02
-2.647893773672589379e-01
-6.000286389989847313e-01
-1.000017000841536552e+00
2.018422108971275331e-01
9.470845870547670020e-02
