-5.999839137564685343e-01
-5.998344006926511485e-01
9.999561427015045689e-01
6.387402122106870979e-03
-9.999568129631541957e-01
-8.036996295908931387e-01
-5.999659263853085456e-01
-7.470981240856916505e-02
-8.182319605349148706e-01
-2.524229041904859638e-01
1.000558419157727558e-01
-9.999771827811598790e-01
1.993224227914421887e-01
-2.308583636199015854e-02
2.068425259929683180e-01
4.147913014059373404e-01
-1.807468419532985357e-02
-9.998234327999739879e-01
2.081879186108732960e-01
4.304384429638104248e-03
4.030296374040963636e-01
3.948842723393288789e-01
-3.916628304656101234e-01
-8.041351947849607606e-01
-9.999795949559266983e-01
4.154310318344735520e-01
-3.139494433049757616e-01
-6.001149873675822866e-01
-2.650912330556840502e-01
9.987378269633376271e-02
-9.999155961238777035e-01
-7.960395631497958480e-01
-7.906536514347437539e-01
-1.000052239538467225e+00
8.574701678477469891e-02
1.000014611489759675e+00
-1.000114136417642241e+00
1.000051024605578931e+00
4.065955905399653569e-01
-5.998642859889946610e-01
1.000039940215141643e+00
-7.979313072791162087e-01
-3.412856230910263911e-01
1.001857768716868241e-01
-2.155508816472906930e-01
4.010392609354506699e-01
1.000521470377173650e-01
1.000366215979681256e-01
9.994473527688785275e-02
1.818826855051544344e-01
-9.999349284463379117e-01
-7.972028733546336898e-01
4.111882523462757066e-01
3.941800955969044784e-01
-3.534277817176188496e-01
-9.998958604313058496e-01
-8.096433202325673539e-01
3.881652112762638551e-01
7.174116580646498764e-02
-1.000044604046239183e+00
-2.000790197740440202e-02
4.195493814332456051e-01
-9.999353408931453968e-01
-3.905899343991020567e-01
-1.000140779810912095e+00
9.991158797097400568e-02
-9.999647944625075224e-01
-3.100117502599118724e-02
-7.962055647623149657e-01
3.980677764241077887e-01
-6.001492703573780840e-01
-2.764534501745029016e-01
1.000416509491886402e-01
-1.187848172670661340e-01
1.821412189872858578e-01
1.000036156599542897e-01
1.769317538294985226e-01
1.000048213855857071e+00
1.280819938606392663e-02
-8.138759948621314688e-01
4.070835591084903116e-01
3.944173581878910873e-01
2.092534151057381941e-01
1.972066920562144943e-01
9.998163662515924255e-01
4.013650136615877217e-01
-9.999732019612679323e-01
-6.000438419625194753e-01
-9.998348373936273292e-01
-5.576051744918636595e-03
-1.000113242585285001e+00
1.000143737935636490e-01
9.973407438136201730e-02
-5.999014869212361267e-01
-5.062133262105705800e-02
-7.874577933701528698e-01
-8.119173754198957260e-01
-2.554609907821580039e-01
3.939610624362428482e-01
-2.658470162161440387e-01
4.018404984071242136e-01
-8.187050607558932214e-01
-3.295171780629698177e-01
1.001541792686932858e-01
9.998389919948744153e-02
1.000015302664336581e+00
-4.140604393674567757e-02
3.941374908376246711e-01
1.000273000118493127e-01
-3.628493090523958187e-01
1.967559042836746208e-01
-2.631123113264929314e-01
-6.000438986369541761e-01
9.999683850399989637e-01
3.904914725190382074e-01
2.051079689878943513e-01
9.983005037039612006e-02
9.999629806254575204e-01
-9.999525883875444165e-01
4.027841601191970988e-01
9.999657313373504497e-01
4.136236139509956167e-01
1.000938991080604495e-01
4.079603559499418997e-01
-6.000560210393851568e-01
3.866031196825739369e-01
-2.712621514834760439e-01
4.040840530261750052e-01
1.000077617949331366e+00
1.000254215088916210e+00
9.991816182952889536e-02
1.989668581359497479e-01
4.069334455177482934e-01
-7.698556776298521864e-01
1.001341707044516166e-01
9.998654378280044108e-01
1.000234019079146330e+00
-1.000029830633881733e+00
-5.998133235411835518e-01
4.038486429753509466e-01
-5.421899552563926028e-02
3.886788094213077804e-01
9.994169313043986536e-02
3.834009230226430587e-01
-4.310727938813720128e-02
-2.335779722262210090e-01
-5.998769080570913736e-01
2.025059872245976722e-01
1.000174834349671915e+00
-1.000023339314393800e+00
-8.166178130242887079e-01
1.000023079978564766e+00
3.897915039442638174e-01
-5.997385467784100976e-01
9.999264511543334844e-02
-2.382781497159020337e-02
-3.779587765003901145e-01
-8.014064011094429452e-01
1.987861683785494271e-01
1.001571742674139259e-01
9.999206867574851332e-01
2.184486100713138867e-01
2.025429619963640404e-01
-2.574335549435762260e-01
-1.000010488983714030e+00
1.318178616542843400e-02
4.120142438039764987e-01
-8.115342165035186461e-01
2.075520548849069113e-01
1.000072913112227457e+00
-7.904544649755320673e-01
-5.998341815973492475e-01
-9.999344832069443356e-01
6.270591000213580901e-02
-2.515172473391908969e-01
-6.000311500895848527e-01
2.231295832114013264e-02
2.094149814966979606e-01
-9.998918085846394410e-01
9.999926940734790159e-01
-7.973286209856007556e-01
3.995940973541100005e-01
-2.640127301683374839e-01
9.999960518821651156e-01
-1.000131618008598400e+00
-6.851322831808013061e-03
1.981340961789434529e-01
1.001610531230162499e-01
-7.929999574772963467e-01
-2.492892782400234764e-01
4.543264372808443474e-02
-2.689530467010431969e-01
2.105152301917763424e-01
4.239244196384107932e-02
-5.998483917720347502e-01
-5.999677028236475307e-01
4.051216462009596952e-01
1.000029102448387830e+00
1.000467004988674219e-01
-3.764086769326107640e-01
1.906084480540301551e-01
1.000669687712240491e-01
1.000595995389233495e-01
-8.162651937684692882e-01
-5.999620715158285877e-01
-5.999320163997688971e-01
9.999270725707684049e-01
-5.999438651816899615e-01
-6.000752922932192090e-01
1.000038658334509778e+00
2.083376640159976811e-01
-7.905795047825030508e-01
3.815733680681518414e-01
2.499706719939735755e-02
2.001212566679313187e-01
-8.141088995920712224e-01
-9.997797833114355770e-01
-7.983612112464825161e-01
-9.999994733873033281e-01
1.000096179876998725e+00
9.998946493263526358e-01
-8.053102459416232595e-01
-2.301072864842442778e-01
-6.052785111163717924e-02
-8.053952279926297475e-01
9.998487023083548753e-01
-6.000638500019959132e-01
9.994320726830840940e-02
-1.000046618976818236e+00
3.871690106824036692e-01
1.934713578721956595e-01
9.999102064936010725e-01
-6.000784003668544475e-01
-6.000525839691758234e-01
-2.586204561073077168e-01
1.000029839792020203e+00
9.991073204337487523e-02
9.999971431507984621e-01
1.000125405551056001e+00
-1.000132259544686653e+00
3.678165066562546492e-01
9.996275646397130565e-02
4.084075049550470737e-01
9.999747317265128554e-02
-8.064130426471310953e-02
3.117277419347942030e-02
1.897280548679405321e-01
3.959482973085019508e-01
-8.014207196120975984e-01
-6.000394778790972827e-01
3.887767036952065602e-01
9.997818611462115923e-01
-1.469785573883866485e-02
-8.158512636787345063e-01
3.974554287540518760e-01
-8.868418517989415384e-02
2.107312542103579323e-01
-9.999759532594263423e-01
-3.212683859472220682e-01
3.856362359711339449e-01
2.037166057355666027e-01
-4.514997142759030746e-02
1.000248607923473587e+00
1.000002151212414647e+00
1.000044415498078321e+00
1.000201513029664591e-01
-3.394341816679398438e-02
-1.000176698245272444e+00
-3.310242253073500396e-01
-3.144215949904499707e-01
9.999924327785250089e-01
-8.073541085670011830e-01
-7.881685244615327379e-01
-5.999265640309285885e-01
-2.324982396101764326e-01
-9.997719488092704498e-01
1.970372326649466321e-01
9.999069648218660011e-02
-5.999739139221191842e-01
8.083254515602950052e-02
1.000066935480065311e+00
2.012775072187791281e-01
2.120623996017439172e-01
4.886460312183591587e-02
-3.101167230297443012e-01
-3.309858001874207423e-01
-3.821427696420310327e-01
4.123623339159315226e-01
-3.055034032463386784e-01
1.000148414372590056e+00
1.000278685287130820e+00
-1.862687877684520571e-02
2.036119189206258839e-01
2.087009226216121061e-01
8.388382184858206303e-02
-3.073185139864895721e-01
-6.000441983751558794e-01
-1.000114116283443044e+00
2.116162390084057321e-01
-2.835063861909276062e-02
