-6.000973271985652335e-01
-6.000250320967914774e-01
9.999012142734280406e-01
-9.593065643581246901e-03
-9.998885943128217324e-01
-8.143809344189698596e-01
-6.001150144422049415e-01
8.839217188397278935e-02
-7.928446632878940470e-01
-2.825994844886265955e-01
1.000414733798268285e-01
-9.999949930629283834e-01
2.002487167573484272e-01
4.977345342406138545e-02
2.118269640621151806e-01
3.743272753504621742e-01
4.531921284699727548e-02
-1.000121156160075131e+00
2.027655703016817690e-01
-3.143953646944460528e-02
3.965304492905419309e-01
4.131289030527983686e-01
-2.742929917457494482e-01
-8.004215745686285022e-01
-1.000020601578569091e+00
4.166140997975911753e-01
-1.737951211871220369e-01
-5.999492697448689515e-01
-2.957853589692343022e-01
9.998555998897559749e-02
-9.999142976487354062e-01
-7.957350422694234870e-01
-7.919552545572834390e-01
-1.000038107366806983e+00
4.624386201224045534e-02
9.999088491431281644e-01
-1.000066774479111853e+00
1.000057711114759273e+00
3.991139416974885945e-01
-5.998899356363029955e-01
1.000026688484369153e+00
-8.088887157441106979e-01
-4.181417180464122585e-01
9.982450523095474926e-02
-2.879679235231406009e-01
3.887693660299652021e-01
9.976503550481344296e-02
9.996982844554835879e-02
9.986987168809435822e-02
2.245406925992843306e-01
-9.999736461488453187e-01
-8.037972172573125684e-01
3.967378866723179076e-01
4.162795544898972855e-01
-3.774298074727742147e-01
-1.000088241302181657e+00
-7.958936076532400206e-01
4.066794098602567464e-01
1.362926059131595175e-02
-1.000002317091187809e+00
4.420107450256303104e-03
3.983795720031287346e-01
-1.000042491618139628e+00
-2.329676733240336195e-01
-9.999581803271540004e-01
9.987363150005658385e-02
-9.999132333866311839e-01
1.961104172178294164e-02
-8.105513317614636559e-01
3.849751146433916804e-01
-5.999350403734579062e-01
-2.856880648301391434e-01
9.999106042813654671e-02
-4.085125371489348178e-02
2.076032171638431678e-01
1.000763128788764167e-01
2.076361849726255648e-01
1.000094350311355518e+00
3.550680957633023382e-02
-7.974685617880012956e-01
3.947507037581884926e-01
4.071594580357243420e-01
2.133491992807432791e-01
1.905322858559558019e-01
9.998273712205005825e-01
3.977167685070100989e-01
-9.999359080512165709e-01
-5.999498777499348012e-01
-1.000041929476135572e+00
6.223550061075066447e-02
-9.999068760672733536e-01
9.999228073156350705e-02
1.000783595518779795e-01
-6.000242856170852068e-01
-6.432091355441639513e-02
-8.049164472447001284e-01
-8.038487739935410437e-01
-2.920556688492388919e-01
3.931167276034437386e-01
-4.118134333176370898e-01
4.012189189528569400e-01
-8.165128652371252960e-01
-3.828580594007858218e-01
9.975943530042573337e-02
9.993656099126257963e-02
1.000118466976688270e+00
3.059263036432094060e-02
4.104517430842269388e-01
1.001016562132744231e-01
-3.641768044745517519e-01
1.891544333455309201e-01
-3.492269246649890579e-01
-6.000164675441902462e-01
9.999286770305192418e-01
3.964707008464691818e-01
2.029959036159571240e-01
9.997254118375345500e-02
1.000034083983133648e+00
-9.999748280253368815e-01
3.966178160623046733e-01
1.000219210373242795e+00
4.005306274902807884e-01
1.001229168155814975e-01
4.096024800138741151e-01
-6.000250600225499609e-01
4.055075816263384314e-01
-2.373998043372351763e-01
4.099959397128563054e-01
9.997653838957405448e-01
9.999669137156442789e-01
9.998038451940477467e-02
1.901066511621131161e-01
3.883933034292726405e-01
-7.906057970168814952e-01
1.000112534296219158e-01
9.999647893604124427e-01
1.000071373761803883e+00
-1.000018699679826151e+00
-6.001901022758021620e-01
4.017080887614928320e-01
5.645559270470809632e-02
4.124939433096596608e-01
1.002811990189584890e-01
3.991040424278075038e-01
1.396129836841520505e-02
-3.963466718200446826e-01
-6.001683366497697625e-01
1.890978193413702102e-01
9.999523701722783375e-01
-1.000146928722852158e+00
-8.025971981952805256e-01
1.000049500130503199e+00
3.939325536783903625e-01
-5.998193257073489715e-01
9.996525656049315423e-02
-1.139679084948332435e-02
-3.262648837175616823e-01
-7.957126002373430262e-01
1.953461335134142607e-01
9.994041418298994783e-02
9.998150963940242164e-01
2.242011852682465334e-01
1.867898441958427969e-01
-3.252895550006113523e-01
-1.000037359570055129e+00
-6.660642211867805456e-04
4.117280010747135233e-01
-8.049863083139482400e-01
1.883542114715647253e-01
9.998176150611125523e-01
-7.967176941266412848e-01
-6.001159679465817298e-01
-9.998465411256565183e-01
-9.840217007938972804e-02
-4.026181014354078269e-01
-6.001203258931918638e-01
1.023265939024527692e-02
1.952153651127105094e-01
-1.000059567073248612e+00
9.999381684275199245e-01
-8.000419449176198183e-01
3.971265979956521974e-01
-2.643413240173665968e-01
9.999621014676085551e-01
-1.000109422300971662e+00
1.658356980829787117e-04
2.066196865188532072e-01
9.997470926249846235e-02
-7.909555803096294246e-01
-2.894542457852529171e-01
-1.930749318904455411e-03
-3.018608005482275591e-01
2.210693400393292651e-01
4.612113311819402697e-05
-5.999765073171663410e-01
-6.000129137280859615e-01
4.036848163060480221e-01
9.999363385957530381e-01
1.000580559263642838e-01
-3.353905465613369885e-01
1.764041991856831193e-01
9.992881853836274586e-02
9.995909086364290763e-02
-7.883664520649742435e-01
-5.999132839401349893e-01
-6.000695161525944066e-01
9.998681375561303541e-01
-6.000056178902656301e-01
-5.999766089975449024e-01
9.999350531649540130e-01
2.017878914661868639e-01
-7.925584001504916154e-01
3.946692171459655341e-01
9.528922674646973789e-02
1.850181052867088116e-01
-7.981638907568189278e-01
-9.999134269474797554e-01
-8.079774924848693862e-01
-9.999940265288251862e-01
9.999875386152219381e-01
1.000018210928326212e+00
-8.092383403219226556e-01
-3.846644465929826007e-01
2.508783255809709026e-02
-7.918157042091842346e-01
9.998240509858121738e-01
-5.999572472701893977e-01
9.993068068327196074e-02
-1.000067109987594405e+00
3.990742170404470990e-01
2.107263607539195394e-01
1.000091487146215430e+00
-6.000246187994499047e-01
-6.000187775218410735e-01
-3.167057510213621696e-01
9.999363245958481361e-01
1.000368085769409165e-01
9.998830126163203991e-01
9.999726428542771162e-01
-9.998964374494342389e-01
4.025991962412556746e-01
9.992640867119483017e-02
3.952254787482924470e-01
1.000330320889001867e-01
3.807303046223073362e-02
9.889829436477469427e-02
1.999526689763961862e-01
4.004307695999198002e-01
-7.870576506362478852e-01
-5.999598096694650495e-01
3.937454131928564416e-01
9.999812834961514518e-01
5.500393632694755564e-02
-7.989977758198703039e-01
3.961922854262350246e-01
-9.685062524849274990e-02
1.936351698346726602e-01
-1.000156163058408820e+00
-2.343783540731807224e-01
3.949197454597809243e-01
1.967267232482116657e-01
5.635672128408358850e-02
1.000111640882926034e+00
1.000177418081869885e+00
1.000132269728577716e+00
1.000513976812605760e-01
3.397409670586488267e-02
-9.998259127524220524e-01
-3.342873921383410218e-01
-3.938586967304896769e-01
1.000007772084005930e+00
-8.057159942267249075e-01
-8.180227463261507959e-01
-5.998670356949458160e-01
-2.836034366657645411e-01
-1.000052495002532016e+00
1.831248726082409517e-01
9.997606871097530767e-02
-5.999871951019674077e-01
-6.413627045672268268e-02
1.000029885510716365e+00
2.049252047048131797e-01
2.020481173836185529e-01
9.087107271918440365e-02
-2.963046681589829312e-01
-3.460657706019178992e-01
-2.489847516572765429e-01
3.900852790717824758e-01
-3.067364835288589053e-01
9.998804239591909671e-01
1.000219940120357309e+00
1.399016594397132097e-03
1.998062877700363671e-01
2.098320783164892567e-01
5.724793785589166184e-02
-2.525359686030289597e-01
-5.999015753534669981e-01
-9.999812997380487234e-01
1.853054503735640790e-01
2.377113158667940040e-02
