-5.997489614530019386e-01
-5.999557787916919294e-01
1.000038225737090336e+00
1.672406140542581632e-02
-1.000121618930693623e+00
-8.103728915425134627e-01
-5.999376561034017730e-01
6.813924372796120732e-02
-8.040162679999364181e-01
-2.542631927918151957e-01
1.001058612031257566e-01
-9.999672317777638098e-01
1.984217904668040822e-01
8.971346482333816819e-02
2.048848253216983550e-01
4.028756485997512793e-01
9.381621844854176606e-02
-9.998648324910057728e-01
2.123806277077061877e-01
4.634198988110620893e-02
4.168093079695368575e-01
3.878040602636889655e-01
-3.023039203032746314e-01
-7.943459255167119037e-01
-1.000164176621638035e+00
3.954124707082950496e-01
-3.932824862417099721e-01
-5.999420523725231824e-01
-3.063843312069249869e-01
1.001527950541981626e-01
-1.000102336260130675e+00
-8.030779492377213558e-01
-7.954925045533914885e-01
-9.999370860776685133e-01
4.670685185759710506e-03
1.000091299357736885e+00
-9.998263415891676109e-01
9.999448806299429116e-01
3.946130851520708860e-01
-6.002016492174716555e-01
1.000002599038961826e+00
-8.048261610535029087e-01
-3.464207852782979491e-01
1.000274641873522136e-01
-3.357773332011437240e-01
3.991462424804750331e-01
1.000176907500642809e-01
1.001589471345801785e-01
9.997671562618877517e-02
1.845329893565333668e-01
-1.000026465964833688e+00
-8.051244865621535185e-01
4.116262464153269129e-01
3.947031583490995255e-01
-2.625444458813302462e-01
-1.000036990807782633e+00
-7.990477585698176899e-01
3.956245725464896945e-01
8.264444949922500339e-02
-1.000025530201343660e+00
2.949421898411953152e-02
3.937781158423372396e-01
-1.000145791050737865e+00
-3.247750772740155001e-01
-9.999281335898866363e-01
1.000801295383223627e-01
-1.000011131405131648e+00
2.026409499398790833e-03
-7.872006839574282600e-01
4.073142722027705553e-01
-6.000394961261312776e-01
-3.260523539284653771e-01
1.000453777540949163e-01
5.285660698915593120e-02
1.851629001505816496e-01
1.001503821907420988e-01
2.150350418159961419e-01
1.000010557100490249e+00
2.828093672620780180e-02
-8.000397456681794806e-01
4.223735435873068322e-01
3.967755740463864700e-01
2.056830101295320512e-01
1.907404167872901457e-01
1.000271724749642877e+00
4.058300335226140976e-01
-9.999427866629012618e-01
-5.999948616593904216e-01
-1.000011732683192767e+00
-8.500855997109110773e-02
-1.000044381665182502e+00
1.001277297551346618e-01
9.999018938722925576e-02
-6.000061208130919033e-01
6.459615375666092132e-03
-8.167845796187583884e-01
-7.875353194053749117e-01
-3.012062878355886708e-01
4.168248716045055424e-01
-1.960087767629689059e-01
4.165096597507014775e-01
-8.141723398859052052e-01
-2.000698274760346895e-01
1.001806885459835955e-01
9.999511269586348894e-02
9.999575693125687392e-01
-2.226392156217964213e-02
4.060412667013735821e-01
1.001333730272859213e-01
-2.966956576169714199e-01
1.875186787648054909e-01
-3.457481903766184694e-01
-6.000429214756153318e-01
9.999419214523098676e-01
3.970595572010010565e-01
2.012022450764652526e-01
1.000109562325875584e-01
9.999134757228245185e-01
-1.000119680324152771e+00
3.872166176414237326e-01
1.000019608040481067e+00
3.876573271482000593e-01
9.997904303117824409e-02
4.028061696734625552e-01
-5.998737046126131345e-01
4.033475466848111535e-01
-2.864572886336358981e-01
3.905643925563636043e-01
9.999350179648750503e-01
9.997901173453335177e-01
1.001138669790052199e-01
1.849292451296793705e-01
3.931769973797926143e-01
-7.887469578659357383e-01
9.989779121463385203e-02
1.000075086761575083e+00
1.000074775621184076e+00
-9.999707162350823797e-01
-5.997663528320887893e-01
3.914780041409656186e-01
1.953883691722292995e-02
4.227884934325978339e-01
9.997490285480302441e-02
4.341680005829554045e-01
6.887987680846976990e-02
-3.169574583913762345e-01
-5.999453233908851324e-01
1.934344722218737100e-01
9.999874063188664008e-01
-9.999164672881132310e-01
-7.779257048756463844e-01
1.000138103107968357e+00
3.951069967811339234e-01
-5.999232815536775787e-01
1.000679430033233341e-01
6.642049695646978780e-02
-3.179959608483933775e-01
-7.999920397111023318e-01
1.871428463889522331e-01
1.000304900651582951e-01
1.000026140967608113e+00
2.108272875735463792e-01
1.843309157482878324e-01
-2.505054694295276163e-01
-9.999877648015393916e-01
-3.244771112288246523e-02
3.843157738409708757e-01
-8.137589717439847048e-01
1.955393593977797495e-01
9.999910557476189288e-01
-8.069190779055968044e-01
-5.999153811008341997e-01
-1.000042050200941279e+00
6.528382534163539030e-03
-2.848459787935670451e-01
-6.000905390582775834e-01
1.027859421216563429e-02
1.998353660505624019e-01
-1.000072316062808886e+00
9.999346451608650543e-01
-8.074911458711083734e-01
3.922210304993200558e-01
-3.025124694810490955e-01
1.000056936953335640e+00
-1.000080918789723716e+00
2.258731163058053451e-02
1.986370700757802421e-01
9.992233844614907545e-02
-7.886701009794501172e-01
-3.870090799119250691e-01
-3.658239472539401987e-02
-3.380536539499854332e-01
1.978471968496853250e-01
-1.113811272264197821e-01
-6.000023922367484497e-01
-6.000147759076599474e-01
3.957527110826956629e-01
9.999087044929529933e-01
1.000689730502968416e-01
-3.091571816958152419e-01
1.999040036140442567e-01
1.000434476493857611e-01
9.983040145967345125e-02
-7.793701675005730856e-01
-5.999199600986284686e-01
-6.000823771271976970e-01
1.000036799571774937e+00
-6.000174259213651995e-01
-6.001662924459829629e-01
9.998715691076973666e-01
2.114872889942744361e-01
-7.923963970087536390e-01
3.986936739035964461e-01
-1.225450912648249138e-02
2.002199501832627460e-01
-7.851151096858184353e-01
-1.000073667429549840e+00
-8.011515897022691846e-01
-9.999838087663586172e-01
9.999786970300843514e-01
9.999253688786000627e-01
-7.989843799767013532e-01
-2.371881189479453922e-01
7.943688108538671244e-02
-7.901217287453713434e-01
1.000048569968631229e+00
-6.001218587117753689e-01
9.998545579551673668e-02
-9.999147759595672369e-01
4.004225003383203307e-01
1.996415359228728703e-01
9.999176285739788117e-01
-6.001121020230583136e-01
-5.999959209897466339e-01
-2.345561498535281841e-01
1.000087051649974468e+00
1.000007723870120907e-01
9.999727251705423647e-01
9.998603166312259871e-01
-9.998797828048963110e-01
4.040596808222931546e-01
9.993350680173510026e-02
4.083256947659331670e-01
9.994408965287226998e-02
-3.879959553167655617e-02
-3.330660045062743945e-03
2.027861633511254535e-01
4.089273357372588680e-01
-7.979459452410427867e-01
-5.998775384008584455e-01
4.073037905680770288e-01
1.000025079032949238e+00
-7.137985088518010966e-03
-7.907232680503538669e-01
3.971516968433611017e-01
-2.332810132720426061e-02
2.092010516809799103e-01
-1.000030272890874761e+00
-2.899674309084387946e-01
3.897911038375366233e-01
2.070909516761843816e-01
-7.488124382163456605e-02
1.000064906724976055e+00
1.000230136978741191e+00
9.999840131775090679e-01
1.000192987082206830e-01
-2.488429419833251485e-02
-1.000031879967549386e+00
-2.220201730152281117e-01
-3.408711579323343011e-01
1.000048166432115915e+00
-8.189491363041959682e-01
-7.932073115563574861e-01
-5.999943967736095507e-01
-3.172504517889335740e-01
-9.999903257477287255e-01
2.089804930519260640e-01
1.000823728919374711e-01
-6.000748970552051142e-01
3.368738225183897511e-02
9.999226230392730397e-01
2.083163402819885879e-01
2.013843698530390913e-01
-5.203132161955085350e-02
-3.552003884883799811e-01
-3.639678161473333673e-01
-2.801083021470593404e-01
3.823139005922461253e-01
-2.966977849923824184e-01
1.000205712269654157e+00
1.000074454032106708e+00
3.169911878521291387e-02
1.827929138477325521e-01
1.892877069237917098e-01
6.408376627782022550e-02
-3.893559339498559591e-01
-6.000752926065878734e-01
-9.998765389295295458e-01
2.050512584228680879e-01
-1.902850959729272817e-02
