-5.998858388113111895e-01
-5.998524064769058528e-01
9.999760975616746039e-01
6.744566545805517899e-02
-9.998698114245573310e-01
-8.042275455533041129e-01
-6.000734182770662839e-01
9.406187003719231055e-02
-8.038768774550076879e-01
-2.924883553802098968e-01
9.996931710581305475e-02
-1.000019206428890861e+00
1.907403433326518849e-01
9.504949214887137982e-03
1.970096053851775053e-01
3.930331109671640344e-01
9.961928715676759971e-02
-9.999579736402772756e-01
1.997880754478081056e-01
3.358203960386701298e-02
3.989186671538260121e-01
4.147772782859199814e-01
-2.600476291236341608e-01
-7.815329074522164854e-01
-1.000055635521379660e+00
3.974611918756972839e-01
-3.863596923067136868e-01
-5.999753050800167298e-01
-2.651730456658251689e-01
1.001557887834665789e-01
-9.998060373740379481e-01
-8.052571386420446231e-01
-7.880917503031016347e-01
-9.999403376887655570e-01
8.276107387968165141e-02
9.999751685167131976e-01
-1.000079992137002272e+00
9.999948362268529234e-01
4.097387755488271499e-01
-6.001307796666118799e-01
1.000198915163012403e+00
-7.919731614897973504e-01
-3.075408393117962103e-01
1.000220446886026376e-01
-3.363031452751997774e-01
4.040999833665946395e-01
1.000121608523027866e-01
1.000829677626991210e-01
1.000499827749914139e-01
1.917389866454100589e-01
-1.000079243596510681e+00
-7.992732749013519156e-01
4.006328811266752776e-01
3.831020746961943391e-01
-3.203368062083685741e-01
-1.000140860664762599e+00
-8.191038550797609119e-01
4.034523547500494800e-01
-1.651672116785074529e-02
-1.000019534578773905e+00
-1.231076720545427466e-01
3.881389067709375973e-01
-1.000013836557139824e+00
-3.686656108161590617e-01
-9.999434441095089721e-01
9.998245285041296171e-02
-9.999074999170047828e-01
2.579439485908884000e-02
-7.895545525154361588e-01
3.921782826248966791e-01
-6.000173708542446693e-01
-3.254077333995221144e-01
1.001947500006465652e-01
5.657867274638849441e-03
1.836337229232392343e-01
9.989284416684454659e-02
2.097834296824904188e-01
9.999819146792213731e-01
4.921099496869449363e-02
-7.965698819742461634e-01
4.044165542277591840e-01
3.927780407625439674e-01
1.955169310468899135e-01
1.852590616793638179e-01
1.000006777142129488e+00
4.230676008098047669e-01
-1.000114362434328497e+00
-5.999295009930603051e-01
-9.998566245440626554e-01
-6.312548896601642701e-02
-1.000045469123814978e+00
9.991820222367751858e-02
1.001153244994839597e-01
-6.001131152014295145e-01
3.166638774518711064e-02
-7.910100129776764799e-01
-8.029913884285203585e-01
-2.531495197746676529e-01
4.007025162007858410e-01
-3.644410889959422417e-01
4.232503856577116141e-01
-8.067945467418962124e-01
-2.659780853058348327e-01
9.996686745369287586e-02
1.000061497295537949e-01
9.999560291604795426e-01
2.290564205744171147e-02
4.152566597256052150e-01
9.996766278509434944e-02
-3.951684854400442926e-01
2.083389566227363265e-01
-3.539530004233630289e-01
-5.999683265070323568e-01
9.999216195265540064e-01
4.072874006543409919e-01
2.043648851233733355e-01
9.997734896489313128e-02
1.000060721539669517e+00
-1.000019602038059396e+00
3.889418588648158592e-01
9.998531284344837067e-01
4.058831388228258397e-01
9.998678873242416998e-02
3.910302207493246973e-01
-6.000069588528352815e-01
4.000306021237373666e-01
-3.703657014202788034e-01
4.044487381089341138e-01
1.000005478341440490e+00
9.999983077853208391e-01
1.000290958935703550e-01
2.106866105420802104e-01
4.087632942996032859e-01
-7.945444782173315401e-01
1.001084078476776607e-01
9.999478058213369103e-01
1.000014729704833405e+00
-1.000033609814900304e+00
-6.000687646677757003e-01
3.959913184117220264e-01
-4.146347581570189456e-02
4.084363032051123166e-01
9.992468383660495224e-02
3.874537720248704686e-01
-1.300872066426832230e-02
-2.685773184740954389e-01
-5.999323036558207312e-01
2.173587449741436195e-01
9.999176182271033442e-01
-9.999319286200267776e-01
-8.135481195011842193e-01
1.000065432804820631e+00
4.092391715824506560e-01
-5.998723518190947068e-01
1.000133793404849730e-01
3.615956665697712263e-02
-3.138782394521479335e-01
-8.088738339709338199e-01
2.089253447885759118e-01
9.990990541162948768e-02
9.999779993850564930e-01
1.975655632745451085e-01
2.014623274313273038e-01
-3.090808891846205664e-01
-1.000159187966103813e+00
-2.513312714451950911e-02
3.919646914967169771e-01
-8.086969142462931970e-01
2.022375230915414990e-01
9.999909647370924803e-01
-8.127517256637759591e-01
-6.000557526850235357e-01
-9.999871609918360438e-01
4.037676458706222077e-02
-4.426133342051901121e-01
-6.000771663370024767e-01
-2.566441000649474780e-02
2.024405501839406096e-01
-9.998308727147771080e-01
9.998442280053313480e-01
-7.885275173940369253e-01
3.899859617127375278e-01
-3.907537696575589248e-01
1.000089987184298312e+00
-1.000048023219350712e+00
-1.082129131167300579e-03
2.088161094996544009e-01
9.996178983299215670e-02
-8.047584014878237380e-01
-3.527845772028203597e-01
-2.454687962481166136e-02
-3.294977321534996451e-01
2.086434093498253373e-01
6.009694111795687611e-03
-5.999036099752278473e-01
-6.000139409439115834e-01
4.083886891681307585e-01
1.000034722359070427e+00
1.001060314080981090e-01
-3.062682481341042484e-01
1.980628237282522353e-01
9.994225141593118811e-02
9.995373129503233589e-02
-7.937937857021442056e-01
-5.999548806703923765e-01
-6.001173262716781309e-01
9.998619778412201065e-01
-6.001101505850053863e-01
-5.999244065554946159e-01
1.000022415096140316e+00
2.005759094389358288e-01
-8.038185371973282090e-01
4.164600880389192628e-01
7.150315613163929496e-02
1.976672902467770387e-01
-7.955128968168687642e-01
-1.000147252223590355e+00
-7.877263622671041299e-01
-1.000004906473312749e+00
1.000001738122345163e+00
9.999693460858362082e-01
-7.891991366970172450e-01
-3.024207060483897203e-01
-9.004241457479625343e-02
-7.978090119249642287e-01
1.000038918433910240e+00
-6.000136408708274249e-01
1.000101425498723662e-01
-1.000033582528701004e+00
3.932828869057900523e-01
2.066333864011297150e-01
1.000122402587763748e+00
-5.999929382155119173e-01
-5.998919976189487357e-01
-2.961593951521877544e-01
9.999879413559845664e-01
1.000347716064350356e-01
1.000018492607486209e+00
1.000217532543641985e+00
-1.000131019867574356e+00
4.040671829910221780e-01
9.998664909974591675e-02
4.062219420327938812e-01
1.000020260568646596e-01
9.887406940410341238e-03
2.528780676564325314e-02
1.993183146888656831e-01
3.920136977316092675e-01
-7.982588619666167729e-01
-6.000997074790652697e-01
4.043544041659574151e-01
1.000021261524958627e+00
1.119623115284391901e-01
-7.873978665107633779e-01
4.061038247565232351e-01
-1.414110763622476556e-02
2.031246753299014163e-01
-9.999707262652111073e-01
-2.512770813756822208e-01
3.955496307489626551e-01
2.020066797342087717e-01
-9.565546035019620308e-03
9.999959033927533492e-01
9.999426916186134884e-01
1.000105652730261641e+00
9.995032145989821148e-02
-2.701072750540299550e-02
-1.000010092816325358e+00
-3.585416887574714995e-01
-4.542792273234792511e-01
9.998310269661898619e-01
-8.102356622251742913e-01
-8.057271641340877366e-01
-5.999654900954306536e-01
-3.576280062405524651e-01
-9.999660149986282498e-01
2.174441486674475177e-01
1.000181896051082348e-01
-6.000998040676260858e-01
7.315161845410435293e-02
1.000180936116508823e+00
2.073291897672064898e-01
2.011906293361460096e-01
3.849289319478609028e-02
-2.825616665141826855e-01
-3.402657494652132075e-01
-3.339683128006187274e-01
3.926192205664302826e-01
-3.032856784040613984e-01
1.000095926223325105e+00
1.000007870182231917e+00
3.380446154840636291e-02
2.008491085779453844e-01
1.968941687466637669e-01
2.996843127816215674e-02
-2.680580881082230138e-01
-5.998399983164498517e-01
-1.000002326204616043e+00
1.878931471147577414e-01
-1.968915447130083901e-02
