-6.000148170667669589e-01
-5.999832434345194754e-01
9.999839855578452896e-01
-8.534292354287746629e-02
-9.999960480133810448e-01
-8.204147400967740644e-01
-6.001564024901374639e-01
1.184447107439466108e-02
-7.896107232877171977e-01
-3.247271727234504746e-01
9.989456184824256624e-02
-9.999867919543814487e-01
1.993068080006127896e-01
-1.081909167513287612e-02
2.056918734534972093e-01
3.900073213244852899e-01
7.250569695914301123e-03
-9.999476329137282349e-01
2.037795322438943624e-01
-4.452877837362142349e-02
3.984301528006499171e-01
4.023909042100549671e-01
-3.158964648002590692e-01
-8.059726082795414248e-01
-1.000058235000804707e+00
4.150869136483278932e-01
-2.524571010681836425e-01
-6.000725530202503100e-01
-3.071701260720170468e-01
9.998201221647791404e-02
-1.000079748936516744e+00
-8.074673013417841272e-01
-8.114257177752165484e-01
-1.000058729643930944e+00
6.794153316646220353e-02
1.000034961167380887e+00
-1.000025339361436227e+00
1.000004968705431985e+00
3.851706803441639626e-01
-6.001353123752974916e-01
9.999354887007553261e-01
-7.998794958822612600e-01
-3.058176458303421552e-01
9.995272122590598274e-02
-3.305513983876164352e-01
4.064138853959795017e-01
1.000561156939795415e-01
9.999032738961464994e-02
9.982699510129053322e-02
1.933877000778614907e-01
-1.000070379241415175e+00
-7.935187728697221665e-01
4.032487428834584664e-01
4.121533197379173563e-01
-2.175040387975346046e-01
-1.000044303903872223e+00
-8.037319489365126746e-01
3.796280870931216800e-01
3.606495566689035120e-02
-9.999860674309852815e-01
-1.679776133121079276e-02
3.976879047036538384e-01
-1.000081305825489153e+00
-2.309630067315183444e-01
-9.998330614792612092e-01
1.001520244625979106e-01
-1.000090331855051140e+00
-1.477288225741503307e-02
-7.926600087745176992e-01
3.977762763996530171e-01
-6.000818704312553820e-01
-3.012500426932440134e-01
1.001346792512723266e-01
9.649925852806236215e-02
2.038847228442619564e-01
1.001038349462323174e-01
1.963330891862885841e-01
9.999352229153817273e-01
-7.563144159421430427e-04
-8.053911782382223716e-01
3.977810738550982550e-01
3.874469506643740679e-01
1.977090285453838303e-01
2.029971263127008096e-01
9.999238409753381518e-01
3.900670952962245752e-01
-9.998724105393536066e-01
-5.998961998568682619e-01
-1.000075257083951508e+00
8.602021462078976444e-02
-1.000088467706200523e+00
1.000600799836788013e-01
9.986948941053425122e-02
-5.998231322998806014e-01
-8.495422426845081199e-02
-8.018362166764199106e-01
-7.938530023527415880e-01
-2.681425003040406874e-01
3.914110017279592846e-01
-2.524037269343616385e-01
4.060395580816449357e-01
-8.125558403125969775e-01
-3.366434628448818911e-01
1.000402755485644973e-01
9.994557829362907264e-02
1.000010561973299072e+00
-2.182393335573775892e-02
3.866259063359164250e-01
1.000888612262857830e-01
-2.313566677179331177e-01
2.080658250329093240e-01
-3.091068234648058910e-01
-5.999978493730279139e-01
1.000163776272642080e+00
4.056720082509572278e-01
2.034411305867007969e-01
9.990236083397231737e-02
9.999629867594000965e-01
-9.999641215010189876e-01
3.971114740387434727e-01
1.000102154444190150e+00
4.068430687368718712e-01
9.990266636096917230e-02
4.067466263969090057e-01
-5.999853620490299688e-01
4.080419196067233134e-01
-3.760448298869096262e-01
3.779148089493425400e-01
9.999830364013778672e-01
9.999779130800044991e-01
1.000287427819167574e-01
1.966419896134738166e-01
3.945346000127383790e-01
-7.990815336484314857e-01
9.996531916599044054e-02
9.998949204677428648e-01
9.999513949937128832e-01
-9.998451772617328315e-01
-6.000292431541052185e-01
3.849501147968388826e-01
-3.476274956000824368e-02
4.141248021619217123e-01
9.996146606010429536e-02
4.159799206249053527e-01
-6.509485765163888771e-02
-2.634507898120829195e-01
-5.999984091955730126e-01
1.984275015919503837e-01
9.998140312907768390e-01
-9.999825351686161268e-01
-8.054640958169221321e-01
9.999831483125612985e-01
3.852651726149705635e-01
-5.998588415748628000e-01
1.000435575336812294e-01
-4.302590479649439324e-03
-2.837017591167227404e-01
-8.191885108218450728e-01
1.941564830695089450e-01
1.001008042786520474e-01
1.000014738771151768e+00
2.158978120919245458e-01
1.934615199430294585e-01
-4.109249092176749940e-01
-1.000110502365298304e+00
1.968877198069209078e-02
3.980571450763963348e-01
-8.168170079260098637e-01
1.998767977084371927e-01
9.999675670117685877e-01
-8.044633867560792018e-01
-5.999273861753515735e-01
-9.998723819129836654e-01
-4.986224103511483624e-02
-2.722161617203633366e-01
-5.999326629610177708e-01
-3.054688509475316990e-02
2.022611159529268676e-01
-9.999914447089269798e-01
9.999825062524593244e-01
-8.173545177675149986e-01
4.069909194244696327e-01
-2.562331236811016821e-01
9.998880263844477367e-01
-9.997659210186681245e-01
6.052540776325621152e-02
1.964791652360019791e-01
9.989687016392449770e-02
-7.968145602422033180e-01
-3.101598695440730968e-01
-5.569527474756970353e-02
-3.087044158087176582e-01
1.911096359058021554e-01
5.936087740489542214e-02
-5.999331370828439036e-01
-6.001458996810880020e-01
3.918792367597735971e-01
1.000097516786641050e+00
9.992687206665246125e-02
-3.431123867196966826e-01
2.118068546916505590e-01
1.000337343872897133e-01
1.000306483456202267e-01
-8.120028891084182243e-01
-6.000224458262103377e-01
-5.999658887432887111e-01
1.000028803959609469e+00
-5.998963685262175272e-01
-5.999598076015967285e-01
9.999030980053592588e-01
1.994388322009052195e-01
-8.015248565603187991e-01
3.973975904178714824e-01
-4.940279428141844398e-02
1.842725676652613720e-01
-7.859637835270092410e-01
-9.999030526430631172e-01
-8.035162281847599841e-01
-9.999893928437152413e-01
9.997942356332911729e-01
9.999825452461191810e-01
-8.048764854915235745e-01
-3.258871420858771017e-01
4.511008849762521145e-02
-7.934753539513137444e-01
1.000178914270616559e+00
-5.999262490561502181e-01
9.999892662098720797e-02
-1.000116405716984680e+00
4.335586772805562483e-01
2.097240777345070750e-01
1.000038519746164312e+00
-6.000315786516268179e-01
-6.000917676216078744e-01
-3.383215325211124114e-01
9.999154490458345146e-01
1.000092654475003007e-01
1.000100527651003990e+00
9.999054175643889986e-01
-1.000028801461794181e+00
4.093799208990813177e-01
1.000792360183301033e-01
3.967076258288117496e-01
1.000232597228457587e-01
-6.867650907968425589e-02
9.053322285915596512e-02
2.113173832765403715e-01
4.021991586132754315e-01
-7.975862421112254186e-01
-6.000636677210788861e-01
4.067882440829408419e-01
1.000158821819645105e+00
-1.297624181457643876e-03
-8.023353645111687138e-01
3.923318204817104471e-01
-7.094874108506554755e-02
2.170762488888772490e-01
-1.000069486712494182e+00
-2.633238925989079826e-01
3.851976464396956179e-01
1.958906210020036898e-01
3.263650735343889137e-02
9.999887105947841137e-01
1.000089669295847195e+00
9.999952938813193581e-01
9.993577864361735674e-02
2.331095473101999979e-02
-9.998872780930038173e-01
-3.578900560679932341e-01
-3.040450406952974749e-01
9.999689831947685681e-01
-7.957318571062410584e-01
-7.982262657210803525e-01
-6.001379653278703374e-01
-3.059727891735162242e-01
-1.000010359343769917e+00
2.199344576942977025e-01
1.001213416073533369e-01
-6.000329905141844611e-01
-1.958382738030297471e-02
1.000082693546950674e+00
2.165248915506054195e-01
1.928719667704258678e-01
-3.032819426779799488e-02
-3.394748417485169423e-01
-3.930836870061445998e-01
-2.929455347975634671e-01
4.088114897955109073e-01
-2.424160269854293837e-01
9.999601878162721613e-01
9.998223098441330059e-01
2.037252855819356862e-02
1.930418467613486677e-01
2.025764351612865111e-01
6.057363940895328300e-03
-3.229705275568285905e-01
-6.000781453666188536e-01
-9.998718822569228060e-01
2.025270409072981448e-01
1.201934496964503045e-02
