-5.998884549840340918e-01
-6.000386519398061003e-01
1.000060151780927775e+00
-2.876211067940001587e-02
-1.000076132818246810e+00
-7.787850110161032013e-01
-5.999657426801903171e-01
-9.586230815292709484e-02
-8.137031195163973996e-01
-2.326468534103604546e-01
1.000246612611931096e-01
-9.999147565104626878e-01
1.892652704933605046e-01
8.046783384008644388e-03
2.078440520776555778e-01
4.029890825747872163e-01
5.508080688809740416e-02
-1.000117684517166206e+00
1.829698140316993182e-01
-2.092561615235682959e-02
3.850073872229458072e-01
4.025121599456184529e-01
-3.813764739988023678e-01
-8.218584685702201575e-01
-9.999880266931916450e-01
3.983055641136941105e-01
-2.243028952880914972e-01
-6.001917540848472621e-01
-3.272825773548823092e-01
1.000149822601047178e-01
-1.000084068727415731e+00
-8.149705104065483319e-01
-8.223896541589879039e-01
-9.999343947314940362e-01
3.615184325731427700e-02
1.000158124884541921e+00
-9.999085198190965640e-01
9.999200508201714355e-01
3.976706807431560353e-01
-6.000016579483509194e-01
9.998810114412276517e-01
-7.918246935294890321e-01
-2.646361198529149639e-01
1.001628380671226448e-01
-3.476116439655184132e-01
3.913843962249257680e-01
1.000707071974846207e-01
9.996505279876632954e-02
1.001435637956973185e-01
2.090516528935653928e-01
-1.000081470257188965e+00
-7.924054947225095402e-01
3.917443657925056000e-01
4.088736657854828982e-01
-3.018522945582649553e-01
-1.000028129851791459e+00
-8.022301654647778779e-01
3.983204165156687959e-01
4.548829261262620632e-02
-1.000021963580379092e+00
1.190136436488452645e-02
4.210470701718413422e-01
-9.999542712726019467e-01
-2.491302581523318904e-01
-1.000055750178889369e+00
1.001067533958182598e-01
-9.998917186256119916e-01
-7.595529474829658401e-02
-8.174352959899343629e-01
4.027175470512924238e-01
-6.000357959550252085e-01
-1.799818983333817402e-01
1.000899240265149259e-01
-8.286691933053549897e-02
2.006310840483465363e-01
9.979589160676111126e-02
1.978033280568538554e-01
1.000097421449340773e+00
3.676696307368884642e-02
-8.018198489030783360e-01
3.857464944785454763e-01
3.930311777910027726e-01
1.974600813140085231e-01
2.088385367187815533e-01
1.000129445035620401e+00
3.877643078682719291e-01
-1.000078530283672995e+00
-6.000694327475166734e-01
-1.000089612023314034e+00
3.445211146383907880e-02
-9.998761674026909185e-01
9.990612500232769200e-02
9.992086585820370015e-02
-5.997683240955914430e-01
-1.321982192001645677e-02
-8.132898813214285427e-01
-7.895777822528990963e-01
-2.803039888131531043e-01
4.108192319921182833e-01
-3.674463800520620937e-01
4.005415790582234625e-01
-7.860044055434182164e-01
-3.810244704985068509e-01
9.978186935132744850e-02
9.998223216120306900e-02
9.999189902709725297e-01
1.758498604578465421e-02
4.039470924944109642e-01
1.000706233698373387e-01
-3.243493613454129232e-01
2.103627933778297321e-01
-2.194122713704174943e-01
-5.999374294740766889e-01
9.999554531052997630e-01
4.125146210399573965e-01
1.997623645161781258e-01
9.977378719695968734e-02
9.998482032242114181e-01
-9.998947543331718757e-01
4.007965969513689330e-01
1.000069800842256829e+00
3.972917989855631049e-01
9.999078577814753122e-02
4.054163332627712668e-01
-5.998754274789624974e-01
3.975316824054995757e-01
-3.167198637712876352e-01
3.934841714117627287e-01
9.999701096205508843e-01
1.000005658016597687e+00
1.001338941821267731e-01
1.964414038681490393e-01
4.042504836652946465e-01
-7.956223189862383638e-01
1.000279539821100350e-01
1.000113133485645234e+00
9.999156197464207363e-01
-9.999433459800893820e-01
-6.000600996823604039e-01
3.940432917952090830e-01
-5.505426315316073321e-02
3.931798160460416858e-01
9.997769935057219948e-02
4.037215390553900440e-01
1.232960007086681374e-02
-1.968535659148485939e-01
-6.000591855863821600e-01
1.914956219256566117e-01
9.999285237405328708e-01
-9.999887344916049692e-01
-8.053505513950759420e-01
9.999315985219274783e-01
4.085878505201592237e-01
-6.000361142673740211e-01
1.000324308402072565e-01
2.255566445594511457e-02
-3.368132490398904055e-01
-8.076929516336247561e-01
1.952292230039210097e-01
9.986188305249107944e-02
1.000003756584818104e+00
2.063484625655722937e-01
1.983606074364009653e-01
-2.935261953654570988e-01
-9.999403588141325683e-01
2.140822265837187023e-03
3.964943401954491575e-01
-7.871050262320359314e-01
2.124996426189854903e-01
1.000115844821703348e+00
-7.983423168703684958e-01
-5.999462263958054153e-01
-9.999175946720796349e-01
6.704220779632409644e-02
-3.405745180321504972e-01
-5.999603845470603547e-01
-3.953087424927803628e-02
2.125094404014988836e-01
-1.000014736465980603e+00
9.999976803737760100e-01
-7.862804849630327109e-01
3.954776891126190463e-01
-2.338873086284998792e-01
9.999779973203095640e-01
-9.998994344165008652e-01
2.260005159684672082e-02
2.010543898906863580e-01
9.991281521356065731e-02
-8.044744261226585147e-01
-2.371182391588904093e-01
-5.323518684841656301e-02
-3.246275700357937888e-01
2.157152964859349042e-01
8.859736297209547251e-02
-5.999169083149855641e-01
-6.001439483663694174e-01
3.860408412224429209e-01
9.999961927067941847e-01
1.000554259124729617e-01
-3.423478209555517737e-01
1.905385602731048678e-01
1.001765849064964881e-01
9.988007697896594816e-02
-8.031860385511548905e-01
-5.999895261253617162e-01
-6.001019673533729559e-01
1.000000324497271498e+00
-5.999497888272380397e-01
-5.998666693344317791e-01
9.999246467756418566e-01
1.962327871805058521e-01
-8.205607948829637399e-01
3.984149862943025533e-01
-6.077083581328542039e-02
1.977374858776349831e-01
-7.817007478682941324e-01
-9.998873912054737634e-01
-7.941981681159132611e-01
-9.999455086076759480e-01
9.999707044146062263e-01
1.000076822368121565e+00
-7.955008176056825864e-01
-3.426666054146584872e-01
-1.561905353698722632e-02
-7.969773984899547470e-01
1.000027808157002207e+00
-5.999320636051672651e-01
1.001679534102648678e-01
-1.000047479654134763e+00
3.869500283355400416e-01
1.909134503851056264e-01
1.000097976197454885e+00
-6.000074554605056010e-01
-6.000109440801255634e-01
-2.824614897220623089e-01
1.000041464644317646e+00
9.984435018221612945e-02
1.000008335930718806e+00
9.997920558968843574e-01
-1.000008259349191242e+00
4.080805076116361119e-01
9.993000599592805067e-02
4.123178901111489436e-01
9.995059114179942472e-02
8.697519424736266380e-02
-2.647899993858115683e-02
1.948421971832292043e-01
3.980806710390094039e-01
-7.855027377598204907e-01
-5.998602937635014731e-01
3.937064415272143458e-01
9.999741784276053869e-01
2.382597926973589395e-02
-8.129221676277695874e-01
4.074529546410117220e-01
-1.278165215495858514e-02
2.064127760960255409e-01
-9.999170538170357725e-01
-3.457220306740829141e-01
3.895184332055720011e-01
2.007930957292715923e-01
7.574834008719101737e-03
9.999053396912209735e-01
9.998845561027747131e-01
1.000160454188962378e+00
1.000127400338673145e-01
-6.424207106907640907e-02
-9.998380198380028006e-01
-2.166218752807146097e-01
-2.070353190473564475e-01
9.999730923517418102e-01
-8.076225854100048673e-01
-7.825443319564588940e-01
-5.998877689828304716e-01
-3.771384827043804400e-01
-1.000056649174307921e+00
2.132846538367410283e-01
1.000680630330389592e-01
-5.998832595803755829e-01
-1.190819640275804541e-05
1.000006243708887022e+00
1.999411669538068426e-01
1.956228194420807365e-01
-4.375006646061413429e-02
-2.896346426912594363e-01
-2.741796144025120952e-01
-3.808527957726843827e-01
3.953314667076474609e-01
-2.048460234387931012e-01
9.999850728405945688e-01
1.000032019437260722e+00
2.241371746296623446e-02
1.936037397868480003e-01
2.123179517518965220e-01
1.408565023521399229e-02
-2.907402475023077026e-01
-6.000005577084653874e-01
-1.000122882627972221e+00
2.188270416850176259e-01
7.059099544224016476e-02
