-5.998237591059928375e-01
-6.001166111240183731e-01
1.000239378453790184e+00
-8.079527347276903824e-04
-1.000023620913067957e+00
-7.943858382301773879e-01
-5.999321179552510319e-01
5.041166987786412090e-02
-8.032981598059980577e-01
-3.465033505240265321e-01
1.001340203691488268e-01
-9.999152315991910456e-01
2.149432073881709371e-01
3.430892025564096642e-02
1.974896675437533833e-01
3.948461631810548100e-01
4.753454769697071369e-02
-1.000099857705864181e+00
2.000903584328895535e-01
-4.850428163798159442e-02
3.852835853425853330e-01
4.062501158455899541e-01
-2.488901333474523858e-01
-8.063504305975782716e-01
-1.000143123439124704e+00
4.253953648697225143e-01
-2.670807405017304736e-01
-5.998026795273727618e-01
-3.789887429701308541e-01
1.001791181715395718e-01
-9.999481812124964009e-01
-8.008986692153861053e-01
-8.011673059569321964e-01
-1.000018286572647241e+00
3.783456292081358030e-02
1.000027608770658549e+00
-1.000085488166255754e+00
9.999199074962070721e-01
3.885369466686613982e-01
-5.999031565976461478e-01
1.000027154465432888e+00
-7.999815597417182511e-01
-2.615317351326691964e-01
9.998950670779825634e-02
-3.151788479983862468e-01
3.946096981884059107e-01
9.983868259779726806e-02
9.988522043911687853e-02
1.000099952622313104e-01
2.142530192558424751e-01
-9.998097049383621870e-01
-7.886935754862152148e-01
4.052998540793019688e-01
3.894033970431426961e-01
-2.676195189269395813e-01
-1.000019757166386247e+00
-8.078762452365257918e-01
3.894385996476342759e-01
1.517967017591123104e-02
-1.000007245152536361e+00
7.228410314134130210e-02
3.932903099669712854e-01
-1.000056194099685714e+00
-2.617752781435124243e-01
-1.000119396561015339e+00
9.991938352449514227e-02
-9.999406995656335839e-01
-1.612429113913831091e-02
-8.051177125332149576e-01
3.937197990665190495e-01
-5.999790043717746491e-01
-2.745168408524888970e-01
1.001005721043311814e-01
1.774705381113608066e-02
1.925826009632377878e-01
9.992512874714556959e-02
2.033949336917741102e-01
9.999739872908829375e-01
-6.229157014165636469e-02
-8.078856174484779773e-01
3.883708624303751633e-01
3.930267820886749752e-01
1.934295134783226566e-01
2.036398458582154569e-01
9.999541534418208144e-01
4.056929461597041930e-01
-1.000046669925019227e+00
-6.000085904511285317e-01
-1.000092260544526157e+00
-5.176274847873577750e-02
-1.000136728763294069e+00
9.997326607597793735e-02
1.001242829136009815e-01
-6.000164707102861872e-01
-4.023458712038247009e-02
-7.806355750851206032e-01
-7.939522947179745715e-01
-2.842381553888557177e-01
3.971150614533091039e-01
-2.414633332247466124e-01
4.096168584031693038e-01
-8.013464036227831988e-01
-3.168706016188587715e-01
9.996245724074574734e-02
1.000772384803853138e-01
1.000037865144175475e+00
1.553737856912878849e-02
4.025326579343874722e-01
9.985137477026696795e-02
-2.738642293821434981e-01
2.038583439235724937e-01
-2.813953825007404208e-01
-5.998992637784149595e-01
1.000017913229756861e+00
3.848272203968047811e-01
2.066001657501650990e-01
1.001357820518612718e-01
9.998174688160595958e-01
-9.999080525647107143e-01
3.990091723322143902e-01
9.999662462875774649e-01
3.954989910289378185e-01
1.000735972338059193e-01
4.121385399779214920e-01
-6.000865179431920104e-01
3.999183865194789189e-01
-3.137081270498780494e-01
4.121557166154308227e-01
9.998968942839023821e-01
9.999711918968128277e-01
1.000466890614640086e-01
2.006172469461247609e-01
4.062693013876985115e-01
-7.986684767577245658e-01
9.990876063863636525e-02
1.000064834431122929e+00
9.999932083231219959e-01
-9.999732280862639877e-01
-5.999338919890945254e-01
3.867405687566528028e-01
-5.925729750113267053e-02
4.060255404393720569e-01
9.999523043238423003e-02
3.777230932826662335e-01
-3.611681905140314008e-02
-3.000719415860349515e-01
-5.999482423788459196e-01
1.994319243958287968e-01
1.000072244058993975e+00
-9.998817066501870521e-01
-7.980256437425903293e-01
1.000158646104968518e+00
4.095332686364887564e-01
-5.999135781767792608e-01
1.000766398073267560e-01
-1.505379743965657748e-02
-3.831089687092791296e-01
-7.944638880339641718e-01
2.164112695608761405e-01
9.993701689129452781e-02
1.000235464357999815e+00
1.950937652104460518e-01
2.203283125873392867e-01
-2.904617478739380809e-01
-1.000075690307735465e+00
-4.031727144131409812e-02
3.958940502234523651e-01
-7.831671819787143773e-01
1.984727738395778707e-01
9.999790670243853263e-01
-8.044335255292911491e-01
-5.999682613735550785e-01
-1.000068593736704203e+00
-2.452417070573565880e-02
-2.886831628201563804e-01
-6.001460380167864539e-01
-4.916965699863460465e-02
1.819458913986606863e-01
-9.999535823958216607e-01
9.999443395713671912e-01
-7.987213383449592863e-01
4.204752287674173306e-01
-1.276407059672037270e-01
1.000040454704818282e+00
-1.000074853850850154e+00
1.720334550531289405e-02
1.986523297794423326e-01
1.001299619295750037e-01
-8.178366886837326044e-01
-2.329001942643443845e-01
-5.041127716796345304e-02
-2.780057558490184322e-01
1.989042788718984878e-01
9.462938647103551898e-03
-6.000836582076444214e-01
-5.999545144114294404e-01
3.868274838263509041e-01
9.999372228529118667e-01
9.997834426962816379e-02
-2.839811637098383912e-01
1.972663137899151320e-01
1.000544682039043315e-01
1.000202114610804077e-01
-8.036888460822418923e-01
-5.999000575141582026e-01
-6.000328469253936037e-01
1.000015262694086138e+00
-5.999368040007226899e-01
-6.000081944445553317e-01
1.000105157117662236e+00
1.791347800505400933e-01
-7.972341884148166358e-01
4.075808496854060325e-01
6.158712845423916504e-02
1.942761645094725764e-01
-8.021471003546508660e-01
-1.000064434832032223e+00
-8.004773000120710691e-01
-9.999512952651785636e-01
1.000107696855625283e+00
9.999289414181309343e-01
-7.989764852004204165e-01
-3.120293989244953825e-01
-1.617961995629768265e-02
-8.063455504716384725e-01
9.999409986996005140e-01
-6.000350397006465331e-01
1.000672841073679681e-01
-9.999471975065629126e-01
3.957965189306119069e-01
1.944485970279822840e-01
9.998102169062049738e-01
-6.000422641580636096e-01
-5.999737912949631991e-01
-3.604530022685899504e-01
1.000166911088692601e+00
9.996891867532411990e-02
1.000066147503506198e+00
1.000019153315583553e+00
-9.999203368942366499e-01
3.888817620027619770e-01
1.001083448638924178e-01
3.768650693752864655e-01
9.994793570317693499e-02
3.546363803575770107e-02
1.877831546125798001e-02
1.848890205949515475e-01
4.149922965491233406e-01
-8.130397474236740196e-01
-5.998835230456242007e-01
3.950154115023764012e-01
1.000083811103153808e+00
-5.443428794621070488e-02
-7.996911906747070642e-01
3.967498719095799431e-01
-3.615456881507395082e-02
2.076416392388316379e-01
-9.999333677035739942e-01
-2.191898401562842325e-01
4.063604289155007820e-01
1.872066718785770911e-01
-3.505137078701489953e-04
9.998691707609396184e-01
1.000186405384688948e+00
9.998604123608729743e-01
9.990109996942567183e-02
2.905901319002693415e-03
-1.000100485866489253e+00
-3.118415023378517947e-01
-2.590837939547421254e-01
9.999547278537146422e-01
-7.849489281538567509e-01
-7.941673483158278035e-01
-5.998857392019097956e-01
-2.584813195625751403e-01
-9.999308386413413574e-01
2.029812627254337365e-01
1.001150812485905317e-01
-6.000101330608803574e-01
4.615121493769078209e-02
9.996582780843102922e-01
2.047642371387279614e-01
2.023602306469739209e-01
-1.298562581767010761e-02
-3.432286214532286328e-01
-2.560388605240950244e-01
-2.247025220676477364e-01
3.978282936565287753e-01
-2.365624728041677560e-01
1.000004079050575534e+00
9.999455372831872468e-01
-7.831475504992555653e-03
2.114285922874243884e-01
1.844137669664320245e-01
5.525216271162981807e-02
-2.992706977873738072e-01
-6.000634363521298864e-01
-9.999532673534321514e-01
1.992824645449546850e-01
3.623664824441029386e-02
