-5.998549751605211089e-01
-6.000797398990925791e-01
9.999418293930496526e-01
-1.563993146183591254e-02
-1.000212565976280610e+00
-7.868771479849602235e-01
-5.999183161991493707e-01
1.466982059443912301e-02
-7.891240169140100180e-01
-2.864429272452220232e-01
9.995045793371494514e-02
-9.999796284524065104e-01
1.876653395686368464e-01
-3.774381868380692617e-02
2.281020881759797669e-01
3.956412655328758188e-01
-2.702685092325486649e-02
-9.999264910849543497e-01
2.085951360922187747e-01
3.242865747524178305e-02
4.191396686681453931e-01
3.929553574128725746e-01
-2.428709701776038121e-01
-7.983308484090739787e-01
-9.999273786052215174e-01
4.025964997350391372e-01
-2.459731994877602801e-01
-5.999286449698444379e-01
-3.070435243486531740e-01
1.000847490691712388e-01
-9.999048119934184076e-01
-7.861852100205555249e-01
-7.871622994465707901e-01
-1.000133382372384805e+00
-8.374781566164940516e-02
9.998485934274636833e-01
-9.999467712667169383e-01
9.999465201424999616e-01
4.095876886763302194e-01
-5.999287218332824967e-01
9.999876835577874434e-01
-8.009242735162032112e-01
-2.940468742396105672e-01
1.000247664311744444e-01
-2.706206459250146690e-01
4.045061881868868836e-01
9.996169549937285181e-02
1.000549369742518568e-01
1.000147982666393792e-01
2.025595039508960582e-01
-1.000006886533208794e+00
-7.940150801791747703e-01
3.930553147183992735e-01
3.921525574696905769e-01
-3.694270267674965580e-01
-1.000154495187821624e+00
-7.864202135658887594e-01
4.133621245603831817e-01
-7.749252815531028349e-02
-1.000038872703535642e+00
2.790139578996157083e-02
4.018663335688852922e-01
-1.000030469932928323e+00
-3.035806310210570347e-01
-9.998574838329046255e-01
1.002233558034462957e-01
-9.999247323138138466e-01
1.723415099154420455e-02
-8.008729078137051260e-01
4.045601669915433463e-01
-5.998734498663896852e-01
-2.531602691142889605e-01
9.982959351776253543e-02
-2.596706453218761840e-02
1.835177533575990394e-01
1.001097094408712612e-01
2.029676217390402604e-01
9.999701361701720526e-01
-2.694655925311423283e-02
-7.734936550862456794e-01
3.973305484005814625e-01
4.012646490895780960e-01
2.104683062836101015e-01
2.016666159529875435e-01
1.000123389806394592e+00
4.061654718159615762e-01
-9.997513884690986119e-01
-6.000848383719545875e-01
-9.998712998266480190e-01
6.199061258940474599e-03
-9.999769056136360579e-01
9.999396444275178431e-02
1.001144223330359545e-01
-6.002175552692884386e-01
-1.276339974149337357e-02
-7.908517964090142627e-01
-8.329590943018336802e-01
-3.189058133799697603e-01
3.919883639755291083e-01
-2.138987003749070470e-01
3.921303322053114049e-01
-8.069835964290621444e-01
-2.473302727891819874e-01
9.997556414458853846e-02
9.988420215407373126e-02
1.000058904717975095e+00
6.129628071714995907e-02
3.954410011454705387e-01
9.982097310942258939e-02
-2.016942085368420567e-01
1.958315291060979957e-01
-2.891500919237565137e-01
-5.998985042830462522e-01
1.000031735775702701e+00
4.023138473078694544e-01
2.067824438545644017e-01
1.000426443535597926e-01
9.999378484141970835e-01
-1.000038530824273630e+00
3.960424763191351394e-01
9.999167733565702543e-01
4.184997781973789910e-01
9.990618832506542590e-02
3.879497931360549878e-01
-6.000790522212654521e-01
4.129875736887095861e-01
-3.119670261315439230e-01
3.988540033784323535e-01
1.000009605099924981e+00
1.000029322251400066e+00
9.983481209225128494e-02
1.977703452707721132e-01
4.083351692586429937e-01
-8.085504649406424216e-01
9.996693719688590218e-02
9.997965663605067332e-01
1.000181907967442996e+00
-9.998284607501913834e-01
-6.000382592266075843e-01
4.044309023737387987e-01
-1.713382417413776213e-02
3.935367298404289227e-01
9.989710354984525364e-02
4.014861020513538770e-01
2.683990840891792989e-02
-3.094578662379638967e-01
-5.998372584914405392e-01
2.054324685918585136e-01
1.000076734324103933e+00
-9.999087823251133766e-01
-7.983314869970287164e-01
9.999750149576785985e-01
3.853921396235958086e-01
-5.999301979839879451e-01
1.000341046262996636e-01
-7.765621220365323540e-02
-2.485329605764086125e-01
-8.031321145335702516e-01
1.821780688681456373e-01
1.000800284366930859e-01
1.000018858031063607e+00
1.911769440092841721e-01
2.016869982417556217e-01
-3.207331439395124661e-01
-1.000028840430688293e+00
-1.887991400071798928e-02
4.079917062672580585e-01
-8.087776769448730141e-01
2.002765141379524716e-01
9.999813639645310781e-01
-8.142320764472197325e-01
-5.999422334863320216e-01
-1.000110792133400706e+00
-1.225629808438427476e-01
-2.760797603968599967e-01
-5.998323193907654227e-01
-2.302935276036466306e-02
2.062792665729042962e-01
-9.999817780215202179e-01
9.999974534100188883e-01
-8.015843738559004228e-01
3.836951919686518719e-01
-2.534185537828894108e-01
1.000105996743596348e+00
-9.999518696314091404e-01
9.337382119293798077e-02
1.950097416637707748e-01
9.988825383634652999e-02
-7.890260786634669676e-01
-1.726845913283494016e-01
2.504296491281289908e-02
-3.201360681769321315e-01
2.093339556971236526e-01
-2.445390015004356848e-02
-6.000229354861938980e-01
-6.001242724338291534e-01
4.141893667249694211e-01
1.000042040494558471e+00
9.992349783817940090e-02
-2.710813657591165104e-01
2.047765023515135674e-01
9.982705543528952452e-02
1.000107619295531325e-01
-8.152496925772706460e-01
-6.000730080789312693e-01
-6.000425693905455660e-01
9.999845368698118131e-01
-5.999761619149569514e-01
-5.999523976590867003e-01
1.000013201023394416e+00
2.090330781528590420e-01
-8.003833457186630973e-01
3.934457983607520526e-01
1.635426844172266012e-02
2.133428337223262083e-01
-8.099993767048739857e-01
-1.000069811171870660e+00
-7.896215626320495229e-01
-1.000145143060812147e+00
9.998056847060428076e-01
1.000161181030434943e+00
-8.007698737959345614e-01
-2.339195551449873012e-01
-9.465587418803605990e-02
-8.074994940907266328e-01
1.000087545121440602e+00
-5.999909257091627923e-01
9.996172443461633084e-02
-1.000113424160623987e+00
3.841463506412792217e-01
1.807352482903678559e-01
9.999490918281596086e-01
-5.999868949432148879e-01
-5.999995515587666084e-01
-2.997632834736155272e-01
1.000120316822963762e+00
1.000104207652017518e-01
9.999490354065895259e-01
9.998436310771240398e-01
-9.998010815625539838e-01
4.241633570864840608e-01
9.991887131569618385e-02
3.873869307084874536e-01
9.990658587205113184e-02
-1.956776512087203893e-02
-5.238907934412915385e-02
2.064993315933503493e-01
3.953139129138103502e-01
-7.947971607905037761e-01
-5.999750599025290843e-01
3.941479616519464324e-01
9.998104331088853991e-01
1.820114362545476386e-02
-8.118852969462302394e-01
3.965372401716644735e-01
-1.604451690273522163e-02
1.866047673210648461e-01
-9.999473461394280394e-01
-3.408582395321958503e-01
4.073372604061661351e-01
1.962654811050709158e-01
-4.842906893067054630e-02
9.999160999334186783e-01
9.997517298191468393e-01
9.999295826150023103e-01
1.000970224999094410e-01
-2.529034890514962608e-02
-1.000208781158675508e+00
-2.926926518105281150e-01
-3.614692797202588292e-01
1.000027938443285747e+00
-7.995968510597534218e-01
-8.079034737981662939e-01
-6.000195645837241853e-01
-2.246792427007457960e-01
-9.999081118312522776e-01
1.834224040966942471e-01
1.000441560189941348e-01
-5.999435532501544710e-01
1.436940453603928469e-02
9.999765354326478617e-01
1.939361240222652882e-01
1.857770876290009421e-01
-1.700911540273906258e-02
-2.858109676375256702e-01
-3.767529117108272541e-01
-2.801279912570200925e-01
4.098940112087111065e-01
-3.095322981736440826e-01
9.999986316983732193e-01
9.999154775155786323e-01
-8.159220840731148559e-04
1.912692732685266073e-01
1.832307996921161697e-01
-1.366544638924457357e-02
-2.816885217006476760e-01
-6.001767384930436489e-01
-1.000091246583286519e+00
1.884733898529032670e-01
4.531354999947783541e-02
