-6.001244811192104622e-01
-5.999691780470984837e-01
1.000002884548793824e+00
1.065739834388966384e-01
-1.000168247781698216e+00
-7.993248413360205529e-01
-6.000399247494513366e-01
-6.603472523034885355e-02
-7.953469535991503081e-01
-3.302672884411470555e-01
1.001002286572241218e-01
-9.998872674369729818e-01
2.019174946380029589e-01
1.086666507752795108e-01
1.845843257528284598e-01
3.939138028873073183e-01
-3.744124664441158493e-03
-1.000105697683186134e+00
1.911733471396372674e-01
2.107940684802072154e-02
3.991043304891722099e-01
3.868911748849783727e-01
-3.999035442753146041e-01
-7.957883454978332827e-01
-9.999792273931470410e-01
3.836872042524057114e-01
-3.035894075233230849e-01
-5.999743261535804839e-01
-3.022446897578978109e-01
9.986668047978367047e-02
-9.998848701479745582e-01
-8.120447949250810815e-01
-7.998965804698401350e-01
-9.999460869548035813e-01
-4.058666972909419357e-02
1.000267243431239850e+00
-9.997946697480926126e-01
1.000183853902590236e+00
4.018423450719307288e-01
-6.000510985050495627e-01
9.999712385420077565e-01
-7.957016293444166832e-01
-2.545053444965901246e-01
1.001198413981316815e-01
-3.283385861305924691e-01
4.032087366899897440e-01
1.000628103273008829e-01
1.000318335194276959e-01
1.000795267014583517e-01
2.023889568463546618e-01
-9.997094186384072323e-01
-8.124261744848686462e-01
3.901801494238401058e-01
3.948913133759218153e-01
-2.399018451952454056e-01
-9.998528789718326149e-01
-8.094144850871978214e-01
4.109859083251649614e-01
-4.639151131331704231e-02
-9.998398962592849326e-01
-6.772943133715987954e-03
3.929667129455541308e-01
-1.000100590274199064e+00
-2.759498492231023947e-01
-1.000098610562843104e+00
1.001151682742771609e-01
-1.000003299665849221e+00
5.633043188161194342e-02
-7.994281325751619871e-01
4.007942771219659694e-01
-6.000121753447626993e-01
-2.880784928227032027e-01
1.000006466211879746e-01
2.451190443283415496e-02
2.004653686116324440e-01
1.000391253445235829e-01
2.226048517104735613e-01
1.000271927133520089e+00
-6.037269266598030426e-02
-8.000146017166015477e-01
4.043567883984715006e-01
3.918390556808753478e-01
1.904968174948866722e-01
1.878016105221660403e-01
1.000116294214217438e+00
3.977094385948096167e-01
-9.998981369748255466e-01
-6.001361305942233271e-01
-1.000123653204108676e+00
2.049418588899652033e-02
-9.999506710657263264e-01
1.000206280793311392e-01
1.001229600020917127e-01
-5.999907619316870999e-01
-4.842190495165075298e-02
-8.009282863368877292e-01
-8.049720557015419553e-01
-3.241279493261307043e-01
4.174520111484344986e-01
-2.387958607253178600e-01
4.177111807844316460e-01
-8.090097681420144182e-01
-2.357589917282328362e-01
1.000764165104030268e-01
1.001389717456093315e-01
9.999418697819588697e-01
2.469964197021747368e-02
4.019940233978008259e-01
1.000273198121655327e-01
-3.360876921522183425e-01
2.103289292405085553e-01
-3.103012654973127393e-01
-6.000117709813225231e-01
1.000281709588713319e+00
3.942216185140735574e-01
1.902991803787637271e-01
1.000608352056620437e-01
1.000007709374749698e+00
-1.000070729337492192e+00
3.987370063167876011e-01
9.999863067259273652e-01
3.980832604225774674e-01
9.985986257535431343e-02
4.047374525284623270e-01
-5.998821391636501854e-01
4.069373282257942592e-01
-3.476526271662814249e-01
3.998595163990433798e-01
9.998636303561369010e-01
9.998020390014780157e-01
1.000440639966850426e-01
2.156218262248006112e-01
4.067390873583786037e-01
-8.004072133716264581e-01
9.990450934368205749e-02
1.000122068901948769e+00
1.000079115334837621e+00
-9.998011440763756585e-01
-6.000363641280781479e-01
4.011128387697390218e-01
3.850897785724444189e-02
4.129971078230488812e-01
9.988326160257167408e-02
3.793366579731767829e-01
-8.153172575436895553e-02
-3.659186515543211282e-01
-5.999940445112490472e-01
1.975613869133701628e-01
9.999742240035102148e-01
-9.999294947843736514e-01
-7.931841464405501307e-01
9.999917470821355625e-01
4.097995139021980981e-01
-6.001300016940782633e-01
9.995767415776855846e-02
-1.408691639356235772e-02
-3.486527399917199732e-01
-7.917280899853486043e-01
2.040336661053285261e-01
9.981212789415939979e-02
1.000006213449650794e+00
1.994528206585928776e-01
1.925295986930739001e-01
-3.673695760351636808e-01
-1.000056680627629868e+00
9.494430070466580718e-02
4.027838797863335096e-01
-8.044290695697348115e-01
1.875962508198562861e-01
9.999816877425350414e-01
-7.962304571408014287e-01
-6.000304043550401811e-01
-9.999889330492490735e-01
7.422312895308312564e-02
-3.097144655486769871e-01
-6.001849046046927594e-01
-4.556037677891495302e-03
2.014594111910362473e-01
-1.000079015941555349e+00
9.999248324469635074e-01
-8.108478684557904881e-01
4.300544319518642689e-01
-3.197537689084828938e-01
9.999801891324681113e-01
-1.000022851958026759e+00
1.476251980355334885e-02
1.990429595480300018e-01
1.000746705293503180e-01
-7.910728317342432536e-01
-3.222592869318092190e-01
-2.386829860102448672e-02
-4.020097938209507560e-01
1.907597830927927340e-01
-3.790040122613235613e-02
-6.000052025668463074e-01
-5.998804000248614265e-01
4.032220837131308966e-01
9.999485305800287493e-01
1.000624175608273436e-01
-3.355283965802161594e-01
1.946997461563577947e-01
9.991420094474616487e-02
9.996001499300159743e-02
-8.142949757147138756e-01
-6.000684693480604626e-01
-5.998880761785553295e-01
1.000002146472339870e+00
-6.000540115429562338e-01
-6.000921554261483548e-01
9.999866635643165358e-01
1.919201437358730167e-01
-8.036816136569506774e-01
3.917974405313815467e-01
3.839332927380081223e-02
2.079571865636034578e-01
-8.155119382618223334e-01
-1.000046314196578745e+00
-8.018212055097809765e-01
-9.999797609084524197e-01
9.999599980790757625e-01
9.998623719361798834e-01
-8.198645272425288955e-01
-2.761473315496766334e-01
4.711610840669189226e-02
-7.913123684306674344e-01
1.000233828608289022e+00
-6.000766977758101861e-01
1.001060820219784459e-01
-1.000055011677037475e+00
3.985681585010122929e-01
2.084148479928518150e-01
1.000055548806554340e+00
-6.001413348822826066e-01
-5.998646895220609565e-01
-2.464929648822378194e-01
9.998913769143177310e-01
9.989080575045658494e-02
9.999067687001733651e-01
1.000110944423279413e+00
-9.996768021502410173e-01
4.025050862397722140e-01
1.000273535933292601e-01
4.020131367300518455e-01
1.001033078066972809e-01
-4.112636608247260267e-02
3.816862986616788300e-02
2.098390256045409297e-01
4.201751963067507645e-01
-7.968513979807766434e-01
-6.000593020090224661e-01
3.858403302280949965e-01
9.998843692863290666e-01
-4.464382556670707519e-02
-8.072743484499153022e-01
3.823340014769024964e-01
4.219233674150565938e-02
1.944552793219938291e-01
-9.998472909213145243e-01
-2.526809200165595071e-01
3.860823439744205943e-01
2.026032309126461206e-01
-1.470056736981060347e-02
9.999675647328928330e-01
1.000166352134330028e+00
9.999106702834371641e-01
9.995181418281023911e-02
2.394948968017263438e-02
-9.999142478624477581e-01
-3.126347317608137999e-01
-2.619702965945744366e-01
1.000081472621638934e+00
-7.860939032342653121e-01
-7.911519263406099345e-01
-6.002540874529842529e-01
-2.470139790265591662e-01
-9.999725953715667970e-01
1.997306720138808667e-01
1.003034910597882662e-01
-6.001760541677960692e-01
-1.809799447300179318e-02
9.999399978751166707e-01
1.901601219422292821e-01
1.999096726086219689e-01
-7.340140462282798706e-02
-2.901557046566823894e-01
-4.006089722807152365e-01
-2.904809830555258876e-01
3.912314629826292300e-01
-3.087330199782420403e-01
9.999227647840491784e-01
9.998630514147307524e-01
3.346927282308679447e-03
1.987460722701427929e-01
1.935144319079070696e-01
-7.879502187479749120e-02
-3.404618637715489116e-01
-5.998331166700535677e-01
-9.999148122452031773e-01
2.005671005791399009e-01
8.255735275758151193e-02
