-5.997892635796883143e-01
-5.999576879565572396e-01
1.000044445206162980e+00
4.939965375797364389e-02
-1.000102458353059331e+00
-7.913715705077036811e-01
-6.000582114605043094e-01
-1.599166465277728974e-02
-8.078403353289170807e-01
-3.131795242653094280e-01
1.000041933073053252e-01
-9.999270796089126945e-01
1.890939700404407897e-01
9.489921353698289874e-02
1.927414155202608614e-01
3.991517714669411965e-01
2.246264554042536055e-02
-9.999217688090878964e-01
2.023705587752461788e-01
-4.740642854187515631e-02
4.116198019029436717e-01
3.938050893967861010e-01
-2.667250433329950710e-01
-7.901023610486053173e-01
-1.000133289381587742e+00
4.261066752934465351e-01
-2.636500980110264014e-01
-6.000708512279585571e-01
-3.042025104146300896e-01
1.000082298346956222e-01
-9.998592393637913966e-01
-8.167733921994007051e-01
-8.107045942738346778e-01
-1.000065426263219148e+00
-4.169744631124384232e-02
1.000039380440681080e+00
-1.000087074196434944e+00
1.000023918878373941e+00
3.947328714671733962e-01
-6.001111783107438979e-01
9.999331201976942030e-01
-7.914021419033634430e-01
-2.905623951802862037e-01
1.000264754840573950e-01
-3.204426314223411398e-01
3.976545077938410389e-01
9.998071339321359940e-02
1.001305039891682153e-01
1.000722025778378599e-01
2.089142896907134617e-01
-9.999653728405194508e-01
-7.996315523348130894e-01
3.830232619787217185e-01
4.016420252105695754e-01
-3.001066657988333275e-01
-1.000110188490738627e+00
-7.997161584259135925e-01
4.049106943949400406e-01
-2.106778078848808161e-02
-9.998710413084955784e-01
-2.335470172460362044e-03
4.003888208437975660e-01
-9.997578776514498555e-01
-3.109671153303640856e-01
-9.999206706222374397e-01
1.001373364675177124e-01
-1.000050931576938806e+00
-6.865141572517222818e-03
-8.103467443223374422e-01
4.125481868727614021e-01
-5.999519424167814030e-01
-3.358393539028360908e-01
1.001083381507312658e-01
-3.923404236611388596e-02
1.992949026658125122e-01
9.987225162566788772e-02
1.901731440943959517e-01
1.000052881261253690e+00
4.076232092254436501e-02
-8.154571665595377050e-01
4.179673342998266317e-01
4.011781830690591688e-01
1.998965162988013133e-01
2.025985240725420300e-01
1.000029112106444407e+00
3.993296609656260543e-01
-9.999583357835710729e-01
-5.999158503465178427e-01
-9.999127771316440594e-01
2.826857991392086808e-02
-9.999808607801600191e-01
9.988961909741922440e-02
1.000851550762530545e-01
-5.998320196203655863e-01
-3.812470696401491776e-02
-8.049248968387704428e-01
-7.888073113420924765e-01
-3.415846656433925155e-01
3.846513062162724150e-01
-2.798878972841912227e-01
4.113846354086961865e-01
-8.162544202536542448e-01
-2.973780467393533078e-01
1.000060201509569979e-01
1.000329881167336260e-01
9.999137707090295368e-01
2.823943344177902784e-02
4.001569635614197762e-01
9.990654056276304651e-02
-2.626481041368634584e-01
2.091051283763252500e-01
-2.548049195356960617e-01
-5.999339905072896828e-01
1.000123445189662119e+00
3.958575494947129680e-01
2.093784076152090945e-01
9.989972743540478928e-02
9.999257502184902835e-01
-9.997726173514687176e-01
4.105658065781706556e-01
9.999447552760133417e-01
3.927058794429818533e-01
9.996957744914727884e-02
4.034346745728375483e-01
-6.001616358238336391e-01
4.002776151162423246e-01
-3.654888711131662471e-01
3.862964784828744058e-01
1.000051879022656687e+00
1.000001452743562114e+00
1.001139013229603164e-01
1.890996265705340851e-01
4.215064622771991232e-01
-8.095183305159409093e-01
9.998787920978476074e-02
1.000010712777298805e+00
1.000011972773461322e+00
-1.000042964225287712e+00
-5.998712685673674994e-01
3.982954704822889158e-01
2.733469841213967497e-03
4.066587329748322377e-01
1.001268849279737944e-01
4.052497671481831154e-01
-7.596231203353379438e-03
-3.103180327212135547e-01
-6.001103143590966749e-01
2.182566375835321704e-01
9.998665980656890051e-01
-9.998844939120956621e-01
-8.109977300113083709e-01
9.999884630634313654e-01
3.927944531676743067e-01
-5.999411275818439249e-01
9.996980093889275276e-02
8.070923986959509244e-02
-2.825261704969899146e-01
-7.975946957410675608e-01
2.005260950770440531e-01
9.997436322519580310e-02
1.000020881224894298e+00
2.144680692898025265e-01
2.171757479666002189e-01
-3.181745704352330062e-01
-1.000216157336254685e+00
-6.862540983932229055e-02
3.986727176270045137e-01
-8.185779863890718655e-01
1.762161244150326211e-01
1.000043864633622270e+00
-7.995688899836255192e-01
-5.999824708947619767e-01
-9.999771689074039571e-01
2.818376636875534469e-02
-3.093067541677025911e-01
-6.001288195663462277e-01
-2.624928595665895759e-02
1.996683361447842420e-01
-1.000207287372197440e+00
9.998397673873403724e-01
-8.057596636965754788e-01
4.048567346194494876e-01
-3.513884269088881629e-01
9.999011798917575300e-01
-1.000049077249337781e+00
5.773806619564982034e-02
1.849812619203718422e-01
1.000490760280644958e-01
-8.003133618176456743e-01
-3.458296953942630036e-01
-2.022143615824141798e-03
-2.891411703778317688e-01
2.048792785266100036e-01
-7.845650616374972783e-03
-5.998994286843749579e-01
-6.001632763765597511e-01
3.950184506394885386e-01
9.999177318853358365e-01
1.000276627120870870e-01
-3.160877518773991257e-01
2.084117764662196393e-01
9.998367466128656178e-02
1.000488505025474428e-01
-8.171781270121082352e-01
-6.000435252591767021e-01
-6.000661525863101309e-01
1.000067613256108379e+00
-6.001363577056886278e-01
-5.998987545513524422e-01
1.000029533975571150e+00
1.949728757744279561e-01
-8.064100114103209815e-01
4.147149149820373859e-01
-1.074284049601567821e-02
2.004544786166195525e-01
-7.889373844965720250e-01
-9.998968413673015032e-01
-8.071607406368648263e-01
-9.999241322572676172e-01
1.000035821886233300e+00
9.997223063167713919e-01
-7.913780028398536004e-01
-2.597621401478229508e-01
-9.546509686712591203e-02
-8.045380699971947935e-01
9.998060650023821161e-01
-6.002147449417730707e-01
1.000086105651567803e-01
-9.999193040364343643e-01
3.804722150705980854e-01
2.061976497714240464e-01
1.000018870459941978e+00
-5.999586578423565797e-01
-6.000395232266642065e-01
-2.943876578019975487e-01
9.999732840770866327e-01
1.000093560240511853e-01
1.000012150935434496e+00
1.000059183064987645e+00
-9.998820984659849698e-01
4.036225373153308205e-01
1.001451442795090185e-01
3.968162940372062519e-01
9.987305111700894855e-02
-1.681413977483505948e-02
-6.318180563098022701e-03
1.919869106383902957e-01
3.820271778467305701e-01
-8.022774821322080641e-01
-5.998410737782017277e-01
4.058859543423848915e-01
9.999708447258141009e-01
8.712986780105583251e-03
-8.043455775101618910e-01
3.951227832569825793e-01
-5.203090697583973023e-02
2.148033680752844676e-01
-1.000111834337136241e+00
-3.279520428526026543e-01
3.846916948698371752e-01
1.944800992543259943e-01
-1.541689725425377314e-02
1.000022610035042891e+00
1.000003816388749245e+00
1.000011079206226894e+00
1.001028313596655506e-01
1.303491771324383555e-02
-9.998228424029241834e-01
-2.625736380779631896e-01
-3.083157070658691379e-01
9.999908662839254170e-01
-7.976795105341955017e-01
-8.044538374953945636e-01
-5.999902940719081812e-01
-3.641782664495858968e-01
-9.999320708992496254e-01
2.210247836837945234e-01
1.000090403098793379e-01
-6.000098655646045609e-01
4.328650195988351275e-03
9.999016440831174357e-01
2.035435187120484268e-01
1.931206700924869846e-01
-1.136596952759823254e-02
-3.664057081802599702e-01
-3.282779808930716414e-01
-3.362094760140166838e-01
4.179074636024927014e-01
-1.726697430202571437e-01
9.998959488044998345e-01
1.000029046901066865e+00
4.140728433441229206e-02
2.134697308055912013e-01
2.121727208909804374e-01
-4.326060033692427642e-02
-2.835302506967781189e-01
-6.000178609560695708e-01
-9.999878821712575583e-01
2.103536516630280240e-01
-2.309766030185242403e-02
