-6.000728278349692912e-01
-6.000001228378257778e-01
1.000036127776894546e+00
-5.163798886454099707e-02
-1.000077467589804758e+00
-7.954756340085422650e-01
-6.000569533647875931e-01
-1.633984938543008719e-02
-7.962418370194429551e-01
-3.950018649852798380e-01
9.986714449587461018e-02
-1.000063080946256067e+00
2.068508919119587952e-01
2.923833518458669040e-02
2.037126577668722793e-01
3.767715898429613297e-01
-2.483779627328404349e-02
-9.999380720295859559e-01
1.802647367317894433e-01
3.016019943327978917e-02
4.025472153746655346e-01
3.957666882609092163e-01
-3.108344044444044108e-01
-7.806984617041143881e-01
-1.000100335574604982e+00
4.092045023847060703e-01
-3.156281385928390026e-01
-5.999668477990621751e-01
-3.321141942326029106e-01
1.000820423320297053e-01
-9.999763881509954322e-01
-8.183211755309294233e-01
-7.866421519545482299e-01
-9.999084114244045640e-01
5.259865842758333632e-02
9.999069967513921631e-01
-9.998379107532902044e-01
1.000127082526209632e+00
3.982020348564741519e-01
-5.999637188787513287e-01
9.998976991725274654e-01
-7.899419689139576262e-01
-2.648246088289499811e-01
1.000083726014756313e-01
-2.929716808226957014e-01
4.070056480063090620e-01
9.999633623810300076e-02
9.998243127845132805e-02
1.000956166086273136e-01
2.126635621278629984e-01
-9.999675407282970774e-01
-8.058015900296606748e-01
3.943293188532023819e-01
3.934745484530594584e-01
-3.282497767970423141e-01
-9.998250909409370779e-01
-8.234033255893119518e-01
4.084053729808300726e-01
-1.133365274557063089e-02
-9.999343232619062327e-01
-1.115438775533738602e-01
4.052415586650375268e-01
-1.000008931313089988e+00
-3.123731610283403404e-01
-1.000029938435492705e+00
9.997509837325703475e-02
-9.998975873343113330e-01
-4.066958273463724960e-02
-7.993625564930930683e-01
3.955211154352464287e-01
-6.000167435872669763e-01
-3.555823638869941572e-01
9.988887859608414077e-02
4.279698844274036629e-02
1.861188258986015420e-01
1.000363537800909863e-01
2.090935963828081667e-01
9.999007116896171388e-01
-1.114159702886521885e-01
-7.937824210480642906e-01
3.847621904677855365e-01
3.873222172330953450e-01
2.109713455214571598e-01
1.970425878932500208e-01
9.999795622464835443e-01
3.826681377460647293e-01
-9.999567838014518095e-01
-5.998491489283742650e-01
-9.999991612425292997e-01
-2.327842866068574948e-02
-9.998387419751322280e-01
9.990896660527080753e-02
9.995539547734740016e-02
-6.000760726092055908e-01
-5.681258155668959114e-02
-8.120350918363219428e-01
-8.008572271649059271e-01
-2.905643667121521334e-01
3.941666707551161886e-01
-3.497219502328141605e-01
3.810207800072822892e-01
-7.943465153800538525e-01
-3.639505379079490122e-01
1.000294200252763582e-01
9.987446011670485235e-02
9.999983169738827504e-01
-2.587103931164172130e-03
3.865084678784914685e-01
1.000204131728775897e-01
-3.528213912895332705e-01
2.179658179445500832e-01
-2.980454960065352377e-01
-5.998524947977211808e-01
9.998980586515560098e-01
4.176725642906204961e-01
2.081107609436469719e-01
1.000913432350120091e-01
9.999575821689807853e-01
-9.999537961258800900e-01
3.954717603290624495e-01
1.000084561178112397e+00
3.850401942795923516e-01
9.999473357803588536e-02
4.039778534398478782e-01
-6.000408456810542024e-01
3.960679067639576445e-01
-2.388722940372440262e-01
4.078010307175521931e-01
1.000023254576514420e+00
1.000081273054987507e+00
1.001202447199174839e-01
1.860814558347076986e-01
4.147223494572279123e-01
-7.943204019776906044e-01
9.998661388424698315e-02
1.000043694199317379e+00
9.999111741407435971e-01
-1.000136000389284741e+00
-5.999663117826407044e-01
4.025889859306485130e-01
-1.922201216838087187e-02
3.842935500723998477e-01
9.988558952738166297e-02
3.929987313393086268e-01
-1.142689522670239932e-02
-3.278773931530205021e-01
-6.000762506358769954e-01
1.981946795842705888e-01
9.999048689336299534e-01
-1.000098232566325240e+00
-7.964782867054254201e-01
9.999625672966679923e-01
3.825228322349421006e-01
-6.000548535040705067e-01
9.998256051418671908e-02
-7.832846228763445939e-02
-3.128736812333901551e-01
-8.152016132891194422e-01
2.077757043567128314e-01
1.000094302036400318e-01
9.998840183913064728e-01
1.845876053652023008e-01
1.893958091101186625e-01
-2.740394852717301100e-01
-1.000061672609701136e+00
5.329002362290392869e-02
4.025867768992077433e-01
-8.125098339691910754e-01
1.876113684471472087e-01
9.999870790545137833e-01
-7.904660851883275052e-01
-6.002075389484369250e-01
-9.998995594587781754e-01
5.852597840722434386e-02
-3.259547294155565877e-01
-5.996997058373692013e-01
-7.238357352919551346e-02
1.922149286761851705e-01
-1.000294965935193847e+00
9.999943202896052208e-01
-7.792730039536809317e-01
3.737152057726827459e-01
-2.466920450168683110e-01
9.999479356276832487e-01
-9.998958050678545817e-01
-7.730774167942359998e-02
1.992342453332006380e-01
9.999089910987425667e-02
-8.125677675324044502e-01
-3.779329831989038935e-01
1.776372817683841490e-02
-2.573595642530831507e-01
1.961412820772669985e-01
5.585414314401108277e-02
-6.000157175542674137e-01
-5.997749963802732065e-01
4.178221370552723801e-01
9.999672808458385243e-01
1.000529866709003735e-01
-3.517291949033290455e-01
1.884765128999679462e-01
1.001895272596425301e-01
1.002261324669421333e-01
-8.061012349324209181e-01
-5.999658546394028846e-01
-5.999431227691258695e-01
1.000075663090193911e+00
-5.998738635791813767e-01
-5.999202898203320755e-01
9.998360921386929556e-01
1.951634562120062866e-01
-8.036749734281497526e-01
3.895237587909907706e-01
-6.460618620933603062e-02
1.999464604318516581e-01
-8.105307863310439176e-01
-1.000102860815027750e+00
-7.860557178963558655e-01
-1.000077461120444378e+00
9.999011340546021254e-01
1.000133907806757705e+00
-7.939054057010724863e-01
-2.567920506060739072e-01
5.941589476942957943e-02
-8.058459937617271640e-01
9.999535743344761807e-01
-5.999057386660782143e-01
1.000154924565436060e-01
-9.999251328524543236e-01
4.089073294557541427e-01
1.954522800333959309e-01
9.999301352563476630e-01
-5.997676557173133860e-01
-5.997911944539591200e-01
-3.425148187062141414e-01
9.999920854855457453e-01
9.995800159882954616e-02
9.999947107632455312e-01
9.999545750071060501e-01
-9.999787448174349835e-01
4.013118779425463023e-01
9.995132568452230748e-02
3.928660155781466545e-01
9.987682908771490509e-02
1.465305997472871914e-02
4.733057638229652003e-02
1.867671570339109466e-01
4.032273015533631710e-01
-7.983605169816244684e-01
-6.000905198851461675e-01
3.788885474339681037e-01
9.999678505231696102e-01
1.710342268987066205e-01
-8.004079623748966421e-01
4.157985448278121443e-01
-2.499417247164853126e-02
2.068656120644540297e-01
-9.999174104219152870e-01
-2.179003394124797155e-01
3.844032656841774864e-01
2.108892665253365717e-01
-9.708124956316360743e-02
9.999279946809735975e-01
1.000180375878806149e+00
1.000132535554371094e+00
9.994598841817482759e-02
-1.111145064110040659e-01
-1.000093331761443327e+00
-2.989745949786998813e-01
-2.878318822095577434e-01
9.999622120026528949e-01
-8.010027330748519248e-01
-8.090369475155216872e-01
-5.999708190418046039e-01
-3.449436588266445169e-01
-9.999853545161001556e-01
2.021126104967946868e-01
9.991641302353461429e-02
-5.999282806660479750e-01
-5.278522585713898985e-02
9.997340883230946273e-01
1.926885102454358734e-01
2.091434700467532382e-01
-2.945805855081676250e-02
-4.188025364380624227e-01
-3.285254365512643160e-01
-2.818545448619155236e-01
3.930799447843940086e-01
-2.914186384392816742e-01
9.998670308858051969e-01
1.000006900128388443e+00
-1.182087459686605863e-02
1.824743188618637435e-01
1.972399599589980401e-01
-3.936337866144878905e-02
-3.989275793669520009e-01
-5.999523224403683352e-01
-1.000034650374413969e+00
2.051546566179309472e-01
1.414509420606495718e-02
