-6.001420560178335473e-01
-5.999762708106104458e-01
1.000148695866314164e+00
-6.385558664206670079e-03
-1.000029629141919951e+00
-8.085342209281541903e-01
-5.999251666245052350e-01
-2.187248104704305612e-02
-7.914584013468169976e-01
-3.056755020177633342e-01
9.999699182018727261e-02
-9.999994354997968626e-01
2.163315499626209948e-01
8.103651305590032355e-03
2.171438184051717180e-01
3.857252481367292041e-01
3.892421445753299625e-02
-9.999729486418930113e-01
2.082027434779997188e-01
-4.288848436244017265e-02
4.073355976954063373e-01
3.824876616697473475e-01
-2.991003254267436406e-01
-7.899570522291563535e-01
-1.000016875372341518e+00
3.853502240235806564e-01
-3.375214475802117975e-01
-5.998304347169794992e-01
-3.479837266168053223e-01
1.000653000214473259e-01
-9.998108251188112527e-01
-7.990769954449408186e-01
-8.080288650053016886e-01
-1.000088384447604062e+00
5.294308822290377109e-02
1.000017742411227317e+00
-9.999311661287705322e-01
9.999363576372025664e-01
4.036957844424105546e-01
-6.001656547810201303e-01
9.998585694870322227e-01
-8.038082049207289081e-01
-2.990632961104551235e-01
1.000334207284209465e-01
-3.952573628499969072e-01
3.971001637280602847e-01
1.001599541835049567e-01
9.986692379967866684e-02
9.996061582250261035e-02
1.865295943126959732e-01
-1.000131893725890286e+00
-8.055388632472596511e-01
3.971945892746851503e-01
4.069133425196445053e-01
-3.467228988329390527e-01
-9.997808598312871720e-01
-8.054627130168172666e-01
3.982249942658500075e-01
9.709689287625063170e-03
-1.000195775789793240e+00
-6.146664218568918120e-02
4.170374106539199155e-01
-9.998244477263935615e-01
-3.635222575751552165e-01
-1.000076729006265541e+00
1.000974639868727062e-01
-9.998051748289213947e-01
-4.153081954244393359e-02
-8.086499997000682338e-01
4.044588935871816782e-01
-6.000061813824584256e-01
-2.968007887007785284e-01
1.001061838618760164e-01
5.259779526457089571e-02
2.052935197600570250e-01
9.984916567970572587e-02
2.154645501179732192e-01
9.999065732882604918e-01
8.162553101358174801e-02
-8.001250852108977574e-01
4.104519778156081600e-01
4.117405935844469789e-01
2.244724615286095015e-01
2.016666542191520584e-01
9.999742145992202014e-01
4.055402768478454378e-01
-9.999817311740925030e-01
-5.999742409972620427e-01
-9.999738983081156718e-01
-9.485091063056332039e-03
-1.000233316609453249e+00
9.997822329114731954e-02
9.987419601177646711e-02
-5.999177770614706473e-01
-4.906208558828195621e-02
-7.918201136608524759e-01
-7.921653736738589746e-01
-3.581532673632525365e-01
3.953068232299444817e-01
-2.749809778360015611e-01
4.019214503211469558e-01
-7.985426656188597816e-01
-3.261010510213208091e-01
1.000808648250654798e-01
9.991396931201633469e-02
1.000027614764112283e+00
3.910564403460764504e-02
3.987143233264512920e-01
1.001129700898952535e-01
-3.589406209416122207e-01
1.938082572793922986e-01
-2.413244707931302968e-01
-5.999290250576325700e-01
1.000127415019887778e+00
3.957732614430726215e-01
2.128165936888738730e-01
9.989981315558141284e-02
9.999638702782446265e-01
-1.000122605344054616e+00
3.815444895587133955e-01
9.999202917717789907e-01
3.865404237577537705e-01
1.001414471176636373e-01
3.955449588319478460e-01
-5.999489476074406635e-01
4.106677070087716430e-01
-3.783488533045669677e-01
4.044362326848479072e-01
1.000005354123038037e+00
1.000004868116247669e+00
9.998785046508089358e-02
2.042485618131080760e-01
3.924577964013694631e-01
-7.994005809056992096e-01
1.001487817895699850e-01
1.000093720557100552e+00
9.999746269963095680e-01
-1.000041503402425258e+00
-5.999476732951157798e-01
4.050553358193013653e-01
-2.823921984074949376e-02
3.966863532249073065e-01
9.996222143802245552e-02
3.803651753127143542e-01
-1.276353128000931592e-02
-2.783249688871104466e-01
-5.999579667925499793e-01
2.011666796484492814e-01
9.999376732786620092e-01
-9.999221561877408293e-01
-7.923506438174590105e-01
1.000050299793572961e+00
4.066754870580746584e-01
-5.999943496833403112e-01
9.988340915039750634e-02
-5.463479077494262648e-02
-2.682441055715100720e-01
-8.047372126289876748e-01
1.977700892096850016e-01
9.998834649800429630e-02
1.000046611493513815e+00
2.050244948507578269e-01
1.826693652943719159e-01
-2.379288095851119222e-01
-9.998769187417322346e-01
2.869761558621121422e-02
4.084978252474445459e-01
-7.931619037967327923e-01
1.941934983499970235e-01
1.000108372715383220e+00
-7.965026292357745286e-01
-5.999863618201801696e-01
-9.999292456827511000e-01
2.713779726799482941e-02
-2.650145253425180147e-01
-6.000743872934338752e-01
2.943189677310509983e-02
2.077533005123149978e-01
-1.000037413697156152e+00
1.000074712263713694e+00
-8.105512371981461461e-01
4.058643273998303602e-01
-2.325512531099578895e-01
1.000089491717781165e+00
-1.000126279734880441e+00
7.805926777933219762e-02
2.047316479955397506e-01
9.998916934371095133e-02
-8.154839015597583618e-01
-1.826645357502731937e-01
-9.918444997716825695e-02
-2.415654518705396547e-01
1.938507599367503553e-01
-9.092726452226956857e-02
-6.000098668827769099e-01
-6.000549151012979365e-01
4.289253906364341451e-01
1.000150791946569973e+00
9.985167158583678482e-02
-3.217281972607073937e-01
1.817328492817472385e-01
9.992164498760947033e-02
1.000793580483307910e-01
-8.126000500759970047e-01
-5.998909849667369842e-01
-5.999779284604860319e-01
1.000107840543035476e+00
-6.001334839289240719e-01
-6.001358599570841834e-01
1.000110418039226179e+00
2.126025122624413954e-01
-8.040183158033394895e-01
4.082173024597244848e-01
-2.653910060576356728e-02
1.875776768508417292e-01
-7.973538599377464342e-01
-9.997021791499989263e-01
-7.833837288488660899e-01
-9.999684746992000273e-01
9.999270652371347046e-01
9.998968299624363398e-01
-8.094727616911516765e-01
-3.127494257608603445e-01
4.598335770698519509e-02
-7.982233838053547359e-01
1.000098640953032136e+00
-6.000418367569101408e-01
9.993293030614408545e-02
-1.000160909273209775e+00
4.071073964950637225e-01
1.894731839193269651e-01
1.000062733450121755e+00
-6.000079798075662607e-01
-5.999359208203871585e-01
-3.680880916705320804e-01
9.998515108605592339e-01
9.985314298410763456e-02
1.000002704285118060e+00
1.000132965298419441e+00
-9.999871153568756776e-01
4.002497903850682492e-01
9.995567738005046998e-02
3.879087757602293629e-01
9.997334163268267737e-02
2.185181424475633044e-02
3.360070813181211674e-02
1.884076076649135734e-01
3.937843780382055958e-01
-8.071450051045166996e-01
-5.997976850003960969e-01
3.909335373268452152e-01
1.000060418796791861e+00
7.864433667143069795e-02
-7.869146872981974683e-01
3.848514039559653432e-01
-1.621061268832431346e-02
1.979650773974135636e-01
-1.000172037184943630e+00
-1.995185535607208460e-01
4.030436335155771488e-01
2.100092397948418732e-01
-2.657186409106613353e-03
9.999275749765681454e-01
9.998745404940790893e-01
9.998694509246366380e-01
9.989054591378807024e-02
-8.257702678327162593e-02
-9.999366718592713754e-01
-3.099050263597647459e-01
-3.264917313833789470e-01
9.999625720242967253e-01
-8.079389253491319201e-01
-7.926577110563779449e-01
-5.999713454942696700e-01
-3.367959026952223600e-01
-9.999498935531083710e-01
1.789389257354753182e-01
9.986734542853199781e-02
-6.001471489280808536e-01
2.098835552786020367e-02
1.000061838113683876e+00
1.954764177530557701e-01
1.966881844700370807e-01
3.527836683613305019e-02
-3.165909755807647663e-01
-2.518703261515589098e-01
-3.237761341203563292e-01
3.955749663970491992e-01
-3.646767557266175630e-01
1.000004490868662943e+00
9.998807207774093042e-01
-2.321447607153084847e-02
1.896211577163458561e-01
1.928019726508668763e-01
-2.873960802288008654e-02
-2.331982750061445397e-01
-5.999930619098445828e-01
-1.000021681806571916e+00
1.932548853042859727e-01
6.321884723421784813e-02
