-6.001577769706412102e-01
-5.999367722464932218e-01
9.998540455409185013e-01
6.852171603564162841e-03
-1.000074102599091574e+00
-7.969630529079073655e-01
-6.000102949260079921e-01
-3.206033044643617769e-02
-8.040710172948650758e-01
-2.499986202265178648e-01
9.974187250497919266e-02
-1.000142704500881274e+00
2.054461304456150217e-01
-4.707291486509001394e-02
2.146605630517411101e-01
4.026626328118635967e-01
-8.751487019274277468e-02
-1.000113023369996190e+00
2.046686218013911707e-01
6.545203824380757540e-02
4.021296963255569512e-01
3.853858035554895700e-01
-2.462196589169274308e-01
-7.964527290594498599e-01
-1.000046999068609166e+00
3.786036491687591043e-01
-2.600660007030418108e-01
-6.000281751302591893e-01
-3.334979845032636780e-01
9.995588845170370884e-02
-1.000044309741951132e+00
-7.895348783230017320e-01
-8.170941119410279896e-01
-1.000062718744710422e+00
3.351963253737177267e-02
9.999761969510888582e-01
-1.000082633449467018e+00
9.999776054037566864e-01
3.943275590361647320e-01
-6.001723771328184576e-01
9.999924649903143559e-01
-7.914347019444993858e-01
-2.069641236912108107e-01
9.999508211307309158e-02
-3.009317235021891634e-01
4.014758414769130646e-01
1.001184037522950404e-01
1.000396459142756794e-01
9.994694484791206979e-02
1.923686621057130453e-01
-1.000122509785587033e+00
-8.142043522034606573e-01
4.105767185180815848e-01
4.058061096339233287e-01
-3.375572208258129092e-01
-1.000044127667170768e+00
-7.902886721205398812e-01
3.975749438766990052e-01
-6.497140498136534659e-02
-9.999456205134731324e-01
9.168738531922954182e-02
4.122022606707739234e-01
-1.000075829618118917e+00
-3.076772845114595367e-01
-9.998867601671435068e-01
9.994155067618142041e-02
-1.000087249909672460e+00
-3.107996251419594801e-03
-8.265999967935133697e-01
3.891306984602384000e-01
-5.999865322870873152e-01
-2.688489390946564028e-01
1.000574666971571630e-01
2.929295074208990157e-02
2.037713298786053839e-01
1.002166012864830064e-01
1.985472339521874297e-01
1.000037547580906683e+00
-6.458724042777642949e-02
-7.934858858657255487e-01
3.981182542052254525e-01
4.201228126592962409e-01
1.935713523454020701e-01
1.912181591341819142e-01
1.000011990623355107e+00
4.106228199361776077e-01
-9.997793341487942742e-01
-5.999364850744580702e-01
-9.999318451262658725e-01
-6.853051327407790050e-02
-1.000091669744369582e+00
9.989655781234016430e-02
1.000826882982506910e-01
-5.999870827489270919e-01
8.093684517799754063e-02
-8.096477204277464645e-01
-7.871680573357843214e-01
-2.884331441024177156e-01
3.886112675939574768e-01
-3.837154104595669191e-01
3.963999935601413283e-01
-7.864663515888263845e-01
-2.991044268843700005e-01
1.000931449990189182e-01
1.000828021543119645e-01
1.000065970303036567e+00
1.317512000612136060e-02
4.045996519046935469e-01
9.988627304718723787e-02
-2.579431960487090225e-01
1.914738449262033126e-01
-3.328200810209973048e-01
-6.001609928874125366e-01
9.998900317479353372e-01
4.120679104882835064e-01
2.146490211463177589e-01
1.000073076042695408e-01
1.000107722863869730e+00
-9.999163929839408604e-01
4.052077451524130347e-01
1.000043481286095215e+00
3.978656414608691128e-01
9.984699548363253074e-02
4.104634652766070424e-01
-6.000805738045579263e-01
4.015289662733356191e-01
-3.444398499612630893e-01
3.992798726587663549e-01
1.000134830247789708e+00
1.000062141051239140e+00
1.000179199050617862e-01
2.088127719679480077e-01
3.831924234873145263e-01
-8.015616782619762182e-01
9.996342210992485711e-02
9.999707986429550166e-01
1.000025734144755152e+00
-1.000024607547431499e+00
-6.000123158862367134e-01
4.082370502555414671e-01
-3.141574732629454775e-02
4.054195233848552071e-01
1.001256979397359276e-01
4.001771544672899639e-01
-1.783000775147220579e-02
-2.489330275544663906e-01
-5.999008619056247493e-01
2.091398851066077480e-01
9.999926043869210579e-01
-9.999178554958929599e-01
-8.174632470681097995e-01
9.998973220568402320e-01
4.257717645095603354e-01
-6.000362111943181587e-01
9.989726068678364546e-02
1.916791093191028139e-02
-3.013155709984302599e-01
-8.032502515386703568e-01
2.087698157022814249e-01
9.994416442010536916e-02
1.000035608608523363e+00
2.059109306691484786e-01
1.998916295673625887e-01
-3.869324269390919113e-01
-1.000086493477076566e+00
6.297300882610190609e-02
3.923512003145815386e-01
-7.954912908367709479e-01
2.091314344935890357e-01
1.000017266960145479e+00
-7.857750303017344562e-01
-5.999248437306335946e-01
-9.999130585488323897e-01
7.659406326690329503e-02
-3.070665957630155374e-01
-6.000835547402978420e-01
-1.083183746422088090e-02
2.084186154203745978e-01
-1.000134212508061893e+00
9.999817430032633681e-01
-7.887577782860460962e-01
3.772702465137174888e-01
-2.975908092717927111e-01
1.000036705569841811e+00
-9.998954689144837760e-01
3.848687529814134867e-02
2.018344156187406591e-01
1.001403210545118300e-01
-8.099912039534864494e-01
-2.237689910506327484e-01
-6.728252973262630748e-03
-2.817893134518530407e-01
2.243099655762338662e-01
1.055364490302577660e-03
-6.000344387142267921e-01
-6.000195076957108853e-01
3.926597670463143896e-01
9.999546153027354389e-01
9.997006380268187720e-02
-3.152215343421567173e-01
1.952773218815391787e-01
9.997213777370431154e-02
9.993327097738530229e-02
-7.995921323111876422e-01
-5.998939491464363449e-01
-5.999664174349153001e-01
1.000060980625608886e+00
-6.002078525540022191e-01
-5.999980518521637052e-01
1.000027554626942594e+00
1.771159912663974045e-01
-7.960581358606957370e-01
4.142258482855878388e-01
-1.625781101261097525e-02
1.960869591504778853e-01
-7.798473882453693662e-01
-1.000095553585836239e+00
-8.022481392205621509e-01
-9.998542715633050859e-01
9.999321789110429126e-01
1.000066619098398890e+00
-8.015781968126171053e-01
-3.143443133978465753e-01
3.114074578815334213e-02
-8.083599440068542918e-01
9.999506616025151118e-01
-6.000095195769187262e-01
1.000020849168765796e-01
-1.000107237229967971e+00
4.021477195615796307e-01
2.097434863318344556e-01
1.000077972887124300e+00
-5.998764374691208934e-01
-5.999571201897280215e-01
-2.555751194899228973e-01
9.999326041799054821e-01
9.975839996617510974e-02
9.997949533613742501e-01
1.000123803771546527e+00
-1.000054466215769766e+00
3.992686458113650083e-01
1.000224799732619824e-01
3.930572912037010869e-01
1.000422335382916000e-01
4.469952498129070584e-02
-9.265574186172431670e-02
2.080583780796985416e-01
4.130166977132513906e-01
-7.833427643777360894e-01
-6.002003141616070181e-01
4.255021607542923134e-01
9.998766471605788908e-01
1.545060094347721485e-02
-8.055402068973973595e-01
3.849471549157064132e-01
-9.561635122085121452e-02
2.014344059269256582e-01
-1.000245971231963793e+00
-2.799121563891210918e-01
4.036539363889739551e-01
2.010785847622288958e-01
-5.227862950292740118e-02
1.000017117278635626e+00
1.000015581306126222e+00
9.999992262992786207e-01
9.980556767882885205e-02
5.391617485498278323e-02
-9.998781384536216121e-01
-3.741650906250411079e-01
-3.203827024837521131e-01
9.999433117480942546e-01
-8.105316700002648256e-01
-8.075972528973596187e-01
-6.000229835302685055e-01
-2.625290992627764552e-01
-1.000120292447694403e+00
1.987344967164282328e-01
1.001674448601280049e-01
-5.998739717803430738e-01
4.711807634699464314e-02
1.000055852961845737e+00
1.979910947873953220e-01
1.896828632751864641e-01
-9.959158739153776974e-02
-3.426445314147380516e-01
-2.329906989552304464e-01
-3.018676145906749597e-01
3.896292029387167233e-01
-2.575580084546613691e-01
9.999865403951664344e-01
9.999395176289523901e-01
-6.666782765686385392e-02
2.017144943685693081e-01
2.125830487676945435e-01
-9.832747434556353416e-02
-2.629615093825067862e-01
-6.000038289994636953e-01
-9.998412615523210034e-01
1.996748759877212676e-01
3.826250082620139686e-02
