-6.001234847628729163e-01
-5.999121862736078725e-01
9.999965786733104878e-01
-1.864511975747025485e-02
-9.999823870096425926e-01
-8.136169237764648843e-01
-6.000583240578132305e-01
-2.366119703318102577e-02
-8.042293638278166235e-01
-2.211468569724602540e-01
1.000635416378228698e-01
-1.000008505380009627e+00
1.940161977577845864e-01
-5.442484839273004082e-02
2.065376826191323012e-01
3.964660037179758012e-01
-2.046416658148555306e-02
-1.000010965342460256e+00
1.875987747466242861e-01
-3.402831619686254305e-02
3.927752556149815555e-01
4.143726515774192043e-01
-3.674561934659660301e-01
-8.010372382201782493e-01
-9.998657757121993672e-01
3.953153725288857112e-01
-3.171246138245319424e-01
-6.000617682582592982e-01
-2.664019270288170982e-01
9.991848069580819280e-02
-9.999372281615972469e-01
-7.860666932394309026e-01
-8.105330948987947703e-01
-9.999275013205196627e-01
8.824939324328163678e-03
9.999276473739876492e-01
-9.999914586465403765e-01
9.999988989813275442e-01
3.895403708775098117e-01
-6.000155740350032740e-01
9.998541630744296471e-01
-7.934225849068696768e-01
-3.219080580556825666e-01
1.000290078819277839e-01
-3.140343675862299899e-01
4.148649480579171267e-01
1.002054748389324679e-01
9.992841107091883501e-02
1.000310182674335885e-01
2.060941315452581302e-01
-1.000084928894742209e+00
-8.041519025660894826e-01
3.936790932750012240e-01
3.861119098287478235e-01
-3.887203707336954195e-01
-9.999929927264317175e-01
-7.943778415183224695e-01
3.857950822614056863e-01
8.097824971566016869e-03
-1.000128416033389200e+00
-1.789682829347966769e-02
3.936047461777875123e-01
-9.998444436975908456e-01
-2.941306189232270607e-01
-1.000101448301566887e+00
1.001751395878434786e-01
-9.999784410209597851e-01
6.866560897324086588e-02
-7.889325534782654081e-01
3.905017186771609361e-01
-5.998648118518533634e-01
-2.999478141131177722e-01
1.002441340261609887e-01
1.763984061667521128e-02
2.181152525673782372e-01
1.000780901895595432e-01
1.985688199280086497e-01
9.999720518180588158e-01
-1.187545583273783151e-01
-7.870909140400417225e-01
4.113692462844321662e-01
4.027790677396400065e-01
1.786615415220337288e-01
1.969835844711814721e-01
9.997990317516101122e-01
4.001479614888436842e-01
-1.000123954387962977e+00
-6.000983457314664760e-01
-1.000148994937676949e+00
-9.898813290819011290e-02
-9.996968914177183363e-01
9.998851424016097500e-02
9.997287617588190844e-02
-6.001076214647976803e-01
3.125053509085409104e-02
-8.074275586142324324e-01
-8.015421495035653932e-01
-3.841461163745747420e-01
3.906297703997945181e-01
-2.928958228246087425e-01
4.063722593674777839e-01
-7.825329683625398269e-01
-2.414005836072550260e-01
1.000011152250583762e-01
9.992220626206381462e-02
1.000089152442932061e+00
2.785898342377695833e-02
4.135138042820296067e-01
9.997466980092811761e-02
-3.186726351245550148e-01
1.900288290070681896e-01
-2.879642029800497660e-01
-6.001079669075098932e-01
9.997448164651981939e-01
3.807856095617476178e-01
1.949520468481564794e-01
9.990983174540890577e-02
9.999271614231107774e-01
-1.000049145928701977e+00
4.202186948045787962e-01
9.998469272209230541e-01
4.124687227352549224e-01
1.001286081493705099e-01
4.032495773911385362e-01
-5.999931960122963925e-01
3.982240118667180750e-01
-2.935378720762372717e-01
4.039061746594531099e-01
9.997827848034859244e-01
1.000042434711599926e+00
1.000520213187719304e-01
1.910108824111414749e-01
3.921361875409217768e-01
-7.940153643923297810e-01
9.993069061674882125e-02
1.000111770245201148e+00
9.999919607281166911e-01
-9.998873147699849362e-01
-6.000416490684846726e-01
4.001250997175908597e-01
9.020674981909473922e-02
3.853296847380859869e-01
1.000360380602946381e-01
4.016739055225194699e-01
1.578916901015204113e-02
-2.678968038656757145e-01
-6.000782071167598541e-01
2.180401713374086059e-01
9.999781622664704051e-01
-1.000070966716551268e+00
-8.008900100103099051e-01
1.000142835968816479e+00
4.019543649528799500e-01
-6.000247646365809429e-01
1.000850970017902047e-01
-7.225863813678475023e-02
-3.523144722611048496e-01
-7.972690124927687139e-01
1.965602673604285588e-01
1.000758122412918616e-01
1.000007298934522115e+00
1.964062978531503079e-01
1.843920499456551954e-01
-3.227437869483684718e-01
-1.000101712877241145e+00
1.203921338327792676e-02
4.117574779939945917e-01
-7.962231513616235823e-01
1.964762596658604366e-01
1.000057095810279462e+00
-8.072580935825732773e-01
-6.000178268127168701e-01
-1.000153188673579940e+00
-2.943927987206619579e-02
-3.697181937956918185e-01
-6.001522332200580623e-01
2.470709942944426807e-02
2.064699160588517046e-01
-1.000074481164662021e+00
1.000047400754449978e+00
-7.911835324268923220e-01
3.925981557459213289e-01
-2.979760239808829092e-01
9.999457983803671235e-01
-1.000083962588946607e+00
1.467908906899144730e-02
1.816895455572139495e-01
9.999438331863008678e-02
-8.046212626596138673e-01
-2.421031707916895259e-01
-2.534601061397005750e-02
-2.250259120413997393e-01
2.065657770752190037e-01
-1.244502218348467887e-02
-6.000989002439018893e-01
-5.998791029937665664e-01
3.976650543357065914e-01
1.000048749590611852e+00
9.991128718683120469e-02
-2.244952228502367642e-01
1.954194967062233834e-01
1.001398847385240320e-01
9.997646422662140320e-02
-8.095735181340879549e-01
-6.001902709832617200e-01
-5.998874828891813671e-01
1.000050841717479599e+00
-5.999241879943536526e-01
-5.998896793646324443e-01
9.999077930256835556e-01
1.887980985663833822e-01
-7.947134849602099926e-01
4.133206498069069146e-01
3.695022322975587831e-02
2.115169427079107989e-01
-7.902894715024653127e-01
-1.000075261553821093e+00
-7.985897874983263200e-01
-1.000011587991370687e+00
9.999554148723361902e-01
1.000027238993392853e+00
-7.953205917064052333e-01
-3.149465538516535990e-01
5.155006766899969395e-02
-7.830951777037883366e-01
9.998595459880166292e-01
-6.000871415916996243e-01
9.998271860236411512e-02
-1.000149218462164535e+00
3.987845087085248319e-01
2.122380209855061206e-01
1.000125202029119587e+00
-5.997125488147604377e-01
-6.001985540564176436e-01
-3.128813739188830989e-01
1.000150478965077250e+00
1.001782651797088614e-01
1.000006787512112361e+00
1.000052463779889766e+00
-9.999344799481567625e-01
4.007114712934305989e-01
1.000289164911876971e-01
3.982788094960401093e-01
9.985069698332371679e-02
2.809563232683605707e-02
1.749212894777839311e-02
1.992214993177728322e-01
4.108434430420143113e-01
-7.907405250752161940e-01
-5.998689221178389319e-01
3.893661096940000954e-01
1.000027680565381161e+00
-4.608684167670126092e-02
-8.043223499439773327e-01
3.890956518655040441e-01
6.871809104221737741e-02
2.106965168151809231e-01
-9.998901229685815961e-01
-2.312564153001085421e-01
3.949107968057370410e-01
1.947993682428791618e-01
5.336048993453686162e-02
1.000095582678875994e+00
1.000186153333555428e+00
9.999097481065291060e-01
9.999190049152330284e-02
-3.511379973511487979e-02
-1.000079315114363210e+00
-3.678626614341468093e-01
-3.115614033359918045e-01
9.999856246038680840e-01
-7.814576843074605428e-01
-8.194818237594769794e-01
-6.001461203312512538e-01
-2.378228471483386230e-01
-9.998671972200264824e-01
1.978695370146938415e-01
9.999929021808216800e-02
-6.001056816444657604e-01
-5.142900394010844339e-02
1.000099548491622414e+00
2.182174115438254569e-01
1.927175964698610577e-01
-5.610175030612671310e-02
-2.802717584669936479e-01
-2.905822822310680231e-01
-3.037207220622724080e-01
3.951066009913625221e-01
-3.236498613711290551e-01
1.000062193437979863e+00
1.000022764225781069e+00
-3.509717608614259382e-02
2.046430461530066303e-01
1.940484925574234576e-01
-8.420668805590790333e-04
-3.672075583417243605e-01
-5.999931314072485256e-01
-9.999340669789400504e-01
1.956587262574537578e-01
-8.230644931171236800e-02
