-5.999225445388941536e-01
-5.999379566936348107e-01
1.000142721168772120e+00
-5.452151374579947141e-02
-1.000021054084270666e+00
-7.987710280721006528e-01
-5.998778368186176158e-01
1.851675295600075863e-02
-8.119824554281618312e-01
-2.231277722362771665e-01
1.000811515954616454e-01
-1.000194186697686005e+00
1.995584139661724932e-01
3.364374224861765004e-04
2.059497580193054289e-01
3.960181705134918628e-01
-1.212008358067077352e-01
-1.000037007934035937e+00
1.910736868929125420e-01
6.235607186646901362e-02
3.923651257437119622e-01
4.086062019813548329e-01
-2.823799702230815889e-01
-8.127751594367146337e-01
-9.999370845034341038e-01
4.043227465396293518e-01
-2.626216463091358699e-01
-6.000382739223046880e-01
-2.648856188197816208e-01
9.986156520628168554e-02
-9.997379626000461039e-01
-8.092769067725021914e-01
-7.991435775645631123e-01
-9.999675654877198117e-01
-3.446320793017586953e-02
1.000014840396295623e+00
-1.000094895065946288e+00
1.000043268558467258e+00
4.043546427147275413e-01
-6.000413437993457055e-01
1.000184863878097241e+00
-8.046947456733918314e-01
-3.282621446548431021e-01
1.001117185168552970e-01
-3.224338645131650805e-01
4.103494029840304425e-01
1.000227748848759729e-01
9.992750985251586116e-02
1.000490009040062578e-01
2.070992430109761806e-01
-1.000096988102868956e+00
-8.020400983388558114e-01
3.937114663009123605e-01
4.073895947155277697e-01
-2.884574881986454731e-01
-1.000102709719952188e+00
-7.994960952846217328e-01
4.100577491566871347e-01
3.838439776117818364e-02
-1.000125755417892615e+00
-2.207238928162110966e-02
4.059061092945550064e-01
-1.000019858987016397e+00
-3.220824013278286158e-01
-9.999698065959257143e-01
1.000428886215333907e-01
-1.000156363157431727e+00
3.436895600895457231e-02
-8.097651615293287586e-01
4.092935405431826767e-01
-5.998727331722643052e-01
-2.518218353794123288e-01
9.995041597357499918e-02
4.842180375691632066e-02
2.195721852313934908e-01
9.998519985860965242e-02
1.998121804292660453e-01
1.000201923880424060e+00
4.970425450370792586e-02
-7.976187163989215678e-01
3.964388625842080738e-01
3.906357068075002603e-01
1.887791509561199121e-01
2.024458094712649481e-01
1.000090642530150786e+00
4.041483719320630996e-01
-9.998978221043536285e-01
-6.000394004410055659e-01
-9.998114044429526892e-01
-6.779436162065817506e-02
-9.999806776652586660e-01
1.000717037127783482e-01
1.001841225078987097e-01
-5.999225173754967333e-01
-9.551446969333772866e-03
-8.095793549035845693e-01
-7.912381429503116959e-01
-2.781228532800966158e-01
3.953266939764638610e-01
-2.946075609811892315e-01
4.060448507715849198e-01
-8.007158220566125140e-01
-2.687917269038704315e-01
1.001343789751429486e-01
9.996922927421220129e-02
9.999168527989414912e-01
6.386744062801158993e-03
4.061368738493000285e-01
1.000128604777780900e-01
-3.472180445924077929e-01
2.025959596087471282e-01
-3.300319898542261043e-01
-6.002636673697032688e-01
9.998017841732101951e-01
4.132830106645058454e-01
2.100907977893909373e-01
1.000060769948594025e-01
9.999664725792404285e-01
-1.000011044139702543e+00
4.083524696130212406e-01
1.000014597227360191e+00
4.000143594081012610e-01
1.000271736164486114e-01
4.077410657022491614e-01
-6.000028807534989461e-01
4.128645433042288926e-01
-2.533603462218523283e-01
3.973206911639228234e-01
9.999031101408818456e-01
1.000032209217416534e+00
1.001107346651590319e-01
1.927554121645186913e-01
4.051366205392030739e-01
-8.218432297584187252e-01
9.995727009082540360e-02
9.999690465010321327e-01
1.000046844947091174e+00
-9.999155932204973896e-01
-6.000441751004365054e-01
4.068953913132450917e-01
-4.277783104162914685e-02
4.073716065953609244e-01
1.000367763660460207e-01
3.964612626547151519e-01
-2.473918766446702236e-02
-2.805633273275585093e-01
-5.998998237414625567e-01
1.898665690778684467e-01
9.999059985212869206e-01
-1.000016111371663463e+00
-7.920221687051420822e-01
1.000006170415165929e+00
3.945936737205161804e-01
-6.001156109338448008e-01
9.984361316736498071e-02
-1.487383635485096424e-02
-2.746263165932814609e-01
-7.961955950992267717e-01
1.831880180460851437e-01
1.000039243671023564e-01
1.000106894858969531e+00
1.994680528548527232e-01
1.850535668174367598e-01
-3.273237948225491412e-01
-1.000120866407335329e+00
3.266165342699395291e-02
3.964951509402899754e-01
-7.849082384929727541e-01
2.037740234676667372e-01
1.000098539203383652e+00
-7.909233000284483506e-01
-5.999961640933508811e-01
-9.999502489329603616e-01
-6.115234018973351310e-02
-2.725337908188613101e-01
-5.998435671666235702e-01
-6.297134848413145358e-02
2.042996981869178996e-01
-1.000142938689749350e+00
9.999172306331275406e-01
-8.181849679547366083e-01
3.909193947851397621e-01
-2.842324949257245548e-01
9.998861509240380974e-01
-1.000054765334984497e+00
-2.777628364075326525e-02
2.134300846749870861e-01
9.992515550892093479e-02
-8.142123539166841173e-01
-2.805346469069471826e-01
-2.410517496440124641e-02
-2.711311526774534686e-01
1.964381073093316721e-01
-3.051543875972854286e-02
-5.998437388915309754e-01
-6.000100610611438512e-01
4.006615087490882354e-01
1.000091835982743094e+00
9.998671810309872621e-02
-3.500980493996834753e-01
2.022984150121180102e-01
9.988726002492187561e-02
1.000804424293486733e-01
-8.002700535180401475e-01
-6.001015947562595709e-01
-6.001046129698307530e-01
9.998845140166032763e-01
-6.000996595883739682e-01
-6.000611608528310104e-01
9.998424552631458573e-01
1.953163957024913189e-01
-7.851576797155920273e-01
3.845439857218195812e-01
2.169232568847472356e-02
2.041017643122569059e-01
-8.114958631892452701e-01
-1.000064276026967569e+00
-7.865091986858585571e-01
-9.997888067165625614e-01
9.999296443485583552e-01
9.998681358226361171e-01
-7.900288857896601291e-01
-2.768497810742553966e-01
-5.007968468590084932e-02
-7.764680732627579074e-01
9.999925434290133364e-01
-5.999775780593581409e-01
9.994560988823023018e-02
-1.000192964163167719e+00
3.996695255304387739e-01
1.972654870157906637e-01
9.999855508617496724e-01
-5.997029054841014339e-01
-6.000847336689151268e-01
-3.730859377058495241e-01
9.999908025297724601e-01
1.000350337514855914e-01
9.999456162628492795e-01
1.000051310733220289e+00
-9.999659967876751709e-01
3.957723903109712782e-01
1.000297999566825136e-01
4.003528474680841942e-01
1.000697898364485555e-01
-2.575257821693220043e-03
1.761093553977540957e-02
2.111359457064672096e-01
4.062438357263652433e-01
-8.273966106019715605e-01
-5.998805738224755046e-01
3.981461818833578192e-01
9.998204387800637694e-01
1.880722464546766282e-02
-8.108506373313077997e-01
3.935999475854243812e-01
2.918956084244623411e-02
2.052259331610986892e-01
-1.000076348943147675e+00
-2.873186676265816475e-01
4.037823665259296924e-01
2.013955986684761723e-01
-5.817902305779811857e-03
9.998506404681704041e-01
9.999277402857714714e-01
9.999896450634950806e-01
9.995234847759135177e-02
-9.087527165265751883e-02
-9.999178469371519107e-01
-2.626853127770427676e-01
-3.519508505188513325e-01
1.000129503970530020e+00
-8.006878552122964621e-01
-7.962930047959091429e-01
-5.999381243602242009e-01
-2.919907907174909001e-01
-1.000039330410519289e+00
1.912655913707133615e-01
1.001896765711836335e-01
-6.000640508482733004e-01
8.404613393538708233e-02
9.999480602265794493e-01
2.073005773251808681e-01
2.015163518987818092e-01
1.498099093410443054e-02
-3.049339191613324451e-01
-2.781015626164670684e-01
-3.888740533378619579e-01
3.907092736164669566e-01
-2.569214558535862780e-01
9.998675310435124475e-01
1.000135098170214620e+00
-2.901239877697087827e-02
2.037652569315746287e-01
2.071852570923977954e-01
-1.268325920365407505e-02
-2.577687364156115435e-01
-5.999010038617750284e-01
-1.000084785003677368e+00
1.938005649380618034e-01
2.218082331655783779e-02
