-5.999934958678397878e-01
-6.000188338308157787e-01
1.000036316038986905e+00
-7.859193599212385695e-02
-9.999564884125662356e-01
-8.157729339824300041e-01
-6.000484792696423320e-01
4.101261442414441682e-02
-7.982537591061973359e-01
-2.196370135630749953e-01
1.000174539024962506e-01
-9.998580717759231185e-01
1.956889322454824776e-01
1.101484060551442684e-01
2.105403399391060082e-01
4.053165137439492804e-01
8.632353285251841146e-02
-9.998465501866384830e-01
2.025588661257984591e-01
3.652557830396998412e-02
3.818093059100797215e-01
4.067428293308352205e-01
-2.524551883614741254e-01
-8.055097726461925012e-01
-1.000167234543851924e+00
3.890162718687329435e-01
-2.731011510479334214e-01
-6.000491637246151422e-01
-2.490161548040183970e-01
9.993605629480448171e-02
-1.000106840636744598e+00
-7.910213316470479095e-01
-8.098679842547918950e-01
-1.000096836351764162e+00
6.401538873742856905e-02
9.999356371757140982e-01
-1.000102528432460058e+00
9.997959926081974036e-01
4.093668062558445397e-01
-5.999163035818312339e-01
1.000104589529465793e+00
-8.107089723851331753e-01
-1.918678803155781376e-01
1.000422615533837073e-01
-2.843453984298242587e-01
4.155127335675615208e-01
9.986792903100122354e-02
1.000606723043513391e-01
1.000803612247215396e-01
1.817584701068014896e-01
-9.999192063022682708e-01
-7.959211305869474673e-01
4.067506055225387773e-01
4.076475314843456821e-01
-3.265252524260512379e-01
-9.999849292785620847e-01
-8.075020172826303799e-01
3.990471674523399237e-01
5.475116429069757512e-03
-1.000049996950594489e+00
4.781517245689969470e-02
3.844147705897646428e-01
-9.999918321953392697e-01
-2.855263948957230680e-01
-1.000072420157295028e+00
1.001473432408245962e-01
-1.000014253816623677e+00
-1.857770189625125232e-02
-8.295150939778017651e-01
4.022669510886967004e-01
-6.001441697793427066e-01
-3.166570096057754746e-01
1.000666559969874275e-01
1.067025926473487707e-01
1.910831645045990290e-01
1.000334796280326205e-01
1.990949976563525237e-01
9.998134619936046574e-01
4.979750897429984641e-02
-7.948078681695596170e-01
4.122002513575824811e-01
3.947839630346941520e-01
1.918667933479455967e-01
1.896542769850008969e-01
1.000068858312090248e+00
4.175974562350716068e-01
-9.999870181313483819e-01
-5.999138011395932502e-01
-1.000025879986032429e+00
6.926070347201730704e-02
-9.999382810894495988e-01
1.001148356887268664e-01
9.997892390274280838e-02
-6.001910886146134549e-01
-2.635899350169425628e-02
-8.294313682955045675e-01
-7.963950832305398686e-01
-2.402902944720728129e-01
3.980374479400537457e-01
-1.737564840526341359e-01
4.105528576923878625e-01
-8.113663563966201364e-01
-2.624279674507410953e-01
9.999195897203956573e-02
1.001447604752090242e-01
1.000074725421891575e+00
1.180287802457605402e-02
4.017480493845841383e-01
1.000295249460980140e-01
-3.394391049525446458e-01
1.895949359712953419e-01
-2.579743160019921655e-01
-6.000678021970101694e-01
9.999932811333601679e-01
3.748194047554205266e-01
1.916322009151041894e-01
1.000128072950195457e-01
1.000168293015894605e+00
-9.999894082086254743e-01
4.015779315041883568e-01
1.000173514572336053e+00
4.140800814950811315e-01
9.989170866242141900e-02
3.982078484948060049e-01
-5.999296490893264444e-01
3.869082135342603590e-01
-2.736930608753752603e-01
4.127197630512071669e-01
9.999845472559768522e-01
9.999220662509554769e-01
9.998530497611252121e-02
2.108384584121793803e-01
3.942568798702281718e-01
-7.978016635729233696e-01
1.001814925747559620e-01
1.000037859446498700e+00
9.997368109755755405e-01
-9.999330093970457689e-01
-5.997573345768565378e-01
4.176924521850479133e-01
-7.257288893707880897e-03
4.082107925717683439e-01
1.001312674756563437e-01
4.003027748917042938e-01
3.934777978154967160e-02
-3.406348373054902678e-01
-6.001047747940776445e-01
2.012839239152329485e-01
9.999440985196624831e-01
-9.999187162998038891e-01
-8.089008966331442396e-01
9.998141907556328256e-01
3.872823590528145510e-01
-6.001266689799077403e-01
1.000501185665492593e-01
-5.763972357873604901e-03
-2.463425159730431857e-01
-8.031221140817055293e-01
2.131350251885950065e-01
1.001205187172597849e-01
1.000034534074917048e+00
1.868803956729259697e-01
2.046574534434992543e-01
-4.293491173192643950e-01
-1.000012140099490798e+00
-1.257094025891294757e-02
4.001105600350979286e-01
-7.983148210460985217e-01
1.969063975895738727e-01
9.998646071580422623e-01
-7.905700698072969379e-01
-6.002177162188394588e-01
-9.999378438746728825e-01
-3.702179029197125507e-03
-2.659201142691688391e-01
-6.000419457897767650e-01
1.559288875084388626e-02
1.978359244108679749e-01
-1.000020417508266535e+00
9.999267376856747491e-01
-7.952073996973637593e-01
4.003431682159158678e-01
-3.100365726364339714e-01
9.997947864207500368e-01
-9.998755010897171225e-01
-2.079076957289713659e-02
2.254648595133356137e-01
1.000553690730506540e-01
-7.970091376288687135e-01
-3.578161527120556906e-01
1.330902772730665866e-02
-3.399007495683812885e-01
2.006498720477231101e-01
9.616570165196078671e-03
-6.000116792255762999e-01
-6.000550224408887079e-01
4.104141356346088232e-01
9.999992477613303121e-01
9.985058547842536048e-02
-2.666095215400816620e-01
1.923015967840724372e-01
9.999974245176042331e-02
1.002590457480144609e-01
-7.975031927889028038e-01
-6.000580030252551378e-01
-6.000268729474639295e-01
1.000058823281671838e+00
-6.000375301057668809e-01
-6.001536151059182478e-01
9.998767202482176097e-01
1.975576265462676284e-01
-8.029527117252324153e-01
4.020494754421664596e-01
-4.360035275058496418e-02
2.107442628386634043e-01
-7.969273675533192769e-01
-9.999313510971951091e-01
-7.966625320400304577e-01
-9.999590556328739055e-01
1.000067534861624141e+00
9.999751848751733396e-01
-8.017194214026758248e-01
-2.740589430202255983e-01
-2.345690830354607570e-02
-7.981389814492707568e-01
1.000143205724041140e+00
-6.001023709614728974e-01
1.000141230326236919e-01
-9.999872376514393757e-01
4.112827693545221819e-01
2.129938613212553344e-01
9.999056043109592062e-01
-5.999470446930756928e-01
-6.000576880674058922e-01
-3.426034028220356076e-01
9.999661221421689561e-01
9.992682098571002702e-02
9.999252551246947673e-01
9.999852478771605879e-01
-1.000035994042366649e+00
3.872524246198019715e-01
9.989142366119294070e-02
3.865329292633133407e-01
1.000022101647396883e-01
-6.369934594344570100e-02
9.053374253295018090e-03
1.896242085635796992e-01
3.736840156312148942e-01
-7.946490190448430857e-01
-6.000156504235463206e-01
3.965737111306187890e-01
9.998442437705752361e-01
-9.603005358753245735e-02
-8.145419035090925020e-01
4.041852509652439362e-01
-4.204113206484304255e-02
2.022840138247028741e-01
-9.999802632859481344e-01
-3.070165880638533462e-01
4.070712135825784728e-01
1.898765733080342022e-01
-4.210721766744259832e-03
1.000113531645195231e+00
1.000014988102541524e+00
9.999762633488054053e-01
9.994154581062780762e-02
2.668047980616686937e-02
-1.000064692853897874e+00
-2.887977652195330980e-01
-3.923941117408242807e-01
9.998891855546796492e-01
-8.080321675980242091e-01
-8.116265672684175314e-01
-5.998922476441790330e-01
-3.477604389693606524e-01
-9.999957611310102967e-01
2.008776064694210162e-01
9.998254375115042669e-02
-5.999760674712841801e-01
3.139277567306487243e-02
9.999824989994043900e-01
2.050997045025872989e-01
1.985892168984050576e-01
-3.131105053486400724e-02
-3.195861353880766198e-01
-4.588462190753009873e-01
-3.275988987678288833e-01
4.049988532745489866e-01
-3.750178408188946100e-01
9.999262328965291546e-01
1.000058822681780812e+00
-9.065909956619946919e-03
1.784023415272636415e-01
1.982320930157875638e-01
-2.218331646170125515e-02
-3.339940639187077842e-01
-5.999218623992984556e-01
-9.997412054047631891e-01
1.956434400558518527e-01
-1.158588383335700488e-02
