-5.998611214936738767e-01
-5.999646692272830872e-01
9.999873990237918564e-01
7.437789129397981425e-02
-1.000028784813131066e+00
-8.216562588701896708e-01
-6.000253128239660949e-01
3.254913497280841755e-02
-7.929184391803505427e-01
-3.417522980805858257e-01
1.003211184670270706e-01
-9.999661081761858084e-01
1.989097101737108408e-01
5.031284258529396258e-03
2.092011587225883762e-01
4.158211569754188819e-01
-1.227867057012441490e-02
-1.000014940100325544e+00
2.173147311617931177e-01
1.252821465986056759e-01
3.937765007718457833e-01
3.831204824544388599e-01
-3.848251234602540483e-01
-8.004336455885073809e-01
-9.998770548774057465e-01
3.962153891207671474e-01
-3.731025417456754201e-01
-6.001644129937595551e-01
-2.969156741194992066e-01
1.000850993563261321e-01
-1.000120616698426446e+00
-8.162206676948610129e-01
-7.730049638170840565e-01
-1.000224453679812608e+00
4.934373627611363111e-02
1.000015557413642897e+00
-9.999101982059940275e-01
1.000140098652309684e+00
3.905681346375012852e-01
-5.997406096029384015e-01
1.000044297626716094e+00
-7.971057666953782483e-01
-3.037151939573133896e-01
1.000009940549259763e-01
-2.944120995610968183e-01
3.953143333282058691e-01
9.990833276022929865e-02
9.989080418770587833e-02
9.995061463905371979e-02
2.028053123452886741e-01
-1.000030266903029430e+00
-7.985578023750804499e-01
3.981079882685280569e-01
3.911256473174323789e-01
-3.097595354461901707e-01
-9.999846486292714998e-01
-8.071454238552744354e-01
4.130378694547243712e-01
-1.993957079174019445e-02
-1.000137528702619960e+00
4.415689823551386534e-02
4.119140886675916602e-01
-9.998038977828130891e-01
-3.399615000832828526e-01
-1.000057438304146507e+00
9.994448594259042196e-02
-1.000014622278684984e+00
2.419555596769091751e-02
-8.018989329900522156e-01
4.018307598405996273e-01
-6.001664140369269429e-01
-2.611464349382675576e-01
9.996034204443050852e-02
4.865083563820740697e-02
1.970022218898086763e-01
1.000555675123321192e-01
2.134688008082163690e-01
9.997985797098970506e-01
2.003513610252767932e-02
-8.020040223134506929e-01
4.066854901873563910e-01
4.119717175707101608e-01
1.850311026644751722e-01
1.959837677018332613e-01
9.999408439973752616e-01
3.898360381303206390e-01
-1.000047011998687285e+00
-6.000860975631749916e-01
-9.999468198436770594e-01
-1.204074343229921164e-02
-9.999456906396506639e-01
1.001199678074316396e-01
9.996037785896862149e-02
-5.999217887725666332e-01
3.197533624141721958e-02
-7.931802421138453019e-01
-8.057986703135450179e-01
-2.737345676571683040e-01
4.038370497116698932e-01
-2.247215965296146534e-01
3.996793442309498623e-01
-8.052810210982959127e-01
-2.344726111050194350e-01
1.001142539397524844e-01
1.002370611161832875e-01
1.000111712026219291e+00
-6.638421697408102007e-02
3.983094972693803637e-01
1.001746997577289550e-01
-3.127375316661307192e-01
1.944061790217049557e-01
-3.080541175790084130e-01
-6.001918226360819508e-01
9.998882642805515530e-01
3.966719717922619348e-01
2.202473443993744617e-01
9.995653952435162859e-02
9.999984004638743373e-01
-9.999975332017900786e-01
3.813039128955728607e-01
1.000015754364052878e+00
4.076181154429073250e-01
9.998120457447051690e-02
3.876816405543260791e-01
-5.998826993737325086e-01
3.972618163254570955e-01
-3.406336754078469475e-01
4.112914392920815065e-01
9.999005024900967653e-01
1.000020697689124161e+00
9.999299838742033153e-02
2.123549414072577191e-01
4.035850056218189819e-01
-7.850844182309156816e-01
9.991859148137820223e-02
1.000046885601856728e+00
9.997009180127355288e-01
-1.000014883600571114e+00
-6.000758787954034723e-01
3.866503412781627791e-01
7.790118404082214953e-02
3.924748615576917343e-01
1.000154150630060551e-01
3.979111828736569545e-01
-7.374971662538875455e-03
-3.040911905025290296e-01
-6.001416275096056463e-01
1.916089713096602309e-01
9.999470919806847657e-01
-9.998873907847178888e-01
-8.079885311982734075e-01
9.999821581209094035e-01
3.948315205832829133e-01
-6.000388637531280933e-01
1.000327650553766712e-01
-4.799588064788492398e-02
-2.952825062960899305e-01
-7.947696462629646463e-01
1.942840063131996420e-01
1.001968513210977768e-01
1.000103041749683008e+00
2.025183691467179470e-01
1.846691983626685685e-01
-2.750315047536929236e-01
-9.998347030457310769e-01
5.207337283706944472e-03
3.868992895940384091e-01
-7.913611440193103475e-01
1.925786029810441780e-01
9.999081557060051084e-01
-7.931389975449233409e-01
-5.999488026077146596e-01
-1.000036585354397989e+00
-5.088570156457224158e-02
-2.299042211180301054e-01
-5.999453030714421153e-01
-4.820230141203853125e-02
2.077909248261520236e-01
-1.000164785216328012e+00
9.998428217822794561e-01
-7.938368297666789086e-01
4.113946531021470121e-01
-3.527962155591600202e-01
1.000022704952571395e+00
-1.000033251824445246e+00
6.612096867374686604e-02
1.963425749705300927e-01
1.003032928220918274e-01
-8.010101627679658831e-01
-3.109042785085428529e-01
-1.762337001423027946e-02
-2.841824034837352464e-01
2.107811764804303767e-01
-1.867808087165169495e-02
-6.000205936498869130e-01
-6.000144561726225012e-01
4.013127360234692298e-01
9.999361016503323096e-01
9.996281622686721546e-02
-2.478143154683072058e-01
2.177143401496920427e-01
1.000859878426667848e-01
9.992894454761309941e-02
-7.956167301230915312e-01
-6.000756163780186503e-01
-5.999108334989854407e-01
1.000144436225982592e+00
-6.001762395258011251e-01
-5.999135495974939891e-01
9.999578354530944679e-01
1.976883269712214897e-01
-8.205074174409974219e-01
4.081061334050499201e-01
2.742940492601404073e-02
2.016417003691190479e-01
-8.170484080838078533e-01
-9.999379786040122342e-01
-8.007799444775782760e-01
-1.000182665993965658e+00
9.999455228686099373e-01
1.000123168358576509e+00
-8.242330589197286450e-01
-2.835051907770561042e-01
3.031821507897280651e-02
-7.972042922941412479e-01
9.999240210794224648e-01
-6.001431550744913412e-01
1.001385466935807850e-01
-9.998153368625234405e-01
3.885356577738786621e-01
1.992812932992975294e-01
1.000023629857141882e+00
-5.999857331361005963e-01
-6.001288947747053237e-01
-2.057986312507971982e-01
9.998934292452238415e-01
1.000173923174357965e-01
1.000059940006119863e+00
9.999314011859978812e-01
-1.000154002118539109e+00
4.005993814450747315e-01
1.003057492247581978e-01
3.993481613539176522e-01
1.000120645051432444e-01
-3.542826967799217464e-02
3.936448011380291878e-02
1.937056215015734439e-01
4.057981992803969540e-01
-8.047326763119287962e-01
-5.999696664381063416e-01
4.026335554537852635e-01
9.998897198171583511e-01
-3.038435474512100193e-02
-8.037893204834519745e-01
4.106618730289735009e-01
-3.610211221282620675e-02
2.194598125231231878e-01
-9.998698695199724762e-01
-3.368384351180181979e-01
4.025450928711690746e-01
2.049775900634755732e-01
-5.647003111517090446e-02
9.996874074715168534e-01
1.000227889275106197e+00
9.999125223844617105e-01
9.981836030222872302e-02
-2.011073345128228107e-02
-1.000013170694335596e+00
-2.258501695983663460e-01
-3.259468006244620741e-01
1.000225856838965921e+00
-8.013840576148258954e-01
-8.168585035904097902e-01
-5.999929780434737348e-01
-4.458501495959466543e-01
-9.997546932774331596e-01
2.087995055237773789e-01
1.000197485771642802e-01
-6.000323457214989942e-01
-9.711062081581981961e-03
1.000133400355495139e+00
1.935347636352296452e-01
1.957089941310363734e-01
2.240915859237017568e-02
-2.698972085336632798e-01
-2.250457864954840681e-01
-3.475708416816835067e-01
4.011157315526594491e-01
-2.397473776332796347e-01
1.000101771837815345e+00
9.999126391688070159e-01
8.489023122144317979e-02
1.962274708134566226e-01
1.834565867403442352e-01
7.548589070680337965e-03
-3.174487816562076015e-01
-5.998543873102776258e-01
-9.999949496680887728e-01
1.988390630644479296e-01
-5.882831087170944939e-02
