-5.999888309932488450e-01
-6.001509042590300602e-01
9.999836138880673353e-01
-7.913873988495490064e-02
-1.000042312029461034e+00
-8.041472940191345398e-01
-6.001095570243114574e-01
3.617232019852676100e-03
-7.769510017676546365e-01
-3.018734677303825387e-01
9.996096651488019236e-02
-1.000094654198828037e+00
1.911673202117672721e-01
-1.343848644877600473e-01
2.063890896690206422e-01
3.974175922549459394e-01
-2.087177080345093555e-02
-1.000080450041549662e+00
2.016431424879475687e-01
8.512110981668437326e-02
3.980558282525724634e-01
4.010642573864579008e-01
-3.889534790573896950e-01
-7.950188051971625036e-01
-1.000016804686175487e+00
3.884065959964791981e-01
-3.800200026898060690e-01
-6.001383382667063726e-01
-3.078103971481567780e-01
1.000420944337615387e-01
-1.000035982215121022e+00
-8.012733174349703225e-01
-7.971248105883547153e-01
-1.000165666923052088e+00
-5.402174388581837405e-02
1.000074266444922699e+00
-1.000051847374190839e+00
9.999932683196967043e-01
3.911762477377980218e-01
-5.999486867783200283e-01
1.000039514752316450e+00
-8.124145885792573019e-01
-2.472557261259998307e-01
9.987472135074172697e-02
-3.930054441215735106e-01
3.818588911599582469e-01
9.996286821056049599e-02
1.001281738124777249e-01
9.989777177351949478e-02
1.986874178807653823e-01
-9.998655600816386269e-01
-7.762631078161540410e-01
4.091451904401025019e-01
4.100955121737886455e-01
-2.417147627175772195e-01
-9.999905396023274218e-01
-8.181269085553544151e-01
4.203009735977170092e-01
-4.164411359504358034e-02
-1.000119067591959343e+00
-3.882649408934499280e-03
3.940615209293485410e-01
-1.000119982206232994e+00
-3.540252370559655026e-01
-1.000025664959001803e+00
9.995876137679153561e-02
-1.000067322379878831e+00
8.909168939138556453e-02
-8.090415698325756910e-01
4.132774656435848071e-01
-5.999893622386471836e-01
-3.133898323514607287e-01
1.000933584151570688e-01
6.807055892193251967e-02
2.017354173615180934e-01
1.000997643591199776e-01
2.040085249651301391e-01
1.000024690191074983e+00
-1.193123356631008679e-02
-7.997201126421956685e-01
3.796415280005809856e-01
4.020127924008410902e-01
2.023134645785407693e-01
1.993914232069198267e-01
1.000005938954816376e+00
3.993650148593565485e-01
-1.000103957462024962e+00
-6.000230675261802871e-01
-1.000017856720620379e+00
2.627700099587132465e-02
-9.999499073687202477e-01
9.985173077875317271e-02
9.992956409753006586e-02
-6.000476411946134014e-01
-7.974519624907716597e-02
-7.936853555340579458e-01
-8.039745756979390645e-01
-2.651257157580125812e-01
4.001956321154409024e-01
-2.640953815184440834e-01
4.084142987524598811e-01
-7.899771772268034953e-01
-3.625303627631648595e-01
9.998925489777867048e-02
1.001090925054198000e-01
9.999936614394965284e-01
2.877484229795117254e-02
3.918402356141440501e-01
1.000580113010287459e-01
-3.702946920912089102e-01
1.909968012408001514e-01
-3.020698083147583257e-01
-6.000179454659492206e-01
9.999437194152189790e-01
4.107289233764194192e-01
2.123074487967423762e-01
1.002477643961136311e-01
1.000149992114599096e+00
-9.999218489306483937e-01
4.108342296369956737e-01
9.999580835103583087e-01
4.019151473283434362e-01
1.000304782663682945e-01
4.126873354164324326e-01
-5.997981272637773476e-01
4.128045267077772307e-01
-3.450872431674993912e-01
3.966275319926690357e-01
1.000118290311720504e+00
9.999978802789082355e-01
1.002939707305531419e-01
2.111049473532187470e-01
3.868570264618701460e-01
-7.989840110218840996e-01
9.990571002586197402e-02
1.000041001642066218e+00
1.000033290139666020e+00
-1.000003868854175693e+00
-6.001552551085059806e-01
4.070715982650190412e-01
-8.577371401965699915e-02
4.059610027512072228e-01
1.000138437056474205e-01
4.025692719839044642e-01
-7.376491465213733112e-02
-2.426632615067395304e-01
-5.998624239162178018e-01
2.105743186900837782e-01
9.998360962222763160e-01
-9.999866278762991056e-01
-8.072467445779295536e-01
9.998560633291031507e-01
3.977984368560512074e-01
-5.998786317264944712e-01
1.001003431613352312e-01
-2.007773835024720052e-02
-3.117786285736768859e-01
-8.037278163158330102e-01
1.779540028738416657e-01
9.982698421087894680e-02
1.000038043629052131e+00
2.000858267302566829e-01
2.030525107547299646e-01
-3.142593029331343657e-01
-1.000161775759891514e+00
-4.910496618430642418e-02
4.041647578826908505e-01
-7.873361692322830008e-01
2.134594660967823465e-01
1.000010259522928546e+00
-8.076479000319308765e-01
-6.000838105852633886e-01
-9.999924097510091148e-01
2.158737706700221762e-02
-2.899589240837941451e-01
-6.001349572808595267e-01
1.010534610027969370e-02
2.100961633656420746e-01
-1.000077001415712541e+00
1.000080197320192710e+00
-8.132564651855411775e-01
3.928540824488387928e-01
-4.048933536020149493e-01
9.999495949831403996e-01
-1.000120735277082673e+00
7.729389081215716495e-02
1.946607492102347958e-01
9.998815465238412858e-02
-8.060293867905592435e-01
-2.485447777828656557e-01
1.028245420229883383e-02
-1.781336258240481252e-01
2.027567934556458451e-01
1.002458796002228536e-01
-5.999304060155317142e-01
-5.999985340823016378e-01
4.069330442629700562e-01
9.999669512439667285e-01
1.000780437231122560e-01
-3.155092755873887822e-01
2.084041362019874721e-01
9.983443759496687941e-02
1.001169339594027985e-01
-8.051832181219530371e-01
-6.000068103785104467e-01
-5.999858179672005187e-01
9.999205001335211840e-01
-6.000260125247081078e-01
-6.000390447868343413e-01
9.999180739216740887e-01
2.165493540062673195e-01
-7.949064813356645498e-01
3.800891155901449658e-01
4.085444294750353389e-04
1.982903966341176272e-01
-8.036621816793879658e-01
-1.000006976134407699e+00
-7.890646548494761880e-01
-9.999715768926525916e-01
1.000072218484083564e+00
1.000061723810552916e+00
-8.154419963642948188e-01
-2.987742571708230654e-01
1.038866537029694247e-02
-7.990155580671250979e-01
1.000004925950877421e+00
-6.000640750760383169e-01
1.000916418653126361e-01
-1.000019729178736272e+00
3.910701795692506089e-01
2.086252029570162259e-01
9.999048096813909492e-01
-5.998435433376536619e-01
-6.000156747817975145e-01
-2.625390645556306968e-01
9.998915678888466996e-01
1.000252744105885327e-01
9.999419178519226570e-01
9.999776497163567202e-01
-9.998835289801575321e-01
4.105135919354742091e-01
1.001129394417275414e-01
4.109772760178301287e-01
9.996201827632920922e-02
-3.111681777229909074e-02
1.587326919266082992e-01
1.938525910194262292e-01
3.810843672797251114e-01
-8.032480915038316960e-01
-5.999294015747347331e-01
3.924211931517464502e-01
9.999899264672059696e-01
5.972356957559637330e-02
-8.111942830667695503e-01
4.051131391029486051e-01
-3.396031893603065205e-02
1.961631658988202409e-01
-9.999888115380720643e-01
-2.283370952561256106e-01
4.137381818299352698e-01
1.894854393996667496e-01
1.379602178014175708e-02
9.999209911171740295e-01
9.998545108888329258e-01
1.000181707533318809e+00
1.000109360619220317e-01
-8.059387766438155451e-03
-9.998889211821672118e-01
-3.009880230132177537e-01
-2.850472956087019560e-01
1.000038804240976020e+00
-7.901138149264493871e-01
-7.682238909632875812e-01
-5.997950160838713130e-01
-2.447168076602483366e-01
-1.000149445866202136e+00
1.790577025572576697e-01
1.000443530008280624e-01
-6.000658702812440293e-01
5.763839444152127345e-02
9.998964208794552944e-01
2.062340337945245405e-01
2.126403799269062367e-01
6.660107969488957003e-02
-1.922080990925558730e-01
-2.808605401116188727e-01
-2.721329704901109259e-01
4.001283704182039824e-01
-2.714473336056273389e-01
9.999554982008604931e-01
1.000097927492518801e+00
-4.658003322030062525e-04
1.875269786142967909e-01
1.820423089277082018e-01
-2.827281487471459097e-03
-3.441014760942355255e-01
-6.000215605598242519e-01
-1.000152820385816099e+00
2.025042971165625094e-01
8.765306156174405838e-02
