-6.000591735570173224e-01
-5.999092703342320254e-01
9.999904433389487091e-01
5.822262696763911421e-02
-1.000076615178729034e+00
-8.064495624618480685e-01
-5.999089521716429729e-01
3.179000856836954048e-02
-8.168005636357891230e-01
-2.903108393537106036e-01
9.997711281059083743e-02
-1.000074156681838744e+00
2.017684942303197559e-01
6.903075043928134924e-02
2.034601987220742425e-01
3.943118376030437244e-01
-2.734222337996832994e-02
-1.000128004358445954e+00
1.955966688970002254e-01
-4.196424247379133832e-02
4.136744915586643701e-01
3.952610497820259194e-01
-3.840624248838251376e-01
-8.150260469725482126e-01
-9.998325572262451999e-01
4.043167485749917245e-01
-3.233535851828874264e-01
-6.000915806678355224e-01
-2.183660609885226256e-01
1.001399317297962527e-01
-1.000011402416590256e+00
-7.796823600409789057e-01
-7.969406941452692461e-01
-1.000161921152085132e+00
-3.258047056906603761e-02
1.000060133618622560e+00
-1.000019975075817857e+00
1.000013800395688657e+00
4.035021223896647080e-01
-6.001325953461009721e-01
1.000045586380639673e+00
-7.970280991006346571e-01
-2.789592215938509479e-01
1.000117985751284577e-01
-3.133189931495498071e-01
4.093366258357366005e-01
1.002041999692122320e-01
9.975666032533903049e-02
1.000268294760790211e-01
1.848677293156566481e-01
-9.999946507945337570e-01
-7.969793500266905140e-01
3.930678865807057387e-01
3.832493556786297217e-01
-3.703441902598935132e-01
-1.000056229995765600e+00
-8.071080869906293032e-01
3.893190272042467703e-01
-2.361501989597383083e-02
-1.000145316321273015e+00
-3.264469890564394156e-02
3.996920357972572058e-01
-1.000036281226715174e+00
-2.681003487235233962e-01
-1.000150412727806692e+00
1.000799332366269917e-01
-9.999524680794765752e-01
-9.649201744388425511e-03
-7.902203656539666943e-01
4.170953081322616440e-01
-6.000666266984955310e-01
-3.333579468732186801e-01
9.991047444326280058e-02
-7.582132479148312454e-02
1.993233962072860077e-01
9.995281451098718406e-02
2.024750916249704324e-01
1.000167815588929310e+00
-2.950377631455455493e-02
-8.001702854689908273e-01
4.082075744965767972e-01
3.966250673706593344e-01
1.964979968256432563e-01
1.935354997459735882e-01
9.999288764728730960e-01
3.982284079961286305e-01
-1.000016041397723487e+00
-5.999504544148372975e-01
-1.000161405315763252e+00
1.890356488785585945e-02
-9.999680236971154601e-01
1.000508681071009542e-01
9.994993145731889683e-02
-6.000077530026747263e-01
7.817226945958832135e-03
-7.991106671269386785e-01
-8.022412364824134112e-01
-2.412403922794006395e-01
4.157363945316480680e-01
-2.419132379661074750e-01
3.916345878231365374e-01
-7.975646977547468097e-01
-3.691117883441472625e-01
9.976304428825781556e-02
1.000350805997059778e-01
1.000067219560231147e+00
-5.352132849019134581e-02
3.929675252770991611e-01
9.996636426104907325e-02
-3.669067171436338204e-01
1.874596142650579444e-01
-3.749232060744880912e-01
-5.999217247655362906e-01
1.000029332611075183e+00
3.899177558598302396e-01
2.034505607377591063e-01
1.001425166256412064e-01
9.999719033197255191e-01
-9.999275375189706772e-01
4.005122536817719570e-01
1.000025394706001602e+00
3.926686132202210633e-01
9.994351293991224350e-02
4.043908603673256885e-01
-6.001986191600248155e-01
4.033785495419652811e-01
-3.301112442776156231e-01
3.885829458854896390e-01
1.000285500293234708e+00
1.000026738777004098e+00
1.001374385114692095e-01
2.184297479859222957e-01
3.907926050333236367e-01
-7.797275704930332063e-01
9.989602048343572405e-02
1.000075057480603213e+00
1.000048250691405904e+00
-1.000050962387506681e+00
-6.000837307369158991e-01
3.886009010489603899e-01
-6.391738951731372465e-02
3.805546513980168077e-01
9.997083498009565194e-02
4.068881759492802286e-01
-7.909812394585054307e-02
-2.293038918797440096e-01
-6.000955530047578090e-01
1.855584913080579323e-01
1.000110811510907416e+00
-9.999819842809704040e-01
-8.191127121019919910e-01
1.000021067995386703e+00
4.087836981034029260e-01
-6.001803933305180916e-01
1.001419829249726723e-01
-2.433415374768665724e-03
-2.812039918701627617e-01
-7.950000875581539894e-01
1.981546610493288563e-01
9.997083010266417935e-02
1.000059055628292670e+00
1.998702329563289415e-01
1.981071108687909033e-01
-3.858110393077200939e-01
-1.000097714769159651e+00
5.664467596152853585e-02
3.967911066574712486e-01
-7.828451729701534356e-01
2.056670943153157127e-01
1.000061409831278336e+00
-8.050234415212342842e-01
-6.001328904472650327e-01
-9.999365880744220947e-01
6.174697779636474648e-02
-3.190746276673304682e-01
-6.000695958490780413e-01
-2.515647382587288261e-02
2.082795876337568131e-01
-1.000035544085533301e+00
1.000049796251389900e+00
-7.792122252823713291e-01
4.032771339264251131e-01
-3.470768288820235692e-01
9.998737042491031568e-01
-9.999129963329972393e-01
-5.074582773026557921e-03
1.975099822920445558e-01
1.000493390778073310e-01
-8.055302264091968034e-01
-3.663264627973327192e-01
-4.888983521770612350e-02
-3.872865308762001302e-01
1.786701542034121459e-01
-1.383573719778105442e-02
-6.001263559399738767e-01
-5.999658352040170284e-01
4.052916841144975080e-01
9.998619633860263978e-01
9.991450244441234252e-02
-2.832220303187915067e-01
2.068335546067794350e-01
1.001563357630821938e-01
1.000374856378084820e-01
-7.872665767675365300e-01
-6.002302042887415201e-01
-5.998480806988407688e-01
9.999904895147576633e-01
-6.000831776888615465e-01
-5.999750098152234479e-01
1.000112742402065935e+00
1.893500285418065754e-01
-7.966279662584516696e-01
3.894796639885601541e-01
1.212343680252110992e-02
2.006049867587614277e-01
-7.929931030438894801e-01
-1.000025645787289807e+00
-7.966908694414180925e-01
-9.999200909555526762e-01
9.999012170973698987e-01
9.998792829269593785e-01
-7.955337521331069528e-01
-2.988622405748604383e-01
3.934912530390669017e-02
-7.964828771251181161e-01
1.000123887678793455e+00
-6.000917838682926497e-01
9.993402111422382272e-02
-9.998708940633246334e-01
3.928095837951195990e-01
1.937484202816076306e-01
1.000053911134764384e+00
-6.000589985154911599e-01
-6.000128931620865025e-01
-2.611289239624804970e-01
1.000036147157967958e+00
9.997930340401718630e-02
1.000022857087322636e+00
1.000145994446376640e+00
-1.000019442091362176e+00
4.213641698462021745e-01
1.000458429853223752e-01
4.037879216441798702e-01
1.001378236616362744e-01
-6.439743066628782209e-02
-6.717201574163166045e-02
2.009767680623956443e-01
4.086867821561419589e-01
-7.987838307289987227e-01
-5.998891814059975625e-01
3.995377197729914065e-01
1.000009172821441750e+00
2.842819004412506373e-02
-7.876005067764685341e-01
4.071995202175786588e-01
6.190853336302788723e-02
2.105231594721215238e-01
-9.999994003559090627e-01
-4.480414479345290468e-01
4.011309744461589166e-01
1.822502018780270405e-01
-2.348347342034495452e-02
9.999163143330553893e-01
1.000007809735131925e+00
1.000023930571181774e+00
1.000016212411428546e-01
-6.216452672508965271e-02
-1.000081126001694187e+00
-2.960433957823389584e-01
-2.353101893546100110e-01
1.000004212985627028e+00
-7.985976954477248535e-01
-7.964289274881209968e-01
-6.000776283439043235e-01
-3.396816060783116042e-01
-9.998504955667734118e-01
1.910734607851367894e-01
9.986320610771909356e-02
-5.998761009579649528e-01
-3.848328170483941019e-03
9.998409887865670198e-01
1.848938032356773342e-01
2.010560378793974090e-01
-5.237725535824609008e-02
-3.314367497456939815e-01
-2.452696191368966272e-01
-3.495584981275327019e-01
4.071382847962017881e-01
-3.689952688047283269e-01
9.998851913223049115e-01
1.000119552366886655e+00
1.327871406950178849e-02
2.022444937656966979e-01
2.028802408449138506e-01
7.736946552466095195e-03
-3.641203432075874602e-01
-6.001775543298362159e-01
-1.000067012811780343e+00
1.896452368650071441e-01
-2.293951300353651909e-03
