-5.999316046907255950e-01
-5.999459319234167198e-01
1.000037784695837706e+00
1.147917367780756752e-02
-9.999479261113697337e-01
-7.940134723001960326e-01
-5.999370481656661758e-01
7.491137876986340982e-02
-8.168059167512911056e-01
-3.430467806491717120e-01
9.981312864486042991e-02
-1.000072455863117549e+00
1.820837303042870392e-01
-1.195232275066657884e-02
1.854651198977589621e-01
3.980178599439348486e-01
-3.186548206729462179e-02
-9.998653588073549425e-01
2.036917557744109541e-01
3.770896421309076485e-02
4.187983186674772984e-01
4.166926171456036276e-01
-3.139606149772615207e-01
-8.085283596190675492e-01
-1.000088608825062009e+00
4.049189965025867810e-01
-2.777094470126544867e-01
-5.997596555030244581e-01
-2.248231161143450785e-01
9.994767142777269409e-02
-9.999611447640557316e-01
-8.198787228752193457e-01
-7.993472453620739104e-01
-1.000154664279553796e+00
-2.018028937825609714e-02
1.000239951789644977e+00
-1.000075601951703419e+00
1.000092878480743686e+00
4.146146704230636582e-01
-6.000382215239249417e-01
9.999323257027369349e-01
-7.878393850170124502e-01
-2.952617771602688013e-01
9.999056259057559348e-02
-3.215428606773388376e-01
4.044803132208992791e-01
1.001780122436568138e-01
9.996363017206993939e-02
9.999575814886967062e-02
2.053107020875695188e-01
-1.000019336315426166e+00
-7.920012489892916951e-01
4.213846592284932746e-01
4.080123379762961577e-01
-3.134338424592313377e-01
-1.000031368910347940e+00
-8.178492008468432051e-01
4.044585193067234408e-01
-6.526378314090074129e-02
-1.000011321190490854e+00
1.727115404025892156e-02
4.172123972520682678e-01
-1.000001068233505874e+00
-3.010881083915166179e-01
-1.000060895347216094e+00
1.001223289204192235e-01
-9.998272145000715039e-01
1.025067092427412868e-01
-8.103120050268696195e-01
4.059822988394015675e-01
-5.999166404791481666e-01
-2.597934432479159228e-01
1.000007557263093844e-01
8.794368930859858269e-03
1.938793006308743572e-01
1.000265064054425557e-01
1.891086290307903706e-01
1.000136075456725226e+00
-3.193800233319847581e-02
-8.055293715584835867e-01
4.230404768611694677e-01
3.989667014929879629e-01
1.844612903993977093e-01
2.083482071588145523e-01
1.000158140153538211e+00
4.005902408031246642e-01
-9.999826041979303914e-01
-5.999075941019111902e-01
-1.000005162429135286e+00
-2.650512842049172063e-02
-9.998812007190958084e-01
1.000075720014074465e-01
1.000917724407956871e-01
-6.000306082529214269e-01
-5.950160575306556732e-02
-8.013025446751690373e-01
-8.067717397657427902e-01
-2.909963401423006912e-01
3.988524999736487997e-01
-1.838698193554007543e-01
4.229005433696072513e-01
-7.879492518696331604e-01
-2.508674874702176427e-01
9.997126562443572895e-02
1.001225376105727982e-01
1.000036717758935545e+00
6.245834638358051250e-02
3.972404712670729032e-01
9.998276507312621464e-02
-2.787613929946792246e-01
1.883595758262152642e-01
-2.744967035662880805e-01
-5.999847336309727108e-01
1.000073482947791970e+00
3.976187031824007789e-01
1.934147181203747512e-01
9.995639317250586131e-02
1.000101510518982328e+00
-1.000030618151435124e+00
4.051149938446211296e-01
9.999466842585623683e-01
3.969329627746036593e-01
9.989275954921941758e-02
4.009916974503473508e-01
-6.000534326076530922e-01
3.932378042254965345e-01
-2.749268192553448453e-01
3.798460772317344691e-01
1.000023310139843913e+00
1.000259526856593251e+00
9.981741172383783167e-02
2.115388298328764460e-01
3.919373277822251200e-01
-8.081984227193332870e-01
1.002025411016251311e-01
1.000097358083627874e+00
9.999629528805717982e-01
-1.000054323273633639e+00
-6.000216866489485046e-01
4.043183474762803709e-01
-1.618560668901644628e-02
3.944961708297042291e-01
1.000174082010307913e-01
3.831263771860079492e-01
1.512621484373451002e-02
-2.629080808361204946e-01
-5.999077441174334169e-01
1.701464142660768508e-01
9.998184978115357557e-01
-1.000035239810430854e+00
-8.166252767183354022e-01
9.999411899251490210e-01
4.076699923322260610e-01
-5.999574116989433437e-01
1.000067256690933687e-01
-2.382187907045074920e-03
-4.014579442999067216e-01
-7.830025817427445078e-01
2.075493136867088140e-01
9.998593905822134031e-02
1.000036665206117226e+00
1.921617161509265037e-01
2.086201912292688920e-01
-3.186584884210456048e-01
-9.999808564306046366e-01
-5.602205048476543991e-02
3.927118073021162448e-01
-8.070574238052862226e-01
1.859985240888661906e-01
9.999098511004850254e-01
-8.000863928031001215e-01
-5.998756814223785705e-01
-9.998784771087397827e-01
3.243585669904260754e-02
-3.668296608743835119e-01
-6.000498068640874871e-01
-8.325224440974316950e-03
2.095441738009631572e-01
-9.999282941043244888e-01
1.000069378381973850e+00
-8.033948375430480793e-01
4.031170352546313285e-01
-3.213529923296040147e-01
1.000143029901448655e+00
-9.999320249285741369e-01
-2.104819630906612504e-02
1.938404351535756576e-01
9.986666575991212658e-02
-8.154246285266770755e-01
-2.548959896299646810e-01
1.062535362328662948e-02
-2.717689947666988015e-01
1.965847153861788044e-01
7.781009993208237718e-02
-5.999574343118467823e-01
-5.997724717712439313e-01
3.890730268482389675e-01
1.000029425284927553e+00
1.001088515337780066e-01
-2.548081980199137231e-01
2.032110328999293392e-01
9.994151173505162744e-02
1.000819606040747323e-01
-8.167710117399883396e-01
-5.998947392199116546e-01
-6.000312498770521419e-01
1.000119096748051550e+00
-6.001319243867085929e-01
-5.999266618562741904e-01
1.000246817016030354e+00
1.848671239173413361e-01
-8.010337239097340412e-01
4.002544637849363984e-01
-1.496314670608471509e-01
2.102274678835395205e-01
-8.208631903123572160e-01
-1.000004507572351820e+00
-7.924375054891309444e-01
-1.000020927338990395e+00
1.000039398679749558e+00
1.000043431600289523e+00
-8.163748139292749118e-01
-3.193360381014226368e-01
2.274368943323447009e-02
-8.035447272038307442e-01
1.000096984274539968e+00
-5.999657548978862831e-01
1.000450291403816583e-01
-9.999538836131923736e-01
3.985063018587769457e-01
2.108633525605356773e-01
1.000136701233708791e+00
-5.999237504173660085e-01
-5.999182791225767808e-01
-2.955295495840676301e-01
1.000108305868552483e+00
9.998962110920797675e-02
1.000016783605274462e+00
1.000061950574548053e+00
-1.000008772306896665e+00
3.902922388777829155e-01
1.000577661257015111e-01
3.907948529629948209e-01
1.000554968317196453e-01
-1.721118635495885382e-02
-2.106416496961103710e-02
1.896962231127923282e-01
3.868924015920224280e-01
-8.104514428740208221e-01
-6.000134980768065951e-01
3.839583113664327696e-01
9.999149857944344966e-01
3.967725595167445780e-03
-7.914568806032126203e-01
4.020599498557857476e-01
-4.874585825477694562e-02
1.771955002581892258e-01
-1.000037382569405109e+00
-2.390688210164443050e-01
4.125584891337831794e-01
1.946790894972600106e-01
-6.882187773738118741e-02
9.998000610990939174e-01
1.000088770199193622e+00
9.999809984060619161e-01
9.999584220753632291e-02
1.245831002085605972e-03
-1.000029202929142658e+00
-2.626492511640594607e-01
-2.959673844641834695e-01
9.999199528571359741e-01
-8.015488987494584494e-01
-8.127145188495887851e-01
-6.000300712541468684e-01
-3.578293238677622279e-01
-9.999354119386707485e-01
2.092466864872755683e-01
1.000564441399861698e-01
-5.998861276178313329e-01
9.019736474215894750e-02
9.999730599400022957e-01
2.118196653970955134e-01
2.046807545699269038e-01
4.371652740917724572e-02
-2.564152445179915807e-01
-3.307835989539167909e-01
-2.902124404925872647e-01
3.938681971142484750e-01
-3.669055526384755184e-01
1.000067349192543142e+00
9.999776819645599391e-01
5.714219500094652737e-03
2.069619379805802684e-01
2.041566711150883118e-01
-2.026245095311812348e-04
-2.795931429370723253e-01
-5.999991035139548012e-01
-1.000017764090103123e+00
2.011485075550525359e-01
1.841996360434068267e-02
