-6.001354788436140675e-01
-6.000615625502754291e-01
9.999726630988531317e-01
1.052764956456608446e-03
-1.000046372630297942e+00
-8.083369002924886138e-01
-5.998620478043675819e-01
1.210774906450175908e-02
-7.986213168561275833e-01
-3.781085342765519441e-01
1.000246868791409144e-01
-1.000070251107442632e+00
2.007559161395649217e-01
7.387304848901372900e-02
2.145123113942410953e-01
4.069331955862052208e-01
-3.980931090342193848e-03
-9.999347482588780700e-01
1.962542333319683696e-01
3.065973490315890976e-02
4.120152697066034597e-01
4.124881934052139765e-01
-2.283615996367538425e-01
-8.053219696276937567e-01
-9.998039991801405124e-01
3.846475894668064388e-01
-2.855444076777329254e-01
-6.000897272181717756e-01
-2.941594532118962935e-01
9.987784832219798181e-02
-1.000040165748751875e+00
-7.933113725623436308e-01
-8.110823127116245645e-01
-9.999476703942576927e-01
6.238008520381001232e-02
1.000131533212428536e+00
-9.998345781434642143e-01
9.998606883293447156e-01
3.904419935937202824e-01
-6.000482649300873383e-01
9.999360611706048507e-01
-7.897626443360505899e-01
-3.957739860299113732e-01
1.000210082995475203e-01
-3.379648714013530064e-01
3.947119976668687635e-01
9.996066354434458845e-02
1.000877654461349020e-01
9.998221346403184107e-02
1.999724190207383401e-01
-9.998667984689727506e-01
-7.767306349558306122e-01
4.117268461012852931e-01
3.990141118577051338e-01
-3.615074464590133374e-01
-9.999388595850499106e-01
-8.016291256654309860e-01
4.009440440528769245e-01
-1.700611923055740937e-01
-9.999800412683123030e-01
-1.118953104966912415e-01
4.032891908272365211e-01
-1.000074361047980087e+00
-2.913418454762888854e-01
-9.998619275509313953e-01
9.998961660157812403e-02
-1.000038675344669503e+00
-6.372669902250753526e-02
-8.144614400439347257e-01
3.815481973026981777e-01
-6.001426203081841049e-01
-2.759909799194820712e-01
9.998161118937215486e-02
3.584653466356874790e-02
1.960682034538319130e-01
1.000674426142100781e-01
2.126581234372990348e-01
1.000034776982733797e+00
-5.244850964984692360e-02
-8.074404169374049811e-01
3.928652331166893052e-01
3.844088808535910395e-01
2.005836325747808180e-01
2.011236671701833179e-01
9.999575662308453072e-01
3.893926910880003422e-01
-9.997905690118199518e-01
-5.998949272412291700e-01
-1.000119758685389826e+00
3.407775952715547119e-03
-1.000010338441732261e+00
1.000393903439055626e-01
1.001891204387429374e-01
-6.001521048734570485e-01
-7.421364082774921378e-02
-8.058129534997044985e-01
-7.760834401863467846e-01
-3.113304981048597431e-01
3.975542734847442028e-01
-3.225270299061162582e-01
3.856671523854959815e-01
-8.066189750362666722e-01
-3.112600781573641728e-01
9.981434852361970034e-02
9.999570739219451609e-02
1.000074130667575334e+00
-7.235395068642368199e-02
3.971257955367903381e-01
1.000669292928013238e-01
-3.731200645913002045e-01
1.915046843634669038e-01
-3.318118679192910148e-01
-6.000097695329347225e-01
9.998941884133820679e-01
4.086871669108977367e-01
1.951640585228407165e-01
9.990931770738208095e-02
1.000170925710825109e+00
-9.999723130627986567e-01
3.942487131864939043e-01
1.000126811116877956e+00
3.890041945029816262e-01
1.000563616309594617e-01
3.990932886650994105e-01
-5.999996397151766692e-01
4.037879951925072430e-01
-2.430964310912342996e-01
3.962304878759862481e-01
1.000058188883342414e+00
9.999587177652153880e-01
9.990389343774112862e-02
2.147812323193656892e-01
4.048173454789348868e-01
-7.938190228028325635e-01
1.001174450068862687e-01
9.999926595410639774e-01
1.000073585905624451e+00
-9.998192769462853624e-01
-6.000043785814364039e-01
3.989608006272512553e-01
-5.402726507313105643e-03
3.795537322193572871e-01
1.001966671144700477e-01
3.940677106468531421e-01
1.063197251626656591e-02
-2.331951453546757258e-01
-5.999524067784643977e-01
1.946468409293561630e-01
1.000093689101154038e+00
-1.000089560433868874e+00
-7.906142812992748015e-01
9.999990902688410399e-01
4.067667707328390669e-01
-5.999852698432226461e-01
1.001025466057198221e-01
-2.793884208197299282e-02
-2.718510560643036533e-01
-7.782950528976666504e-01
1.937089743033083289e-01
1.000526059091022130e-01
9.999240099331490050e-01
2.075163874533512420e-01
2.055195306527454191e-01
-3.212206598193421137e-01
-9.998265781003106145e-01
4.192648492320839165e-02
4.103283729118321621e-01
-8.061118090110509504e-01
2.112879008176493656e-01
1.000008937478502835e+00
-7.878509939608643320e-01
-5.999815985039136379e-01
-1.000020792270543302e+00
5.633892364441805446e-03
-3.112587486794458624e-01
-6.002016300534985804e-01
-9.807926160669921956e-02
1.971192058964869320e-01
-1.000106055726301513e+00
9.999042244259438439e-01
-7.978107488388620494e-01
4.032485285456122170e-01
-3.098226527306765510e-01
9.999564716075854953e-01
-9.999953281434892371e-01
3.608219758594079229e-02
1.836105987305622633e-01
1.000534462096711735e-01
-7.870772335274370812e-01
-3.208849913048343327e-01
-4.529230589463664920e-03
-4.166303625696854973e-01
1.883294595375454572e-01
1.295383830877449849e-01
-5.999999265631359435e-01
-5.998297766533778885e-01
3.948705440890488694e-01
9.999496122179969415e-01
9.995118026613269979e-02
-3.229718530877823679e-01
2.074923370639557840e-01
1.000247772347092196e-01
1.000335947165543610e-01
-8.041721918926336699e-01
-6.000239294088265396e-01
-6.001465567549855162e-01
1.000106285211979529e+00
-5.999890482367203903e-01
-6.000421241059703537e-01
9.999392336939967318e-01
1.925791875137919384e-01
-7.944806345995054642e-01
4.104437748296497213e-01
-1.455709054648697542e-02
2.085237264334176555e-01
-8.012222044602013149e-01
-9.999273677375440927e-01
-8.053818007761682773e-01
-1.000216087024436096e+00
9.999434504378402755e-01
1.000020727575894108e+00
-7.906555517664838328e-01
-2.783760209751636183e-01
-7.812489228096591853e-02
-8.026807229944707966e-01
9.998130308721873138e-01
-5.999236176237827678e-01
9.988990557931400061e-02
-1.000106241286710773e+00
3.940347898620100153e-01
2.156854264960786638e-01
1.000140054734931283e+00
-5.999714122695243290e-01
-6.000327322711207501e-01
-3.235553561862159477e-01
9.999816168239086256e-01
1.001904300614780419e-01
1.000062944122783515e+00
1.000045836734853255e+00
-1.000033564366308303e+00
4.004740188666880973e-01
9.998901272793259132e-02
4.059179673489523021e-01
1.000683227469800901e-01
-2.117382420623506456e-02
1.973369096832276390e-02
2.040298912057101621e-01
3.960555614662605861e-01
-7.958830692740569424e-01
-5.999463219080651832e-01
4.073092893839257433e-01
9.998407419659565143e-01
6.795889069828331408e-02
-7.920684838365338321e-01
3.859071648366662610e-01
-9.066910324952969988e-03
2.038893130286925648e-01
-9.999682996172790661e-01
-2.563571909337066246e-01
4.045420115223396507e-01
2.015943843046105188e-01
-6.691380582638670194e-02
9.999910461629997194e-01
1.000004300656463396e+00
1.000012075724692417e+00
9.990575891894308558e-02
-3.328087456823015933e-02
-9.999588551294027461e-01
-3.361975444015346537e-01
-2.650529341259565963e-01
9.999149807331811912e-01
-7.738619526231510504e-01
-7.904041386007978343e-01
-5.999075882526453407e-01
-2.757885344272515971e-01
-1.000162997599190584e+00
1.963765135165806142e-01
9.998518235233196105e-02
-6.000238047361934335e-01
-1.007022733908448375e-02
9.998040855615769607e-01
1.914153790471197214e-01
1.795300818860288972e-01
1.893986055708591840e-02
-2.696101575638112369e-01
-3.390323634867856706e-01
-3.188351019120708174e-01
4.138632164772242938e-01
-2.549830326834786054e-01
1.000004371646462387e+00
9.999318571664699284e-01
-4.257498040001006165e-03
2.062616327294982677e-01
2.026090614199180517e-01
-1.452609241193548451e-01
-2.824855692752037406e-01
-5.998999863372956876e-01
-1.000046000559048576e+00
2.007805855648129578e-01
-3.427492246459904867e-03
