-6.001910227698937783e-01
-5.999768976461855585e-01
9.998934592685820855e-01
-8.857729364057183655e-03
-9.999914483427262413e-01
-7.846790141726600609e-01
-5.999474777593304387e-01
6.458263887596173321e-03
-8.064922450564536716e-01
-3.375147941647922978e-01
9.997166346098856904e-02
-1.000048603474867237e+00
1.968224728785371025e-01
-7.378205639961828155e-02
2.113090373238989406e-01
4.171986224642647012e-01
9.620886694358332658e-02
-1.000049883844223775e+00
1.949995956833994737e-01
-1.893855745126274415e-02
4.094706533759249201e-01
3.897060999683756299e-01
-3.146417361001840329e-01
-8.127490625026717597e-01
-1.000029617459358144e+00
3.950739700553241862e-01
-3.310392850331840275e-01
-5.999585709585112392e-01
-2.234803544138778686e-01
9.995156027867510562e-02
-9.999202968682583403e-01
-7.748813984705146263e-01
-7.848829985765000128e-01
-9.999479965418693883e-01
7.059688499308636699e-03
9.998929522067807607e-01
-9.999930099713940646e-01
1.000015913643320431e+00
4.043876678752961751e-01
-5.997179735066674455e-01
9.999997584296090869e-01
-8.133619872753800051e-01
-3.113180033257192947e-01
1.000278187312850092e-01
-3.221888167517745760e-01
3.945870247801280817e-01
1.000638442895014080e-01
9.989050800894935800e-02
9.993731870355265778e-02
1.944824325026655865e-01
-9.998172084024365969e-01
-7.940573277790204942e-01
4.103449771119265788e-01
3.987606904485552217e-01
-3.065595095756071808e-01
-1.000047620732327003e+00
-8.055958333939493565e-01
3.890170525100813959e-01
9.635465734117894254e-04
-9.999108442051218848e-01
-5.939127786129218267e-02
3.903975241225020043e-01
-1.000085769155646398e+00
-3.737344751367817630e-01
-1.000073526746475761e+00
1.001951661312062286e-01
-9.999196200701629955e-01
-8.526203712174294791e-02
-7.999368088443512548e-01
3.880664527479081860e-01
-6.000699663070523382e-01
-2.662262720711440211e-01
9.987805233147374617e-02
-7.714352964858660344e-02
2.122788668245371435e-01
9.977480682371275833e-02
2.056920873638014846e-01
1.000123674083986280e+00
1.118006270006820235e-02
-7.939959767637130295e-01
4.011134448323110946e-01
3.939967513371223085e-01
1.899831185628909069e-01
1.777199526196169554e-01
1.000020656199700486e+00
4.033281307883743727e-01
-9.999086583579103182e-01
-5.999911120052362490e-01
-9.998865184878235057e-01
1.188331162565471784e-02
-9.999829176384278373e-01
1.000336901588985278e-01
1.000115884730423538e-01
-6.000211629599713214e-01
-1.268803171313368644e-02
-8.075068264287512676e-01
-7.849470312809198047e-01
-2.986009794560197661e-01
3.921295256319728972e-01
-3.295225028272634193e-01
4.090106451726970294e-01
-7.829375051265202723e-01
-3.179601073175692405e-01
9.993169929904663351e-02
9.998619928444896221e-02
1.000081681058909711e+00
-3.450859081945611279e-02
3.927961790032939993e-01
9.994835656434737647e-02
-2.805306178524168970e-01
2.045139791806574736e-01
-2.977967410102335677e-01
-5.999507532372492236e-01
1.000038202977632018e+00
4.000673829761186018e-01
2.157623009581200457e-01
1.000179737957630766e-01
9.999374371989038224e-01
-9.999948516545592581e-01
4.078121155333477299e-01
9.998731400795225488e-01
4.078797736090280512e-01
1.000098239426953639e-01
3.851229601223217225e-01
-6.001772942635349439e-01
4.048208637593202486e-01
-3.175575032982582147e-01
4.059145930533570312e-01
1.000095371433478819e+00
1.000070514487191531e+00
1.001881354596882989e-01
1.934879375274979885e-01
3.842984171658113679e-01
-8.251852828644014037e-01
9.995761837277787609e-02
9.997635564846596434e-01
1.000187956813261225e+00
-9.999986123325954601e-01
-6.000296721126087141e-01
3.990906644029039163e-01
2.039234764028114225e-02
4.058804266997430021e-01
9.998491102685033716e-02
3.874472061508011933e-01
4.012878725043574762e-02
-2.776606364639776503e-01
-5.999858973269144302e-01
2.016776478629697666e-01
1.000070490326591344e+00
-1.000120855909402140e+00
-7.977170284580488158e-01
9.998842821585460783e-01
4.067927014615178027e-01
-5.999176090626856528e-01
1.002155894237219125e-01
-3.176310482034602062e-02
-2.529710118843194189e-01
-8.088197025126788731e-01
2.076150795637248248e-01
1.001737894792670142e-01
9.998098629837945950e-01
1.936310291203598433e-01
2.097517131353658915e-01
-2.701480071042998143e-01
-9.999616892466050011e-01
4.302408686021286233e-02
4.188529537389541479e-01
-8.063134923483459282e-01
1.886949151546400139e-01
1.000111816824698519e+00
-8.003050949739161091e-01
-6.000876705167408343e-01
-9.999574776118526076e-01
-1.556377175216627730e-03
-2.912566198688004149e-01
-5.997780326889735614e-01
6.119175359664667108e-02
2.233829171401525149e-01
-9.998869031579455946e-01
1.000074853445206635e+00
-7.934946463808653094e-01
4.035443700007675383e-01
-2.721841846095863771e-01
9.998257704541524404e-01
-1.000205059331058743e+00
1.098817918733034360e-01
1.946686121501126354e-01
1.000383472862422241e-01
-8.017176865155827281e-01
-3.902467677842065830e-01
6.055356026232632666e-02
-2.652624401540378263e-01
2.010505642536620508e-01
-4.296323759165077832e-02
-5.999589426837439454e-01
-5.999924035435733050e-01
4.052705424748728191e-01
9.999292352890888358e-01
9.995076078173779910e-02
-3.546101410872836146e-01
1.810567994964979999e-01
1.000258657857338168e-01
1.001207008366957196e-01
-8.131481679954022379e-01
-6.002489009072821124e-01
-5.999333536069141326e-01
9.998049557077492988e-01
-6.000509942596771173e-01
-6.002514376362416693e-01
1.000123841151350890e+00
2.022233094335473547e-01
-7.983294602242909654e-01
3.905478051926338789e-01
1.566071727618248074e-02
2.020635444025637717e-01
-7.878936419007172010e-01
-9.999426653805940646e-01
-8.011160248999320554e-01
-9.999315899716982869e-01
1.000055403122837694e+00
1.000073336283899383e+00
-7.801212515478266329e-01
-2.954774271006160302e-01
-2.266122496464552036e-02
-8.187962569857635264e-01
9.999458875520845780e-01
-5.998806713652427014e-01
9.989514677319392966e-02
-1.000167867100170582e+00
4.165871273264021846e-01
2.080945953678912663e-01
9.999704238416404767e-01
-6.000512058362005297e-01
-6.001189781436297999e-01
-1.964069586883859242e-01
9.998992524935198523e-01
1.000244924845390820e-01
1.000016812549621603e+00
1.000080628000515448e+00
-1.000067409624917580e+00
3.946240717918925167e-01
9.986354066925384743e-02
4.146949162613503548e-01
9.985186660040402951e-02
1.543466222366764520e-02
-5.211254267585338495e-02
2.078972642368213664e-01
4.147246400825572166e-01
-7.906140823868499368e-01
-6.000028979731839573e-01
3.988016541510942536e-01
9.997455540953646969e-01
1.132426221711310297e-03
-7.876743726171614446e-01
4.037252837340293277e-01
-2.291581533118741687e-02
1.932122301503962081e-01
-1.000055959614308376e+00
-2.969317268291830070e-01
4.095725323600082901e-01
1.912292858089821301e-01
-2.695539931686356111e-02
9.999758968569016915e-01
9.999059475511106188e-01
1.000003485746512322e+00
1.000959927173619840e-01
3.172369500445137991e-02
-1.000033415944696413e+00
-2.899362043946683842e-01
-3.515421156096802391e-01
9.999556696523942412e-01
-7.966544419261435417e-01
-8.105612501013360616e-01
-6.000553399008218269e-01
-3.028382950745628910e-01
-9.999310506557691491e-01
1.922326070105151996e-01
9.996991778819232233e-02
-6.000259559978249335e-01
2.223655279681681363e-02
1.000098146712944613e+00
1.968306539990114512e-01
2.071097251090517621e-01
7.316290228672714391e-02
-3.223771597410295398e-01
-2.656768664060333851e-01
-2.661624484000055246e-01
3.929466045794781648e-01
-3.677983669821455748e-01
1.000005464672251154e+00
9.999049667471401337e-01
5.271538608853244823e-02
2.020213692778825287e-01
1.887834445122154037e-01
-2.899670161554126699e-02
-2.823392093543394266e-01
-6.002318635855646844e-01
-1.000091448796343263e+00
1.898277202740585867e-01
1.683766024938429529e-02
