-6.001282744085247867e-01
-5.999573516598312173e-01
9.999506588279755137e-01
1.001803513770576359e-01
-9.998333211711017965e-01
-7.860230129749227190e-01
-6.000539220296885468e-01
1.073536084704961591e-01
-7.926939543809126132e-01
-2.415650173708371873e-01
9.997586573243491537e-02
-9.999284850257953439e-01
1.907784113684408145e-01
-1.600534318309334778e-02
2.124204447477137658e-01
3.985630081642305700e-01
-7.775558957929587511e-02
-1.000135243561595111e+00
2.132965554231332217e-01
2.888698659252648265e-02
4.024651910722260584e-01
3.930746798592651969e-01
-3.115305569395794838e-01
-8.030664628804197180e-01
-1.000008670072844552e+00
3.903254942762351409e-01
-3.556543375704968590e-01
-6.002716267280931994e-01
-2.983106770875617597e-01
1.000443839339021229e-01
-9.999032702621436508e-01
-7.885087616343511296e-01
-7.899743130307527172e-01
-9.999235451188445145e-01
9.143290451175459937e-03
1.000007984789971882e+00
-1.000101319859005633e+00
9.999702509019186003e-01
4.029057234426718925e-01
-5.999987432103586205e-01
9.998579238739175867e-01
-7.987019691551099365e-01
-3.021198825774741858e-01
1.000757708101574911e-01
-2.470264163711105854e-01
4.004588181146149228e-01
9.981347678526834855e-02
1.000445102509638362e-01
9.983676506236272008e-02
2.022173433768934825e-01
-1.000093202793259639e+00
-7.928749685899367794e-01
3.911991858194471261e-01
4.025199841088847319e-01
-2.179717107813706756e-01
-9.999951389930431533e-01
-7.978481355713107348e-01
4.064807239397343341e-01
-8.843289581903845953e-02
-9.998045724282873525e-01
-9.523318920188485193e-02
3.979241176888826392e-01
-1.000120452255437442e+00
-2.150403249864338007e-01
-1.000079381344268992e+00
1.000062502621287958e-01
-9.999502205080164075e-01
5.400022658400748660e-02
-8.029026884041580159e-01
4.029826365222439200e-01
-6.001378573218997259e-01
-4.259231403822077988e-01
9.996720811015906427e-02
-6.683178450153647032e-02
2.120567168103808797e-01
9.999206111570375921e-02
1.862275896268408282e-01
1.000034778450144213e+00
-5.252377412444586557e-02
-8.058894034426383746e-01
3.889383807043797492e-01
4.043915112246232457e-01
1.974523431397774698e-01
1.969099509662888270e-01
9.999480491616434819e-01
3.792269241144441971e-01
-1.000020253115888824e+00
-5.997621748696465582e-01
-9.999238573675437447e-01
-2.163448531011054332e-02
-9.998286072350249798e-01
9.993112951930417653e-02
1.000089509013170619e-01
-5.998666088114755768e-01
-1.421970157367420141e-02
-8.000171801852598019e-01
-7.855488034810222953e-01
-2.200638392614339689e-01
3.854871578973584900e-01
-3.785151202926702041e-01
4.214360193405007338e-01
-7.795919382085827465e-01
-3.252035265570096811e-01
9.994990573978254633e-02
9.985289826979837358e-02
1.000116214334633158e+00
-2.044030274209609338e-02
3.956285161760978997e-01
9.995247451389087379e-02
-2.340036963700506678e-01
1.945113947622660044e-01
-3.098806487120049358e-01
-5.999570322138186862e-01
1.000077499574699269e+00
3.840969093854538219e-01
2.051199026830447525e-01
9.990332959756435816e-02
9.997791462903519166e-01
-1.000167285466521117e+00
3.802848508873598044e-01
1.000089813467413435e+00
4.074421614625874377e-01
9.999817754831975825e-02
3.933586573970675460e-01
-6.000185103076502990e-01
4.035041425577971519e-01
-2.652444333354122552e-01
3.946621819688387323e-01
9.997584969338729755e-01
9.999874670477268968e-01
9.988068118270004847e-02
1.957530955109384463e-01
4.085418326422979307e-01
-8.103433987213445322e-01
9.993583993053595238e-02
9.997973105908073421e-01
9.998997967813969545e-01
-9.998001702137878643e-01
-5.998407220956880614e-01
4.010577370702744782e-01
1.820924077417620385e-02
3.905160307599197522e-01
1.001428085036193544e-01
4.102278682351025996e-01
3.398566754549966346e-03
-2.886138790084238903e-01
-5.999439561197855708e-01
2.002937228003749959e-01
1.000063542914829240e+00
-9.999363345836888017e-01
-7.986815493100363206e-01
1.000082365341395496e+00
4.091694488650645667e-01
-5.999910997011222991e-01
1.002031536343709478e-01
5.364524330620143444e-02
-3.261203191716472993e-01
-7.913343243711751240e-01
1.975648183522316637e-01
1.002212800986471836e-01
1.000071551679946769e+00
2.060737279886806772e-01
1.942640758109016041e-01
-2.288313430415545580e-01
-9.998806528803827476e-01
2.723546473777207003e-02
3.836505486814697496e-01
-7.836541333582299762e-01
1.919877891951924653e-01
9.999893240682130591e-01
-8.042606944006297498e-01
-5.999849894816908780e-01
-9.998390880958974991e-01
-6.718951118723742733e-02
-2.973868279762381106e-01
-5.998553732497459157e-01
-4.111662452401190770e-02
1.939871186263676106e-01
-9.999069824610509194e-01
9.999029978913515082e-01
-7.984670626430672158e-01
3.860384995588549972e-01
-2.377539149150679210e-01
9.999834738461734762e-01
-1.000001244388585731e+00
-4.749781269590566679e-02
2.002080312362434500e-01
9.989628003556237645e-02
-7.938291006208345602e-01
-2.464919415545197279e-01
-5.567851788744509339e-02
-2.990088608825324235e-01
2.095586888969674100e-01
-5.346304629261747904e-02
-5.999825026629118652e-01
-6.000737565029616860e-01
4.144134396610777427e-01
9.999937524484561191e-01
1.000697370566173694e-01
-2.587572081121254919e-01
2.073914768992718149e-01
9.990890796243628857e-02
1.000952304326066106e-01
-7.916935723555714732e-01
-6.000100467104134694e-01
-6.000580374134224515e-01
1.000050203226809709e+00
-5.998783420212494555e-01
-5.999555821085983398e-01
1.000085992069492447e+00
2.006662150383886900e-01
-7.888161090439039791e-01
4.101898052020098717e-01
2.418074045151582044e-02
1.962440727884068870e-01
-7.885924323682713677e-01
-1.000155939395753313e+00
-8.152776743558289851e-01
-1.000004200894131667e+00
1.000034410160548504e+00
1.000078642984042476e+00
-7.947588033737610358e-01
-2.551840092134979865e-01
9.420739799055038999e-02
-7.858160947615506764e-01
1.000149632876352834e+00
-5.997627191477902242e-01
1.001165723171450334e-01
-1.000142457129037377e+00
3.990228294323679425e-01
2.039979228599909655e-01
1.000168968661935498e+00
-5.999958428444650549e-01
-5.998264610354324677e-01
-2.361942729217328396e-01
1.000232472633363567e+00
9.988554991983841780e-02
9.998751672189979400e-01
1.000150825561748169e+00
-1.000093372870392683e+00
4.068827425372654738e-01
1.001441561652131468e-01
3.964157282937125770e-01
1.000367194714885666e-01
-6.285322749697137834e-02
-5.265399074232044591e-02
1.982734202141862023e-01
4.062861370727121058e-01
-8.172727318355429427e-01
-6.001000502595447150e-01
4.134840616506143540e-01
9.998978761685065608e-01
-4.008337261110238997e-02
-7.885698550427299169e-01
4.023778024022071631e-01
1.178634287793686036e-02
1.989873643423953897e-01
-9.998994405094703275e-01
-3.378352328536812776e-01
4.023856202548671268e-01
1.930531197126739984e-01
9.359510532722808973e-02
9.999072458956762555e-01
9.998847808797532988e-01
9.997932042094567207e-01
9.989408371431175715e-02
-2.915726888897611502e-02
-9.999650103159840597e-01
-2.770336700144538367e-01
-2.875144699393565872e-01
9.999161061499143299e-01
-7.996170876457558974e-01
-8.021552491535051121e-01
-6.000489838635197914e-01
-2.976749705349388542e-01
-1.000050475514355108e+00
2.071565092465503799e-01
9.989042989090300695e-02
-5.998666692039048565e-01
-1.970731109863089851e-03
1.000056093272643887e+00
2.000257184737880278e-01
1.917463126626572645e-01
-3.133903090696685267e-02
-2.662507321037019814e-01
-3.252534323037106767e-01
-3.099407098637917968e-01
4.060647577331791824e-01
-3.358558168080399420e-01
1.000163478444409337e+00
9.999597615381182747e-01
1.053229675066524040e-01
2.097041687688315503e-01
1.971707868822387411e-01
-4.680780878255951655e-02
-2.605232678988881334e-01
-5.999665270520737614e-01
-1.000100770322237320e+00
1.988726263244476600e-01
1.021018127243315631e-04
