-5.999919716740949038e-01
-6.000215642405234417e-01
1.000123613739157147e+00
1.093190209375831112e-01
-1.000017019197733337e+00
-7.890076075533740685e-01
-6.001179260542950367e-01
7.774877482129934070e-02
-7.969727435806255311e-01
-3.714702100506435123e-01
1.001191305142267451e-01
-1.000110369087242823e+00
2.038261146760130815e-01
1.435174597381199714e-02
2.088631512267650758e-01
3.904458605049154207e-01
5.296681746237378446e-02
-9.999208243198237644e-01
2.036980375297772761e-01
-2.299665442853109434e-02
4.110530806052188346e-01
3.941649472374281205e-01
-2.724267866308322517e-01
-8.055247914051661962e-01
-9.998694409998190036e-01
3.955952115190003449e-01
-3.070035975811217788e-01
-6.001442845105339208e-01
-3.707656908675826535e-01
9.983253902371960753e-02
-1.000005674026947622e+00
-8.043895234381804871e-01
-8.083787363585828167e-01
-9.999954921643666728e-01
-1.961212142740469122e-02
9.999783863474078771e-01
-9.999816203305055273e-01
9.998780983450595850e-01
4.024825017450345266e-01
-5.999470096374870387e-01
1.000061902643540224e+00
-8.190866200003094066e-01
-2.720078669210120315e-01
1.000480705985135471e-01
-2.746120021938276423e-01
4.031367925170630251e-01
1.000639557905972227e-01
1.001743751065607979e-01
1.000854525583284721e-01
2.077248895634206671e-01
-1.000005744159316867e+00
-8.045452202320056978e-01
4.119402073004014841e-01
4.031327003947387522e-01
-2.477774064816723187e-01
-1.000044876086201517e+00
-7.916100781982543522e-01
4.089652688373697775e-01
-3.083950722715841572e-02
-9.997821828707548208e-01
9.557093848305282802e-02
3.902903896527141758e-01
-1.000015137354130168e+00
-2.296453438432594640e-01
-1.000004333976111326e+00
1.001002882619516088e-01
-9.997120872105148548e-01
7.673339364690132114e-02
-8.039653568703992725e-01
3.981343153934780443e-01
-5.999319341131624794e-01
-3.543384646230519630e-01
9.984897508566668856e-02
3.783410563812657917e-02
2.001504626148489785e-01
9.999438047095876581e-02
2.111461912567077492e-01
9.998613126704046783e-01
-1.073696154704172935e-02
-8.094119722512950199e-01
4.009072391416070302e-01
4.079178594480522002e-01
1.976873282462276449e-01
1.886864890713828014e-01
9.999525497981257560e-01
3.975658408018205026e-01
-1.000055934328427876e+00
-6.000217632194906336e-01
-9.999548421137435250e-01
-6.499310828945704943e-02
-1.000120578437899033e+00
9.995627881434836215e-02
1.000788723266004404e-01
-5.999092874382320195e-01
-3.504447734586266933e-02
-7.864347575734255136e-01
-8.090383622632475458e-01
-2.768446711818037254e-01
4.092282586679084622e-01
-2.638662310654984466e-01
4.212063340087195407e-01
-7.981985735568242202e-01
-3.484314795420944688e-01
9.980600955452213763e-02
9.995138249422561016e-02
9.998079792633689511e-01
4.051839517442734628e-02
4.027660370417482372e-01
9.997444896043658491e-02
-3.757807070125660509e-01
2.042311278913457318e-01
-2.412052663936382069e-01
-6.000168069197607812e-01
9.998893957516923336e-01
3.982175387932770927e-01
1.876219797605343798e-01
9.986554660800120442e-02
9.998011489478065839e-01
-9.999384919141049988e-01
4.040155351350896429e-01
9.998442599401861086e-01
4.087948218004052170e-01
9.993999959160888846e-02
4.087846249719513936e-01
-6.000425418729037341e-01
4.030514708676801172e-01
-2.873616919108670786e-01
3.967551383694682965e-01
1.000051604795656024e+00
1.000115404638641570e+00
9.997545148890447930e-02
1.890384715314329389e-01
3.906509533261471323e-01
-8.080354930692665860e-01
9.987614405851459598e-02
1.000193785307293082e+00
1.000076423848278884e+00
-9.999362420212081215e-01
-6.000028507752563911e-01
4.036864713195231213e-01
-7.548352317327178262e-02
4.065522336045830354e-01
9.980225247706536740e-02
4.149789112305317662e-01
1.384477813647410661e-02
-3.136453457100461528e-01
-6.000809565847858851e-01
2.025147262325338593e-01
9.998584088365498612e-01
-1.000035822167934851e+00
-8.006687039106207271e-01
9.998647160858802341e-01
4.068538092747256973e-01
-6.001836745439040888e-01
9.981124631883067644e-02
9.005767129898460677e-02
-2.080740807301997286e-01
-7.927142505082473978e-01
2.166561231709200896e-01
1.000315287987891266e-01
1.000000740223745632e+00
2.065117500504064785e-01
1.946736439241827654e-01
-2.826359622926469251e-01
-9.999957494686538828e-01
5.560857547273281160e-03
4.013146806157906754e-01
-7.835392345825127336e-01
1.893715442681357386e-01
9.999020496051743701e-01
-7.986967834006574174e-01
-6.000948672203435530e-01
-9.998969780730637691e-01
-4.011486573219160551e-02
-2.573833142985261224e-01
-5.998910760996256641e-01
4.706439369260011912e-02
1.965370093724752021e-01
-9.999648597067312128e-01
1.000138120876006731e+00
-7.876900999626280653e-01
3.955268780092498493e-01
-2.744704624616380872e-01
1.000044104672592971e+00
-9.998943856842347211e-01
4.691282682739004312e-02
2.051204108926141800e-01
9.996851244530656488e-02
-8.042637843569729883e-01
-3.369238086413762212e-01
6.200706193178598391e-03
-3.391654677200660051e-01
2.278769645024587009e-01
1.609393960446778640e-02
-6.001214256198436070e-01
-5.998145313926361855e-01
3.858279756851438203e-01
9.999754382828633936e-01
1.001338587521012069e-01
-2.986709588050275865e-01
1.957483463917246425e-01
9.990053167773468856e-02
1.001121256796439624e-01
-8.003338899935091844e-01
-5.999927720864077774e-01
-6.000072057450346330e-01
9.999338557899005719e-01
-5.998958610972087158e-01
-6.001722081638656281e-01
9.999947070722707831e-01
2.000753270110670889e-01
-8.034525664449487792e-01
4.143315943102189869e-01
-9.506490520126913146e-03
2.163309860193612655e-01
-8.119972718839694181e-01
-1.000006632637705506e+00
-8.129744327832785222e-01
-9.999376853874699655e-01
9.999366201166787205e-01
9.999973594747315619e-01
-7.911677884329385568e-01
-2.837338343196952883e-01
2.718599700234231031e-02
-7.967049026268800960e-01
9.999603233488623122e-01
-5.999191409767710148e-01
1.000162374628367490e-01
-1.000136052076327609e+00
4.076941203471861619e-01
2.116794848399697337e-01
1.000068670034121920e+00
-6.000988909223867740e-01
-5.999784823055668292e-01
-2.667151654527997739e-01
9.999450961633734591e-01
1.000502357615500465e-01
1.000164925297289287e+00
1.000037120603056051e+00
-1.000020662758912993e+00
4.123385079059742053e-01
1.000056135896005005e-01
3.817677519189883739e-01
9.996728249285559420e-02
1.772548820537400704e-01
4.998420126023685878e-02
1.961673073369160081e-01
3.971602687485024097e-01
-7.992601186692483983e-01
-6.002101330220914743e-01
4.255922710502718642e-01
9.999445949521780230e-01
2.928299807586016296e-02
-8.006494221162943070e-01
4.130057163807975829e-01
-5.206065740591105107e-02
2.151349348342656564e-01
-9.999984804521450110e-01
-2.885096123257243628e-01
4.048872902061700918e-01
1.806971938057200799e-01
-1.631259783851879072e-02
1.000160697746545369e+00
1.000027007541587798e+00
9.999377474800480448e-01
1.000564848220313191e-01
-7.940327645671914347e-02
-9.999072441844839565e-01
-3.680883466013239458e-01
-2.342479469038993289e-01
9.999808299448129656e-01
-7.814647532924017259e-01
-7.929969081151270194e-01
-5.998859904336920623e-01
-3.893173657506091012e-01
-1.000026938679255517e+00
2.137761267356184658e-01
1.001371469271970099e-01
-6.001082195331166602e-01
-4.641614346888563863e-02
1.000239910733448534e+00
1.952892005476563886e-01
1.973648088061193406e-01
4.245634353093621915e-02
-2.019429316181721723e-01
-3.540074935496332897e-01
-3.545349143319946883e-01
4.049074712121683017e-01
-2.977324820770976821e-01
1.000066882612130170e+00
9.998782524353452272e-01
-7.240989052262834791e-02
1.924489567546069368e-01
1.996940186453790844e-01
2.465375433320547705e-02
-2.892352469182644104e-01
-5.998473494042884102e-01
-9.998738198051837500e-01
1.968892941110316486e-01
-3.595922629760186368e-02
