-5.999117928099337860e-01
-6.001741959253508174e-01
1.000197069997728283e+00
-4.671662632052466652e-02
-1.000060579957246842e+00
-8.072229855368966422e-01
-6.000159132606197598e-01
7.066629433646397229e-02
-7.849092142743271383e-01
-2.815681883250639173e-01
9.999951273782851924e-02
-1.000027360530278520e+00
1.941286901355154249e-01
9.155308301117393022e-02
2.034478983011986652e-01
3.909564113802492247e-01
1.904926179589719326e-02
-1.000076393257514962e+00
1.874958085192645618e-01
-5.604336828251522962e-02
3.930725477042588123e-01
3.934194794632058789e-01
-3.068562430681731623e-01
-7.949928828455270491e-01
-1.000006618503168632e+00
3.958923503245925790e-01
-3.050586233215940024e-01
-5.999532287711983880e-01
-2.320937284065885120e-01
9.999713132969387241e-02
-9.999739890185904700e-01
-7.731173623743822221e-01
-7.993596693115273544e-01
-9.999869386368949176e-01
-3.047265841538606898e-02
1.000003676007185316e+00
-9.999959860548622848e-01
1.000194150618957556e+00
4.196908747871034850e-01
-5.998501894086841757e-01
1.000030761147216340e+00
-8.082702756237070130e-01
-3.436459093569855794e-01
1.000448887383546398e-01
-3.111460853624080647e-01
3.952615497440967740e-01
9.997219543313291823e-02
1.000570568306616281e-01
9.993630868107951370e-02
1.868572346693667119e-01
-1.000000305081158558e+00
-8.051302061504621577e-01
3.822587435677256007e-01
3.715726112840361250e-01
-3.390601714640186226e-01
-9.999617127883152490e-01
-7.998271195534749634e-01
4.113729423109874772e-01
1.518959246142711494e-01
-1.000007703385480395e+00
8.079510141937276679e-02
4.048875180272846763e-01
-1.000064330447679062e+00
-3.095846198806175842e-01
-9.999087532138246637e-01
1.000223542744178157e-01
-1.000096712691546541e+00
-1.183243649227607754e-02
-7.870622760760709324e-01
4.015694312406615230e-01
-5.999513876393025580e-01
-3.262272610242092918e-01
9.990491118902622425e-02
-6.376405709871428573e-02
1.958893693245450374e-01
1.000295846069237105e-01
1.844886589431924961e-01
1.000135645469180545e+00
4.783052900038641669e-02
-7.855847913861241372e-01
3.924223142289179900e-01
4.030939843651464294e-01
1.906012331182651287e-01
1.865728611203325560e-01
1.000049159519444064e+00
4.064176358701813707e-01
-1.000123155137175202e+00
-5.999420027379762654e-01
-1.000025488316221178e+00
-2.951896543435473565e-03
-1.000243691177221006e+00
1.000226727579060226e-01
9.998731535618109179e-02
-6.001318169277274350e-01
-7.214115487407860017e-02
-7.999173681944978798e-01
-8.081924543089293866e-01
-2.347158018908268029e-01
4.044845063000123142e-01
-3.007931941749973914e-01
3.936126143448115400e-01
-8.058567487212288105e-01
-2.173663935436847550e-01
9.989018192808060692e-02
9.999402176342911397e-02
9.998922072700986430e-01
-5.832033217797696250e-04
3.858939772352790176e-01
1.002694961399097362e-01
-2.733822452333991571e-01
1.877372447601919070e-01
-3.300633282125044476e-01
-5.999658234478775221e-01
1.000144395690581112e+00
4.032362214648573806e-01
1.997160249214335048e-01
9.997292572684426948e-02
9.999965953365151927e-01
-9.998289849889843151e-01
3.883997755412089137e-01
1.000042179711595924e+00
4.078796194437825928e-01
9.997545088884984832e-02
3.930348213171889760e-01
-6.000757030547482218e-01
3.978451379507935148e-01
-2.863134765998425757e-01
3.955691815541140244e-01
1.000107836316460386e+00
1.000086627572136289e+00
9.993607251742653297e-02
1.858564772709011825e-01
4.056382966485709840e-01
-8.157002986749183338e-01
1.001157810209271082e-01
1.000194919833458540e+00
1.000046586746178079e+00
-9.999969474550485238e-01
-5.999244201925792996e-01
3.978774481230629156e-01
-5.915878734370137032e-02
4.102977432984031281e-01
9.998376472518909208e-02
3.986208182494699881e-01
7.297030379485500151e-02
-3.012807472574938750e-01
-6.001835998663491711e-01
2.061736627302822866e-01
1.000069588658374808e+00
-1.000050548731973077e+00
-7.923366637173250293e-01
1.000106856389524346e+00
3.961302737445813182e-01
-6.000606512531025949e-01
9.998256628688639847e-02
-1.861593201091209931e-02
-2.400984581988915290e-01
-8.114616152980526076e-01
2.167560486227625982e-01
1.000279439645752055e-01
9.999109591719270718e-01
1.934429836078653264e-01
1.956995757507772049e-01
-3.264509551770612417e-01
-9.998809257894917257e-01
4.687377958030753550e-02
4.140217362066404005e-01
-7.937290606468195842e-01
1.957258745305409942e-01
9.998995673718086286e-01
-7.994331796157908565e-01
-6.000304112623644492e-01
-9.999284208050021050e-01
-4.438123565891989586e-02
-1.701075839032245851e-01
-6.000628616225817114e-01
4.450641144687430412e-02
1.815406834010117321e-01
-1.000071016924288347e+00
1.000108313767560375e+00
-8.003122842718722874e-01
3.834155155406254734e-01
-2.578035733921740236e-01
1.000238284656607135e+00
-9.999354349692602950e-01
-1.057979095835728939e-01
1.994069810445133484e-01
1.001382777428395932e-01
-7.906514124218629869e-01
-3.593123610350609787e-01
5.540669237896098803e-02
-3.658371689896073864e-01
1.939799232086830139e-01
-8.801437884574980774e-02
-6.000456978290558130e-01
-5.999088977779422072e-01
4.196119065804732040e-01
9.999976388974879393e-01
1.001105669177839164e-01
-3.488118834447917482e-01
2.058180124631714125e-01
1.000053538390705682e-01
9.993611535673388446e-02
-7.953910572538583912e-01
-6.000298494518465642e-01
-6.000179173803674715e-01
1.000012870133112131e+00
-6.000238939249550318e-01
-5.999139730000934145e-01
1.000178975754904664e+00
1.895558708670535553e-01
-8.045727663466656354e-01
4.060104715512509177e-01
7.860828095375826940e-02
2.197516656296402970e-01
-7.872540492556148184e-01
-9.999823962457679016e-01
-7.810307898962670636e-01
-9.997963409955982206e-01
1.000045359042626147e+00
9.999383591884540845e-01
-7.969287132020610454e-01
-2.322766301028513225e-01
9.232159548121593451e-03
-7.799883472104718329e-01
9.999813663509816708e-01
-6.000202162496285352e-01
1.000049711549676618e-01
-9.998381327849780176e-01
3.966930288562122708e-01
1.920372105267958707e-01
1.000055910851960439e+00
-5.999990047413843453e-01
-6.001403815973120892e-01
-2.463576350208461774e-01
1.000097496150811782e+00
9.995426929138288841e-02
9.998396606115730334e-01
1.000084815107948000e+00
-9.999716798021923703e-01
3.836558812221117498e-01
1.000169535009078486e-01
4.039144973287335239e-01
1.000679291159100592e-01
3.572765352795429644e-02
5.546719281957671749e-02
2.010271844476554659e-01
3.949547711482500056e-01
-7.918722172760696010e-01
-5.998999890653629041e-01
4.176100953242742331e-01
9.999684598559950288e-01
1.132293872846215771e-01
-8.011619151188051902e-01
3.919792560509526291e-01
-2.101130073855491526e-02
1.878883208489811885e-01
-1.000049224543003712e+00
-1.944262194416487843e-01
4.109135120782254624e-01
1.813657345167732637e-01
6.732389298662404264e-02
1.000148122302971565e+00
1.000032305252242182e+00
1.000080090426078483e+00
9.987620260646912218e-02
1.759520241044183753e-02
-1.000001551228321128e+00
-2.772163761147890537e-01
-3.757319919369057626e-01
1.000090019621797000e+00
-7.863053200572025503e-01
-7.977011711489976342e-01
-5.998580662890905524e-01
-2.719281551130425245e-01
-1.000003081788869208e+00
2.128932482136577098e-01
9.996781270292957877e-02
-5.999983051648845045e-01
-2.500597328368600256e-02
1.000247809011887368e+00
2.014903470666639662e-01
2.052205382327307870e-01
2.502072040127978347e-02
-2.915787507792799160e-01
-3.015560580873101193e-01
-3.938719802779228063e-01
4.200199621310213849e-01
-3.644843867240719626e-01
9.999889366504691735e-01
1.000098758478677352e+00
-1.042819171968637354e-01
2.193548687481533810e-01
1.895857469562523268e-01
9.324860305154730397e-03
-2.485574753818792226e-01
-5.999467866605756594e-01
-1.000086524646584873e+00
2.158011139447417459e-01
-1.638820637693879506e-02
