-5.999072990144586059e-01
-6.000034887198870681e-01
1.000033156371385790e+00
1.052290977603018846e-02
-1.000161353756498173e+00
-8.033853889606369370e-01
-5.999753519533074231e-01
-1.643296174995081960e-02
-8.079640773711408430e-01
-3.201217695815380404e-01
1.000507699002131240e-01
-9.999467806085218236e-01
2.029390360944833827e-01
-2.233650874524863335e-03
1.916001244501898682e-01
3.869289067032148921e-01
-1.080240445229978252e-02
-9.999257984340916838e-01
2.146263353775971772e-01
-4.019935458338336209e-02
3.724716002803158954e-01
4.124215663725894210e-01
-2.956801975799766002e-01
-8.086803940263862511e-01
-1.000022321797722880e+00
3.906911020587907069e-01
-4.350028817344874787e-01
-6.000115052828803863e-01
-2.287843366867209904e-01
1.002312296100960481e-01
-9.999233046858092555e-01
-8.042094973578461925e-01
-8.015194718017183417e-01
-1.000029298349750961e+00
-5.262437593581500983e-02
9.999579580447048865e-01
-9.998758272726726570e-01
1.000226444602586362e+00
4.054951154201107966e-01
-6.000809497413146509e-01
9.999612969517003291e-01
-8.070170027712717520e-01
-3.255704161662986151e-01
9.999703308265787960e-02
-2.723904567814389166e-01
3.958539495882619219e-01
1.003383263752807147e-01
9.998731262711578471e-02
9.978410487235638004e-02
1.832514273415698502e-01
-9.999998916789064607e-01
-7.924292406256845389e-01
3.736951309248027764e-01
3.876233109759022466e-01
-3.097644731685659236e-01
-9.999415916943726890e-01
-8.079572473151548362e-01
4.085781120473614969e-01
6.453167677747927156e-02
-9.999675376100528590e-01
-6.647055288419319308e-02
3.956396025289047880e-01
-9.997793999185087266e-01
-3.738291764079877955e-01
-9.997962453072061217e-01
9.996430923934794543e-02
-1.000005574577729872e+00
-9.157541894526825821e-03
-8.137446861617793070e-01
3.808461989929945446e-01
-6.001378155127741199e-01
-3.478998543407848532e-01
9.986945364619698173e-02
-1.582113465792306384e-02
2.057968469246758969e-01
1.000428553353211736e-01
1.983176670943995745e-01
9.998804210036609241e-01
1.141897493829176907e-02
-8.091726839973222285e-01
3.931233357687393126e-01
4.157550865203203938e-01
2.004452873998444074e-01
1.968426956700847219e-01
1.000016697107355412e+00
4.031421604982511342e-01
-9.998840079641186929e-01
-5.999328167426575265e-01
-9.998710094536487070e-01
5.770977535423933713e-02
-9.998782475410132875e-01
1.000154224537512099e-01
1.001570267337563852e-01
-6.000708366038121078e-01
-4.626747391443328250e-02
-7.917351626089924599e-01
-7.845447667384082280e-01
-2.927207944427079322e-01
4.039929961772208422e-01
-3.497760145775877794e-01
4.092989749528380683e-01
-7.946371406602902310e-01
-3.000916322119884239e-01
1.001229245641747645e-01
1.001148470604512619e-01
9.999814923182327453e-01
1.804867096831501080e-02
4.032350581623087571e-01
9.997769730704895996e-02
-3.406030611848538947e-01
1.929442853659005808e-01
-2.612043658563834025e-01
-5.999902536077230675e-01
1.000033121127748004e+00
4.110878094211158351e-01
1.979065600757192178e-01
9.993974994484002006e-02
9.999738875586673403e-01
-1.000103942124120238e+00
4.047561114469149790e-01
9.998783559691188927e-01
4.045751820692515821e-01
9.993960858665153213e-02
4.065607919409557347e-01
-5.998816130528300539e-01
3.913554724607585245e-01
-3.582746317654907919e-01
4.006085018217585003e-01
1.000050462821858499e+00
9.999995590226418152e-01
9.985186795015695005e-02
1.830796322556482170e-01
4.138191285501106043e-01
-8.147467579599523280e-01
1.001104699100480444e-01
1.000153614565356008e+00
9.999872847228573614e-01
-9.999326293037975599e-01
-6.001198844246123931e-01
4.102418080037315562e-01
5.571945848207409541e-02
4.091628999247737264e-01
9.978444089687552032e-02
4.008030101147065372e-01
3.777713257485839499e-02
-3.322373226742261765e-01
-5.999723136043453309e-01
1.939956630437366658e-01
1.000012736797016633e+00
-9.999753060184429776e-01
-8.030913616688634127e-01
9.999334752353253863e-01
3.938817377790539420e-01
-5.999783388131605388e-01
1.001622256528499483e-01
-5.767223146225112888e-03
-2.977427713195884840e-01
-7.965278545713357916e-01
1.955907525263720081e-01
9.991444480350347712e-02
1.000054144711916448e+00
2.080817783227998929e-01
1.960845255530665188e-01
-2.538147587600692590e-01
-1.000070572218082043e+00
-5.863928983956262627e-04
3.878631737314928163e-01
-8.037189292615447567e-01
2.144682519583704372e-01
1.000086059813112493e+00
-8.081366253346937700e-01
-6.000201300186291942e-01
-1.000002486103905408e+00
-3.001758537368074548e-02
-2.628260987495690815e-01
-5.999851951579208142e-01
-6.016320174095292350e-03
1.775632116872473687e-01
-9.998741157642563326e-01
9.999034874741740131e-01
-8.048091344414791681e-01
4.070249333478172526e-01
-3.537448885021985401e-01
1.000050204802597653e+00
-9.999999806283201842e-01
1.055742442942798620e-01
2.049327815460365021e-01
9.989037655663139670e-02
-8.099213729179199905e-01
-2.910013088811446158e-01
-1.440775193775578611e-02
-3.534720198474435859e-01
1.849287647068192098e-01
-6.169627860250583018e-02
-6.001405570622242447e-01
-6.001032541384677677e-01
3.825869295574348961e-01
9.997360542200298683e-01
1.000044678455505182e-01
-2.290547975152728011e-01
2.042675919767868997e-01
1.000957877957654452e-01
9.998563144265917857e-02
-8.037935404760705449e-01
-6.000259329087268556e-01
-6.001226968477759716e-01
1.000002479299965330e+00
-6.000287650630016234e-01
-5.998556686070236621e-01
9.998604654377650780e-01
1.881129585850215280e-01
-7.919694323551135229e-01
4.047082136027582155e-01
1.273382593073280750e-02
2.011031389008542114e-01
-7.996045878278698060e-01
-1.000208726345656274e+00
-8.133715891005719456e-01
-9.999413622805644053e-01
9.999595930259833620e-01
9.999132859242845228e-01
-8.075786081674625194e-01
-2.820198529292822220e-01
7.411320269442138627e-03
-7.956188361820133448e-01
1.000048493545017125e+00
-6.000192453691989281e-01
9.989836536150954738e-02
-1.000120279418349467e+00
3.890046373798293766e-01
1.970577456746356870e-01
1.000077100030544619e+00
-5.999469156274527259e-01
-6.000036092768796792e-01
-2.610914403769584724e-01
9.999717617610496267e-01
9.990371518713302146e-02
1.000140184440702518e+00
9.997672779281310262e-01
-1.000016063690341905e+00
4.058303718096344381e-01
1.000535874780376228e-01
4.103115475335866735e-01
9.994534633015746128e-02
9.459489620520411535e-02
2.879591110394738585e-02
1.716814338984019583e-01
4.107737131415774567e-01
-7.954474982112834658e-01
-5.998967343951858711e-01
4.021671345694893263e-01
9.999953504481839950e-01
2.744425142518584076e-02
-7.901939185642353758e-01
3.842099727844778823e-01
5.025524197537856175e-02
2.035112574625248527e-01
-1.000146860471172516e+00
-2.089310982489127611e-01
4.009000602578068340e-01
2.195240455799061241e-01
-1.485946889316106315e-02
1.000087440567577035e+00
1.000139800515439603e+00
1.000062483468123986e+00
1.000003431325053871e-01
-6.625579125755577670e-02
-1.000146343782265967e+00
-2.973713083562073423e-01
-3.894837091570180765e-01
1.000152057974546871e+00
-7.908549456504672115e-01
-7.761319245099213004e-01
-5.999440031521642291e-01
-2.468535881690524514e-01
-1.000040279181865888e+00
1.918575145490745981e-01
9.989506088730396027e-02
-6.000775140072487357e-01
4.527412896526400443e-02
9.999845305103342019e-01
2.117659207284826317e-01
2.067981543537604772e-01
-4.225037339048476857e-03
-3.196390682546111361e-01
-3.222805372700549564e-01
-3.927451982753783488e-01
4.099587002167006666e-01
-2.955785410538059876e-01
1.000027772787908331e+00
9.998725934066802212e-01
4.343565039292686912e-03
2.093160334203873207e-01
1.889044048150415600e-01
-9.248394467449730372e-02
-3.303836679431313983e-01
-5.998175354053015829e-01
-1.000234259122142033e+00
1.978513823758746015e-01
-3.007794303029158456e-02
