-5.998800158259391946e-01
-5.998257547514878052e-01
1.000102920227106118e+00
1.486518260443851769e-02
-1.000134282693604382e+00
-8.236903657972918236e-01
-6.000019849590336740e-01
-6.930435705147740266e-02
-8.151548547873935791e-01
-3.337758522107667214e-01
9.994134900057384530e-02
-1.000135895236363037e+00
2.083956243385350904e-01
-4.215882881585077124e-02
2.176564674529234411e-01
4.130340292005312275e-01
8.157194103664226759e-02
-1.000044276313225788e+00
1.910218428405025537e-01
3.665209077977280017e-02
3.932783498702520086e-01
4.032860053936399014e-01
-2.810925934146771277e-01
-7.971626662398445529e-01
-1.000170676704827066e+00
4.005687987178065956e-01
-2.490160320158770757e-01
-6.000713514512677760e-01
-2.801129692508177449e-01
9.988079657835173542e-02
-9.999884516034512894e-01
-7.906263890986933163e-01
-7.876740063170745154e-01
-1.000363194413525170e+00
-5.947210346729580460e-02
1.000123436964422741e+00
-1.000103785921262034e+00
9.999379547613599373e-01
3.896849594669874461e-01
-6.001569230921927067e-01
9.998088291036236752e-01
-8.139490077495620257e-01
-1.708190548356917915e-01
9.999503469003520606e-02
-3.324622160251325953e-01
4.022833349995175722e-01
1.001466998252773105e-01
9.996687229269274333e-02
9.998246902806853798e-02
2.002121723826157107e-01
-1.000080062253655866e+00
-8.176760154284914428e-01
4.044502538871180275e-01
4.027380232779601554e-01
-3.482614226326778417e-01
-1.000182054812687182e+00
-8.121787174561884148e-01
4.038728341439303815e-01
-1.313532089797603622e-02
-9.999657671693498173e-01
4.763860089454578089e-02
3.928111734602172667e-01
-9.998280231542949759e-01
-3.665337151419659767e-01
-9.999179981017145558e-01
9.992936823821588210e-02
-1.000210893321151095e+00
3.109077289733794269e-02
-7.814137216247478701e-01
4.164365438969105937e-01
-5.999282956764787622e-01
-3.221190871629464603e-01
1.000499574881337783e-01
1.237290948812157926e-02
1.860706613360282868e-01
9.990188594508830899e-02
1.978275318183305986e-01
1.000051345311770978e+00
8.981482333644544291e-02
-7.857763366032809449e-01
3.896897002604353122e-01
4.076898412933213645e-01
2.050325638093800917e-01
2.075877447929042607e-01
9.999756708838560826e-01
3.962589717263007572e-01
-1.000021624595380576e+00
-5.998928723218658332e-01
-9.999902529835423826e-01
8.595364114165900127e-02
-1.000009639666253225e+00
1.001578014906421843e-01
9.985832043255438162e-02
-6.001735628075511864e-01
-5.667446589426283765e-02
-7.999562336554937314e-01
-7.912219931252358895e-01
-2.774774169243300337e-01
3.843108867594462463e-01
-3.083323268582541243e-01
4.014981919843868541e-01
-7.994909437150972131e-01
-3.367604800362772322e-01
1.000453719611269221e-01
9.995374956871488914e-02
9.998993970168387202e-01
-6.194443314894635538e-02
4.120704884586045558e-01
1.000421172948171289e-01
-3.373933504780660120e-01
1.994393347951017303e-01
-2.438805592790341259e-01
-6.000970252679468375e-01
9.999487771640706013e-01
3.912095563436157053e-01
2.047650545925525367e-01
1.000150918976003972e-01
1.000045258448937657e+00
-9.998530701628792761e-01
4.096961842999110037e-01
9.999574717126699097e-01
3.946415387734045765e-01
1.000265996215926462e-01
3.841626507792922363e-01
-6.001806771737699941e-01
4.001713724994107046e-01
-3.840198045932047277e-01
4.075373449067312692e-01
1.000156603088113716e+00
9.997751351653599849e-01
1.000602920184400640e-01
2.001051286428637555e-01
4.030931575878269335e-01
-8.254995714613796443e-01
1.000640219313510410e-01
1.000094866626189738e+00
1.000005973791379787e+00
-1.000095747073293850e+00
-6.000113131271107569e-01
3.884343224493534974e-01
3.279211374965139425e-02
3.977442762383837094e-01
1.001931028972273541e-01
3.975996588388289732e-01
-7.094399155334733809e-02
-3.473232805520497513e-01
-5.999562286916133580e-01
1.811470868155097558e-01
1.000005709779515195e+00
-9.998589650826448239e-01
-7.740797233021509127e-01
1.000291162698862868e+00
3.817671886662262759e-01
-5.999566047307827166e-01
9.977817389117836500e-02
2.577717697133765154e-02
-2.776384998114778124e-01
-7.886760360329847508e-01
2.236416970674222626e-01
9.991294923353861990e-02
1.000037795085398917e+00
2.181085517302307764e-01
2.108279313831704638e-01
-2.992888386109678889e-01
-1.000013103402508374e+00
-6.119896551258644651e-02
3.893292772955651571e-01
-7.885455934887179996e-01
1.880810787307279630e-01
1.000025716028823286e+00
-7.907363724210796363e-01
-5.998427211593715391e-01
-1.000076235841938166e+00
4.894495396610347437e-03
-3.164786682345416269e-01
-5.999680346466592651e-01
1.794649649130486760e-02
2.063572004754515021e-01
-9.999565025246797134e-01
9.999196074020332281e-01
-8.021709506067888906e-01
3.793639633089959662e-01
-3.468620910941127011e-01
1.000019734972912966e+00
-9.999889318712186226e-01
-1.507862024242295589e-02
2.060529112973897292e-01
1.000179398283635585e-01
-8.046921979738962394e-01
-3.634947589689973557e-01
2.801992120497536279e-02
-2.915736226692609567e-01
2.015744676154535009e-01
6.065778880244385163e-02
-6.000007398725919483e-01
-6.000320456813765801e-01
4.177599232889350200e-01
9.998989638151529746e-01
1.000762714960501260e-01
-3.506653563846951482e-01
2.105529976118140634e-01
1.000800195914824942e-01
1.002255581736432033e-01
-7.928976564378874548e-01
-6.001460745695206267e-01
-6.000132251059807631e-01
1.000060040510913240e+00
-6.000151255077847967e-01
-6.000046413909807530e-01
9.999789095351003798e-01
2.106406580600880818e-01
-7.931464110062433903e-01
3.938340729322528655e-01
4.177511772964434544e-02
1.838668372149070973e-01
-8.246964121900483002e-01
-9.999461556557794895e-01
-8.125539362092232265e-01
-9.999262442426967157e-01
9.999772639216184533e-01
9.999784602579323556e-01
-8.106985526757435334e-01
-3.233252128164644801e-01
4.607876212599302211e-03
-8.092880501530257398e-01
1.000004759708974733e+00
-6.000511317722944105e-01
1.001373672535304932e-01
-1.000078184787206448e+00
4.042406845435488338e-01
1.848171386706483343e-01
9.998261298459948376e-01
-6.000511959083804081e-01
-6.000751753141371214e-01
-2.547659592816707841e-01
9.998208859166984874e-01
1.000599467148987898e-01
1.000198770978249163e+00
9.999371190896561012e-01
-1.000021358755659007e+00
3.926508798795650956e-01
1.001137231049505083e-01
4.001311803031513126e-01
9.999908922870648365e-02
-4.399591779014161430e-02
-2.265623763697055190e-02
1.986402205786028385e-01
4.127303366651506877e-01
-8.003248292303333233e-01
-6.000545868629815205e-01
4.001781950546635103e-01
9.999882433905236123e-01
-4.067390813416727618e-02
-7.834276693901418565e-01
4.000240798781426466e-01
7.884321713718586699e-02
2.005317752593778480e-01
-9.999978092355360504e-01
-2.336405452851788023e-01
4.073910518776072132e-01
1.909779856201551107e-01
1.232052884521063311e-02
1.000061401692315721e+00
9.998898583172448618e-01
1.000074508398718587e+00
9.997448848056321447e-02
4.492766571924875635e-02
-9.999804028861406513e-01
-3.198710352595391382e-01
-3.220254688670313170e-01
9.998706298494705047e-01
-7.957749093612558333e-01
-7.989967767983238156e-01
-5.999439298007877008e-01
-3.612239669429124778e-01
-1.000196852387880364e+00
1.930954001961453781e-01
1.001411290997163556e-01
-5.997737958030228134e-01
-8.875770563073549432e-03
1.000064874868610953e+00
2.207685241934827236e-01
2.088366189222775893e-01
-7.013337542103709188e-02
-3.292634938155757363e-01
-2.538917693075871673e-01
-3.501887762712445062e-01
3.973444898610113962e-01
-2.661303268155181811e-01
1.000027686403271554e+00
9.999829124631618438e-01
-6.661814108867715033e-04
2.083568731588844314e-01
1.917831013652430416e-01
-1.410921648669485710e-02
-3.095320152701272476e-01
-6.000066235042832430e-01
-1.000234365389282898e+00
2.249609211092589711e-01
2.512239372169877347e-02
