-5.999127876080140309e-01
-6.002100287938735290e-01
1.000149747689693447e+00
-2.658312142853118398e-02
-9.998843468586148253e-01
-8.196942210688371588e-01
-5.999705568918453080e-01
5.972043954336424959e-02
-8.127234194405217327e-01
-3.237914391452733631e-01
9.999649552401743136e-02
-9.999786216120618576e-01
1.971422379738635433e-01
-3.356490193431622970e-02
2.166270650945733567e-01
3.932560729889325035e-01
-8.469763120366299858e-02
-1.000098140529689816e+00
1.834745584158083975e-01
-1.580681365110965172e-02
3.931480440042995350e-01
4.043728291294974575e-01
-3.532985368404076842e-01
-7.900153433818671855e-01
-1.000109249456314409e+00
3.939253663311936826e-01
-2.893420953266169215e-01
-5.998290336298853775e-01
-2.964604668596824699e-01
1.000061190555479179e-01
-9.999982111314787980e-01
-8.161241721520461345e-01
-8.040769153256280832e-01
-1.000004024848516915e+00
-5.098213303815708579e-03
1.000012870201512083e+00
-9.999202560094986314e-01
9.998677765995632738e-01
4.009979015974499128e-01
-5.998861526222295515e-01
9.998795342837613065e-01
-7.977178970194006569e-01
-3.653440146499313812e-01
1.000154722544130126e-01
-2.679789836622006871e-01
3.792560926032630397e-01
1.000853180437004664e-01
9.980948669924807892e-02
1.000214250624427564e-01
2.190683663634902800e-01
-1.000004567630011554e+00
-8.086349507408336912e-01
3.876993047745868060e-01
3.963294739139969769e-01
-2.755787295810923077e-01
-9.999738428015780833e-01
-8.056328496487824564e-01
4.018553173092368480e-01
-2.813475579846132224e-02
-9.998177352293579068e-01
3.839855419609807669e-02
3.922240931833886890e-01
-9.998147596092722411e-01
-3.165519747029675868e-01
-9.999167976644137701e-01
9.995026681874506769e-02
-9.998686977852645485e-01
-4.442974640157143496e-02
-8.197644325467829951e-01
4.103667296931347019e-01
-5.999575860250756509e-01
-4.500269475678913556e-01
9.992332896416310228e-02
2.895954509183461256e-02
2.027919982354521033e-01
1.002122738026730991e-01
1.998838884730819720e-01
1.000080157580865992e+00
4.966627910275867031e-02
-8.146903844607091827e-01
3.931091291833110346e-01
3.950672944292175082e-01
1.905035510750527905e-01
1.923681361384280697e-01
1.000197502987318243e+00
4.122454378659676788e-01
-9.999863722139822331e-01
-6.000286640685107420e-01
-1.000111988236662475e+00
1.617733596076335531e-02
-1.000142113379924647e+00
1.000908818572108366e-01
1.001140217894374157e-01
-6.001253249282476609e-01
1.129826675510104675e-03
-8.037125844597839963e-01
-8.017188314928841431e-01
-1.475526961375813462e-01
4.099704627366611009e-01
-2.382549753826641858e-01
4.115934573070152980e-01
-8.159312106814535781e-01
-3.546598722116158786e-01
9.973827433608239978e-02
1.002547351158486061e-01
9.998621831959124684e-01
5.044650751918952625e-02
3.945836094136770389e-01
1.000805469834106926e-01
-3.631892308883335474e-01
2.004696928165767555e-01
-3.112445139374300229e-01
-6.000532592642797702e-01
1.000024188888527954e+00
4.021708595153174470e-01
1.974839761008586880e-01
1.000543099629664506e-01
9.999991100230332108e-01
-1.000172237952122511e+00
4.048738633823771305e-01
1.000107645197552797e+00
4.069040938707008670e-01
1.001222413967504110e-01
4.100077959804135364e-01
-5.999269384830192564e-01
3.973129426293880995e-01
-3.057762977924849412e-01
4.072069535671232754e-01
9.999786651685883543e-01
1.000038841335248563e+00
9.983792606181565721e-02
1.920490955518946996e-01
4.087370818406732553e-01
-8.066871924361650459e-01
9.993180425152387025e-02
1.000076744599721623e+00
1.000039956427389853e+00
-9.998177904660847659e-01
-6.000332453576640024e-01
3.987478840607709962e-01
2.458406910643694612e-02
3.999098144146296940e-01
9.997399554543429101e-02
3.884526353231720353e-01
-4.370698790784817434e-02
-2.858861329400808060e-01
-6.000387591084396233e-01
1.982627649518604041e-01
1.000079569588690376e+00
-1.000202364272336775e+00
-7.978350270508642872e-01
9.998359206956932699e-01
4.031739607552266569e-01
-5.997482479123735777e-01
9.999609627567897230e-02
-5.405897958203939591e-03
-2.852819816932903874e-01
-8.127953518747632611e-01
2.118370966144314249e-01
9.989168055058683660e-02
1.000134126523660294e+00
2.092300024289846794e-01
1.975420743642140597e-01
-1.816989350260384550e-01
-1.000017960789243876e+00
-1.923149928981972984e-02
3.872436372518094361e-01
-7.980414609061702302e-01
2.131208642222387484e-01
1.000034776596208097e+00
-7.958757223378144507e-01
-5.999500698277290267e-01
-1.000076112721692168e+00
-8.714115022540284972e-02
-2.435211685585063623e-01
-6.000262800484248427e-01
1.038203937155785656e-02
1.940068998113318177e-01
-1.000093398494493080e+00
1.000030138716445416e+00
-8.051452754843608783e-01
3.981184072834102472e-01
-3.610971775437477049e-01
1.000074157043284728e+00
-9.999956652929846701e-01
-1.999076400126024305e-02
2.101622507648106541e-01
9.997113770135900024e-02
-8.021832690394369303e-01
-1.550654567394554040e-01
4.132459638196041805e-03
-3.224268970490695718e-01
1.872178880302872994e-01
-1.023836374370145769e-01
-5.998254857971400122e-01
-6.000478139940915723e-01
4.049090654490850594e-01
9.999507094638430127e-01
9.980934527678034240e-02
-2.329749569998444403e-01
2.179697657573784197e-01
9.992785416929528264e-02
9.989992846647487157e-02
-7.967996675256369121e-01
-5.999639577868081108e-01
-6.000738387912578631e-01
1.000052256141312323e+00
-5.999800576821976428e-01
-6.000986766516555049e-01
9.999875415021642899e-01
2.072257021687912426e-01
-7.865989031664211151e-01
3.915464407681322756e-01
-3.838229283767825156e-02
1.869067351164441504e-01
-7.968408101083475081e-01
-1.000062084311054589e+00
-7.970160446879978045e-01
-1.000083020353372154e+00
1.000013246758941987e+00
9.999416542281907017e-01
-8.179367127361274470e-01
-3.296818852406908640e-01
-6.548314823147818875e-02
-8.180086011669394086e-01
1.000012503264542163e+00
-6.000848697923151231e-01
9.984607305049204851e-02
-9.998499873061559295e-01
4.020743364562431310e-01
2.161654393482212444e-01
9.998666511385185807e-01
-5.998566566306982040e-01
-6.000411110393866210e-01
-2.634063547697813590e-01
1.000021136206256989e+00
1.000525966651113485e-01
9.999455730649168261e-01
9.999444638620597070e-01
-1.000102413638914278e+00
4.105532340755888576e-01
1.000691636479226487e-01
4.088925247923916317e-01
1.000110195150548109e-01
-7.344908192654847623e-03
3.250963970067786979e-02
2.160426666216873071e-01
3.855536300486879786e-01
-8.150886565251937999e-01
-6.000194110699764716e-01
4.046369455625907219e-01
9.998641131154017980e-01
-9.632563901238809512e-03
-8.190307312145904683e-01
4.028992374403205234e-01
2.342511435338488768e-02
1.880747441467271186e-01
-9.999907617530366943e-01
-3.776527196104993434e-01
3.980643683083896489e-01
1.886844667852608237e-01
1.360852079692028566e-02
9.999126217148855966e-01
9.998405025155607806e-01
9.999349011178011448e-01
9.995349590853180866e-02
-9.401663440926893295e-03
-1.000143419126525268e+00
-3.433023662370123241e-01
-3.914219526758485057e-01
9.999491962961690739e-01
-8.024404533288884700e-01
-7.907200255659948551e-01
-5.998798295801888170e-01
-3.080667689733384562e-01
-1.000035720053222832e+00
1.910753210392844292e-01
9.987971430155186126e-02
-6.001083167569895016e-01
-4.151503645783861940e-02
9.999088939674508625e-01
1.994016908987404912e-01
2.022691100364152061e-01
1.595501076720950810e-03
-2.841566399900004591e-01
-4.471663382071698889e-01
-3.018953495335460757e-01
4.118001337748461999e-01
-3.200552033813378605e-01
1.000208205183620747e+00
1.000100209828864051e+00
-1.856413901338728467e-02
2.028794059535930228e-01
1.951291626603615104e-01
-6.599119037737670446e-02
-3.750172101724572604e-01
-5.999040850460158891e-01
-9.999857003156832347e-01
1.859038847935158834e-01
-1.864320842782034738e-03
