-5.999226805763274717e-01
-5.998636837776877284e-01
9.998378055309810053e-01
2.994943763257845726e-02
-1.000125271263336391e+00
-8.034015742086014766e-01
-5.999287404042811245e-01
-3.484377029166040030e-02
-8.063324985175530646e-01
-2.863050625981636843e-01
1.000636953753127334e-01
-9.999827334436812709e-01
1.810059977174927892e-01
2.166734801523014994e-02
2.209984353908194532e-01
4.213784134507395085e-01
7.207462784823882862e-02
-9.999686497537859653e-01
1.839919743866369195e-01
2.942107758988547067e-02
3.806088339204695137e-01
3.790065127283821500e-01
-3.685402523565265431e-01
-7.947126566323354790e-01
-9.999734825847449438e-01
3.906084861007464437e-01
-2.614702878170145905e-01
-5.999658472313489366e-01
-2.989879014575752558e-01
1.000715552044009055e-01
-9.998436683844137418e-01
-8.064494732526739096e-01
-8.064922495401959379e-01
-9.999733189188949600e-01
4.032544742934988935e-02
1.000044368585237375e+00
-9.999502907766730786e-01
1.000122063150593377e+00
3.973227651755929513e-01
-6.000287330265232644e-01
1.000036092626574336e+00
-8.175568135801668523e-01
-3.997771628495536689e-01
9.994551840662262154e-02
-2.053455694200138071e-01
4.079310434362932170e-01
9.994816621937278878e-02
1.000018164183273384e-01
1.000118227709460988e-01
1.909064607789244250e-01
-9.999495414118352299e-01
-8.042461598901594622e-01
4.116623493043266024e-01
4.009883908570672228e-01
-2.442615920881266167e-01
-9.998988074170772622e-01
-7.931266164638616223e-01
4.128828803527415103e-01
3.446750108830586717e-02
-1.000145505346768493e+00
-6.789320825019858063e-02
3.889254350300154761e-01
-1.000064437975712872e+00
-4.121310007991277335e-01
-9.999467419287652037e-01
1.000666324723153700e-01
-9.999415716270221299e-01
9.780513532811355160e-03
-7.851332094636054304e-01
3.851982314889976777e-01
-5.998518683340746671e-01
-2.582360117222025631e-01
9.990744442526598712e-02
6.541908894104141170e-02
2.025590019137039344e-01
1.000452572326098744e-01
1.897055890076541351e-01
9.998745833963832430e-01
-1.861273852100232828e-02
-8.194786010255203923e-01
4.059240566203215494e-01
4.219646646043346827e-01
1.862577000378557446e-01
2.000179174616678879e-01
9.999730856998750861e-01
3.941445607304894239e-01
-9.999116442644141456e-01
-5.999443544278679763e-01
-1.000006758159067255e+00
-2.362188386462812581e-02
-9.999326828209416096e-01
9.995408906710427643e-02
9.995902587702930331e-02
-6.001020654385360587e-01
-2.485771689032200207e-02
-8.044630548909671441e-01
-7.927951201955942828e-01
-2.928219252802684580e-01
3.962583582409749394e-01
-1.311103562716307014e-01
4.033076363456111202e-01
-7.841813421428462938e-01
-2.332083352354924755e-01
9.977970847973734181e-02
1.001083624569140823e-01
9.999929219432330818e-01
-6.940946843538567390e-02
4.048048328139777219e-01
1.000832326308281756e-01
-2.553593694430659200e-01
2.055703167448868496e-01
-2.863432818074430619e-01
-6.000909943493425436e-01
9.999022141046954859e-01
4.049294600118950038e-01
1.997256505963482809e-01
1.001225548026127704e-01
9.999243095197977160e-01
-9.999153353717376014e-01
4.038628866595149192e-01
9.999757284483632436e-01
3.927608284910357739e-01
1.001301661236814466e-01
4.172848491676903748e-01
-5.998158569734521883e-01
3.927956058853894761e-01
-2.539235430707171837e-01
4.062236091984013364e-01
9.999850419025364534e-01
9.997428655372192496e-01
9.998686877717540000e-02
2.022371104626492500e-01
3.918386874721594970e-01
-7.947215589588194629e-01
9.990115438116181634e-02
1.000259676811091847e+00
1.000024529625360481e+00
-9.999914246324101974e-01
-5.999925211533744251e-01
4.001648661869027790e-01
8.909765049808936535e-03
4.125013736577190504e-01
9.996150734610989574e-02
3.918055558071359412e-01
-2.895876065006316655e-02
-2.994239736867724266e-01
-6.000958093547524852e-01
2.041476439568418733e-01
9.999635094215698627e-01
-1.000120466147006226e+00
-8.060040284708824831e-01
1.000122243582565407e+00
4.098333254902923328e-01
-5.999346233792813843e-01
1.000511429053499296e-01
1.330670747288292127e-02
-2.921595900969606863e-01
-8.150483769805049183e-01
2.145686612537590909e-01
9.998341778352323739e-02
1.000087695091224749e+00
1.991194816673466927e-01
2.082718194395825062e-01
-2.725921806480942622e-01
-1.000013970235405614e+00
-9.046087564972493666e-02
3.837020347704714340e-01
-8.056558237498231412e-01
2.185578075128469244e-01
1.000105780586104443e+00
-7.982767078096578706e-01
-5.998954031585013169e-01
-1.000024384104109654e+00
4.947420320630884633e-02
-2.704970087428555936e-01
-5.999275006342128513e-01
-3.917238977747029144e-02
2.020915250287328435e-01
-1.000097247596694716e+00
9.999773196637362638e-01
-8.000110339142281202e-01
3.875035674410597375e-01
-4.024996250897643346e-01
1.000143645111345236e+00
-1.000090781388616179e+00
-1.054423771506457358e-01
1.965464288503812051e-01
9.988858561880627207e-02
-8.009404382783568144e-01
-3.292104767865553505e-01
-1.498621761762887299e-02
-2.684648523691844924e-01
2.138647916871829480e-01
-1.226843317799283101e-02
-5.997069574353386390e-01
-5.999540619428985755e-01
3.860286064572230891e-01
1.000007265122782263e+00
1.000808619870897920e-01
-2.912046568047256256e-01
1.983581896260637190e-01
1.000225505347799443e-01
1.000534448766304124e-01
-7.977546786597949913e-01
-6.000893850005849517e-01
-6.000288755084846049e-01
1.000056512243101103e+00
-6.000524129399872342e-01
-5.999239835502401252e-01
9.998452025256544529e-01
2.165953329744148836e-01
-7.959031380464417493e-01
4.058398067052068625e-01
-1.304760586747062689e-02
2.108091335293330870e-01
-8.074843260650024224e-01
-1.000160117121544179e+00
-8.079257398305029758e-01
-1.000050726282145197e+00
1.000100244918558978e+00
1.000039728120824201e+00
-7.987071712589350891e-01
-2.972592579554446113e-01
-1.505163006602470155e-01
-8.029379454270628713e-01
1.000044836146755101e+00
-5.998945648290522348e-01
9.997571611100693201e-02
-1.000007391055221628e+00
3.843524508416305552e-01
2.035845391727660603e-01
9.998913986747604010e-01
-6.000174536572212558e-01
-5.999005144567489678e-01
-3.798784112447614603e-01
9.999634918901557645e-01
9.994131198966535456e-02
9.999212925997169599e-01
9.999575593808025520e-01
-1.000009209995569526e+00
3.978150739967692417e-01
9.986103200178489403e-02
3.985422393187025292e-01
1.001232418476577096e-01
4.586887933961710656e-02
-1.247213291884970501e-02
2.068574885585935108e-01
4.056181835794778756e-01
-7.982229721503304454e-01
-5.998199409153414097e-01
4.150033159496138713e-01
9.999204910221526355e-01
2.835568727405992154e-02
-7.869013986842688935e-01
3.871708949839304248e-01
4.061895863121930961e-02
2.119293190979041897e-01
-1.000039883809860530e+00
-3.188514061442812020e-01
3.976561859841848401e-01
2.083223128575523164e-01
1.945833437637484306e-03
9.999496351759512569e-01
9.999505287208158011e-01
1.000072880584457868e+00
9.987635932334638922e-02
7.551117309817083345e-02
-9.999977699976112522e-01
-2.401900342329158777e-01
-3.220844482915926066e-01
9.998549203860848111e-01
-8.013161196953211274e-01
-7.982460861995792634e-01
-5.999614458368087710e-01
-3.272810755727521004e-01
-9.999694124858916622e-01
2.130886121845624592e-01
9.991788874196511072e-02
-5.997875656509366049e-01
-1.133952826312804169e-02
1.000038234830105788e+00
2.092712169877921913e-01
1.986988261161896918e-01
3.461746927978205657e-02
-3.267349366367546804e-01
-2.467424696404154905e-01
-3.093958915354215189e-01
4.057489467117352255e-01
-2.511304881345524098e-01
9.998107501740232106e-01
9.998682682535751098e-01
7.037273160779454473e-02
2.062514507042301493e-01
2.047764814819942603e-01
-3.890725528209822148e-02
-3.340840211649298563e-01
-5.997868967844064425e-01
-9.999152718061833367e-01
2.241821576693862617e-01
-8.472081883101907629e-02
