-5.999239054045166775e-01
-6.001562382163287968e-01
1.000032335397028183e+00
-1.080353313313825274e-02
-9.998804022378984246e-01
-8.024826380224147071e-01
-5.999201120979272828e-01
1.803416846569259879e-02
-7.975514145218945972e-01
-2.979022852687913114e-01
9.998772858119782392e-02
-9.999299321134218488e-01
1.802644454944231922e-01
-1.328356810417660218e-03
2.053081276288863111e-01
3.992530297334108136e-01
-9.801957952086132186e-03
-1.000160688271692910e+00
2.027855982137997115e-01
-2.048374704334124038e-02
3.963629123747541283e-01
3.871098618008621539e-01
-3.124442628941232480e-01
-7.904812994455121533e-01
-1.000018189847068140e+00
4.039244371973175762e-01
-3.934339589712781970e-01
-6.000182977340968726e-01
-2.606635269010886269e-01
9.983001380103412314e-02
-9.999594180086012196e-01
-8.068006227143209586e-01
-8.149545424231925406e-01
-9.999172660531026047e-01
5.958042887809342908e-02
9.998731672581047114e-01
-1.000131970508596924e+00
1.000077096118380693e+00
4.086776391901101313e-01
-5.999551934440545686e-01
1.000014704965417334e+00
-7.937058908927511203e-01
-2.745004594037411816e-01
1.000709034528406011e-01
-2.998173303176377980e-01
3.837923605151274953e-01
1.000624101331849536e-01
1.001910633311620946e-01
1.001539766454777741e-01
2.029069028143798137e-01
-1.000007956117626273e+00
-8.080454216369683529e-01
4.055359249875837291e-01
3.995623726547381516e-01
-2.671415098319160353e-01
-1.000024133022022754e+00
-7.941358816790542452e-01
3.982805656721208343e-01
3.708433205749107897e-02
-1.000072630387376593e+00
-6.414666366875547421e-02
4.105256077457761221e-01
-9.998545554757617415e-01
-2.931643409518936982e-01
-1.000051081344365711e+00
9.983959415965425188e-02
-1.000079841165702810e+00
7.969647725991069187e-02
-8.141189733913068993e-01
4.151727845659825000e-01
-6.001796752487713604e-01
-3.217039344005966917e-01
1.000472800428556797e-01
-1.193365697937630657e-02
1.966390704976332948e-01
9.990101387189831428e-02
2.101634607107130959e-01
1.000107963129723165e+00
7.141586021453384669e-02
-7.892391714181858919e-01
3.855933550845498381e-01
4.006013910455249460e-01
2.186042026471158028e-01
1.929177238281950812e-01
9.999157454058028582e-01
3.916540715447914267e-01
-1.000107007075174081e+00
-5.998835037771332868e-01
-1.000159513534128797e+00
-4.573553456986576005e-02
-9.998993522109484999e-01
9.988274404832150899e-02
9.991764893853724572e-02
-5.999819055993251826e-01
-2.141492039337275846e-02
-7.921678387390626019e-01
-8.055199199133067367e-01
-2.845474661633296543e-01
3.975277088581353757e-01
-2.298471706530309522e-01
4.175833407874620651e-01
-8.030253474349795528e-01
-3.485449640495610901e-01
1.000293604625246829e-01
1.000043814758852651e-01
9.999862401803136791e-01
-4.708626824786320969e-02
3.941173010740799953e-01
9.981148036546337587e-02
-2.674323701955427235e-01
2.059969837563307149e-01
-2.367257581556989621e-01
-5.999634007591357898e-01
9.999309839678726108e-01
4.063065773958035587e-01
1.873081587522225366e-01
1.000037173367446242e-01
9.999091822185924849e-01
-9.998914867031530873e-01
4.076675232562214091e-01
9.999447345453149616e-01
4.306947975235559944e-01
9.978739280784890142e-02
3.928611899156596587e-01
-6.000191253887193765e-01
3.986682623986887442e-01
-2.402564450018951914e-01
3.817731195794268895e-01
9.999952553405928590e-01
9.999249974069891467e-01
1.000098685180720315e-01
2.122073965926213612e-01
3.942843049082881413e-01
-8.074687971949597864e-01
9.973510327197068759e-02
9.999830830243822133e-01
1.000187257346128789e+00
-9.999644609826782160e-01
-5.999406047229730587e-01
4.111073603834428103e-01
-5.109810455474714935e-02
4.000167297103474073e-01
9.995998662661056966e-02
4.051517723455418385e-01
1.233863927479985079e-01
-2.558866295421703407e-01
-6.000342788217740697e-01
2.073715472503208368e-01
1.000165803650603813e+00
-9.999378390103039749e-01
-7.696201613666767694e-01
9.999417025470268561e-01
4.052371662183668066e-01
-6.001733871228150941e-01
9.988874931148755687e-02
4.730081437618533988e-03
-2.396772010565176025e-01
-7.909949506403759489e-01
1.909433878176374222e-01
1.000565877957723393e-01
1.000086235456012274e+00
2.121184953195206779e-01
1.999333191119746223e-01
-2.934382139513476706e-01
-9.999573496142595275e-01
4.775636438241817605e-02
3.918527507748206240e-01
-7.927992285947479401e-01
2.070413470896989849e-01
9.998507262880655944e-01
-8.027540885890295241e-01
-5.999905614293934430e-01
-1.000159438920409594e+00
-2.733095987133354540e-02
-2.639012562576763532e-01
-6.002240334658601739e-01
2.206996746846043907e-03
1.951381485987007669e-01
-9.999662424546209571e-01
9.999757884343480896e-01
-8.047342552656785442e-01
3.965962645123443653e-01
-3.198155643574162599e-01
9.999614201013221626e-01
-1.000096908523930628e+00
-8.341313124384384936e-02
1.898392946128529546e-01
1.000383765667594710e-01
-8.095701136794256625e-01
-2.904455491905461040e-01
-3.200354190971799878e-02
-2.870046879406944473e-01
2.207234894538254999e-01
-8.376472331907219848e-03
-6.000515982355552058e-01
-5.999336235002015183e-01
3.850148055165020233e-01
9.999758581800414214e-01
1.000383287946194910e-01
-2.056092087996219675e-01
1.980362344224818327e-01
1.000137857767643967e-01
1.001015430792021321e-01
-7.930410524748835455e-01
-5.999345694238287230e-01
-6.000430757277257499e-01
9.999139173612674458e-01
-5.998878281612368690e-01
-6.001791601008098498e-01
9.999767253942746237e-01
2.145006514856856727e-01
-7.868997607406745809e-01
3.971118967693375579e-01
8.093867107497645930e-02
2.107606282428830802e-01
-8.175986495279580213e-01
-1.000002171818130448e+00
-7.946511768201079962e-01
-1.000026474268389975e+00
9.999780171651984073e-01
9.999768394353412138e-01
-7.925593468268354869e-01
-3.199069776769237206e-01
1.099019645112443710e-01
-8.034544759338893005e-01
9.999734719899017188e-01
-6.000658164886950585e-01
1.000806841359717647e-01
-1.000019786841357394e+00
4.054533049913641163e-01
2.145527946349061466e-01
1.000030036941019107e+00
-5.998097719986044130e-01
-6.000750314954904630e-01
-2.943584773998154658e-01
1.000064064206541481e+00
1.000685047424731827e-01
9.999280143438005197e-01
9.999168266473389410e-01
-9.999017705946154910e-01
3.984613908365960411e-01
9.994174067117071736e-02
3.836524868827491663e-01
1.001583820279587922e-01
-2.616376691654655542e-02
4.996450804623058656e-03
1.871368383111022549e-01
3.971238800920828815e-01
-8.104010351804622481e-01
-5.999336713025361645e-01
3.907181327061051146e-01
9.998953034794562100e-01
1.266531985061498423e-02
-8.072486241130485407e-01
3.918037826781554656e-01
1.647447307586279511e-02
2.058280108098931305e-01
-9.999039221974144187e-01
-3.400412754939726168e-01
3.977834123842579617e-01
1.973583518295964068e-01
-9.263399225120710900e-02
9.999325028889487488e-01
1.000052057864559529e+00
1.000033330540272214e+00
9.995194772679033557e-02
5.222938044495323284e-02
-9.999672312189836765e-01
-2.912832697240009261e-01
-2.940930771949966660e-01
1.000046037880527150e+00
-7.778937257301635766e-01
-8.174919531275832707e-01
-5.998618648949547438e-01
-2.393202596116538461e-01
-1.000026153870760659e+00
1.951933717132973700e-01
9.977383905741790682e-02
-5.999644398537200551e-01
-4.596269076483602140e-02
1.000007947092405258e+00
1.811324424896658680e-01
2.144319317399929203e-01
-4.718040409439471644e-03
-2.542420847515107774e-01
-2.996691180012928668e-01
-2.560165711704703306e-01
3.930287963963056130e-01
-3.612738521710369133e-01
9.998788518503999301e-01
1.000042263313240642e+00
1.345304207022297860e-02
2.121646085332531684e-01
2.108393821240315269e-01
-5.685963710535686666e-02
-3.197127857863595324e-01
-6.000513366299715656e-01
-1.000114516442728974e+00
1.981604094445363895e-01
4.537183548317753889e-02
