-6.000454750613285482e-01
-5.999795827452953922e-01
9.998205230931086485e-01
-3.559033311852641962e-02
-9.999167049514624539e-01
-7.956070609038373709e-01
-6.000270948150883132e-01
2.435345654394843740e-02
-7.998537978763763379e-01
-3.732645744675371913e-01
9.981116624914161684e-02
-1.000010614024351208e+00
1.825455722584226892e-01
5.179969781300781950e-02
2.046893233296423753e-01
4.149629982782831461e-01
-3.918718107225745151e-02
-9.999979782926282645e-01
1.977845637859201311e-01
2.382132962118449493e-02
3.866789540291570848e-01
4.243300116835385660e-01
-3.160790453438774850e-01
-7.821154244019629109e-01
-9.999553939183000173e-01
4.234100587787580916e-01
-3.872481534282614102e-01
-5.999716928963348961e-01
-3.356571104030480757e-01
1.001097224807178665e-01
-1.000083949111250092e+00
-8.061313991579261984e-01
-7.819492694477649941e-01
-9.999788034855956464e-01
3.596761133909453373e-02
9.999246982245808546e-01
-1.000091581592853718e+00
1.000003210413533017e+00
3.949516969585571968e-01
-5.999850485209972106e-01
9.998666928583915814e-01
-8.070048966026274195e-01
-3.343581285313117490e-01
9.994355066074316063e-02
-2.503644090511404907e-01
3.897504759323929258e-01
9.998746324624994963e-02
1.000423064025162678e-01
9.979042048681464883e-02
2.033558332292053628e-01
-9.999794628989903122e-01
-7.840752710555127791e-01
3.827111579944974529e-01
3.946893354404200083e-01
-2.645868076127160795e-01
-9.998963649111659580e-01
-8.198057280551805936e-01
3.808403686222551765e-01
6.384564334329037583e-02
-9.999673030236273519e-01
-5.830113115531502382e-02
3.858629298563250876e-01
-1.000033705587039634e+00
-2.166478712796427175e-01
-1.000118481457727082e+00
1.000118044028848463e-01
-9.999467688680645505e-01
-5.136379637829081857e-02
-8.013468380081405495e-01
3.897673654702812351e-01
-6.000362065679600843e-01
-2.274896521919170245e-01
1.001912526682273014e-01
3.300759195172463245e-02
2.099408900838461434e-01
1.000764257830050186e-01
1.834302237357485210e-01
1.000095832193930612e+00
-5.698557962863751852e-02
-7.897678760207766935e-01
3.974361550469507343e-01
3.907169797001597278e-01
1.964306122070791361e-01
2.149528008012623892e-01
9.998774078744760985e-01
4.005031852670901116e-01
-9.997980552549624589e-01
-5.998860372650066664e-01
-9.998852979658207074e-01
5.926987911708603285e-02
-1.000127512510868844e+00
1.000803338303773576e-01
1.001990717593002761e-01
-6.000494574290046179e-01
-2.792559427827451951e-02
-7.996629213652832746e-01
-7.955603536355817518e-01
-2.945904777164595756e-01
3.975144475776823949e-01
-3.545809812156847651e-01
3.972559043916226718e-01
-8.050517425101295643e-01
-3.449901909566809310e-01
1.001521163130650316e-01
1.000400675920378457e-01
9.997824020381943511e-01
5.983276420435138659e-02
4.022221840246741342e-01
1.000836629576159070e-01
-3.324078396368144173e-01
2.183194540388639637e-01
-2.774592996584031024e-01
-5.998954894443908614e-01
1.000078295123104200e+00
4.134268143282592844e-01
1.894950310843641350e-01
9.995662414351917657e-02
9.999325859068043387e-01
-9.999131349664351909e-01
4.016188685414169290e-01
9.998774764959027506e-01
4.039336729189871300e-01
1.000286068414203422e-01
3.902764404470258075e-01
-5.999765336492685064e-01
4.010769719612276574e-01
-2.610154230753860549e-01
3.930439765758446113e-01
1.000038819322054851e+00
9.998900691607458535e-01
1.000208682398686516e-01
1.843209012759834953e-01
4.081663277568071679e-01
-8.060580664853366217e-01
1.000858885105363888e-01
9.999439858150092064e-01
9.999649986402213697e-01
-9.999631792451110224e-01
-5.998865904113633851e-01
4.030298754447754761e-01
-5.467780940939664068e-03
3.795656118248191824e-01
1.001519796020790831e-01
3.963957466305431110e-01
-1.013322319128324572e-01
-3.890837558560842346e-01
-5.998691686412931379e-01
1.932852151439560240e-01
9.999919754560281371e-01
-1.000047540172025462e+00
-8.141498584812055794e-01
9.997825058874029169e-01
3.993168781754756758e-01
-5.999447509607013229e-01
1.000940091262971787e-01
3.080146061641735392e-02
-3.252843864045765754e-01
-7.830199858880886321e-01
1.913234783188123289e-01
1.000303748985091334e-01
9.999539263252940069e-01
1.997497272337936391e-01
2.065571718042950033e-01
-2.971738986437555408e-01
-1.000077545198907680e+00
4.293347678539175677e-02
3.927558799369068598e-01
-8.079302685557733232e-01
1.956909294613022043e-01
1.000027683092975073e+00
-7.987248074531492215e-01
-5.999172076990095803e-01
-9.999226360236803668e-01
-3.307290937836775135e-02
-2.541667183571333366e-01
-6.000944524046866180e-01
-3.692184619385110306e-04
1.929600872961820812e-01
-9.999041517743619822e-01
1.000044946376371424e+00
-8.158212371660045203e-01
3.823215067673008116e-01
-3.126637678593569003e-01
9.998134329302604817e-01
-1.000072995135899312e+00
3.959890629874089629e-02
1.947155115958579819e-01
9.991405883374948615e-02
-7.977250155371253815e-01
-2.497031656820859480e-01
-9.607311788457743862e-02
-3.192073436346236082e-01
1.966251758962433427e-01
1.128430871572538019e-01
-6.001045166908478556e-01
-6.002175100075262115e-01
3.953244321593561983e-01
1.000073279656054748e+00
9.986828440409294128e-02
-3.150803554490558822e-01
1.851254597205937158e-01
1.001364079593277945e-01
9.986453997545757799e-02
-8.065796846074811954e-01
-6.001297640145173418e-01
-6.000385272941106685e-01
1.000079234337129419e+00
-6.003090472246735976e-01
-6.000561930998020710e-01
9.999620980334533726e-01
1.853979899395742093e-01
-7.913591071616946637e-01
4.041987971737124874e-01
-2.537508552409527274e-02
1.973407677211974354e-01
-8.103671379316068624e-01
-1.000205208563318848e+00
-8.136870833565909011e-01
-1.000182713662141953e+00
1.000151427936754489e+00
9.999679691561965678e-01
-7.914271294940150581e-01
-3.147328324364027097e-01
8.240470140150818468e-02
-7.860624395963601296e-01
9.999392962983393307e-01
-5.999714989997474435e-01
9.985677794172422017e-02
-9.999247459521134473e-01
3.940563409197139211e-01
1.824589684587159533e-01
9.999994345913680860e-01
-6.000624422165371508e-01
-6.000522081887702530e-01
-2.906109003994338802e-01
9.999859858286482828e-01
1.003156880593945727e-01
9.999514902366342106e-01
1.000009974442489957e+00
-9.998496810083890018e-01
3.950632003513258605e-01
9.985058143149332099e-02
3.938108024918966499e-01
9.989725820760618491e-02
4.328889853606483762e-02
-4.468719623660027951e-02
2.078692503063956365e-01
4.019184407880940779e-01
-7.936232053654680429e-01
-6.000452007201804161e-01
4.084599640382950980e-01
1.000100423168803765e+00
-1.102660048604949816e-01
-7.958045642102773432e-01
4.121602022792442699e-01
1.861360048005597165e-02
1.921443701869751386e-01
-9.999647840348264705e-01
-3.751488568463253181e-01
3.990832627035428293e-01
2.087484093271403662e-01
-4.376299458892764921e-02
1.000034071062790630e+00
9.999773032486802826e-01
9.997950907497762385e-01
1.001722363619397815e-01
-3.440826773242779135e-02
-9.999720053349017146e-01
-3.239113049017773305e-01
-3.481757793205470519e-01
1.000008645389459883e+00
-8.049465355998448590e-01
-7.936393002968706867e-01
-5.999622087604942200e-01
-2.553537823828107567e-01
-9.999263768639182759e-01
2.129152038298017247e-01
1.000845561869196793e-01
-6.000067758329903356e-01
-4.657349214305855911e-02
9.999030211653323619e-01
2.064819660712340077e-01
2.000422970051061455e-01
8.609318043936697515e-03
-2.410800660132021711e-01
-2.730442987115091480e-01
-2.647911141066329743e-01
4.060248285537447765e-01
-3.500347499485427227e-01
1.000030860625412243e+00
9.998972878237338824e-01
3.083519301889665193e-02
2.031772532359808203e-01
2.018148048394135530e-01
2.635018878664123487e-02
-3.315705896787387030e-01
-5.999611115638507908e-01
-1.000172168040855514e+00
2.001652635751407505e-01
-5.069859308984198815e-03
