-6.001478300693712242e-01
-6.000181240379226510e-01
1.000024271919873531e+00
2.542001621397845315e-02
-9.999984222308199167e-01
-8.051466482583347073e-01
-5.999986255675392455e-01
1.207767053656742286e-02
-8.095432702175806572e-01
-2.353485440628502179e-01
9.987979347055769841e-02
-1.000102397681004396e+00
2.034791533639736250e-01
1.696098668712007346e-02
2.029423851579491012e-01
3.946335261257653548e-01
6.728724947943234835e-02
-1.000043217246616711e+00
2.064363968434391461e-01
7.663099588637553583e-02
4.064516984271326905e-01
4.064990076427229537e-01
-3.056659888312817097e-01
-8.071173685149355403e-01
-9.998214052996302614e-01
3.954753455328851031e-01
-3.813855292460619495e-01
-5.998251092242040672e-01
-3.407483082383849782e-01
9.974915464140111931e-02
-9.999326575056473043e-01
-7.948441296729015226e-01
-7.940897528983658082e-01
-9.999356598723722067e-01
-4.948792671702129109e-02
9.999572862273508056e-01
-9.998763433707474890e-01
9.999362805431331047e-01
4.023969145119069002e-01
-6.000409674321446341e-01
9.998284982194185488e-01
-8.025937435225157790e-01
-2.911477945707436898e-01
9.987647227022050656e-02
-2.900901400728941870e-01
3.919395183571264818e-01
1.000634257607398991e-01
1.000746370978529975e-01
9.989095126207600539e-02
1.890341621096130464e-01
-1.000127446020989685e+00
-8.056036971689626291e-01
4.129743516004595882e-01
3.961071827836379899e-01
-4.208850665269241453e-01
-9.999797347689979299e-01
-7.991681817826131740e-01
3.804689992151624733e-01
-2.923021477847544125e-02
-1.000075372621922254e+00
3.735788924888062967e-02
3.841587719892440300e-01
-1.000079443261581602e+00
-2.571322949953159798e-01
-1.000033348557013868e+00
1.000360831254696325e-01
-9.999726832406871102e-01
1.332439638691157186e-03
-8.011669245957535601e-01
4.017878803642740415e-01
-5.998725332802464782e-01
-2.716067746612119693e-01
1.001249405126657110e-01
4.279306467555750275e-03
2.007443632893881891e-01
9.987625373812333840e-02
2.025194733771883415e-01
9.998812365760334497e-01
-6.006696319177252941e-02
-7.798495013786114205e-01
4.007665563289250499e-01
4.081441877859678935e-01
2.035444136766529633e-01
2.058746255400828451e-01
9.999956668718986696e-01
3.935423402420152872e-01
-1.000016230326786326e+00
-5.999279913283930288e-01
-9.999475609529437925e-01
4.680247387195499847e-02
-1.000080373782047172e+00
9.994490509884601526e-02
9.973364462192371716e-02
-5.999171263684058841e-01
-1.405028384398873502e-02
-8.218158898323493222e-01
-8.123267015092879850e-01
-3.078875107960495350e-01
3.979744922623190129e-01
-2.253731932271201832e-01
4.089096132392108229e-01
-8.045432087147468270e-01
-2.604664987342473204e-01
9.979688434623859572e-02
1.000722334054475054e-01
1.000029508543920365e+00
5.500686241408728888e-02
3.966392044544416740e-01
1.000488562135341125e-01
-2.993765417175034971e-01
2.177220424627198114e-01
-3.234721648828881024e-01
-5.999248138801893671e-01
9.999707015586835057e-01
4.064443743443658108e-01
2.090475117936788918e-01
1.000374240954669952e-01
1.000041538394989882e+00
-9.999820485709384199e-01
3.842442049523523417e-01
9.999290816662755876e-01
3.964140911970854830e-01
1.000826434645174512e-01
4.005260786246370164e-01
-6.000219990056692154e-01
4.112308902370079289e-01
-3.767325505703612021e-01
4.215291207754955916e-01
9.999721899398895664e-01
9.999688072101506897e-01
1.000436291184942372e-01
2.079211676211756565e-01
4.035109442785351774e-01
-8.029684159834600266e-01
9.980052492698138211e-02
9.998857259593131319e-01
9.999498107731848995e-01
-9.999006183075594967e-01
-6.000217025162332130e-01
3.985600943554161169e-01
9.757549539411942974e-02
4.070936882271863344e-01
1.001277900648499530e-01
4.162607456111703241e-01
-5.732673345572151385e-02
-2.511664274707631761e-01
-5.998658003458060550e-01
2.089615375043457901e-01
9.998372267425514881e-01
-1.000044292272851854e+00
-8.042706480281570647e-01
1.000095831247645339e+00
3.963398876127034454e-01
-6.000756554626465178e-01
9.995702066629436056e-02
2.973266996223158584e-02
-2.220556802792445494e-01
-8.082622400236545435e-01
1.816922946975416397e-01
1.000836126454495156e-01
9.999109754260880889e-01
1.852877192535493933e-01
2.002853133371887695e-01
-2.610837064973697275e-01
-1.000094789722017374e+00
-5.625904232844381077e-03
3.901854950158289426e-01
-7.996335953343727265e-01
2.098131676673054558e-01
1.000180695695464195e+00
-8.156758678366343718e-01
-5.999959916968006235e-01
-9.999040978851252426e-01
-9.224884559081594770e-02
-2.257354707034666119e-01
-5.999315442938081278e-01
-1.423730308642870424e-01
1.922368223802081444e-01
-1.000075369878653753e+00
1.000067807267064124e+00
-8.044678222054147954e-01
4.063423222912113109e-01
-1.715380879995098973e-01
9.999594171903252171e-01
-9.999877210127310345e-01
2.094116920361479076e-02
1.953644148550493509e-01
9.998634383137722237e-02
-7.941410416089569324e-01
-2.917485425005519883e-01
-1.262167397232528687e-01
-3.679121923994531085e-01
2.110324911224693012e-01
-7.973464888192316122e-03
-5.998069125366700671e-01
-6.000022992018355650e-01
3.950194080642220329e-01
9.999897829476435129e-01
9.995975925687503039e-02
-3.420026385664354240e-01
2.016282424292194786e-01
9.996802906559981716e-02
9.985410041295146588e-02
-8.117107027076754244e-01
-5.999410480548265090e-01
-6.001431835309161134e-01
1.000086828562822161e+00
-5.998624035677436739e-01
-6.000041519378674915e-01
9.999851879929971821e-01
2.006991795201517048e-01
-7.925261750028127494e-01
3.886229289558792988e-01
4.470109125543153539e-02
2.015925221911293030e-01
-8.110026858279442141e-01
-9.998792676674365110e-01
-8.033351395504011450e-01
-9.999339878042367014e-01
9.999902838016002660e-01
1.000044074270163508e+00
-7.987872364651780188e-01
-3.174375205224905794e-01
-8.109051960390536995e-02
-8.094862880403591587e-01
9.999181795804519268e-01
-6.001553709648679291e-01
1.000524817955604356e-01
-9.996772870923705812e-01
4.017033822367039320e-01
1.841344528135510916e-01
9.998243428383100095e-01
-6.000623867256986710e-01
-5.999100841867941458e-01
-3.792832503898597718e-01
1.000059789108033836e+00
9.991542179894336018e-02
9.999556396415746340e-01
9.999991673809029979e-01
-9.999772700424137684e-01
3.934211200110104278e-01
1.000982454139183186e-01
4.100990051622917520e-01
9.989311439070396037e-02
-3.060412397422605790e-02
3.859297151341718052e-02
2.080141076992688964e-01
3.821773487679261394e-01
-8.089591556215107726e-01
-6.001084377238602441e-01
4.007789985332606553e-01
9.999888079492744719e-01
-6.139600642839397431e-03
-7.899487917755352306e-01
3.881291507085279369e-01
7.228272129443806537e-02
2.102033167061990171e-01
-9.998148846959000746e-01
-2.917818528953773916e-01
4.092012964377959583e-01
2.025796387058320658e-01
-3.736735059083099580e-02
1.000003436163862558e+00
9.999521461481235551e-01
9.997574270978185629e-01
1.000308520873140067e-01
2.703228071699843860e-02
-9.999347627256660598e-01
-3.047302693162839415e-01
-2.468204929824727445e-01
1.000050710608504589e+00
-8.096755360314547012e-01
-7.951021107140765487e-01
-6.000474892053443421e-01
-3.279199815340853585e-01
-9.999563750444012689e-01
2.123336235707973252e-01
1.000251609382526441e-01
-5.999890092143829179e-01
1.352583979273106266e-02
1.000091759611097197e+00
1.889092221639747105e-01
2.051666072796575480e-01
1.358201722973379627e-02
-2.842464882482145794e-01
-2.837187711038498539e-01
-3.464038480075122273e-01
3.988749358271514445e-01
-2.811129453616694196e-01
1.000036026787242349e+00
9.998675680472377536e-01
1.653335056219579419e-04
1.862323237217835548e-01
1.850041678441579907e-01
5.146770415066470594e-02
-2.729013871175621775e-01
-6.000519856745026859e-01
-9.998241041570433696e-01
1.969143394825866034e-01
7.670447614990916207e-02
