-5.998308038512774054e-01
-6.001227959534665146e-01
1.000029346246632311e+00
4.449807901465744481e-02
-1.000038801973748948e+00
-7.961635672287835641e-01
-5.999995755788547491e-01
7.008536309609882976e-04
-8.123166204274994140e-01
-3.285937987859188780e-01
1.001186889283329079e-01
-9.998923613729382431e-01
2.014070627750218501e-01
3.651952365399787487e-02
2.167973348237364761e-01
4.189590476677779729e-01
-7.381425125780988541e-03
-1.000044483095344550e+00
2.221298976802150715e-01
-8.660781990943207040e-03
3.931589609610131042e-01
3.991717368775390962e-01
-3.084760325194064179e-01
-8.086430986381654140e-01
-1.000002478201848399e+00
3.957854861967977644e-01
-3.083032830255069134e-01
-6.000241783038634535e-01
-3.091168660300828708e-01
1.000745070312703960e-01
-9.999770063718600444e-01
-7.939098301869554897e-01
-8.049905805099496492e-01
-9.998683563858449252e-01
1.439804656573446390e-02
9.998190063148592044e-01
-1.000085236953198509e+00
9.998553887997057021e-01
3.859381753250354374e-01
-6.000938430462847695e-01
9.998886594922804516e-01
-7.948825964425675350e-01
-2.735204085009542707e-01
9.986819167337056269e-02
-3.019505040941470320e-01
3.824283266336936382e-01
9.994952818573525632e-02
1.000320410905773671e-01
9.993054064501362410e-02
2.085498037154508988e-01
-9.997860252587175145e-01
-7.988416331444975205e-01
3.958497671952433405e-01
3.947209474903192739e-01
-3.413080286686199227e-01
-1.000067699585269754e+00
-8.081615343423834696e-01
4.041287556899036404e-01
6.616917777308135851e-02
-9.999985382580249826e-01
-4.491311593583162225e-03
3.998376281618779005e-01
-1.000035312967036516e+00
-3.273173133990451844e-01
-9.999586529487931585e-01
9.983620449181480894e-02
-1.000063932042111192e+00
9.608142113090587313e-03
-8.053604102462077474e-01
4.105911714804870716e-01
-5.999168775714848190e-01
-3.418815597297938380e-01
1.000646003612118695e-01
8.333974490254453249e-02
2.073145325952296669e-01
9.994131015996675360e-02
2.014401692735219573e-01
9.999162311554006255e-01
-2.923108720694918630e-02
-8.043899477969130851e-01
4.141282017523291725e-01
4.114493722762599948e-01
2.204985794717869430e-01
2.052232380848966753e-01
9.999830361959335390e-01
3.935112879116429152e-01
-9.999791163377245162e-01
-6.000782084597393595e-01
-1.000014312257894611e+00
6.241590731244214818e-02
-9.999351994996820148e-01
9.997735634975686569e-02
1.000314533971159298e-01
-6.000417658958608902e-01
1.735763343007408824e-02
-8.028919223936662464e-01
-7.925007655851514787e-01
-2.277124848421677172e-01
4.021280918865464682e-01
-2.723876733964509245e-01
3.944265689078393922e-01
-7.977749606255036818e-01
-3.559893921836234654e-01
9.994486431675708715e-02
1.001404391092896584e-01
1.000002540107707949e+00
1.552098476124720051e-02
3.974631860218255097e-01
9.978284514882398981e-02
-1.931756188758431414e-01
2.077454993968784747e-01
-2.400421173360245131e-01
-5.999520778108484720e-01
1.000085197394114056e+00
3.948477798572655462e-01
1.768600257957732014e-01
9.991163880754957982e-02
1.000011019204420704e+00
-1.000004312059580514e+00
4.087658198087377182e-01
1.000010671908775794e+00
4.018203565727008764e-01
9.993579548540905411e-02
3.916617496724668079e-01
-5.999993844603165316e-01
4.055301076604478916e-01
-2.251611500555637801e-01
4.192669239997771080e-01
1.000060050505160447e+00
9.998956374198123553e-01
9.989136129646684903e-02
1.965518720715921375e-01
4.034491816586468493e-01
-8.116830586101417833e-01
9.998236924590871155e-02
9.998843377858136483e-01
1.000043162629026927e+00
-1.000129215418699147e+00
-6.000820223876380810e-01
4.021039889312301718e-01
-5.975679997461137358e-03
3.858319843698189699e-01
9.998512415296276212e-02
4.030555324716289523e-01
5.768608454220134490e-02
-2.408558668424455596e-01
-5.999240613697587321e-01
2.050731807078783886e-01
1.000076739318414898e+00
-1.000005234092290696e+00
-7.869348858593794294e-01
9.999294756953271968e-01
4.066384297258487379e-01
-5.999414678793372202e-01
1.000333617111013873e-01
-1.743171292291504845e-02
-3.367277321088889552e-01
-8.068728557062084805e-01
2.231415751537184633e-01
9.990500109254846217e-02
9.998765905771156426e-01
2.089175287592004715e-01
1.941388652495938116e-01
-2.895095669779306213e-01
-9.999160180104910145e-01
4.686970470413827188e-03
4.085133924682291529e-01
-7.916289159273496301e-01
1.989463362209317743e-01
9.997873841607471945e-01
-7.902075699504459427e-01
-6.000736276187821350e-01
-9.999059666140517333e-01
-1.802373599433550536e-02
-3.312231885081678429e-01
-5.999353490455584526e-01
3.474825941600760866e-03
1.987532099462039070e-01
-9.999649500728718943e-01
9.999502382094808128e-01
-8.183458896275100924e-01
4.025088365112887701e-01
-2.290028046646631621e-01
1.000066016682759074e+00
-1.000028502161995236e+00
-2.724206812025782836e-03
1.984015497062109612e-01
1.001132363044015400e-01
-7.980817707679052075e-01
-2.585010099119770532e-01
-6.400517336324364204e-02
-2.543513099007335687e-01
1.999735161468462474e-01
-5.635983598775089892e-02
-6.001280298243329980e-01
-5.999388306122029890e-01
3.758314690383527945e-01
1.000015257930497059e+00
9.981681829468067035e-02
-3.246419018682749624e-01
1.925377488033719886e-01
9.981468694432565902e-02
1.001745351968470477e-01
-7.869055573981239560e-01
-6.000381326643539071e-01
-5.999755298260562864e-01
1.000115922780758115e+00
-6.000266443937137817e-01
-6.000090458183160447e-01
1.000187856566743250e+00
2.007959709770809065e-01
-7.848665586355938473e-01
3.985917494527437821e-01
-1.304296564135763170e-01
1.934304120705219177e-01
-7.850840806845859055e-01
-9.999998785803915213e-01
-8.127686321919619372e-01
-9.999482589285918488e-01
1.000048278923267864e+00
9.998484845371763408e-01
-7.910368389494520924e-01
-3.016287833504013860e-01
4.258525043141031530e-02
-7.939458466823771099e-01
1.000088434855788577e+00
-6.001569889175073502e-01
1.000765398027121389e-01
-1.000038953758835003e+00
3.822359165949383297e-01
1.896105979697447208e-01
9.999245082008014762e-01
-5.999125626904613373e-01
-6.001813811349904215e-01
-2.468443291359965763e-01
9.998308328970696435e-01
1.000840180249078920e-01
1.000093795740903735e+00
1.000038910427978323e+00
-1.000042748001241044e+00
3.991339548938003245e-01
1.000940660302466340e-01
4.132378224689667312e-01
9.976524330413386044e-02
3.710825243742269658e-02
1.795209021226551807e-02
1.946873701092542430e-01
4.182585925159069684e-01
-7.883013398608718081e-01
-5.998468148991051851e-01
3.894369275368474992e-01
1.000009725972622832e+00
-8.779851194336601994e-02
-8.072257952788152169e-01
3.962148490702583903e-01
-5.734193424771628911e-02
2.002557706328659815e-01
-1.000018621860780943e+00
-2.242354533320218279e-01
4.152690953796448481e-01
2.016838079484017665e-01
-2.383987354776441817e-02
1.000027682656068118e+00
1.000003548225182115e+00
1.000239532709940926e+00
1.001228677013711599e-01
-1.722540352158427254e-02
-9.999443370394897057e-01
-3.540969112922019435e-01
-4.017130775903771100e-01
1.000120500109333399e+00
-8.043856380523703997e-01
-7.921539630720656477e-01
-6.000585429964528927e-01
-2.731518797987251834e-01
-9.999645800067213930e-01
1.875999554340400666e-01
9.988088516670093342e-02
-5.999873442744164675e-01
1.316720012833324897e-02
1.000010176928761485e+00
2.008014558432865415e-01
1.969802650382403431e-01
4.097617718963600386e-02
-2.319136808596087285e-01
-2.726568810547806976e-01
-2.929821148836976863e-01
4.016723785188019424e-01
-3.419497181390307450e-01
9.999988280288524267e-01
1.000044650627514242e+00
-2.487018980736342699e-02
1.925698434678854709e-01
2.042506836415549087e-01
2.492806112034882254e-02
-3.533568105092175782e-01
-5.999979955877319249e-01
-9.999465053352405430e-01
1.988428373958877893e-01
2.763086734601552519e-02
