-6.001206240817140714e-01
-6.000007640328761660e-01
1.000047704286884942e+00
5.164441265708478307e-02
-9.998619606490315448e-01
-7.842337014710613063e-01
-5.999612477148350553e-01
7.395469737981764935e-02
-8.116820129047627175e-01
-2.035358581197394545e-01
1.000581485419879402e-01
-9.999960402931665771e-01
1.972903672796265384e-01
9.790899333996844114e-04
1.934845961059208919e-01
4.057225402774858325e-01
-2.680392523269368565e-03
-9.999401597198454006e-01
1.880021318393113039e-01
4.033175936484311580e-02
3.967110315975153623e-01
4.100468279995894694e-01
-3.378532822500637245e-01
-7.864764163672621766e-01
-1.000045672242862560e+00
4.208345340580825211e-01
-4.049798804299707400e-01
-6.001206751018676178e-01
-3.178992905580591555e-01
1.001211074856536709e-01
-9.999245313093170218e-01
-8.231101125812738672e-01
-7.897659972534827322e-01
-9.999383356498652287e-01
-6.873005211130725489e-03
1.000137549485083044e+00
-1.000039644697078733e+00
9.998908643093741277e-01
3.991195207920094634e-01
-5.999534861312616485e-01
1.000034372393679982e+00
-7.980276077792493039e-01
-2.843944349639045965e-01
1.000084791342829710e-01
-3.055402917137714502e-01
4.048711871806593976e-01
9.989768635948509390e-02
1.000918078793982813e-01
1.001380190330788122e-01
2.104089585125328010e-01
-1.000198805542141578e+00
-8.053160060761441752e-01
3.875011655413799216e-01
3.779572050133781502e-01
-3.206437631893313545e-01
-9.999626117132627279e-01
-7.965822578952830302e-01
4.043913310411733075e-01
1.198913508252219540e-01
-1.000036241847569674e+00
1.023790863061762452e-02
4.079230149155791407e-01
-1.000078275275325668e+00
-1.863365772498588036e-01
-1.000028808701072469e+00
1.001337115742257922e-01
-9.999063311513372021e-01
-5.294447314754353526e-03
-7.960016402947608372e-01
3.878675122252355223e-01
-6.001302452072344584e-01
-3.434705169449044915e-01
9.993699963234614625e-02
-3.387835983717187721e-02
1.995785695688618577e-01
1.000361928755918867e-01
2.102115421237800430e-01
9.999219069151675798e-01
-9.460433687192059196e-03
-8.033804204227925627e-01
4.019100307309519948e-01
3.964479801974031270e-01
2.128191058846066186e-01
2.138833981124427519e-01
1.000162044220743951e+00
3.861793589402605642e-01
-1.000165369234809143e+00
-5.999760732782215555e-01
-1.000008867050234063e+00
-2.361906695669114317e-03
-9.999588076854792895e-01
1.000804364896585030e-01
9.989648209584474359e-02
-5.998722401079241706e-01
3.102903538657749219e-03
-7.948017831027835989e-01
-8.078048679219861361e-01
-2.639762062860858127e-01
3.954090700531636138e-01
-2.230232245517855261e-01
4.091791794112908387e-01
-8.039214699134918929e-01
-3.017460690006726898e-01
9.995053067112774636e-02
9.980601329293564694e-02
1.000072918904261865e+00
-5.811111943593430529e-02
4.052352670588971750e-01
1.002749263524230078e-01
-3.084682272812258041e-01
2.080319856997907557e-01
-3.497546066031838041e-01
-6.000541676240910283e-01
9.998993118525075774e-01
3.972605051243051633e-01
1.805579950559426383e-01
1.000410890295436589e-01
1.000003566401946431e+00
-9.999929033172357817e-01
4.030687101114155402e-01
9.998689279651221673e-01
3.862985343771004887e-01
9.998186107709759740e-02
3.991594274885816862e-01
-6.000517272007503955e-01
4.022642253343416407e-01
-3.394173562088057539e-01
4.141385068024264760e-01
9.998968755062772606e-01
1.000008639372090391e+00
9.999327833508224461e-02
2.025293901581670386e-01
4.205921697609069643e-01
-8.149090646597363374e-01
9.989693733865977199e-02
1.000097329507142696e+00
9.997918162028277544e-01
-1.000222458518234214e+00
-5.998148729457108974e-01
3.861456434376049351e-01
9.042989898108418079e-02
4.069096230604262732e-01
9.988392864121177495e-02
3.875495786050642821e-01
-4.224542632069080983e-02
-3.506920234362096989e-01
-5.997823067079898207e-01
1.973626843760016014e-01
9.998514846241948195e-01
-9.999825278749701063e-01
-8.056991670124602489e-01
1.000001949160487680e+00
3.795701987126133270e-01
-5.999328061032414006e-01
1.000149965401678775e-01
-1.809374390209235461e-02
-2.787945197831780408e-01
-8.127603136431074127e-01
2.282164402545370785e-01
9.979183360503696143e-02
1.000148195794123618e+00
2.008913634889258615e-01
2.254088042648682844e-01
-3.766692225475794520e-01
-9.998899694823323303e-01
-8.148851740153303935e-02
3.891681857038651327e-01
-7.871555953311001330e-01
1.932998311150325166e-01
9.998559110992918386e-01
-8.008169580110853225e-01
-6.003344365094526180e-01
-1.000017852431183130e+00
1.571566059633952009e-03
-3.367089018472996242e-01
-5.999334112413190478e-01
1.163247090916315124e-03
2.030113489647701330e-01
-1.000175597177473508e+00
9.999932794820043380e-01
-8.166401691405894558e-01
3.980325825708652676e-01
-2.642150363691082582e-01
1.000123646647523623e+00
-1.000141648550317397e+00
-1.608620992815423811e-02
2.132393336988801513e-01
9.990330241181007154e-02
-7.845789588941809445e-01
-2.383889253327409197e-01
-1.158334203179249289e-01
-2.914036281147014962e-01
2.188416455976801012e-01
5.082580708646782658e-02
-6.000457739669353696e-01
-5.999184074538297384e-01
3.949378088100653494e-01
1.000088847053733687e+00
1.001848621246538978e-01
-3.048498486475843539e-01
1.835495756860390515e-01
9.991761813633705247e-02
1.000298037878037810e-01
-8.046561112915670000e-01
-5.999929991476866675e-01
-6.000426444278268434e-01
9.998520091477989258e-01
-6.000204948553523598e-01
-5.999972848624364197e-01
1.000019377143218202e+00
1.980650789214015717e-01
-8.095953846083939753e-01
4.034655984958115393e-01
1.091063558808702365e-02
2.061577508580260953e-01
-7.961990293585186063e-01
-1.000158701188842425e+00
-7.980861594669036441e-01
-9.998634566867656837e-01
9.998810132479009072e-01
1.000079381248634158e+00
-7.967519036769248331e-01
-4.071090687114143347e-01
-5.358180911936499813e-02
-7.964447293315369825e-01
1.000036504261879733e+00
-5.999698298007478670e-01
1.001697846715393497e-01
-1.000079976814515215e+00
4.089926924944299325e-01
2.093363834674018542e-01
1.000061243189535487e+00
-5.999584898109636688e-01
-6.002190636250699374e-01
-2.724038800559170914e-01
9.999372673271513801e-01
9.970919792742305443e-02
1.000011980158330926e+00
9.999687082127642901e-01
-1.000002791877572461e+00
4.045717125284629123e-01
1.001035376132032723e-01
3.969019724751547407e-01
1.000747310373395621e-01
5.958921443092098091e-02
-1.051612010372783568e-01
2.108906446524004275e-01
3.933781701228453165e-01
-8.007620128416957916e-01
-5.999472739783016095e-01
4.101070204811378406e-01
9.998063324419808051e-01
-5.778902587853548822e-02
-8.028167087351856246e-01
3.912948051545664940e-01
-6.790563464396348614e-02
1.926701385492252949e-01
-9.999839473915436150e-01
-2.657199170042950920e-01
3.949983542137845416e-01
1.928017797254902854e-01
2.664912393308659436e-02
9.999073976330034030e-01
1.000135547460920371e+00
1.000091234391417894e+00
1.001990670803621086e-01
-2.278324117872079779e-02
-9.999420213013796577e-01
-3.274680576724120495e-01
-3.080265594767604420e-01
1.000085445951191421e+00
-7.971552554880233510e-01
-7.881108678878898655e-01
-5.999319911137006578e-01
-2.742379400387554567e-01
-9.999891065506232302e-01
1.934137527786825017e-01
1.000486242654347047e-01
-6.000283533771094691e-01
-1.094317838296331308e-01
9.999251742323931325e-01
2.150664185392809902e-01
1.824274354260847497e-01
-3.760489898460542268e-02
-2.823733400704058205e-01
-2.583692013815603872e-01
-3.271481724116404588e-01
3.953253784569936147e-01
-2.601828891857461690e-01
9.998507540021089879e-01
1.000103889427256920e+00
2.745175234474242498e-02
1.976455848287295980e-01
1.990218044379490070e-01
6.602843931793385412e-02
-3.222505997770768182e-01
-6.000708117213179316e-01
-1.000047574848419440e+00
2.074303875027762867e-01
-1.555215717104048434e-02
