-5.999533096269223931e-01
-6.000608403877842889e-01
1.000048316992900643e+00
-8.395589745835080331e-02
-9.999251473176211658e-01
-7.864398165141482933e-01
-6.001317962131240691e-01
-1.124670795369980686e-01
-8.069834390706266403e-01
-3.396362108271947511e-01
1.000345323307052225e-01
-9.998357973626708084e-01
2.034953056958083983e-01
-6.715062785076732210e-02
1.747165122919541735e-01
3.987169961593688972e-01
9.148623670961875121e-02
-9.999270063968257460e-01
1.955652788336174619e-01
-1.556783257255053843e-02
3.945592066867161241e-01
4.100747885343775101e-01
-2.797890394048314633e-01
-8.196982126538183699e-01
-9.998605387287261559e-01
4.061155107922135299e-01
-2.464959545171888367e-01
-5.999846027609577748e-01
-2.968158449458542236e-01
1.000207947200518477e-01
-1.000098968011117861e+00
-7.864620205430237210e-01
-7.899995418174163841e-01
-9.999405919076767013e-01
-6.587573065760107816e-02
9.997562737210288208e-01
-1.000066601459777660e+00
1.000095803697254260e+00
4.069329312727320569e-01
-6.000493277921696844e-01
9.999655669611736686e-01
-8.081882161970296297e-01
-1.934422752348979035e-01
1.001784725608557136e-01
-2.830766006969350213e-01
4.014471758311635163e-01
9.996505389082595283e-02
9.992522668380336703e-02
9.987018175425278754e-02
1.848446753738438308e-01
-9.999007786093041528e-01
-8.033567670750343392e-01
4.030192059135616622e-01
3.934604688848999943e-01
-3.205311244192250997e-01
-9.999940042072694713e-01
-7.648271139423581388e-01
3.954937344631462848e-01
-1.047404863582015455e-01
-1.000060100218736592e+00
7.896550218064812832e-02
3.960976877201727309e-01
-9.999385900606823085e-01
-2.428619552816316529e-01
-1.000017554495092664e+00
9.972047336181111277e-02
-1.000122363087952770e+00
-3.586222799685916812e-02
-7.993739968711248700e-01
3.995309645000733600e-01
-6.001915398471810992e-01
-3.403304883332968211e-01
9.996701760193509034e-02
6.319503066973672367e-02
2.010508796174517998e-01
1.000684191850358673e-01
1.936041306626184455e-01
1.000074895917384854e+00
-6.382962112140056626e-03
-8.016580335953001901e-01
3.864987752971154045e-01
3.998821470170089154e-01
2.066622907126876574e-01
2.006496979400764769e-01
1.000036971019402809e+00
4.173455896865430059e-01
-1.000083851981265370e+00
-5.998026424754013819e-01
-9.999808373371069647e-01
4.584923080421723918e-02
-9.998934734804687530e-01
1.000452737804956721e-01
1.000986201869512870e-01
-5.999329167682406760e-01
-3.136643899379087941e-02
-8.062905704796134998e-01
-7.845275201556929368e-01
-2.427083506687122694e-01
4.100888592920820530e-01
-2.365599332684384382e-01
3.892625891523445736e-01
-7.923726942282284247e-01
-2.746692766478066594e-01
9.993235696775097654e-02
9.995429379309178630e-02
1.000155919930082016e+00
1.235806116883135380e-01
4.051860740815184103e-01
1.001476035011561044e-01
-2.373495445351570254e-01
2.071282975060379783e-01
-3.169928259796209180e-01
-5.998654401723443330e-01
9.999329772846541342e-01
4.063025598684141815e-01
1.962537527736297749e-01
1.000112377750909803e-01
1.000085210147416914e+00
-9.999859066720053757e-01
4.052093648118821889e-01
1.000346096586508082e+00
4.014528382105385651e-01
9.996321901956700673e-02
4.077616040471992997e-01
-5.999301131037360069e-01
3.967431898475525243e-01
-3.604435448838979039e-01
3.801436724249157018e-01
1.000112493621754473e+00
1.000127702354862480e+00
9.992141317174203785e-02
2.005430400940607372e-01
3.930761779059315786e-01
-8.155128466188744651e-01
9.997975083416101028e-02
9.998949961200804815e-01
9.999310930175604462e-01
-1.000226730936498498e+00
-5.998730695646573574e-01
4.079672006294657871e-01
4.914348206289154836e-02
4.040388335224318062e-01
1.000972817003291937e-01
3.988883462442602834e-01
-2.257880427051102423e-02
-3.022706174400039969e-01
-6.001896917643572138e-01
2.014562508976687760e-01
1.000128726491391395e+00
-9.998073746357201141e-01
-8.128464418209866427e-01
9.998977384138697522e-01
3.783591040042662001e-01
-6.000840803428356685e-01
9.995680243681163979e-02
-8.391561460891761026e-02
-3.594787902227270515e-01
-7.972673718809708543e-01
2.003863581401723049e-01
1.001741931067623437e-01
9.999373721713427088e-01
1.895882353751618676e-01
2.011988818140116875e-01
-3.139637141900917805e-01
-1.000049916264866390e+00
-2.624638417910390986e-02
4.118210163444548377e-01
-8.073382899983542194e-01
2.154377092561146623e-01
9.999062763479622529e-01
-8.002115520443533470e-01
-6.000574336183129853e-01
-9.998661391506835638e-01
-6.558749926725339352e-02
-1.853450881616187651e-01
-5.999160418651394711e-01
6.219088790765351510e-02
1.886962562298570012e-01
-1.000015525443157971e+00
1.000014770850764956e+00
-7.951784044035580257e-01
3.896713773606862441e-01
-3.489120293956744501e-01
1.000131053468426012e+00
-1.000125859836324071e+00
-5.266903417012857441e-02
1.870787288067774778e-01
9.992546192439991093e-02
-7.962250936992805173e-01
-2.886387963078715369e-01
-1.192661664420857637e-02
-2.574392301870306321e-01
1.865862609276863759e-01
1.189558346459100580e-02
-5.999726484819171146e-01
-6.000608131885032392e-01
3.980965590200395976e-01
9.999804619566559083e-01
1.000672519218399475e-01
-3.612097316320780349e-01
1.957027499741983423e-01
1.000380838321390936e-01
1.000722778277696179e-01
-7.830789172616341443e-01
-6.000740030065353503e-01
-6.000707120838886244e-01
9.999524234044675497e-01
-5.998310947619089895e-01
-6.000083767058649320e-01
1.000038776537132579e+00
1.980464356916318003e-01
-8.087187234970343308e-01
4.041490606032874244e-01
2.797667674822860301e-02
2.146953616243956198e-01
-7.906631725867603322e-01
-9.999283541187017343e-01
-8.085166388725752995e-01
-9.999938734207024504e-01
9.998823536678318469e-01
1.000091272174125301e+00
-8.054243291388756276e-01
-3.167363003284997536e-01
7.877272529634741713e-03
-7.983828522190333787e-01
1.000062141782365410e+00
-5.999745829259047758e-01
1.001935705407455829e-01
-9.999367126666839356e-01
4.064128819380413704e-01
1.992271538335572412e-01
1.000053390278711207e+00
-6.001242831660366095e-01
-5.998586112497067413e-01
-3.925298344437574416e-01
1.000025217353950779e+00
1.001625041245327724e-01
1.000195240637959282e+00
9.999263418538366643e-01
-9.999020921776881066e-01
4.004618812961633356e-01
1.000977107834585406e-01
3.927761609315644775e-01
9.997298222596553985e-02
1.639050487798726294e-02
4.594024790314115564e-02
1.963750191590355187e-01
4.033573930082477443e-01
-7.885512897738429228e-01
-5.999965151637338678e-01
3.937717133400446823e-01
1.000047555808025956e+00
9.977802337667908417e-03
-7.912580867485997649e-01
4.050490811187948959e-01
7.136853967915281205e-02
1.806690898664116418e-01
-1.000066401293418394e+00
-3.153086551447732977e-01
4.040996109019597271e-01
1.930670175399071264e-01
8.002293976619395330e-03
1.000082051746299161e+00
1.000006552055074271e+00
1.000046439583706981e+00
9.994789741621858126e-02
3.109581105220689604e-02
-9.999512852987788580e-01
-3.041414827573625801e-01
-3.059683537741959003e-01
9.998565132292370761e-01
-8.070258665331603298e-01
-7.813904295018482271e-01
-5.998274956731990404e-01
-3.238622470747991033e-01
-1.000118216785337077e+00
1.891180061227104026e-01
1.000503522257951555e-01
-6.000853932200518326e-01
1.897903457925076767e-02
1.000145133996042768e+00
1.924038762962314020e-01
2.019851404731922151e-01
-3.719231692468129638e-03
-3.262466427452455076e-01
-3.065786852813843222e-01
-1.984003042885177370e-01
3.933498537443392840e-01
-3.112308248514798481e-01
1.000170106115489288e+00
1.000075893883009437e+00
-2.283698507149015122e-02
2.130257706891238445e-01
1.928260710140447809e-01
1.811373413077988978e-02
-2.747080617442375639e-01
-6.001751466452177608e-01
-1.000012560145570939e+00
1.956813861287439449e-01
-2.725515175612226726e-02
