-5.999745585786609992e-01
-5.998829944159997929e-01
9.999306162837492407e-01
2.516765733873388075e-02
-9.999459874083802546e-01
-8.113245375731512610e-01
-6.000582760395001269e-01
1.265263299471516001e-01
-8.119868428141051586e-01
-3.170210151565975853e-01
1.000857850807816279e-01
-1.000039430230379889e+00
2.039300579491216681e-01
2.728336391213485174e-02
1.986107351987539960e-01
4.024978217209301268e-01
-4.704011154479655760e-02
-1.000029836613127054e+00
2.079981796906730240e-01
-3.076900665354916076e-02
4.010206950307874108e-01
4.017933580218833178e-01
-3.294288408056863515e-01
-8.194745049973948259e-01
-1.000133163782973789e+00
4.022558135190638651e-01
-3.462163676516832878e-01
-5.999165017567399394e-01
-3.175455528584477660e-01
1.001276467338498566e-01
-1.000165928214450384e+00
-8.136203997022910528e-01
-7.875882071395532424e-01
-1.000235079082246292e+00
-3.165321483496300742e-02
9.999393227552941799e-01
-9.998560229761904727e-01
9.998483318734099345e-01
4.238759705229460661e-01
-5.998341808043865520e-01
1.000127029623397501e+00
-7.830125384084217766e-01
-3.380304044058097812e-01
1.000997864501693840e-01
-2.632805742341473021e-01
3.942479785158394257e-01
1.000474728676383485e-01
1.000443049085457947e-01
9.999386941228580183e-02
2.088601246546540335e-01
-1.000098921399854124e+00
-8.117184847513010393e-01
4.152957125972646657e-01
4.163691691563889963e-01
-3.203340659608057139e-01
-1.000064037887646862e+00
-8.043101786746484905e-01
4.007723141681501233e-01
-4.459102882173957005e-02
-9.998755148582126884e-01
-2.024406621280237101e-02
3.994594335104860172e-01
-9.999873924690190208e-01
-3.238204789534491201e-01
-9.998864095318447109e-01
9.991079714166649361e-02
-9.998250717170062973e-01
-2.608026179730266181e-02
-7.960639581200640302e-01
3.926810650700254257e-01
-5.998102465550658735e-01
-3.621439379962010374e-01
9.996930241144356966e-02
6.051859969858443267e-02
2.009007549712108764e-01
9.996079621972164819e-02
1.971458539091748841e-01
9.998098541525327621e-01
-2.086374221626247777e-02
-7.873452796826814204e-01
3.956347788582426084e-01
4.136950580413713552e-01
1.946195236297053599e-01
1.980707812793632838e-01
9.999539529718596276e-01
4.047603839593170716e-01
-1.000015366179218157e+00
-6.000217387238678812e-01
-9.999522127465375609e-01
-5.066437893663011671e-03
-9.998848154746885486e-01
9.969041192884309233e-02
9.996203115061740030e-02
-5.999427680910989213e-01
6.683808034977078982e-02
-7.975019568596382058e-01
-8.210756412088437983e-01
-2.638794780629388215e-01
3.922469210376544058e-01
-3.080921717891408340e-01
4.037638245100684253e-01
-7.952869710182206564e-01
-2.887878589445519451e-01
1.001104962325049669e-01
1.000787463993637466e-01
1.000128244959450408e+00
4.093396122237643459e-02
4.012476023358501620e-01
1.000879303054598990e-01
-2.190751642596968640e-01
1.976427113074659958e-01
-2.975724726546220555e-01
-6.001446705358246536e-01
9.999641206426957973e-01
4.046400234783383842e-01
2.016032148702328330e-01
9.996417620103299762e-02
1.000018191977866788e+00
-9.998021804769351428e-01
3.852924333258117562e-01
9.999360901827916148e-01
3.837602484327926611e-01
1.000178060666381125e-01
3.843426803596323715e-01
-6.000013055628176106e-01
3.868341036625738694e-01
-3.145120002868531106e-01
3.962522584101387801e-01
1.000018727883337899e+00
1.000020520909330690e+00
9.997396274954474527e-02
2.105667027364422073e-01
4.090346774858539813e-01
-7.945014915175970804e-01
1.000252131043999626e-01
9.998871587674970085e-01
9.999446929223749780e-01
-9.999041331549534117e-01
-6.001577842780121408e-01
4.007219720605924018e-01
-5.431614208263642329e-02
4.080223715979042765e-01
9.993013383060753152e-02
4.120698463082740903e-01
-6.268487779916502578e-02
-3.173050924809036610e-01
-6.001595604409806217e-01
1.941397234915391012e-01
9.998622953123603718e-01
-9.999186167261558955e-01
-8.055614427272467237e-01
9.999257993867095573e-01
3.889662358538315545e-01
-5.999186936878334597e-01
1.003300079851296434e-01
-6.461470919786576304e-03
-3.474376465241674206e-01
-8.119054924956795594e-01
1.871512101732020206e-01
9.996522982763313137e-02
9.998423376797173079e-01
1.917083888275996906e-01
2.198757257062575465e-01
-2.990243980025946713e-01
-1.000105204821126526e+00
-6.169648363594276014e-02
3.953439571199740543e-01
-8.038170440398082484e-01
2.022559987033769324e-01
1.000048558894284900e+00
-7.914732933476621435e-01
-6.001388759772755543e-01
-1.000117830355069959e+00
-1.303678469000039281e-02
-2.506668571595075390e-01
-5.999139670329650675e-01
3.133109567720700900e-02
2.061888500924845546e-01
-9.997856587850290078e-01
9.999210091114989485e-01
-7.896407072579209041e-01
3.933140532509845633e-01
-2.927971736911483269e-01
1.000062807243470298e+00
-1.000045163399097659e+00
1.899358559644806488e-02
2.089491701304105331e-01
9.988417068428809276e-02
-7.988263146594354325e-01
-3.540040048918699500e-01
5.135818819702143989e-02
-2.829748918656848078e-01
2.052227312608156662e-01
5.155267123237226162e-02
-6.000977615636603479e-01
-5.999670183148619884e-01
3.914852173382866729e-01
1.000029660543438448e+00
1.000004164863886463e-01
-3.833886046123622382e-01
2.012754749821898115e-01
1.000840679733961402e-01
9.990058188977769815e-02
-7.713342106346808835e-01
-6.001409232404413263e-01
-6.002295024705512905e-01
9.998390926608310414e-01
-6.001611519508492920e-01
-6.000154348860000653e-01
9.999089265898256640e-01
1.995578591822874670e-01
-7.983358753961959930e-01
3.798812490930248420e-01
1.269316267758640628e-02
2.004844246572478617e-01
-8.105430218152357424e-01
-9.999839958636285164e-01
-7.901096535066033377e-01
-9.999967375083831378e-01
1.000035443786264633e+00
1.000053338281809756e+00
-8.006198631693610679e-01
-4.029753352795504839e-01
-1.676708646383591114e-02
-7.935900705378737818e-01
1.000014589150823863e+00
-5.999626000228567291e-01
1.000983634729417093e-01
-1.000028208760779247e+00
3.867477855201984505e-01
2.067120472716400537e-01
9.998412647003387388e-01
-6.001796645282135856e-01
-6.000397266265168339e-01
-3.247585955910465838e-01
1.000125890662241002e+00
1.000875724209188272e-01
9.998464265441711074e-01
9.999906682993729978e-01
-1.000045614068500122e+00
3.896304564436415263e-01
1.001255515613903441e-01
4.101450274364263349e-01
1.000401763076988471e-01
4.750382150759833999e-02
-2.589988909028140968e-02
1.900973651939496245e-01
4.193955728949276263e-01
-7.905258140374740172e-01
-6.001423381225373666e-01
4.039823680441772535e-01
1.000101999018671250e+00
-6.154784096359222634e-02
-7.973951725351010600e-01
4.081805080442320044e-01
1.147061232529765669e-02
1.882914020788019061e-01
-1.000111004766214062e+00
-3.190239886030076799e-01
3.996450198312000990e-01
1.885445943890888265e-01
-1.030994273733899097e-01
9.998955822931816506e-01
9.999962352277119715e-01
9.999775941263174817e-01
9.989872600710195116e-02
-6.896731485875191858e-02
-9.999410412041247476e-01
-3.513713895701623402e-01
-3.503787097990235244e-01
1.000031552387426137e+00
-7.983379733462291350e-01
-8.004482993289899762e-01
-5.999466767936930678e-01
-2.224149688482729148e-01
-9.999471416073271168e-01
1.916273904799277450e-01
9.992366812334331494e-02
-6.000309660367613152e-01
-1.139843657715017896e-05
9.999813721846817494e-01
1.944267377855579682e-01
2.076089333467452669e-01
7.414018544797511441e-03
-1.929814619920478536e-01
-3.518591257022180563e-01
-2.575765481460396966e-01
3.948947291898635137e-01
-2.317171408508990060e-01
1.000001533861347935e+00
1.000181023464260299e+00
1.356029828574382805e-02
1.895322050495733823e-01
2.064952035442388922e-01
4.013804016075347980e-02
-2.730713919089446939e-01
-5.998059215598186000e-01
-1.000004731985013828e+00
1.866408760857736493e-01
9.866388787767391491e-03
