-6.000349160641126334e-01
-6.000195499828356871e-01
1.000030163374953762e+00
5.918913165695671719e-02
-1.000088479577377676e+00
-7.968998396278960117e-01
-5.998928693717245908e-01
7.858331262666280737e-03
-8.169996560420031972e-01
-3.196569353799563751e-01
1.000084008732895907e-01
-9.998993562536063751e-01
1.961155237536901519e-01
-5.363579347563747490e-02
1.882542700236549960e-01
4.063222641426453841e-01
3.299404961030773936e-02
-9.999419054045510791e-01
1.871887763241086855e-01
-2.482988375089264024e-02
3.980442388626495021e-01
3.863283463036529253e-01
-2.964421973935408849e-01
-7.979519625462031529e-01
-1.000046570900076537e+00
4.114537108796771925e-01
-2.167174594123888465e-01
-5.998535694097044679e-01
-2.104839084137835048e-01
9.996113369060082021e-02
-1.000076165245445070e+00
-8.015661030530479847e-01
-7.910595401772092528e-01
-9.998226147563935573e-01
-2.277632700883801611e-02
9.999778801335527101e-01
-1.000042160452330853e+00
1.000253567599383109e+00
4.125282822089348378e-01
-5.999291432715916361e-01
1.000011829165649013e+00
-7.972519062346157259e-01
-3.752397960731758131e-01
9.989515221388550748e-02
-2.983580208502236708e-01
4.041412378674341110e-01
1.000735933790872362e-01
1.000782511648722478e-01
1.000687171386439589e-01
2.133623761330784019e-01
-1.000182606554644416e+00
-7.933392384686620558e-01
3.935041936768663984e-01
3.883466288726615812e-01
-2.604553380860906153e-01
-1.000109525486425177e+00
-8.139477358940645502e-01
3.803881912469780913e-01
-2.929685488717482383e-02
-1.000017453713350601e+00
5.292271885289263900e-02
3.887958506988310470e-01
-9.999530122565661872e-01
-2.804663800080488545e-01
-1.000028434844226544e+00
9.993136001721793227e-02
-1.000061280939619657e+00
-1.475352214271815066e-01
-8.054867963846376044e-01
3.915747880318293794e-01
-5.998329495233253317e-01
-2.890135015109283056e-01
1.001344405740696442e-01
-1.626990937896987191e-02
1.926184457490864033e-01
1.000328255056919108e-01
1.963585640968367185e-01
1.000028595630613859e+00
3.251949829862676999e-02
-8.002295248003777894e-01
3.846778212194429392e-01
3.992905244540786436e-01
2.009127311993041676e-01
2.086993537574360624e-01
9.998826488029645132e-01
3.828410826084724938e-01
-9.999697144425414574e-01
-6.002043622781711996e-01
-9.999494132984213524e-01
-1.313548107035459114e-02
-9.999339015255442886e-01
9.989769522033205285e-02
1.000057362207033840e-01
-5.999155827276053676e-01
3.144049601382823550e-02
-8.135867174856737938e-01
-7.916178407977295661e-01
-3.266526019257959268e-01
4.026502239420318152e-01
-2.994765998514357097e-01
4.048891153905054829e-01
-8.203285648590253887e-01
-2.886498177541382271e-01
9.986107290007788240e-02
9.996036049707154869e-02
9.998588369819457755e-01
-1.510691662953240859e-02
4.095707571962703963e-01
9.981808565794661470e-02
-2.884195281235394925e-01
1.982349531289421818e-01
-2.701327282983819189e-01
-5.999993543049331191e-01
1.000034873718514516e+00
3.906059268845347154e-01
2.026539313821678068e-01
1.000448625773297240e-01
9.998296231078190877e-01
-9.999831920441880628e-01
3.949225689910204062e-01
1.000071680819859976e+00
4.065433542217747331e-01
1.000622990770638765e-01
3.964862564553344737e-01
-6.000411798026944465e-01
4.035967113711432241e-01
-3.086612127731770960e-01
3.904377460890799956e-01
1.000037686802998316e+00
1.000128506938783968e+00
9.993301880811802929e-02
2.030718376463147568e-01
4.027797573806318754e-01
-8.056742620142938183e-01
9.988659147304183861e-02
9.999172382318141095e-01
1.000061634127360266e+00
-1.000002521122968169e+00
-6.001409360855426423e-01
4.119022491808856934e-01
4.103478675112437468e-02
3.949840770234618881e-01
9.994660717519779358e-02
4.037826982077621363e-01
3.868533135737815820e-02
-3.306426555153802460e-01
-5.999688534916209903e-01
2.021228954306865111e-01
9.999729720846888270e-01
-9.998657008112226130e-01
-8.003100580132639363e-01
9.999431448531587163e-01
4.158378744169628494e-01
-6.000183204123477054e-01
1.000630804391199058e-01
-1.964692225060731684e-02
-3.366329593239528184e-01
-7.968325684323860347e-01
2.009826773033446257e-01
1.000129150721856541e-01
9.999302603882004314e-01
1.913399864177773302e-01
2.051556890208422468e-01
-3.605015760438616823e-01
-9.999888135912075038e-01
1.619710161920336067e-02
4.047455606386188287e-01
-8.014529532014519342e-01
2.031011456593014297e-01
9.998567157446582865e-01
-8.051914991436303071e-01
-5.998779707743320255e-01
-1.000166539843233782e+00
-2.890477914919978991e-02
-3.173288475789505236e-01
-5.999290878465505239e-01
4.116168521242481032e-02
2.102272010774733080e-01
-1.000107906352229126e+00
9.999233871805042195e-01
-8.235037313210632481e-01
4.068274665814602398e-01
-3.311096970338082701e-01
1.000011897468409572e+00
-1.000082702946159197e+00
-9.283879789820598336e-05
2.059394008129293852e-01
9.999462162175790092e-02
-7.932515194015747895e-01
-2.607217322603646581e-01
1.331754954087589239e-02
-2.823951313425897003e-01
2.082365386607756552e-01
-4.414656305188559976e-02
-5.999243641257896442e-01
-5.998901213916181252e-01
3.957446072164073625e-01
1.000052054885269381e+00
1.001120664973841057e-01
-3.131424067489591567e-01
1.816338077748282931e-01
9.993804689866028768e-02
9.998466017774670922e-02
-8.124106188094322167e-01
-6.000186342701939735e-01
-6.000561718938893785e-01
1.000006406094564593e+00
-5.999986567483034383e-01
-6.002606244842699779e-01
1.000035852771017808e+00
2.037173799213936598e-01
-7.996913845149979938e-01
4.048825307004135787e-01
-1.039796377695217378e-01
1.998145744438394045e-01
-8.257475609233058123e-01
-9.998517699325107921e-01
-8.135011007299560726e-01
-9.999838045732560854e-01
1.000164263809031118e+00
9.999417772402410254e-01
-8.179886217878452603e-01
-3.081716562701107276e-01
3.306163079774090269e-02
-7.867573945827525117e-01
9.999965239348700408e-01
-5.998190382811504628e-01
9.997286644372570252e-02
-1.000063983164692027e+00
4.108661118945293733e-01
2.153325918695686292e-01
9.999198466756852310e-01
-6.000123590705259691e-01
-5.999193278567309662e-01
-2.753678487049652235e-01
9.997921954770339070e-01
1.000240589232820332e-01
9.998974370935144185e-01
9.999701795110625957e-01
-9.998648198976773926e-01
3.830958638664525573e-01
1.000057911844240005e-01
4.199636669805019151e-01
9.975576620812444395e-02
1.018661582545649785e-01
-7.538933289632576695e-02
2.138157592510251670e-01
3.835545091956990005e-01
-8.146530103403911705e-01
-6.001815334996285500e-01
3.985165883217618998e-01
1.000070254339637366e+00
-2.752924888756523927e-02
-8.067708311204746519e-01
4.002701555258373900e-01
4.637132591808837412e-02
1.833752850496193632e-01
-9.999439512151785392e-01
-2.144111346571386800e-01
4.046438609685261700e-01
2.041591156987256628e-01
6.485613646066487603e-02
1.000097114683371258e+00
1.000040486445788801e+00
1.000001501014850414e+00
1.001069229573237351e-01
5.555848906862739800e-02
-1.000041106429500060e+00
-3.487405738933359034e-01
-3.178874517425617219e-01
9.998419261191047180e-01
-7.948490142896019739e-01
-8.076239488995937688e-01
-6.000563355399007870e-01
-2.354697624226653740e-01
-9.999671740066746750e-01
1.802050753591653565e-01
9.990194454882291020e-02
-6.000527237684394333e-01
4.243756996507122570e-02
1.000027831383056176e+00
2.035769849025893807e-01
1.884663575355483012e-01
8.460967843834082958e-02
-2.904709819861184261e-01
-2.005250341749259535e-01
-3.624029543300185674e-01
3.938073586470984266e-01
-2.931552037007008060e-01
1.000003273441090856e+00
1.000097681001348215e+00
7.333192884243577847e-02
2.039550146705483014e-01
1.938289666162792690e-01
1.062815613557626694e-02
-3.099689105875499395e-01
-6.000900010500819226e-01
-1.000125031957434629e+00
2.141825852873287805e-01
8.465399040543135009e-03
