-5.999352986053778647e-01
-5.998495553886090681e-01
9.999668880258336667e-01
-2.862714712225345598e-02
-9.999772946629386094e-01
-8.079661530706629957e-01
-5.998745726096802455e-01
-2.129718892093875049e-02
-7.982926327727862814e-01
-3.001053752722926959e-01
1.003071499478864897e-01
-9.999675741261015993e-01
1.831753929624581889e-01
-2.200517027565348019e-02
2.044671658031990136e-01
4.116003880463025566e-01
-6.651611983917272986e-02
-1.000138676986155994e+00
2.028136323148827524e-01
-7.899016043532642792e-03
3.824587061534372445e-01
4.030018017716233691e-01
-2.901517969834104260e-01
-8.088334251253993523e-01
-9.998868647023482215e-01
4.005373026741678721e-01
-2.124766953447155826e-01
-6.000395644170134490e-01
-3.707474255428941934e-01
9.998031307665630751e-02
-1.000016177378128202e+00
-8.132412482169085743e-01
-8.052668390880792781e-01
-9.999480274532381863e-01
-1.385386200455693100e-02
9.999829100809755067e-01
-9.998943494819115818e-01
1.000046290643267666e+00
3.979175530142450290e-01
-6.002279187336085897e-01
1.000009846842580430e+00
-7.923302940454637344e-01
-3.169674326249982133e-01
1.000392418115579468e-01
-3.068626913064266826e-01
3.938644858659026138e-01
1.000459420446392633e-01
1.001070626692746879e-01
1.001804067437549184e-01
2.050284886039743237e-01
-1.000053941496354737e+00
-8.216632791751559139e-01
4.152808983161663248e-01
3.979229312626372250e-01
-2.817886273337985581e-01
-1.000105660309995148e+00
-7.835037160529464417e-01
3.964612440545703942e-01
8.292414376358085704e-02
-9.998622825322348584e-01
-3.097525872423038257e-02
4.003841667698012641e-01
-9.999146036558564932e-01
-3.267276251868950765e-01
-1.000253482524837922e+00
1.000475593969069460e-01
-9.999979059527484004e-01
7.543798656598033059e-02
-8.019833003280230077e-01
3.898723785065038583e-01
-5.998163032258084781e-01
-3.229705538725665126e-01
1.000190356332539970e-01
-2.607384015276823647e-02
2.140391304005454243e-01
1.000571844375925806e-01
1.950653064213699051e-01
1.000157495562915333e+00
-4.214503053908461028e-02
-7.923363835899135399e-01
4.006365786489286540e-01
4.073614263854319351e-01
2.056958839994781074e-01
2.045284907739413904e-01
1.000010238322895706e+00
4.027177416314299263e-01
-9.998730642647756239e-01
-5.999299078993527434e-01
-1.000078334254046020e+00
-2.269508872528461924e-02
-9.999532237220671860e-01
1.000200752802039017e-01
9.996835610517183779e-02
-6.000199064180850028e-01
-1.240004286211989770e-01
-8.008454918719613014e-01
-8.018152795512134556e-01
-3.393960847195707231e-01
3.973883946270871936e-01
-2.753749003795477046e-01
3.978002340125528780e-01
-8.023429193938294013e-01
-2.639724640544153789e-01
1.000145817713206514e-01
9.991603842119975432e-02
9.999637130662429874e-01
8.300646439068770990e-03
3.933887896795348338e-01
9.997965103958336708e-02
-3.164022133161031869e-01
1.816785589411905044e-01
-3.374877840668221718e-01
-5.999239859194394064e-01
1.000121399613975504e+00
4.086024276190755589e-01
2.028762486865867964e-01
9.990372488521188921e-02
1.000064777732136978e+00
-1.000079231900092624e+00
4.062857546038794454e-01
1.000140485036712823e+00
4.061691314544638720e-01
9.987605488324823033e-02
4.242455909821961635e-01
-6.000571371601473025e-01
4.004571784100684484e-01
-3.646265599640723942e-01
3.970125531361671234e-01
1.000039885172152587e+00
1.000119311576493697e+00
1.001011215503897905e-01
1.984147986352223225e-01
3.838875530463536911e-01
-8.153602679745135529e-01
1.000236835864856677e-01
1.000051334489447052e+00
9.999854523847739873e-01
-1.000055988123351280e+00
-6.000530478102917842e-01
3.940796826494050720e-01
-2.187559766352739979e-02
4.181742513891997248e-01
9.997218493198416212e-02
3.874233144068019996e-01
1.969818546036569695e-02
-3.326226154175327410e-01
-5.998311886177897234e-01
1.959634512353036206e-01
1.000048416746430968e+00
-1.000050424671716343e+00
-7.888068128120884204e-01
1.000098740681219844e+00
4.091119351382559999e-01
-6.000823134301205286e-01
1.000530267327356393e-01
7.531512742547435968e-02
-2.609061197072006233e-01
-8.000266946160672354e-01
1.987138957392853289e-01
1.000380514979579832e-01
9.999829442385423928e-01
2.089738268662841292e-01
1.822529872335621193e-01
-3.046130654690727968e-01
-9.999958996592561711e-01
-1.830486967373426768e-02
4.080491459133720467e-01
-8.128262825730643293e-01
2.124667048289927140e-01
1.000103412770835476e+00
-8.115513731049812662e-01
-5.998742296712328281e-01
-9.999970189116965669e-01
8.631812901529996307e-02
-3.228376918764512826e-01
-6.000134548524297395e-01
3.243732419301901398e-02
2.115514412223440666e-01
-9.999754221380983132e-01
1.000036287308115668e+00
-8.005502438403069299e-01
4.203834055886864207e-01
-2.901059129149750060e-01
1.000054108684823584e+00
-9.999951469488013167e-01
-9.357481512800662482e-02
1.981663630437188461e-01
1.002395674155367733e-01
-7.931493209053670501e-01
-2.543697225465846312e-01
-7.448426622719957202e-02
-3.169579283582851237e-01
2.112327812930936966e-01
5.332424970609989101e-02
-6.001134755195882686e-01
-6.000327626607773190e-01
4.204503378209364928e-01
9.999802071431360684e-01
1.000316563650233692e-01
-2.341143194823443463e-01
2.000855123792848189e-01
1.001505558213701269e-01
1.000137720502841110e-01
-8.031856768887206677e-01
-6.000766701631685685e-01
-5.998728976384073430e-01
9.999657176849231499e-01
-5.999892638925395927e-01
-6.000963241192078801e-01
1.000108169796514845e+00
2.135927191928031488e-01
-7.885781123422439531e-01
3.795951112592248489e-01
-3.013080874693375988e-02
1.894423089879439803e-01
-8.094203512900669528e-01
-1.000088210683671264e+00
-8.168877110566475919e-01
-9.999415056638081278e-01
9.998292427455789388e-01
1.000018827178772884e+00
-8.053375749754375645e-01
-3.479045442160808022e-01
6.107403401565007772e-03
-8.147059646842818026e-01
9.999027037918077898e-01
-6.000135664160323179e-01
9.998375542834853080e-02
-1.000009524511384251e+00
4.104624747848685806e-01
1.893043549479759557e-01
9.999820069532137090e-01
-6.000512074743377111e-01
-5.999486807036547020e-01
-3.562652320952890417e-01
9.998170455447488170e-01
9.989320940066596932e-02
1.000103619892802387e+00
1.000040657441611192e+00
-9.999659012472253972e-01
4.059132131791197695e-01
1.000875973397733210e-01
4.061502709004830014e-01
9.994569633184301194e-02
-8.771301928321421915e-02
1.188614703428093194e-02
1.950727385384663504e-01
4.040432286424653907e-01
-8.010262623406239069e-01
-5.998776835808122820e-01
4.162698468194983015e-01
1.000097655092287097e+00
5.493875592794772444e-02
-8.045034813429776666e-01
3.951801583727858058e-01
-8.772995110669977101e-03
1.929330628914786572e-01
-1.000057294912348294e+00
-2.406162336021195891e-01
4.094664474077229221e-01
2.008610435479601941e-01
5.945836865275048316e-02
9.999483727605228411e-01
1.000153246693318732e+00
9.999304431433909679e-01
9.992391128545163870e-02
-1.477109311388998848e-02
-9.998738683063209676e-01
-3.760286833124082406e-01
-3.510591993961018620e-01
1.000053901427242931e+00
-8.105883782054020825e-01
-8.051325337310663022e-01
-5.997383225361438974e-01
-3.084979822640986358e-01
-9.999694042322044840e-01
2.177886942541964466e-01
9.991640203663564035e-02
-5.998841174554985223e-01
3.822902342218677252e-02
1.000045797798857494e+00
1.847940537184033782e-01
2.037137951661981972e-01
7.886415966572475622e-02
-2.700479160064608863e-01
-2.754860044821869636e-01
-3.258601065080707349e-01
4.025296755544897631e-01
-2.346879944656598549e-01
9.997594194505142751e-01
9.999598721544697977e-01
8.743267836221644759e-03
1.970114148553551991e-01
2.027627917314028527e-01
1.985775118300204395e-02
-3.448114296259968126e-01
-5.999764961897845472e-01
-1.000122519163483270e+00
2.140429757324668614e-01
2.279997424096341999e-02
