-5.999478931124058168e-01
-5.999848178367803708e-01
9.999270569969045397e-01
-2.426827469783260013e-02
-9.998834414167909745e-01
-7.910327113901158835e-01
-6.000598464901102380e-01
7.972775214094224294e-02
-8.063429701361827240e-01
-2.544693971158807355e-01
9.996362072189425574e-02
-9.999197133342110355e-01
1.991653101501041911e-01
6.236995386513495207e-03
2.074878095011068180e-01
4.073145793103456480e-01
3.715231697749680345e-02
-9.999045053199738797e-01
1.996570675185128374e-01
1.934849786239117853e-04
4.012508821695939254e-01
4.077934752868715984e-01
-1.853240676417247657e-01
-8.096815653629326759e-01
-1.000191042242842387e+00
3.952419137340865141e-01
-3.249549775704127508e-01
-6.000405607867989044e-01
-2.792759760892465914e-01
9.993886940117284456e-02
-1.000040258743454036e+00
-8.164528090342075828e-01
-8.136071144791015008e-01
-9.999503729539739316e-01
2.680546553772479926e-02
9.999415636240223115e-01
-1.000070272622368250e+00
1.000043620516475551e+00
4.116720049675200443e-01
-5.999514847098569303e-01
1.000127588172319282e+00
-7.997993686852342687e-01
-3.054914543215923595e-01
1.000196338369176707e-01
-2.753181158699116171e-01
4.008318255171298694e-01
1.000762889690757773e-01
9.992794074129113246e-02
1.001500428191508252e-01
2.072160668643654446e-01
-9.999818081720098784e-01
-8.064410495698255410e-01
3.927383492372066298e-01
3.967182353398175931e-01
-2.691861435792122781e-01
-9.998969975634858232e-01
-7.876541389542448535e-01
4.016469319586615239e-01
-3.484967680512684324e-02
-9.998453272610871023e-01
-3.053909194700631449e-02
4.156325967643015873e-01
-9.999140618011368442e-01
-3.945636260113647431e-01
-9.999041644556397879e-01
1.001346243211780895e-01
-1.000028628550102106e+00
5.554697926247437190e-02
-7.893840228356262534e-01
4.109370513756542831e-01
-5.999880825168595333e-01
-3.173397380998971284e-01
1.001389915337876219e-01
5.326200283595875634e-02
2.154253230163467592e-01
9.982680450454754773e-02
1.879829777188163076e-01
9.999646254715779392e-01
-1.035463530538859173e-01
-7.875602388720522873e-01
4.015174258947301622e-01
3.966241828315143492e-01
1.977520247059976199e-01
2.087050522190071200e-01
9.998582672484723766e-01
3.831127157081160028e-01
-1.000009194637715648e+00
-6.000553782292703531e-01
-1.000076723889037122e+00
-6.002360395882926775e-02
-1.000127301820468828e+00
1.000469034024825954e-01
1.000989006526703390e-01
-6.000989938950443969e-01
4.273944018553583156e-03
-8.177528596412607653e-01
-8.006953623520055574e-01
-3.822013168610230438e-01
4.027056735871380466e-01
-2.980712753518474090e-01
4.265150705146070198e-01
-8.055692918773015299e-01
-3.740064225456509739e-01
1.000284890769521512e-01
9.999394377158310476e-02
9.999617566684364522e-01
-4.468279175216427479e-02
4.033868945945178752e-01
1.000446410739257302e-01
-1.715687800364061877e-01
1.915192097080570255e-01
-3.127766543412816014e-01
-5.998848926239072066e-01
1.000159303700643321e+00
3.978734483654862708e-01
2.022349920642367294e-01
9.995687128262656374e-02
9.998870563486246255e-01
-9.999824152591155757e-01
4.072475304697326659e-01
9.999931691705957748e-01
4.000485099281262391e-01
1.002074352228943810e-01
3.977361391439558913e-01
-5.998814626578090614e-01
4.124181077708151677e-01
-3.271274522131268347e-01
4.084964775362183165e-01
9.998830165441563445e-01
1.000097346323004066e+00
9.992928443847273745e-02
2.048169733945593707e-01
3.958787936150480746e-01
-7.972168604721175944e-01
1.000341694104199541e-01
9.998518665172887454e-01
1.000103512805217587e+00
-1.000017244952047468e+00
-6.000472863176851135e-01
4.063390805074854062e-01
-4.413088417465850510e-02
3.841794268813615298e-01
1.000833492011600628e-01
3.891153031432389442e-01
9.144281057164570237e-02
-2.754397851101890726e-01
-6.000581461961618235e-01
1.965984807493756925e-01
1.000127304200005840e+00
-9.997810858779871968e-01
-7.972094722216663820e-01
1.000006527665366907e+00
4.082228957858577978e-01
-5.999621879264332991e-01
9.992354156381964836e-02
4.325303204029097397e-03
-3.275272688660185727e-01
-8.043438245623329985e-01
1.932525779342676719e-01
9.998909959248732104e-02
1.000052484913709128e+00
2.024514656316239170e-01
2.090375451202145518e-01
-2.640642489066765686e-01
-9.999431471448048114e-01
1.462680971574233883e-03
4.199803117690475429e-01
-7.960900827535946078e-01
1.849031220341458281e-01
1.000117108382001740e+00
-8.175937697423647510e-01
-5.998881293009157289e-01
-9.998838607685435198e-01
4.857939153573728741e-02
-3.166637168205594932e-01
-6.001591744482536184e-01
-1.804919669150401376e-02
2.108541735238894377e-01
-1.000021959676494987e+00
9.999340862056721457e-01
-7.886630150337387013e-01
4.025341386802511190e-01
-2.560628051642039327e-01
1.000162281107619622e+00
-9.997645948499697122e-01
6.498028093822900975e-02
2.016036525353702147e-01
1.000826728336721566e-01
-7.775594527353896224e-01
-1.981961329360774626e-01
-6.086616428032085718e-02
-2.797995568715117010e-01
2.020270798766304887e-01
-2.697896638792959823e-02
-5.999632452951052519e-01
-6.000947583814065789e-01
3.877978397386122045e-01
9.999113003529707111e-01
1.000401127356013858e-01
-2.992056956004721102e-01
2.086919684696010857e-01
1.000904040751541685e-01
9.998941776976370821e-02
-7.924049742652634620e-01
-6.000652160049105843e-01
-5.998063811016248748e-01
9.999214946449348496e-01
-6.000252275912943967e-01
-6.000113223173569876e-01
1.000080626563325081e+00
1.928154127612584368e-01
-8.035011497878979947e-01
4.030609171052642048e-01
-2.155229127203312292e-02
1.932757076240494976e-01
-8.084134048466233846e-01
-1.000065775438326199e+00
-8.057630266682066500e-01
-1.000174646163436654e+00
1.000128202178166559e+00
1.000157595948860889e+00
-7.915624841981775406e-01
-2.931384434080142598e-01
8.520290383144887847e-02
-7.980940621291598980e-01
1.000116962300183321e+00
-5.998713011897810476e-01
9.995727220711275729e-02
-1.000009126637656287e+00
3.930449242877729898e-01
2.081841838285112267e-01
9.998952556588796003e-01
-5.999204949608704096e-01
-6.001784630571322943e-01
-3.322310940011806712e-01
1.000149767090430686e+00
1.000021768687824053e-01
9.999485059867910808e-01
9.999716855599669607e-01
-9.999446142736980736e-01
3.926184359140340030e-01
9.997231024354585882e-02
3.837763002944657997e-01
9.987076863990258790e-02
8.490483183976704762e-02
-1.078495649211168583e-01
2.116503743320241326e-01
4.343430543662277765e-01
-8.005063026557075467e-01
-6.001074049825760870e-01
3.988807118342013736e-01
9.999769196580954311e-01
2.129252865795806110e-02
-8.049090685744687557e-01
4.033288129635825281e-01
8.832112182151508062e-02
1.892125645064482720e-01
-1.000073617053907737e+00
-2.846299644136949802e-01
4.055974038263119308e-01
2.065046237465574530e-01
2.493380761963170933e-02
1.000128470573881545e+00
9.999804566931217442e-01
9.999584080081010962e-01
1.000593933881050585e-01
4.870458471840960653e-03
-9.999249553796067946e-01
-3.686980172075636775e-01
-3.053051930035244887e-01
1.000141026843424985e+00
-7.950635647285352325e-01
-8.120090901189751520e-01
-6.001257775637538483e-01
-2.515606408900488145e-01
-9.999804518317527702e-01
2.081553816264153089e-01
9.995128898758340319e-02
-6.000652741545573488e-01
-3.866149127924786710e-02
1.000148963756237519e+00
1.994918751886434749e-01
2.192310870751574825e-01
5.117906271991887190e-02
-2.332545023451959021e-01
-4.216913857676626853e-01
-2.499659307151630983e-01
4.128375903056921148e-01
-3.618518357195021906e-01
9.999405816273279068e-01
9.997647184414379939e-01
1.851045720965948382e-01
1.990962907453706909e-01
1.983376914328359719e-01
-1.073869438516183578e-01
-3.425444542229791889e-01
-5.998805864043900149e-01
-9.998358710796420024e-01
2.095637540534042442e-01
-2.284277660387296072e-02
