-5.998198299419824631e-01
-5.999258999319018182e-01
9.999711023153643463e-01
3.124053017661453102e-02
-1.000150526601390366e+00
-7.930951438294312483e-01
-5.999554607370538584e-01
1.117143234027446752e-01
-7.973123891490849768e-01
-3.047453263146712721e-01
1.001893706938497136e-01
-1.000000048320497159e+00
2.036011000140607596e-01
1.747940446377970261e-02
2.051988079107042451e-01
3.986332181088829696e-01
-4.190111935013274974e-02
-9.997764271095019861e-01
1.714778245170500981e-01
-4.796852719805010795e-02
4.042573558067916184e-01
3.976312353016463463e-01
-3.730413322104346729e-01
-7.852344177075489817e-01
-9.999580381308195154e-01
4.033792950160050572e-01
-2.356335427166993679e-01
-5.999814331180441940e-01
-3.201303024908551120e-01
9.999394044684165039e-02
-1.000020054120229318e+00
-7.792244928429554740e-01
-8.013676361083958977e-01
-9.999487754429328135e-01
-1.104811187939017808e-02
1.000125215025540637e+00
-9.999347341353701513e-01
1.000003268477788199e+00
3.964190421787991969e-01
-6.000335888079062485e-01
1.000030306529146706e+00
-7.963008412634491329e-01
-3.809965509981667608e-01
1.000464137520823277e-01
-3.341528437326966583e-01
4.034081960970218317e-01
1.001451511837417180e-01
1.000184805904612562e-01
9.997090939631532447e-02
2.114163618979907622e-01
-1.000030040343662829e+00
-8.090604059398293080e-01
4.055978661156680598e-01
4.032673261368967532e-01
-2.666327883422979217e-01
-9.999694663546191409e-01
-7.983758970127201593e-01
3.863780989231763718e-01
5.619644897539243650e-02
-9.999087812957798693e-01
4.383525785622583576e-02
4.078436614786419834e-01
-9.999437936046600139e-01
-2.730417053115651305e-01
-1.000024166610878229e+00
1.000258741129903955e-01
-9.999986136602397879e-01
-2.898909542264229799e-04
-8.068068106197950895e-01
3.864186576287148567e-01
-5.999485704496748673e-01
-3.176834783774265536e-01
1.001107920253145878e-01
-5.809650646143465352e-02
2.006527359503011421e-01
9.999915316545458788e-02
1.931589001574340325e-01
1.000203177454565440e+00
-1.033009762336921239e-01
-7.892190080629292170e-01
3.872895682035213949e-01
4.087621061972669390e-01
1.938874235990015460e-01
1.984143506793270006e-01
9.999226844085727928e-01
4.065775729874871458e-01
-9.998614341328354582e-01
-5.998721152018965386e-01
-1.000266516896564317e+00
-9.281751112572271534e-02
-1.000020272864618587e+00
1.000348784679048614e-01
9.997095543816449104e-02
-5.999564579506188045e-01
-3.086691663915879305e-02
-8.183560828440613610e-01
-8.186094393262863811e-01
-3.601665350423827183e-01
3.832899357697640563e-01
-1.911973661841484262e-01
3.864217630655981117e-01
-7.844723949332452761e-01
-3.014365645943717920e-01
1.000805222378446935e-01
1.000452887853142403e-01
1.000053977056071464e+00
-9.398683232943720600e-02
4.107500483427667382e-01
1.000032671831746073e-01
-2.764480213663990660e-01
1.979789492150170471e-01
-3.508004154215860759e-01
-6.000428524126362184e-01
9.998687899363654097e-01
3.781113264089535630e-01
2.137677797577639260e-01
1.000429704973806871e-01
1.000105217192545748e+00
-1.000132024407736742e+00
4.019451818774452123e-01
1.000136583479980468e+00
3.838131886030498596e-01
9.998874850055959607e-02
4.093483942547239129e-01
-6.000562189440760141e-01
4.051528349957555508e-01
-3.227766712875722588e-01
4.103811491423140501e-01
9.999960948931460036e-01
9.999477783290491306e-01
1.000953299850744355e-01
2.179499324509669711e-01
3.893304686480987820e-01
-8.079356407392861428e-01
9.995320955833056353e-02
1.000071092998861433e+00
1.000004540058007763e+00
-9.999693356274773626e-01
-5.999776982470712561e-01
3.764267619719259272e-01
5.329144867580166978e-02
4.048226036029481389e-01
9.992128600987393305e-02
3.978573830077087869e-01
7.999460807218013170e-02
-3.189813078225383070e-01
-6.000002079378786712e-01
2.010196617816800702e-01
1.000020399254667236e+00
-1.000072589903912235e+00
-7.792368781853943327e-01
1.000219493917545055e+00
3.888355343225483041e-01
-5.998181828946861360e-01
1.000118983403085193e-01
7.064957284604554688e-02
-2.324298585810454787e-01
-7.996472920932481410e-01
1.834081243685355411e-01
1.000210816834122690e-01
9.999048186152521556e-01
1.887725046410975160e-01
2.017263483736256857e-01
-2.977985253587983050e-01
-9.999267222285819212e-01
-1.160127921719092924e-02
4.046350078845125653e-01
-8.100168416964271811e-01
2.129583383281630771e-01
9.999925729065015645e-01
-7.970765504456664985e-01
-5.998858077222198881e-01
-9.998866608105400067e-01
-8.717831883070813193e-03
-2.716118858873637909e-01
-6.000805776996415153e-01
-3.053331512568639022e-02
1.978323460704714820e-01
-9.999983200420337059e-01
1.000014875830817163e+00
-8.139005002586859883e-01
3.924044053200789195e-01
-2.597977766580632508e-01
9.999707458769460100e-01
-9.998356438425042292e-01
-3.120575820856976920e-02
1.938459684238021397e-01
1.000546502589759329e-01
-8.055935969143203090e-01
-2.804803362727602001e-01
4.623008999851812434e-02
-2.381536352958381064e-01
1.978388511439985176e-01
-4.325405915264070311e-03
-6.000171201893109707e-01
-6.000302190294479754e-01
4.102814775407551684e-01
9.999755314389762173e-01
9.994090221644336136e-02
-2.368949823241037755e-01
2.125223160445408876e-01
1.001701608467171351e-01
1.001181191217845740e-01
-8.182509862326244887e-01
-5.999993547486914824e-01
-6.000661855423889968e-01
1.000083104034775960e+00
-6.002503312387531542e-01
-6.000324173500660718e-01
1.000197098134787632e+00
2.067534875374855419e-01
-8.053348134914273260e-01
4.047394778806436277e-01
-1.943610907063295784e-02
2.091008597354457321e-01
-7.930237251635819939e-01
-9.998956714330559103e-01
-8.002712783716688927e-01
-1.000041320727454108e+00
1.000076860287306690e+00
1.000048152734298590e+00
-7.876478796019283912e-01
-3.393268545616450194e-01
3.963538638187397156e-02
-8.186560331371671717e-01
9.999522935535849477e-01
-5.998931051803439995e-01
1.001003546018152668e-01
-9.999364898415770142e-01
4.097820569090569465e-01
2.049449656623855698e-01
1.000010539778590557e+00
-6.000801589657216439e-01
-5.999960555885868185e-01
-2.779176561969362025e-01
9.999874730062101591e-01
9.992551759154236213e-02
9.999428685506399628e-01
9.998797967938509723e-01
-1.000002156851479640e+00
4.059502785860089613e-01
1.002062739801011793e-01
3.994899349155905943e-01
1.001745429317877495e-01
-5.485880444921124172e-02
-2.109561162941430215e-02
1.913859608947411084e-01
3.919831407842530036e-01
-8.008061501107766045e-01
-6.001080047291907915e-01
4.226808962094613098e-01
9.998812836888809619e-01
1.178806313564043640e-01
-8.012724723144655226e-01
3.961926943520495681e-01
-1.633748902049540763e-02
2.104171029882848099e-01
-9.998923873882017421e-01
-1.658871462605316649e-01
4.115451664868096104e-01
2.021382224549213014e-01
9.259842026803109111e-03
9.999730750262626477e-01
9.999849949236498947e-01
1.000062101190835717e+00
1.000775605447405958e-01
4.017738328163174277e-02
-9.998806040003558326e-01
-3.764131082911700843e-01
-2.361729180785099580e-01
1.000044041267401207e+00
-7.963087176322598548e-01
-8.119358943529066952e-01
-6.000924952841941717e-01
-3.775905031577094229e-01
-9.998337723988395265e-01
1.897477280546477352e-01
9.983825961489578571e-02
-5.997080461294848064e-01
-8.109807042693802093e-02
9.999729150912619602e-01
2.110087850599233761e-01
2.045619506091385653e-01
-2.217770707316940246e-03
-3.055020968986664753e-01
-3.297461668866439877e-01
-3.739814060206101964e-01
4.035599992988810336e-01
-3.132204854540130978e-01
9.999742100398869571e-01
9.999297939208243724e-01
-1.220290330467499115e-02
2.102393132776640416e-01
2.030302847948177447e-01
-2.923908603485830468e-02
-3.040215320478882877e-01
-6.000409805310565892e-01
-9.999690897327457861e-01
2.010984703484451352e-01
-8.773696578232645371e-02
