-6.000710496435963659e-01
-6.000046144940860415e-01
1.000028306352301666e+00
3.419610334558405990e-02
-1.000105504632920583e+00
-7.999874919997689293e-01
-5.999567588047978184e-01
4.210250248309532761e-02
-7.984627024308876830e-01
-3.805085599222360893e-01
9.994680416118330302e-02
-9.998852993321097893e-01
2.185565256085490182e-01
-4.465616159202261126e-02
1.991161344056489590e-01
3.969161384010896909e-01
-1.150942155195845175e-02
-9.998380193060573129e-01
1.979402385925528307e-01
6.847682520993540745e-02
4.151136950073088805e-01
4.008734574180661814e-01
-3.430677648070464270e-01
-7.799819996711577774e-01
-1.000080546293819150e+00
4.110635323665646212e-01
-2.395377191919479398e-01
-5.999405941696066558e-01
-3.410779174825800952e-01
1.001498614411700239e-01
-1.000094740490909295e+00
-8.153487502021342648e-01
-7.944120972574763018e-01
-1.000119852895503536e+00
3.013441947725715563e-03
9.999748506497674327e-01
-9.999679312722564717e-01
9.999430968556813903e-01
4.097834972861763014e-01
-6.000059830775887892e-01
9.998764972271918516e-01
-7.914415743825494731e-01
-3.369716722132248821e-01
1.000407214972259540e-01
-4.384787263859450945e-01
4.042219061594000129e-01
9.997538922621233837e-02
1.000313973598507961e-01
1.000016717211160422e-01
2.105690726476124042e-01
-9.999448926760076128e-01
-8.157029450793686909e-01
4.033687064804824529e-01
4.024888267041870638e-01
-3.007751229792874348e-01
-1.000053530431346038e+00
-7.948549042010357724e-01
4.055902434683246738e-01
8.410127382559486053e-02
-1.000049122023138448e+00
-3.366361202326938890e-02
3.902878308968434351e-01
-9.999299632082984113e-01
-3.306342454050350543e-01
-1.000136692704884478e+00
9.996371493616582060e-02
-9.999598550952590870e-01
5.968529347603494101e-02
-7.883385789525146903e-01
3.813123208089101990e-01
-6.000335652165558198e-01
-2.726365296293356000e-01
9.972571705748208004e-02
7.382551813499471649e-02
1.945949171781835574e-01
9.994533524884884057e-02
2.061488588131224486e-01
1.000025986474360584e+00
5.310954526060222836e-03
-8.073697807136492877e-01
4.072205887133900082e-01
4.174461200644998260e-01
2.058294459833457657e-01
1.957529050026202144e-01
9.998972669495946874e-01
3.942707878819446399e-01
-9.999845955336355008e-01
-6.000492781214687987e-01
-9.999882787968085163e-01
-7.846086372112004437e-02
-1.000003021522766655e+00
1.000682287956172339e-01
1.000844379300534354e-01
-5.999961248911983569e-01
-3.777172146693513061e-02
-7.961936799076401172e-01
-7.802451521771316401e-01
-3.876521050835379234e-01
4.084815912446873587e-01
-2.783823014925188577e-01
4.091512927352738971e-01
-8.046827098008123569e-01
-2.530118145434946397e-01
9.995432345143463737e-02
9.998553422261907686e-02
9.999179001664808553e-01
1.757835968837233656e-02
4.097889833949619476e-01
1.001657807207739087e-01
-3.195352830497812935e-01
1.834066914774371004e-01
-3.545535857909091204e-01
-5.999154205661126893e-01
1.000185666741201906e+00
4.144864791491364997e-01
2.023081194970448582e-01
1.000550717983481330e-01
9.998786373863975951e-01
-1.000159923228452596e+00
4.118781348932317732e-01
9.998972873660001426e-01
3.941520527645143712e-01
9.994956679896070673e-02
4.109228544970802699e-01
-5.999873547063524493e-01
3.858159504693322028e-01
-3.461371140760001186e-01
4.000321157497696012e-01
1.000156875819687263e+00
9.998052770926014743e-01
9.976270459498182142e-02
2.033296589602016369e-01
3.981023941050263470e-01
-7.873348525271541831e-01
9.992772456833388939e-02
1.000059602588014185e+00
1.000034117260823807e+00
-1.000137860549145108e+00
-5.997852519843706043e-01
4.079776879470549122e-01
1.432258218785936038e-02
4.170133350914014825e-01
1.000402338807130781e-01
4.076946443222347893e-01
9.229605200525495615e-03
-3.252245668293493042e-01
-5.999680002785969801e-01
1.874468432405575480e-01
1.000090993448361720e+00
-1.000050089829173539e+00
-7.974257572262167804e-01
1.000025552635600112e+00
3.903560254203795044e-01
-6.000644488284125888e-01
1.000657913643225316e-01
-3.899271881947586477e-02
-3.326344437490131312e-01
-8.049878135728377737e-01
2.101667503829012795e-01
9.987920324329588317e-02
1.000178467804505145e+00
2.065007946236979419e-01
1.882955109723035425e-01
-3.516278298809199510e-01
-1.000013930447035460e+00
-2.728804556835351391e-02
4.049968100272351434e-01
-7.959649681023386325e-01
1.931667018467836394e-01
9.999011344058078565e-01
-8.109946036169167760e-01
-5.999226465975262546e-01
-1.000147032398336355e+00
-4.375272393220561162e-02
-3.271612279463344541e-01
-6.000394089553587884e-01
2.822106781603474224e-02
1.939661244286186859e-01
-9.999289894042463489e-01
1.000153141626360709e+00
-8.072756141848559386e-01
3.943483401705915048e-01
-2.507791980746078009e-01
1.000016049125816098e+00
-1.000008082646801633e+00
-2.505035736413658426e-02
1.962166664997584964e-01
9.989169436976801097e-02
-8.004073951462914449e-01
-3.706290181184460630e-01
5.963184170592472633e-02
-2.670559648650988605e-01
1.857346820369557283e-01
-4.260908549966548747e-02
-6.000548165872966466e-01
-5.998506963723488905e-01
4.004437959219540044e-01
1.000059753752195801e+00
9.995170655926592651e-02
-3.231042609522189468e-01
2.053464587489777227e-01
1.000508148781714818e-01
1.001215872495277159e-01
-7.960179169073967609e-01
-6.000755122906751282e-01
-6.001223036374585540e-01
9.999990707407918622e-01
-5.999365787255450666e-01
-6.001145597323093162e-01
9.999369252446683731e-01
1.995948193883358424e-01
-8.104293953142398532e-01
3.790083823953205311e-01
-9.612345737881234850e-03
1.970980352874089625e-01
-7.824715015939892604e-01
-9.999387752858913680e-01
-7.989761445919990601e-01
-9.998660108979070538e-01
1.000125136757611610e+00
1.000035918112226696e+00
-8.033966046971595665e-01
-3.156485946356602512e-01
-1.971442008704817582e-03
-8.089939156039949175e-01
9.999110516932129267e-01
-6.000168816713790099e-01
9.991968210063496836e-02
-1.000052192534495177e+00
3.881243552219805770e-01
2.013288462865727990e-01
9.998291493992313983e-01
-6.000993412901773905e-01
-5.999567644656164100e-01
-2.044537169164790669e-01
9.999670797101565256e-01
9.994344015173060869e-02
9.998092560474329815e-01
1.000054208611407480e+00
-1.000078742240022134e+00
3.956201975647891111e-01
1.000525857756894149e-01
3.955625676608853225e-01
9.986221703154671281e-02
-4.037592502138917516e-02
2.363724828449867421e-02
2.162914254045509299e-01
4.068405345573913312e-01
-7.983053463978223574e-01
-5.997818360161313311e-01
4.122394583629366838e-01
9.999949672388163124e-01
8.985973223622026329e-02
-8.007628311866550330e-01
3.921315864969323051e-01
-6.068594653443257214e-02
2.075799277566691137e-01
-9.999592531558741948e-01
-2.026030133586192994e-01
3.938875253863245995e-01
2.163052528502367178e-01
3.618444118555564498e-02
9.999197759533426932e-01
1.000171010841492070e+00
9.998696655533731992e-01
9.996324475015738731e-02
-7.109860345890366660e-03
-9.999097634143035984e-01
-3.313492526388324144e-01
-2.677503372071446952e-01
1.000184108216247258e+00
-8.132168036833902214e-01
-8.139905462039791484e-01
-6.001248674233561342e-01
-3.484949841802140735e-01
-1.000008925905737645e+00
1.984499722257219156e-01
1.000834263396136736e-01
-6.000492450422951762e-01
-6.541689536155703873e-03
1.000116410915094844e+00
2.050748744058217554e-01
1.931884996556248735e-01
2.375508699548766964e-02
-3.257294566217386889e-01
-2.651334503899068773e-01
-2.421130299456981938e-01
3.820293150771479351e-01
-2.947743262993807734e-01
1.000153166230367763e+00
9.999518919476018119e-01
-2.020706715800127395e-02
2.041474598973595511e-01
1.927327168120046563e-01
-6.087005722796814955e-02
-3.510780727037730586e-01
-6.002141542724511725e-01
-1.000018675105573074e+00
1.978264690004686577e-01
9.240125964893304220e-03
