-6.001355097459158960e-01
-6.000114750353608972e-01
9.999900039192424206e-01
3.861584022777034969e-02
-9.999834445424203855e-01
-7.863941936881984063e-01
-5.999544493735515793e-01
2.829122386635539877e-03
-8.160523332969499277e-01
-3.643823545554270016e-01
9.986381161897424363e-02
-1.000000786793032503e+00
2.036267316297977470e-01
-2.091589560466516548e-02
1.923995557131353840e-01
4.025609862742006162e-01
-4.220736720816335025e-02
-1.000011396033812616e+00
2.023789083714295223e-01
-1.090627774645837149e-02
3.988043848052619800e-01
3.954182166468094284e-01
-3.271297016656710688e-01
-7.976361212189023719e-01
-1.000099980335138028e+00
4.137762279054297831e-01
-3.554436522863432257e-01
-5.999676949498171652e-01
-3.020603176641962206e-01
1.000271378363578323e-01
-9.998519555805938097e-01
-8.046117423707224159e-01
-7.961801102089307580e-01
-1.000041828395479726e+00
-7.166428484280247535e-02
9.999566219114586207e-01
-1.000084629887395105e+00
9.998972998593762540e-01
3.867736096290736447e-01
-5.999925528576388611e-01
9.998881436118757238e-01
-8.050993288133115877e-01
-2.030975636432201248e-01
1.000567340515184089e-01
-3.034574934312810335e-01
3.812765325399861682e-01
1.000450369882349838e-01
1.000632687174330265e-01
1.002292414628555700e-01
1.852769702838833743e-01
-1.000176702193220857e+00
-7.896607754915824229e-01
4.153822390720669500e-01
4.102821198609746811e-01
-2.411076110220625457e-01
-9.998951989911510907e-01
-7.958149178959640357e-01
4.088541930715994255e-01
9.494306970333926676e-02
-9.999998660744754408e-01
-7.297904527215798298e-02
3.944678874910340083e-01
-9.999365721189227285e-01
-3.214112508710510463e-01
-1.000018595072889704e+00
1.000603161565408877e-01
-9.999414435648600330e-01
-4.450465976441604632e-02
-8.169124487243556443e-01
4.085541550340562322e-01
-5.998582456725141121e-01
-2.999040299964484957e-01
9.980318508428354107e-02
-1.928494757711692043e-02
2.014693576743105397e-01
9.994049479884853371e-02
1.987281536609515065e-01
9.998962305952071583e-01
-8.675164795547600505e-02
-7.943131582020211967e-01
4.003930420454852035e-01
3.866239326923093800e-01
2.066404891108506170e-01
1.896233453051409112e-01
9.998176115200697600e-01
4.039293090346265935e-01
-1.000105985714450751e+00
-6.001748392175478841e-01
-9.998531516130702013e-01
-9.947054546110513373e-02
-9.998500891963231219e-01
9.998146823954139062e-02
9.998819134582144497e-02
-5.998699663409664540e-01
5.767173393810135634e-02
-7.961565224189154355e-01
-7.947554853239445771e-01
-2.246619436743161891e-01
4.016241742460215369e-01
-2.844312737814133074e-01
3.965321827335713256e-01
-7.965717172634759757e-01
-3.089466058299512041e-01
9.992014502125176612e-02
1.001564457679870734e-01
1.000004996005212643e+00
-4.396833594087696390e-02
3.998645265064726395e-01
9.995457267739057960e-02
-3.357786674254596981e-01
1.916906263844168901e-01
-2.837951702114299701e-01
-6.000224563943717948e-01
1.000118286244116250e+00
3.929781732546910322e-01
2.087043069456043232e-01
1.001194776950059956e-01
1.000150829691999643e+00
-1.000004572211747433e+00
3.823986100011878553e-01
9.999715750763817912e-01
3.963502521433894255e-01
9.985330505436092186e-02
3.979331692200662740e-01
-5.998691024503250979e-01
4.066384731276242448e-01
-3.132582582986750408e-01
3.971370342817412413e-01
1.000088530629668515e+00
9.999334162803515946e-01
9.999346690316626707e-02
2.089687706176188986e-01
3.933502315330729138e-01
-8.079361403242334427e-01
9.992532430777356645e-02
9.997526626620469870e-01
1.000050548890989877e+00
-1.000263945299404211e+00
-6.000367710352414452e-01
3.850831978771604991e-01
1.577363561644304010e-02
4.100856785096107515e-01
1.000206328396819055e-01
3.903137184873505250e-01
-4.666221428236447082e-04
-2.763637818762823550e-01
-5.999959661390396048e-01
1.895952303504865599e-01
9.999138230715584053e-01
-1.000184711929440473e+00
-8.086088429084343776e-01
9.999519111197542331e-01
4.083406034177877175e-01
-5.999365903367082087e-01
1.000163779575923839e-01
-8.544636766092929964e-03
-3.765146760650980307e-01
-7.822453419872991143e-01
1.939878723433961505e-01
1.000457312357637130e-01
1.000010584963851201e+00
2.110157027707509902e-01
1.958472650466863418e-01
-2.884564561874545796e-01
-1.000024964668962069e+00
-1.767804645620478510e-02
4.044067838773935386e-01
-8.057222914947769210e-01
1.980147541391156507e-01
9.999291117013923147e-01
-8.080595247503379319e-01
-5.999164668571825842e-01
-1.000002540998463418e+00
2.338658570438422162e-03
-3.849848983726995022e-01
-5.999323083654877209e-01
2.420364052154229742e-02
1.938816224190211823e-01
-9.998762394523654784e-01
9.999869304722289742e-01
-8.134458136671832706e-01
4.094263305810013076e-01
-3.092171854081016136e-01
1.000039870923967067e+00
-9.998188456290307835e-01
3.067188570946483006e-03
1.992982330536020585e-01
1.001852590574354163e-01
-8.126448436719299062e-01
-3.778459349243574183e-01
-6.340411058618843076e-02
-3.516418982486494427e-01
2.129558403330647220e-01
1.741587107049048788e-02
-5.999518414935048893e-01
-6.001474583540825636e-01
4.278639017758236740e-01
1.000018470318141617e+00
1.001242510564170629e-01
-3.319022155954092779e-01
1.994964639609661250e-01
1.000593234587312114e-01
9.993820172968098658e-02
-8.096038762795697563e-01
-5.998230342128434422e-01
-5.998242374124079790e-01
1.000009292468417632e+00
-5.999847197059993142e-01
-5.999331742536477829e-01
9.998834016518288736e-01
2.015696825284063187e-01
-7.893310847546830544e-01
3.783049885885519381e-01
-6.657917009915972906e-02
2.065755932181094490e-01
-8.093561721936882725e-01
-1.000100669557406619e+00
-8.067882944823699942e-01
-1.000078634664506305e+00
1.000090907646073779e+00
9.999144194087622450e-01
-8.106202136798696944e-01
-2.930577570888032168e-01
-7.769107396801355758e-02
-7.910398687839776954e-01
1.000212310982663499e+00
-5.999690951861733623e-01
9.991640467752678501e-02
-1.000251455826412839e+00
3.906873946012134891e-01
1.875145889073590033e-01
9.999340143955840476e-01
-6.000627209449287403e-01
-6.000518081724393049e-01
-2.553114031193082223e-01
1.000034666397649596e+00
9.991696398190179351e-02
1.000283567265209950e+00
1.000029590504253774e+00
-1.000143865860954273e+00
4.037391691090755907e-01
9.985012851591706928e-02
4.254058325566839049e-01
9.987055659744968616e-02
2.095599114301230359e-02
-7.440026127620322227e-02
1.886787530534440871e-01
3.960633198779989761e-01
-8.005196390586006849e-01
-5.999303141731693323e-01
3.822874666268020194e-01
1.000141476466511303e+00
-9.849917746281095648e-03
-8.015457323579022741e-01
3.947669790559795722e-01
3.347763889626714784e-02
2.009515809483734816e-01
-1.000098347478149519e+00
-2.159090466033522504e-01
3.982284870573055691e-01
2.048045993837163403e-01
1.505908482909775262e-02
1.000116414341293058e+00
9.999091637170394176e-01
9.999038019618258222e-01
1.000167485912701604e-01
1.566327449705423591e-02
-9.999693700226163218e-01
-2.989369334146391721e-01
-2.961887254271121650e-01
9.999975848360194153e-01
-8.071115617609284643e-01
-7.934981491781695206e-01
-5.999339373651521035e-01
-3.301094447590731118e-01
-1.000105232637146901e+00
2.070971902182829893e-01
9.982638865912438209e-02
-5.999842440968193857e-01
-4.167766557407154293e-02
9.999535376112288487e-01
2.017801193975684859e-01
2.082451929024553838e-01
-4.709554251312624701e-03
-3.064111385506695928e-01
-3.100492487320480883e-01
-3.232044958882738794e-01
4.099205536455246546e-01
-3.539013648680452984e-01
9.999425362758594948e-01
9.999860494796104504e-01
-1.268447680644231579e-01
2.049323273333834017e-01
1.955109773616751645e-01
6.452949545529035325e-02
-2.705154703370926672e-01
-5.999327064978480228e-01
-9.998191024450784337e-01
2.003997845150941592e-01
-3.413656987954846039e-02
