-6.000175071710911467e-01
-5.999307055360509899e-01
9.999427600316957987e-01
3.743113170158419295e-02
-1.000037123684293539e+00
-8.072934271462021139e-01
-5.999738999184590638e-01
7.612257276890849189e-02
-8.072615097940950557e-01
-4.087245669713523433e-01
9.982491335959453593e-02
-9.999226720144142044e-01
1.894512804226652913e-01
8.770216856121077625e-03
2.082035644577672207e-01
3.934504863582614087e-01
6.617147546563838245e-02
-9.999708847484608532e-01
1.821973494766482293e-01
-2.413432996649536588e-02
4.053689367098356477e-01
3.942898146639980395e-01
-2.973289652850237275e-01
-7.816033852248068792e-01
-9.998135690240752549e-01
3.932403793493006727e-01
-2.697792472202970582e-01
-6.002269024277887555e-01
-3.152135989446471220e-01
9.989511921370253233e-02
-1.000099279288833687e+00
-7.914123558725908447e-01
-7.946178718041425615e-01
-9.999563222418815789e-01
-2.586046033178632242e-02
9.999012986049572449e-01
-9.999527401358303536e-01
9.998592403673738360e-01
4.087647509991377826e-01
-5.999934513376599110e-01
1.000124583073011220e+00
-8.062635571785659039e-01
-2.733007694181314173e-01
9.997695680133653062e-02
-3.306741922639320763e-01
3.986722874596972943e-01
1.001744837758992146e-01
9.999200971588605158e-02
1.000149999942595985e-01
2.066024277923029784e-01
-1.000146161149521706e+00
-7.969662845987567357e-01
3.882162778372539313e-01
4.095149128798796778e-01
-3.065218361763472621e-01
-9.999585377610908932e-01
-8.154298801883252956e-01
4.047833711898675690e-01
6.066199251127812192e-02
-1.000041802827316584e+00
3.035888330872273111e-02
4.020379076966907328e-01
-9.997976338198051316e-01
-3.192233712229415321e-01
-1.000041597313185759e+00
1.001020714535576228e-01
-9.999842566627219487e-01
2.352296243410681442e-02
-8.004870909954350244e-01
4.092677730204565822e-01
-5.999073619369045263e-01
-2.988638605872920850e-01
1.000541809846463986e-01
1.042310120709169924e-01
2.020992870412378350e-01
9.995136230192305793e-02
2.128172681641527508e-01
9.998369150525804328e-01
1.364368977795801102e-02
-8.044700070495445221e-01
3.870686799280420587e-01
3.905428742080362392e-01
2.083778925850384156e-01
2.289601252035274037e-01
9.999551337250058847e-01
4.028692574386649183e-01
-9.999385886564275960e-01
-6.000251837806298560e-01
-1.000106647502027268e+00
1.162606779753137809e-02
-1.000223556998085739e+00
1.000927078364464567e-01
9.979603428693518963e-02
-6.001101384476454914e-01
3.747649633156592552e-02
-7.904592391944005314e-01
-7.966650574882953029e-01
-2.348394330514275430e-01
4.062323519376270786e-01
-3.024708044747858038e-01
3.972562641783840554e-01
-7.818127825534660902e-01
-2.700387098534500763e-01
1.000417821456528883e-01
1.000691391540900338e-01
1.000000325687105285e+00
-3.627831587204531638e-02
4.071972464714479489e-01
9.993077639181788263e-02
-2.437377264765231144e-01
2.133635661355181568e-01
-3.656728911133160231e-01
-5.999583353179918088e-01
9.999119177873020403e-01
3.984083082681186827e-01
2.066096023083615896e-01
9.975438904161898490e-02
9.998684944962710208e-01
-1.000029192255943444e+00
3.963885131827717956e-01
1.000147295247270973e+00
4.029832941174617544e-01
1.000956989782185724e-01
3.851270534665245937e-01
-6.000277795963571137e-01
3.985941448805436216e-01
-2.880766770551322908e-01
4.111403411540370811e-01
1.000039699299388962e+00
9.999375027005356076e-01
1.000376212537045922e-01
1.788891673907750390e-01
3.903665193622503637e-01
-8.108909224598418453e-01
1.001279261899150480e-01
1.000206824568490527e+00
9.999546359639712723e-01
-1.000075681002018380e+00
-6.001386340885215276e-01
3.973637437960877428e-01
-8.772692932679121772e-03
4.042222486139782633e-01
1.000638759397097372e-01
4.114666976927803810e-01
2.958133983186145288e-02
-2.350877903558197257e-01
-6.000118269133583038e-01
2.004955653714091124e-01
9.998919758485733666e-01
-1.000085296441706628e+00
-8.251440988275965394e-01
9.999208050229250189e-01
3.933284157168773221e-01
-6.000689790484426966e-01
1.000994484856502220e-01
3.088131916844001970e-02
-2.983361925100016521e-01
-7.943963016392152632e-01
1.860097257517955571e-01
1.000007287104920234e-01
9.999052496821535518e-01
1.935678549738502341e-01
1.979439553749907099e-01
-2.779262692692046621e-01
-9.998585905213338565e-01
-3.190743252901934862e-02
3.961132469037312309e-01
-8.129369606366801948e-01
2.046386515001144268e-01
9.999401739932686217e-01
-8.094902494301686735e-01
-5.998686664178076722e-01
-9.999075267095492991e-01
8.440809880980515434e-02
-3.126257032186256501e-01
-5.999589182777560481e-01
5.549093173989281397e-02
1.811894483542956513e-01
-1.000004434893199345e+00
9.999567548619593405e-01
-8.054505021112409180e-01
3.905238870248956551e-01
-2.722701266208353843e-01
1.000060332651994344e+00
-9.999135910837071428e-01
-1.419384650710758637e-02
2.133412141485395708e-01
9.992587983633526016e-02
-7.966988239836231278e-01
-3.203389232304708067e-01
-7.605067817210252323e-02
-2.385345474040535541e-01
2.114971260802686881e-01
1.522213312702338540e-03
-5.999099021008701405e-01
-6.000596600816108239e-01
3.895904820295432724e-01
1.000035503903651257e+00
1.000182445951407484e-01
-2.976849204046892461e-01
1.888448174010904368e-01
1.000459812482370342e-01
1.001048281240201066e-01
-8.125033844076554601e-01
-6.000902750879122394e-01
-6.001216336311130384e-01
9.999312351593522274e-01
-5.998959132536976213e-01
-6.000333767852780165e-01
1.000030269801004401e+00
2.140883498821503916e-01
-8.055937166300872754e-01
3.983598345501231930e-01
9.129983976734087903e-02
1.920286713981413096e-01
-7.985659343839330848e-01
-1.000130112759544776e+00
-7.843112385087143146e-01
-9.998936237615734246e-01
9.998535730618112183e-01
9.999326657011293751e-01
-8.082226010037319996e-01
-2.980696095885666530e-01
-3.239555165136390538e-03
-7.829927239882530365e-01
9.998421663736327680e-01
-5.999783651593603162e-01
1.000502256647234217e-01
-1.000192817825932057e+00
4.064165597531423368e-01
2.115920281735983455e-01
9.999416290521990769e-01
-5.999365644625807015e-01
-6.001903401561570206e-01
-2.382273784459974508e-01
1.000155576067596419e+00
1.000280590283386811e-01
9.998237656154467246e-01
9.999386033284357600e-01
-1.000100635787123160e+00
4.106558001395647639e-01
1.001120550582853264e-01
3.851485306037766287e-01
9.996266765478148408e-02
-2.140657587951148855e-02
-8.582812663277797696e-03
1.897997587814866383e-01
4.168376532865975537e-01
-8.107831189627086044e-01
-6.000957553332337824e-01
4.118604479902679971e-01
1.000123378760139792e+00
2.248823508602051935e-02
-7.999384396810623743e-01
3.967452382219389118e-01
7.807347690553481656e-02
2.020977829231190570e-01
-1.000168996359586338e+00
-3.396544156424446403e-01
3.967529166202428681e-01
1.804137818997160470e-01
-1.570211785725225337e-02
9.999722078257641256e-01
9.999368042493907982e-01
1.000123624004935374e+00
1.000621529882896460e-01
9.079774920135878780e-02
-9.999954717162530260e-01
-2.862840021898250265e-01
-2.748899760192223263e-01
1.000042871585721915e+00
-8.087357040808543784e-01
-7.920760483232129889e-01
-6.000129501353946848e-01
-2.631391773055020700e-01
-1.000034705289595927e+00
1.911330648155523393e-01
9.995214722065189072e-02
-5.998118129653341457e-01
3.324524193272643258e-02
9.998340324467206441e-01
2.067762190087758523e-01
2.019392281287895052e-01
-2.463994094881560501e-02
-2.380510550507769774e-01
-3.108653118830322359e-01
-3.611585040194495999e-01
4.042924927228446208e-01
-3.055794058588077733e-01
9.999730845250921485e-01
1.000079480388629705e+00
-1.303316589193721613e-02
1.900508122475977890e-01
1.999550932565902772e-01
2.056781191107640017e-02
-2.711311762815442616e-01
-5.999020035012458951e-01
-9.999974197879928361e-01
2.073047827758798256e-01
1.270393179130215912e-02
