-6.001352545467927291e-01
-6.000229656805157186e-01
9.998532552907091198e-01
8.590391191978279106e-02
-9.998808258338608423e-01
-8.057954207063268148e-01
-6.001907066344648323e-01
1.051501709824413482e-03
-7.944127871336673641e-01
-3.212547363629885133e-01
1.001432909285424888e-01
-1.000141230585853691e+00
1.957971957124324813e-01
-5.656794828404829861e-02
1.853735715337328782e-01
3.928034634480332410e-01
-2.532933741543899608e-02
-9.998715822997208402e-01
2.080742857650487165e-01
1.118784908928739316e-02
3.923135366087115439e-01
4.054694484752591754e-01
-3.249533996767741684e-01
-7.914085407005018169e-01
-1.000115937515067666e+00
4.055194729714310942e-01
-3.367275836947597467e-01
-5.999315479736141432e-01
-3.187113519850222620e-01
1.000136091395958243e-01
-1.000213549683580005e+00
-7.749305835814347398e-01
-8.042535435611667394e-01
-1.000166680036187916e+00
3.091204517634774107e-02
1.000116578915449361e+00
-9.998863444914101173e-01
1.000198310771950316e+00
4.157667514416555909e-01
-5.999999525187509342e-01
1.000152320070212708e+00
-8.077732932170113012e-01
-2.555493883931831967e-01
1.000917695260760826e-01
-2.802628335264340520e-01
4.079058788920297274e-01
1.000209631497662316e-01
1.000880173058899258e-01
9.999683924208990771e-02
2.019920375542082480e-01
-1.000015447310686811e+00
-8.029143544244983222e-01
3.994867856736581957e-01
4.020913685801503212e-01
-2.384582203946963852e-01
-9.998728173713532508e-01
-7.891549768061397740e-01
3.933640105673625320e-01
1.627401123496615906e-02
-9.998590449542410497e-01
-2.156303544225487197e-03
3.921082123048944545e-01
-1.000091926532125530e+00
-3.570115532177033923e-01
-9.999593694449815384e-01
9.992581775151858359e-02
-1.000058782500333088e+00
-4.946053438338574720e-02
-7.998679975780800255e-01
3.986441003644418113e-01
-5.997337363165775592e-01
-3.098292996048745973e-01
1.001161020054727596e-01
6.220122916919710448e-02
2.029495349447990316e-01
1.000381389550926148e-01
1.897513076592115266e-01
9.999098862835761325e-01
5.027346747505661781e-03
-7.895140605161062863e-01
3.908624465290721495e-01
4.036904019800545695e-01
2.072439820078444406e-01
1.911943981156105643e-01
1.000142880497755016e+00
4.178663612860080145e-01
-1.000103175697787172e+00
-6.000783617044775919e-01
-9.999290637691323758e-01
8.034343695240457606e-02
-9.999153388434065537e-01
9.987819280061269178e-02
1.001611591971830612e-01
-6.001525602068501497e-01
-1.483112474470753284e-02
-7.872348290376550706e-01
-8.102149722337480542e-01
-2.133779510487219810e-01
4.016206317087962496e-01
-3.499194548832814111e-01
4.024610309481467252e-01
-7.923653570689915826e-01
-4.311570116549319209e-01
1.001188641922462486e-01
1.000495381573859588e-01
9.999945656240962766e-01
-1.682081051672911984e-02
4.062313449912444141e-01
1.000266797358085741e-01
-3.263654211457921450e-01
2.070344050143150538e-01
-3.228483198574051971e-01
-6.000847384312669730e-01
9.999995764917034569e-01
3.843156350916024366e-01
2.291131901292063344e-01
1.000182519988529334e-01
9.997680059276895514e-01
-1.000154846157521149e+00
3.942091074661965289e-01
1.000168118579756849e+00
4.052665067973167945e-01
9.976920224729043940e-02
4.242091444012426882e-01
-5.999624684291026133e-01
4.113051948819996251e-01
-2.474775536139410814e-01
4.039621008866082774e-01
1.000096566070973303e+00
9.999281828550982132e-01
9.993526377245935677e-02
2.161968402633293873e-01
3.952869062094331309e-01
-7.952521037239791424e-01
9.995133933485113309e-02
9.998843463988257296e-01
9.999122553571961891e-01
-9.999293835143274745e-01
-6.000745328780864307e-01
3.790887391697270736e-01
-2.678908133209990938e-02
4.033677444602553064e-01
1.001083895637087662e-01
3.886847011848210687e-01
-3.507514753205201539e-03
-1.867277233543649939e-01
-5.999152194669923333e-01
1.982861627265062321e-01
9.997974061190512129e-01
-9.999754310802608792e-01
-8.067347078972477714e-01
9.999559330212811625e-01
3.976882720570295571e-01
-5.998676872372222801e-01
9.996512014143381364e-02
-2.268080674680746089e-02
-3.490829828172975491e-01
-8.110730409675215302e-01
2.209912180653468838e-01
9.998818257005666343e-02
1.000070870605058282e+00
1.968556812066814266e-01
2.004128807713991267e-01
-3.130360354255136146e-01
-9.999631300060071171e-01
-5.931540194057337984e-02
4.069915581596703080e-01
-7.929617117073434196e-01
2.087473400162696835e-01
1.000022562922614489e+00
-8.036906579329538003e-01
-5.999722512246659090e-01
-1.000076653174355013e+00
-2.646784878127832197e-02
-2.893265535285201029e-01
-6.001464692041743598e-01
5.021415603272716410e-02
1.892194653333895138e-01
-1.000158076099667115e+00
1.000055699255909092e+00
-8.082744150815014406e-01
3.902830129202325971e-01
-3.400879300612695277e-01
9.999017683857797101e-01
-9.998924006132273723e-01
4.830780553760347096e-02
2.003630748841040143e-01
1.000713236025295994e-01
-8.000161847896143374e-01
-2.072517304462287990e-01
-2.491551331450745851e-02
-2.787755638968354988e-01
2.057660901164934664e-01
-3.089544501536709009e-02
-5.998667716802776884e-01
-6.000449784140533538e-01
4.090931131392076536e-01
1.000007168073671293e+00
1.000602977492062728e-01
-3.498874105093769393e-01
2.115945675954974403e-01
9.986065473833977135e-02
1.002600981580066691e-01
-8.123996089358627160e-01
-5.999725364738348610e-01
-6.001256638267331578e-01
9.999716635224695782e-01
-5.998512422659848520e-01
-5.998871365531640576e-01
9.999571072164479268e-01
2.104016710114009758e-01
-8.109256675984499729e-01
3.971115614770417412e-01
1.090115279765288964e-01
1.880182328504565181e-01
-7.954835582467375543e-01
-9.999783180372345814e-01
-7.835399573233221560e-01
-9.999915268021247750e-01
1.000125886707932787e+00
9.999478063481994639e-01
-7.860604596338460759e-01
-2.603071786681304678e-01
1.289994205515201768e-02
-8.030368183649062575e-01
1.000018506082888115e+00
-6.001100960413754404e-01
9.993146721530812848e-02
-1.000032066439014988e+00
4.109210474506828081e-01
1.979575662253007240e-01
1.000145652788128725e+00
-5.999438025856212997e-01
-5.998666096609865939e-01
-2.673890903174448441e-01
9.999791560380275612e-01
9.996753802643006115e-02
9.999695095402193479e-01
1.000072094788366117e+00
-1.000143972498419798e+00
3.955804559624301331e-01
9.999478998104795180e-02
4.078105498500212422e-01
9.999199195361259396e-02
4.083375148163564949e-02
6.941811750153135951e-02
2.102812888673157299e-01
4.041484118149427651e-01
-8.025807386111084574e-01
-6.001441267509581845e-01
3.991011495736380699e-01
1.000165915845567133e+00
-3.907785308734071372e-02
-8.089496891931465816e-01
4.116418427178890060e-01
-1.663434727903537191e-02
2.012749874579814469e-01
-9.998984774624944949e-01
-3.536164899784430271e-01
3.948508712574839707e-01
2.148786502973873691e-01
-7.797900925328116184e-03
1.000136812337135694e+00
9.999452016696668277e-01
9.997999907469188319e-01
1.000557415029958430e-01
-1.428837865176268811e-02
-1.000176608640182874e+00
-3.273015213510528931e-01
-3.657742241132758143e-01
1.000076750612774790e+00
-7.947677887112142292e-01
-8.075894927076611163e-01
-6.000250737548321611e-01
-2.661085690176149821e-01
-1.000014631636128470e+00
2.118660474406153515e-01
1.000455969346394219e-01
-6.000431442589178044e-01
-7.694064210872087611e-04
1.000090885272158836e+00
1.996439503855245157e-01
2.152303987428855758e-01
-4.380138361411143634e-03
-3.042677771142485721e-01
-3.267331143702875695e-01
-2.329178675686472133e-01
3.888627322766977645e-01
-3.286294329394401359e-01
9.998951125440682652e-01
9.998392835228536724e-01
1.007809333907433436e-01
2.155804669361731096e-01
1.983058073011498001e-01
2.894695808839198303e-02
-3.738536944116714333e-01
-5.999132184157908165e-01
-1.000070507966909217e+00
2.032727853779947580e-01
-8.302854312698910999e-02
