-6.000665411602972288e-01
-5.998660025135283957e-01
9.998757456397878718e-01
-2.544336576784094958e-02
-9.998642663952028720e-01
-8.186378180673420379e-01
-6.001393216708884593e-01
-5.996166953471548239e-02
-8.065851328393394137e-01
-3.024825318594894230e-01
9.996751585126946449e-02
-9.998147336132561236e-01
1.879297626818702549e-01
1.749886785328843772e-02
2.054288500160834918e-01
4.042468163695087102e-01
-5.771268171200616415e-02
-1.000030834663597767e+00
2.116120171410308393e-01
2.134731738381169530e-03
4.105016745510415843e-01
3.932365162468010045e-01
-3.131444426834821271e-01
-8.004641739389742883e-01
-9.999605099728519075e-01
3.913054068334851920e-01
-2.859770021055043077e-01
-5.999656468874272619e-01
-2.364474973162249971e-01
9.998038695870464787e-02
-1.000041520567012121e+00
-7.904103919175321513e-01
-8.038171786302182875e-01
-9.998746751797030763e-01
6.440401587031024944e-02
9.998392075019436609e-01
-9.999369084589997403e-01
1.000047739439521299e+00
3.910634377342669388e-01
-6.000874135355273031e-01
1.000204164445397392e+00
-7.966289621619370154e-01
-4.002514133976593502e-01
1.001793962882722849e-01
-2.739243145349596897e-01
4.176752224839578864e-01
1.000014941816137343e-01
1.000174279814592393e-01
9.997691232579082599e-02
2.108135783370490568e-01
-9.999833611279979051e-01
-8.140525604273847193e-01
3.809025960100946295e-01
4.086410604123189572e-01
-3.851543996966293459e-01
-9.999319704092023420e-01
-7.913893698051661652e-01
4.017350227711803945e-01
5.035147151927048953e-02
-1.000079509476178297e+00
2.823126592197206983e-04
4.002883405809641304e-01
-1.000004267407941683e+00
-2.696306051008521276e-01
-9.998233530491067445e-01
1.000116222460359777e-01
-9.999815104256574161e-01
-7.271617950501056693e-02
-8.147169226041967027e-01
4.089656080362559787e-01
-5.998762190154394158e-01
-3.406062832779300220e-01
9.987473836961052731e-02
-1.614824236633937381e-04
1.904390369465518706e-01
1.000565735472427609e-01
2.077116123637240963e-01
9.998445214416834537e-01
-7.844301533392765424e-03
-7.836651357413720875e-01
3.824540183342274857e-01
4.108160857122231668e-01
2.181125972425811965e-01
1.963755005999804903e-01
1.000097083982279367e+00
3.847649577943099142e-01
-9.999045038466246593e-01
-5.999011057663903301e-01
-9.998398801381905843e-01
2.259343444541286883e-02
-1.000037667846365164e+00
1.000821980044375170e-01
1.000402647359926872e-01
-5.999985358537965885e-01
4.035200810940570149e-02
-7.935373737686288731e-01
-8.087829646858397670e-01
-2.755351762171340813e-01
4.235289444036117179e-01
-3.899798866973458455e-01
3.885517327354176542e-01
-7.957928167512928752e-01
-2.496249673920342138e-01
9.997692002375742348e-02
1.000133419326741518e-01
1.000282509730981539e+00
-4.998706183791739102e-03
3.967220955710929475e-01
9.999418503381292400e-02
-2.925852088603809742e-01
2.034871787525668607e-01
-3.155779072068295998e-01
-6.000746048860114978e-01
9.999780311017412160e-01
3.953658099448439933e-01
1.933268035253779826e-01
1.001124038279234824e-01
1.000036564204093370e+00
-9.998959471125823395e-01
3.910334278916237638e-01
9.999741045488939051e-01
3.994665987209332636e-01
9.998887999499399271e-02
3.779114185587475472e-01
-6.000469741381623257e-01
4.030483511421550924e-01
-2.735621914703823543e-01
4.061615669395020056e-01
9.999150053224726831e-01
9.998244231069481902e-01
1.000934133171375723e-01
1.961876625611134739e-01
3.968207332189446213e-01
-8.019964227741446239e-01
1.000301765372299256e-01
1.000013639870435789e+00
1.000110663324552007e+00
-1.000097434567494448e+00
-5.999429421223814174e-01
4.197902222798408634e-01
-7.055854346132482691e-02
4.016682053022840870e-01
9.989339288952391038e-02
4.016336595932574194e-01
4.032412982828157549e-02
-4.098171275148690951e-01
-6.000160801670191280e-01
1.975055041224462182e-01
1.000107342666335830e+00
-9.999909183187045691e-01
-8.081591358681308179e-01
1.000185417367805529e+00
4.189658237891130121e-01
-5.999439254938753185e-01
9.993765925516992499e-02
7.143834158125698941e-02
-2.690396892109970239e-01
-8.003759843084871095e-01
2.035844075890106963e-01
1.000154457005783259e-01
9.999771865193918252e-01
2.011412066002019050e-01
2.157090692411635091e-01
-2.706065700659260331e-01
-1.000103857685908260e+00
-2.578849882854225214e-02
3.930224322602159370e-01
-7.884464290395271080e-01
2.056907483804208125e-01
9.999116203329722063e-01
-8.195712959012140253e-01
-5.999365660632377528e-01
-1.000097626080162616e+00
1.010957032683464929e-01
-2.765436361189795855e-01
-5.999361793287417699e-01
2.121951951273319883e-02
2.046109354977612704e-01
-9.999978539520658627e-01
1.000078815518244735e+00
-7.899311716843128162e-01
4.145203043297862044e-01
-2.524437672607376948e-01
9.999262683826471987e-01
-1.000154528126943054e+00
1.941272576487441080e-03
2.191109400021989950e-01
1.001014023651493196e-01
-7.912897927141094856e-01
-2.329713184916626934e-01
-1.450068884627482915e-03
-2.760450292588585430e-01
2.014635269940011075e-01
-2.860498268120864607e-02
-5.999623104783047278e-01
-5.996837169218124375e-01
4.017725603719000671e-01
9.999481184244950471e-01
1.001581647896724048e-01
-2.971713310556734489e-01
1.813221021215781770e-01
1.000458239381789571e-01
9.996148246284547456e-02
-8.038130796180548154e-01
-5.998162147075181139e-01
-6.001517973262852079e-01
1.000032838761065968e+00
-5.999522647479731408e-01
-5.999377283360289859e-01
9.999707075837666048e-01
2.105341210699901711e-01
-8.045726039800924489e-01
4.060893364721635534e-01
-4.809273722185899991e-02
2.066071121320033344e-01
-7.964989082647384588e-01
-9.999463859285411260e-01
-8.000597322218114815e-01
-1.000056715619034087e+00
1.000022700412081855e+00
9.999404497541195536e-01
-8.004156070304158099e-01
-3.053244567539035170e-01
-5.553511008814096539e-02
-7.918810323160064835e-01
1.000030889054331240e+00
-5.999135146955886233e-01
9.991164402682069234e-02
-1.000165143221780406e+00
3.899016374135887419e-01
2.122433621466490450e-01
9.999450388100755704e-01
-5.999167873369835036e-01
-5.998468225824176159e-01
-3.583629358293064504e-01
1.000058105363903715e+00
9.996457096011628074e-02
9.999897263623245269e-01
9.998370532009011047e-01
-1.000016835679607086e+00
3.980869170247510747e-01
1.000483396037100264e-01
3.837465893696545005e-01
9.998985505277695196e-02
1.040144034273441653e-01
-6.688168726295018462e-02
2.099411464446817588e-01
4.062224056764378033e-01
-8.008593001553998558e-01
-6.000571954119403584e-01
3.962270344646958709e-01
9.999373170799831234e-01
-7.399438094608688787e-02
-7.948744356646871845e-01
4.162122172854403890e-01
-7.366533515969979351e-02
1.989204999366792348e-01
-1.000090076406320527e+00
-2.600807196792059850e-01
4.113197381978416223e-01
2.253363553214255410e-01
-6.824998802564258282e-02
9.998881988481584937e-01
1.000005205681749443e+00
9.999917747764447418e-01
9.977340395713558963e-02
-1.341517573069270219e-01
-9.999246442164088089e-01
-2.829332517736135588e-01
-3.039957605830667653e-01
9.999642599683283839e-01
-7.895206694950636095e-01
-8.081656144990281287e-01
-6.000137374460795536e-01
-3.336980178471400937e-01
-1.000067656723623077e+00
2.012976076848329299e-01
1.001243670340306174e-01
-6.000514614854532969e-01
3.228055780268414277e-02
1.000085803839090959e+00
1.946994411217285725e-01
1.956446133787941299e-01
-3.629037598789022073e-02
-3.500847821499271095e-01
-3.933268373577762378e-01
-2.852044528307731142e-01
4.127171443990246269e-01
-2.682744595836603629e-01
1.000036916669876375e+00
1.000020161403969432e+00
-5.965467740569635469e-02
1.734241250426683256e-01
1.828290974863986396e-01
2.993285841209752593e-02
-3.355333919802414577e-01
-5.999386693311837826e-01
-1.000029570405597923e+00
1.991112715087139662e-01
1.629904931239619867e-02
