-6.000474694997969261e-01
-6.000130339327659490e-01
9.999900034390218906e-01
7.429006928076253846e-02
-1.000018031373487659e+00
-7.896712030581233277e-01
-6.000034815707115943e-01
-7.457171513777132235e-03
-8.019986246239118044e-01
-2.761394262720799353e-01
1.001173812866605062e-01
-9.999735225870112210e-01
1.748870494293209843e-01
3.655630409670138081e-02
2.115630168205779038e-01
4.163755772978805503e-01
-7.293321700936709895e-02
-1.000204792687302113e+00
2.086016618464910377e-01
-4.008849307443471122e-02
4.157468691008972539e-01
4.057974478429026144e-01
-2.487152280026565243e-01
-8.178534052502427487e-01
-1.000005715570095433e+00
4.135543528677850245e-01
-4.639257631156084027e-01
-5.999856839460306901e-01
-2.588115463363238611e-01
1.000807522581846909e-01
-9.999086759243827061e-01
-7.967439395347911679e-01
-7.948962174412772530e-01
-1.000062586661968567e+00
-4.015252681360974990e-02
9.999476952114881856e-01
-9.998880142950443695e-01
1.000050412995847848e+00
3.874753589844004975e-01
-5.998577191734020264e-01
1.000088550127862019e+00
-8.007935610827470185e-01
-3.308204412104235881e-01
1.001045648222304713e-01
-3.566017079471296980e-01
3.828566074084198689e-01
9.993557013541932987e-02
1.000140846683526402e-01
9.997554981129083695e-02
1.907771766771861610e-01
-9.997868309851116742e-01
-7.827842231948026752e-01
4.172032207207127530e-01
4.052265033096855706e-01
-2.875331056960329090e-01
-1.000119850062335614e+00
-7.979591819994054092e-01
4.121681199574229737e-01
-3.462623418249228396e-02
-1.000021925384328325e+00
-2.572805538937180184e-02
4.024217436337028109e-01
-1.000055570661517290e+00
-3.276907586078851575e-01
-1.000003459038945719e+00
1.001439263661504792e-01
-1.000015986949128299e+00
-5.316924534421609005e-02
-8.109686704631599019e-01
4.058560480996746822e-01
-6.001040971586211192e-01
-3.382551651351411448e-01
1.001181904356237551e-01
-2.281659370534693670e-02
2.111979750973594638e-01
1.000220147641538021e-01
1.956596430415092347e-01
1.000069603380431493e+00
2.146580662314894264e-03
-7.971116197803467252e-01
4.002054846607152050e-01
4.164509930019366646e-01
1.973761742212591652e-01
1.960877643788928593e-01
1.000089014423053646e+00
3.928286668532647297e-01
-1.000010516882531064e+00
-6.000385112357435879e-01
-9.999263098240446235e-01
-1.059386965034066208e-02
-1.000243685187399034e+00
1.000500467893089135e-01
1.000191004011619644e-01
-6.000951028254816189e-01
-1.603102904445085145e-02
-7.898352717318208871e-01
-7.872214190499889908e-01
-2.852257600558719131e-01
4.207268191625732623e-01
-3.773350004029060178e-01
4.103453216859284103e-01
-7.965757446718457757e-01
-3.627630052603416644e-01
9.997438211034373468e-02
1.000435166814414301e-01
9.998710602160066907e-01
4.498193747731173142e-02
3.975157275339432639e-01
1.000539377638197946e-01
-3.190257900751569120e-01
2.172369313074110908e-01
-3.121625624350709005e-01
-5.998462745632198168e-01
9.999533366249018229e-01
3.794570213777238021e-01
1.910892394713893661e-01
9.998176143193378274e-02
9.997898118896679787e-01
-1.000015760171780288e+00
3.971113392877779757e-01
1.000147387201834714e+00
4.079675981696220810e-01
9.994276589960844615e-02
3.934532530986383780e-01
-6.001086413802348973e-01
3.999388707196947501e-01
-2.611081401904459809e-01
3.963322717369194281e-01
9.999032997914846232e-01
9.999232393369491545e-01
9.984555324976818191e-02
1.980825436416848717e-01
4.135903524954133714e-01
-8.011014840990695607e-01
1.000530121505533582e-01
9.999714302405497968e-01
1.000128402155741059e+00
-1.000264053354910310e+00
-6.001582968378368355e-01
3.877916749123785922e-01
-6.068421849738989127e-02
4.179831300489763590e-01
9.998164027099373796e-02
4.038914133870325496e-01
6.084492171493356694e-02
-1.900689689757911749e-01
-5.999502139925073640e-01
1.993500835911077573e-01
1.000019359556070020e+00
-9.999716148855630760e-01
-8.057261364205561271e-01
9.999784840256090712e-01
3.911334360349396633e-01
-5.999412384632423212e-01
1.001855846485456697e-01
2.084388042217702117e-02
-3.288864277234400113e-01
-7.922609165128682296e-01
1.970058671622089974e-01
9.993754324248090015e-02
9.999259620835861950e-01
1.979079425549693516e-01
2.050591591776399492e-01
-3.068664236821542213e-01
-1.000067010525390376e+00
-8.544389380020378510e-02
4.074328862468556411e-01
-8.034639784418654562e-01
2.158123935749528266e-01
1.000201050199139186e+00
-7.980528560003877780e-01
-6.000246308477957813e-01
-1.000101732840913416e+00
1.045185845501436957e-02
-3.585658687594925897e-01
-5.999847726661308167e-01
-1.781555270996980356e-02
1.888881753124140583e-01
-1.000096820640142159e+00
9.999773550376891418e-01
-8.068151752173947644e-01
3.853424751051070518e-01
-2.831426180871364773e-01
1.000013951551065539e+00
-1.000039070984993117e+00
2.536688328227018271e-02
2.048368410211205137e-01
9.996863627263417873e-02
-8.149175239364526702e-01
-2.787329387777344181e-01
-1.063009165150856222e-01
-3.269141994884089408e-01
2.053060238205840771e-01
4.517012283036725938e-03
-6.000245163790320913e-01
-5.999343707592281749e-01
4.091150500739602625e-01
9.999445766122554424e-01
9.992666887947890264e-02
-3.403166872083679406e-01
2.033437844654154836e-01
1.001236842079028105e-01
1.000956064107280524e-01
-7.979054245867243100e-01
-6.000590421232122607e-01
-6.000778302444831347e-01
1.000131243182934115e+00
-5.999565045862838009e-01
-6.000039018172790284e-01
9.998986992188808598e-01
2.055167603684137090e-01
-8.043931756915245757e-01
3.960985512471061898e-01
-3.659405081349974276e-02
1.926126898624282158e-01
-7.932961653812025116e-01
-9.999051408761425730e-01
-8.000601480875398908e-01
-9.999446336705204441e-01
1.000080314792714198e+00
9.998622861846013787e-01
-8.002234529266878393e-01
-3.700392180337848669e-01
3.359698896489113351e-02
-8.047692957774379430e-01
9.999887265286458993e-01
-5.999454461547250039e-01
9.980167203803490261e-02
-1.000084951323380933e+00
4.079420350957241315e-01
2.001332558082278001e-01
9.997549687225046888e-01
-6.000460893841649268e-01
-5.999914706185491831e-01
-3.584340628740190215e-01
9.998718795547327787e-01
9.991218262082253443e-02
1.000094254625168766e+00
9.998982091911591263e-01
-1.000072986116502305e+00
4.065564965286471155e-01
9.982219299622602238e-02
4.067175600561526716e-01
1.000233903054867229e-01
1.756899490334044162e-02
3.230934130956220063e-02
2.007180360545950115e-01
3.998253250643534207e-01
-8.148361350347187448e-01
-6.001407522592854260e-01
3.890071602768095382e-01
1.000021559882823707e+00
-2.975926905417024607e-02
-7.956650603594277449e-01
4.134741449558416715e-01
5.547698388072502818e-02
1.851408812878810872e-01
-9.999526959160139894e-01
-2.355869541474844842e-01
4.092231219717816781e-01
2.010033288396867457e-01
6.109544798780913027e-02
1.000156230540931279e+00
9.999618587800096492e-01
9.999808440719099023e-01
9.988478858887275824e-02
4.288874648380379406e-02
-1.000053367629443857e+00
-2.311812975016968308e-01
-2.559167574917418086e-01
9.998304172748773144e-01
-8.063714653331461868e-01
-8.117636576160687234e-01
-5.998892176783477970e-01
-2.956661695270988433e-01
-1.000036760462294838e+00
2.067137515349813381e-01
9.978450981333499004e-02
-5.999915400407542787e-01
3.274906886500641295e-02
9.999226362916926458e-01
1.989975149640980379e-01
1.940706434566403238e-01
-4.788569101041487142e-02
-2.084147589911359844e-01
-2.794226820349912099e-01
-2.949178888731903148e-01
4.043609961432550470e-01
-3.123260239098223923e-01
9.999171051525923559e-01
9.998090924398387314e-01
-5.477893266886704748e-02
2.001462225013292406e-01
1.952353290314645384e-01
1.102903296040504827e-01
-3.121732171885867047e-01
-6.000784558380940492e-01
-1.000008720083426894e+00
2.037845739963703440e-01
-3.303464850230559274e-02
