-6.001870838130878294e-01
-6.001440835638343074e-01
1.000056876962538643e+00
-1.059847663080143026e-01
-1.000006886504273940e+00
-8.180323824129031030e-01
-5.998352825773304309e-01
2.604317100970192367e-02
-8.029431266059117167e-01
-2.210746549942898542e-01
9.995924800648059438e-02
-1.000004453949621341e+00
2.058733557104251155e-01
3.948985860361042127e-02
1.905038338834783296e-01
4.083382932561974710e-01
-8.572396814858358749e-02
-9.998203533476572868e-01
1.956039281142612218e-01
-2.922639924093463348e-02
4.055539438537554831e-01
4.205638657329603403e-01
-3.072461949130873560e-01
-7.920035429727995124e-01
-1.000099576525835809e+00
4.075365615139687203e-01
-2.717279891475480325e-01
-5.999327314524879329e-01
-3.606622506271106032e-01
1.000708296344020864e-01
-9.999236478140172135e-01
-8.310594251694866097e-01
-8.206282795069752556e-01
-1.000042153370392928e+00
-2.273999210882009236e-02
9.999359320375041937e-01
-9.998598804156092479e-01
1.000014550269546554e+00
3.884899698710579385e-01
-5.999288425442106387e-01
9.998582676645115797e-01
-7.860186726071224372e-01
-2.800944780672281476e-01
9.997402116017369000e-02
-3.250611932951567584e-01
3.964167096823628111e-01
9.986627858798077795e-02
9.991149393061689310e-02
9.993231328233731503e-02
2.083246984265527679e-01
-1.000152990174678846e+00
-7.684941513803319468e-01
4.008592257443980289e-01
4.005848761886691145e-01
-3.146141924189951311e-01
-1.000164566880251460e+00
-7.769525800860762610e-01
4.003229946243551662e-01
-1.104973246790109769e-02
-1.000072514178169669e+00
3.567445325304730019e-02
4.176431992476616339e-01
-9.999351788509895922e-01
-3.491208848399446341e-01
-9.998974982108620457e-01
1.000429857776421044e-01
-9.999176244241684275e-01
-1.508185626321711416e-02
-8.091247493935426194e-01
3.871546474980547825e-01
-6.000814822313860208e-01
-2.671067446281560898e-01
9.993890525542854786e-02
-1.337991373341739232e-01
1.786400858433976058e-01
1.000096863979547390e-01
1.905539222673471034e-01
1.000204026462867102e+00
1.226437867387218487e-02
-8.120464869180227252e-01
3.996189721966191821e-01
4.013172401395901367e-01
2.001794891956614197e-01
1.807810099483930510e-01
1.000053155776852609e+00
4.122939515664411636e-01
-1.000036292318440045e+00
-5.999753963545415569e-01
-1.000015559777886143e+00
3.680305924871919709e-02
-1.000134103222094728e+00
9.993829434613392404e-02
1.000508142112219445e-01
-6.000021931256025454e-01
-3.547674387464935363e-03
-7.859094144544721550e-01
-7.878321441954028170e-01
-2.246409914871780322e-01
3.986868091245873713e-01
-3.724485999016678983e-01
3.942046722807391879e-01
-7.837259833382292928e-01
-2.621064361037586110e-01
9.996426738085041619e-02
9.999976989191532162e-02
1.000003723997287874e+00
9.741712373354605159e-02
3.834394563957908009e-01
1.000018632363265519e-01
-2.806006005826817695e-01
1.971455791259199841e-01
-3.198023346249581067e-01
-5.998625714387862962e-01
1.000016920184316094e+00
3.955370267211393287e-01
1.887464066612594138e-01
1.001012851158644829e-01
9.999403596466952537e-01
-9.999790059042663604e-01
4.189236251940985922e-01
9.999235326131570289e-01
3.955507834265837852e-01
1.000965063103504832e-01
4.023676416007102574e-01
-5.999962620270331559e-01
4.209539114625712175e-01
-3.330501569209023960e-01
3.894713407455511756e-01
9.999901096482216589e-01
1.000137785428358850e+00
1.000266135824317143e-01
2.111434478354185518e-01
4.222220734836724110e-01
-7.991135704225159619e-01
1.000835873895208061e-01
1.000154967422995034e+00
9.998418983799466364e-01
-1.000048436528381268e+00
-5.999502249203968463e-01
3.917554747815935046e-01
5.480229693669624175e-02
4.075436890726617523e-01
9.991833646838010896e-02
4.186243842049924835e-01
6.711797783471537548e-02
-3.299661518087158574e-01
-5.999518147340437979e-01
2.145583428909903778e-01
9.999143990290341177e-01
-1.000086001150995108e+00
-7.905351517766326941e-01
1.000264107776775768e+00
3.982135277627701919e-01
-6.000242694396152876e-01
9.996247757850848514e-02
6.228020042560087483e-02
-3.351061529497304514e-01
-8.056349394644314321e-01
2.049853095727546537e-01
9.980563138473798335e-02
1.000041923363194529e+00
1.809707699667612857e-01
2.023878730279647375e-01
-3.144666575993976254e-01
-9.999333943868398134e-01
2.385826203550426433e-02
3.887526832412530053e-01
-7.802914060685159914e-01
1.863539998951528054e-01
9.999052602466509398e-01
-8.034437278389506831e-01
-5.999480202501060733e-01
-1.000090969074840519e+00
-7.502274977386287971e-03
-2.595333629114730534e-01
-6.001540125686246618e-01
-3.944796204756509904e-03
1.931647080831188634e-01
-1.000116206451363121e+00
1.000098810299496987e+00
-8.134499463783195772e-01
4.081683410839604953e-01
-3.033509698471157368e-01
9.998226048929486076e-01
-1.000065826194648233e+00
4.703523029837036046e-02
1.941969051116191891e-01
9.973841903260766140e-02
-8.038393697600386689e-01
-2.383351268317651372e-01
-1.277542666775029895e-02
-3.242238575192749606e-01
2.177461717311506284e-01
-1.868244224389116123e-02
-6.000530804534247586e-01
-6.001201916920185786e-01
4.158154836418295752e-01
9.997776240976352646e-01
1.000311552588657033e-01
-3.155196355927185614e-01
1.995652590094518231e-01
1.000741493728209697e-01
9.995750346985164680e-02
-7.931236440867757143e-01
-6.001023599799529817e-01
-6.000418464192662782e-01
9.999428812908675024e-01
-6.000135396386017117e-01
-6.001085838712746368e-01
1.000029371137884926e+00
2.048645757841830173e-01
-7.937411524383076733e-01
3.928079037112253702e-01
1.789345946929406933e-02
2.065495124057535048e-01
-7.894006687392116639e-01
-9.999867215114093266e-01
-8.300905698274866351e-01
-9.998882815749462472e-01
9.999834004935882481e-01
1.000118976276730853e+00
-7.923544903338538559e-01
-2.968206229187838052e-01
6.034030065384038410e-02
-8.020985506506922436e-01
1.000042706205180432e+00
-6.000714636511866873e-01
1.000361606477576520e-01
-1.000273298542482925e+00
4.124184500819355059e-01
2.113180075754242104e-01
1.000010356043163018e+00
-6.000845132043538532e-01
-5.999413607099460810e-01
-3.075026838854488243e-01
1.000235470914357494e+00
1.000867440675448083e-01
9.999058824599686979e-01
9.998547732564352364e-01
-9.998777900676545372e-01
3.880198465935725261e-01
9.995583331002917682e-02
3.739109773350302035e-01
1.000937500308439337e-01
-2.190593111903331447e-02
5.767674740839171671e-02
1.995565397337742408e-01
3.829519864903522253e-01
-7.986517265893841033e-01
-6.000141916163329592e-01
4.130099818112440424e-01
1.000285270270217852e+00
-8.215245718106374551e-02
-7.985581836440651671e-01
3.884247553301138911e-01
3.980304849571324882e-02
2.156446209669091729e-01
-1.000033914401554425e+00
-2.491862488284016797e-01
3.912042392821388770e-01
2.056349765087646109e-01
7.205939949406801881e-02
9.999063330429135421e-01
9.999739022219338302e-01
9.999810338922687780e-01
9.999375864598047947e-02
-1.868078464269522232e-02
-9.999565815428659299e-01
-2.800235536036350670e-01
-3.238380415704896764e-01
1.000024428617262373e+00
-8.033674956523939592e-01
-7.933303779686223800e-01
-6.000082922464149426e-01
-3.327899990859526369e-01
-1.000195331081552563e+00
2.087615800453054560e-01
1.000116019540113754e-01
-5.999390971034458397e-01
1.057166487932377080e-01
1.000059043325504105e+00
1.884522595701402792e-01
1.955400327817798933e-01
-4.988414332241623145e-03
-2.530397247516177339e-01
-2.931720293064125071e-01
-3.052992654340368484e-01
3.958078520569761061e-01
-3.231462181901519348e-01
1.000246805533334893e+00
1.000000355775171101e+00
-7.639402586573852683e-02
2.063155342656000646e-01
2.036748889102954763e-01
5.685443339709158467e-03
-3.568331986883997997e-01
-5.999684246049592495e-01
-1.000012624972664854e+00
1.936459395905832659e-01
-4.545370708235051821e-02
