-5.999978323248155165e-01
-5.999237842018831923e-01
9.999166521493462190e-01
-1.612167671488016346e-02
-1.000100454548525031e+00
-8.112963131359655078e-01
-6.000129140203758205e-01
-4.904045603730290692e-02
-8.104594395906442594e-01
-3.842185877817830830e-01
1.001000436304221863e-01
-1.000098054417258853e+00
2.319164146696217066e-01
1.661631787752256006e-02
2.051336867736290870e-01
3.993526069001473999e-01
-1.123263817066261216e-02
-9.999439776461033214e-01
1.998673622070547828e-01
-5.092243372863788919e-02
4.043916812812018979e-01
4.013998820811380264e-01
-2.980734759380629373e-01
-7.888140848706152175e-01
-1.000080976544129197e+00
4.025368430629886474e-01
-3.853823013861205626e-01
-6.001382093378531124e-01
-2.970941746660239469e-01
1.000786167602917137e-01
-1.000059022941392817e+00
-7.988619824195526409e-01
-7.943987909942061831e-01
-9.997784228150883301e-01
9.168407021311805738e-02
1.000082608740428425e+00
-9.999185577413176595e-01
9.999756911200298193e-01
3.857558332144965241e-01
-5.998472318182277441e-01
1.000119704420441291e+00
-7.889636876536157972e-01
-3.451675584278255382e-01
1.000181242568153051e-01
-3.412453506163242167e-01
4.215256963197615558e-01
9.991203687559513380e-02
9.999607376031044437e-02
1.000206354214685650e-01
1.898668492127262020e-01
-1.000080257837797193e+00
-7.837273956587059720e-01
4.123381895267929087e-01
3.957366407715118273e-01
-2.785467911376889871e-01
-9.998877772836203270e-01
-8.037741983619077768e-01
3.987062726945029278e-01
-7.178603775332838277e-03
-1.000010128416691346e+00
-1.681097740616365258e-02
4.055896343612218624e-01
-1.000198353432366849e+00
-3.305156071334593992e-01
-1.000057385617800110e+00
1.000187065178680251e-01
-1.000108222100055455e+00
-4.418889575891869759e-02
-8.079154184382162374e-01
4.039154685676206724e-01
-5.999347500346837725e-01
-2.962511459678928150e-01
1.000857321225311486e-01
7.087744730334254173e-02
2.035332953537637712e-01
1.002529898607997377e-01
1.939596783839633576e-01
9.997837083799778757e-01
-3.292703332703838387e-02
-8.119936231024387219e-01
4.068786008444659763e-01
4.125344178766554570e-01
2.037795584087090939e-01
1.966772330377371536e-01
9.999988713185753442e-01
4.060826099004674616e-01
-9.999439216161907229e-01
-5.998702499396328935e-01
-9.999385752257357041e-01
1.028324356307092763e-02
-1.000104202972106338e+00
9.990270416151746102e-02
1.000064403335189644e-01
-6.000586379537321546e-01
2.289283670368057882e-02
-7.887035541344959988e-01
-8.148340293938395318e-01
-2.240036398283142827e-01
3.950031572897272913e-01
-2.622467126795975378e-01
3.867085994471371468e-01
-8.101150357833352134e-01
-1.963737686873359145e-01
9.999753990309886986e-02
9.986948987525239019e-02
9.999615322374308946e-01
3.517961719009467941e-02
3.939222359175175159e-01
1.000471863718155885e-01
-3.244494405519824931e-01
2.042693870921067079e-01
-2.977330563380063966e-01
-5.998146851113362876e-01
1.000017814805443050e+00
4.067241187767352550e-01
2.108728016947391259e-01
1.000389970765333675e-01
1.000076481014156693e+00
-1.000058245835366177e+00
4.100678871747175380e-01
9.999455085347070948e-01
4.045488992708961562e-01
9.997470941055497384e-02
3.972310162978479053e-01
-6.000234983568438762e-01
4.077727994919618792e-01
-3.515303416023933258e-01
4.067631841180319729e-01
9.999213225127552285e-01
9.999615292145723755e-01
9.999018397685587034e-02
2.029614085841893734e-01
4.000936652039484009e-01
-8.069038765498600663e-01
9.984222393645683646e-02
1.000068112901923989e+00
1.000237965490976322e+00
-9.998733813343169130e-01
-6.002543432555857983e-01
4.113962165239035684e-01
-9.351979600245703683e-02
3.981279310929680681e-01
9.976822411013516745e-02
4.058270456732752662e-01
-8.496706167324591386e-02
-3.118287204081925945e-01
-5.999991236965924735e-01
1.768533896399228089e-01
1.000184652844382516e+00
-1.000057611771452803e+00
-8.042877712439970850e-01
9.998839196049588152e-01
4.100688409616181640e-01
-6.000183109309137341e-01
9.989395955069001187e-02
7.168389387635486221e-02
-3.442533768941072880e-01
-8.125839390659492789e-01
1.996394095514721356e-01
9.995053852268542816e-02
1.000052885152230786e+00
1.988879881020690077e-01
1.952517205585491966e-01
-2.922937807504085161e-01
-1.000024561605197482e+00
-8.174877588041773446e-02
4.014563928844848695e-01
-7.931743500720257467e-01
2.060332623456399281e-01
9.999285135261016810e-01
-8.072107054859330999e-01
-6.000513815874111145e-01
-1.000075189136007126e+00
-6.146150521905977687e-02
-3.083699727854353756e-01
-5.998426996069351480e-01
4.086852024074155709e-02
2.021445146376313895e-01
-9.997841717091972003e-01
9.999868266741764877e-01
-7.925164959411963306e-01
4.003237457369823726e-01
-2.607491070485014051e-01
9.999719800607639320e-01
-1.000097732106994597e+00
5.865343019611624076e-02
1.824422151391820457e-01
9.992278123120643119e-02
-8.108829839621156665e-01
-2.371284744192393990e-01
6.364080591154173960e-02
-3.416042041050506572e-01
2.056728554678764476e-01
-2.470256369821541981e-02
-6.001596953370563758e-01
-6.000820701432429960e-01
4.014328735788696423e-01
1.000022632812797685e+00
9.999488604494755073e-02
-3.049822040040869875e-01
1.957600037430228812e-01
9.999788409802402855e-02
1.001096018605731330e-01
-7.942731743282626100e-01
-5.999640998242148360e-01
-6.001230651563312923e-01
1.000071657632485289e+00
-6.000176017078654445e-01
-5.999174489268076504e-01
9.998099461673727317e-01
2.056821427752251741e-01
-7.993729387600951863e-01
4.022405259868154226e-01
2.853554500393258933e-02
2.117761780253938075e-01
-7.944919423653639123e-01
-9.997330829280244302e-01
-8.248570385247396830e-01
-9.999518510891453049e-01
9.999776620595579590e-01
9.999774452680206815e-01
-8.075892904013757256e-01
-3.176061156481069236e-01
6.629152687703062166e-03
-8.175935729220551451e-01
9.999255805149541709e-01
-6.001051115133806402e-01
9.987252913593000492e-02
-9.999444720292232081e-01
3.769384558569430221e-01
1.793632341208199754e-01
9.999979513185446311e-01
-5.999897419052951930e-01
-6.001684662832906803e-01
-3.013068828763934004e-01
9.999554059219576407e-01
9.982898574800740110e-02
9.999327464709568680e-01
9.998756445673213644e-01
-1.000028266800659260e+00
3.888327202938737792e-01
1.000415735284446578e-01
3.938208258521531113e-01
1.001260238581914014e-01
-2.768278101651766576e-02
1.120626053743579986e-02
2.000061018995415718e-01
3.964404936642795807e-01
-7.968250540505122936e-01
-6.001233133092390704e-01
4.298308303788540563e-01
1.000171814218868471e+00
3.565397766691601189e-02
-7.904349666328619461e-01
3.996726808315229085e-01
8.066931829917687799e-03
1.945447189354179152e-01
-9.999542726429170303e-01
-3.034050269957880297e-01
4.016341037537397018e-01
1.789448849290540267e-01
-5.835433187671077576e-02
1.000008156324958541e+00
1.000012892073090853e+00
9.999833584908549566e-01
1.000775714605892930e-01
-1.559420333529740188e-02
-9.999208840911331109e-01
-2.018659951236337069e-01
-3.258809689606622095e-01
9.999798033730904478e-01
-8.172327786856580234e-01
-7.861835211626181374e-01
-6.001595355372718599e-01
-2.254441536650640954e-01
-1.000074687337676460e+00
2.136802515095919952e-01
9.987289191734002869e-02
-6.000844087518913961e-01
-1.270962274090336325e-02
1.000168659923464265e+00
2.046368710694487780e-01
2.248245730366108530e-01
-8.591982480668485661e-03
-2.334588367602535297e-01
-3.052273166473855048e-01
-2.895351975996648397e-01
4.007506258269401545e-01
-2.071141878323614627e-01
1.000040615131253974e+00
9.998564082586307578e-01
8.344649091201461477e-02
1.907389297450779730e-01
2.167576222514663586e-01
-1.060161654398716347e-01
-3.428980554299683736e-01
-6.000274156901165279e-01
-1.000144077341698079e+00
2.250799708337571092e-01
6.502484076234900379e-02
