-5.999788820351986685e-01
-6.000000868059813808e-01
9.999396091723674607e-01
-3.223512359895382845e-02
-9.999892306674689202e-01
-7.875436760585242668e-01
-6.001283248807305348e-01
-1.501900759099951410e-02
-7.955924784357155666e-01
-2.834359566066023683e-01
1.000001037244637458e-01
-9.999402973317083054e-01
1.967940999246330092e-01
-7.915213030741528877e-02
1.981285703717270696e-01
4.044928443957775399e-01
1.334405406272048955e-02
-1.000077199668147676e+00
2.233891548135358562e-01
5.683813907765903478e-03
4.114961590809405045e-01
4.035719686617731394e-01
-3.370866678755224943e-01
-7.898620372873009776e-01
-1.000086650958729173e+00
3.857338901923517693e-01
-3.848898051155449918e-01
-5.998136014770114599e-01
-4.049403754516264220e-01
1.000803693909235181e-01
-9.997982460369180258e-01
-7.994013095810147407e-01
-8.011618763836112489e-01
-9.999177886958879879e-01
8.170202314613739247e-02
1.000171014618848719e+00
-9.997701821938067557e-01
9.999777911656004825e-01
4.004478572369681855e-01
-5.999755151341088499e-01
1.000117210142522639e+00
-8.013494011538926376e-01
-3.377851714618844148e-01
1.001389404542243206e-01
-3.688956810884067017e-01
4.015062743804418965e-01
9.984257783477863690e-02
9.983854139249630222e-02
1.000307862867303443e-01
2.071403674646301596e-01
-1.000019995829240171e+00
-8.007405796584837754e-01
4.132367478724894294e-01
4.130976827465064338e-01
-3.060559469890609674e-01
-9.999703376445201464e-01
-7.908994430233532436e-01
4.090832898095819181e-01
1.434302620335342962e-02
-1.000164838266479839e+00
-5.851831241777915443e-02
3.890897101103222844e-01
-9.999562806202382248e-01
-2.967876187617495276e-01
-1.000052699324132544e+00
1.000269688972485194e-01
-9.996953152355024796e-01
4.006096813772680454e-02
-7.893130802525875067e-01
3.891305340058708873e-01
-5.999041165263626629e-01
-3.163210152886402615e-01
9.992720108768231302e-02
1.098830008991616598e-02
1.861343583056290774e-01
9.998278369067445381e-02
1.922240627620776243e-01
1.000069212653950990e+00
-2.294059345008324716e-02
-7.914556176665913378e-01
4.044214489917987154e-01
4.040659633879377099e-01
2.049026306630255811e-01
1.961766548314635983e-01
1.000015671644226334e+00
3.928310520199371769e-01
-9.998776312910386821e-01
-5.999951605819966449e-01
-9.998519315016672904e-01
-4.069533862400087632e-02
-1.000026487352938087e+00
9.996245201304988781e-02
1.000472037447949908e-01
-5.999141505010122666e-01
-2.082635903958521273e-02
-7.999135848377711966e-01
-8.103239380027738026e-01
-2.326375185904766552e-01
3.969522024853965880e-01
-2.928829355027863235e-01
3.986081157514693718e-01
-8.026980642800614074e-01
-2.617146013290443940e-01
9.990045109841025339e-02
9.985282097926473366e-02
9.998656180507698998e-01
1.827774857758079560e-02
4.004493975580251108e-01
9.998450180205799287e-02
-3.297463771858911152e-01
2.080209985318634269e-01
-3.242530865429175679e-01
-5.999910059545882079e-01
1.000042480143965351e+00
4.005891552730189709e-01
1.997166922153081614e-01
1.000354799275777612e-01
1.000014663738145515e+00
-1.000058173439684950e+00
3.861229503577592315e-01
1.000045276258112681e+00
3.820866024015125983e-01
9.981027988332158429e-02
4.062406980307954885e-01
-5.999033392373257501e-01
3.976797971024891853e-01
-3.516174209129112604e-01
4.094821568973526227e-01
1.000040673066019181e+00
1.000155719870662319e+00
1.000980872841872316e-01
2.172377328550306463e-01
3.850206493802076912e-01
-7.827038229975556982e-01
1.001333442398881779e-01
1.000289088312906971e+00
9.998351979644465315e-01
-1.000043364544416225e+00
-5.998600312050079708e-01
4.151483977638412703e-01
2.303569988047655254e-02
4.055686154046450609e-01
1.000045493189374302e-01
4.083663110038007193e-01
-2.342584463599551442e-02
-2.550699548250995874e-01
-6.001094801021484848e-01
1.604282826306494270e-01
1.000016940025366008e+00
-1.000140456934410560e+00
-8.052599455710383047e-01
1.000007890619707629e+00
4.423143907527775642e-01
-6.000714376710600817e-01
1.000356163013335076e-01
-1.472128538955624899e-02
-3.304859553733930366e-01
-8.002170414289689893e-01
2.064606814960267822e-01
9.990293712999785691e-02
1.000089593733213489e+00
1.974032249743646883e-01
2.144932996820252957e-01
-3.854576380461662843e-01
-1.000083645747833927e+00
3.409021129058861094e-02
3.963260004409598913e-01
-7.997333722774173648e-01
1.879385050884644914e-01
1.000001676759019187e+00
-7.859410866399484386e-01
-6.000816057882120136e-01
-1.000084591397125022e+00
7.392050252792407850e-02
-2.544699627063570224e-01
-5.998562250047408950e-01
1.900417086581915327e-02
1.986170453563384508e-01
-9.999808653691450999e-01
9.998845293151978897e-01
-7.936192441669069897e-01
4.094514009714927960e-01
-3.005753191975911731e-01
1.000158430967887924e+00
-1.000025546023679990e+00
4.984347071928223183e-02
2.104674823334729827e-01
1.002851286155976157e-01
-8.113294482640713845e-01
-3.352981892123321206e-01
3.090949665472710398e-02
-2.691280982548082679e-01
2.044387786995458256e-01
7.546340618242769471e-02
-5.998977628418630248e-01
-5.998752729016421092e-01
4.063306109584174930e-01
1.000090679668664162e+00
1.000938029121976047e-01
-2.864005158865721157e-01
1.935005198018398542e-01
9.997939165680906626e-02
9.998206692726717415e-02
-8.121207873687401602e-01
-6.000909412612535077e-01
-6.001503309467840497e-01
1.000258195425069108e+00
-5.999383046627593252e-01
-6.000345392388889421e-01
9.999970775608088003e-01
1.974119547039211997e-01
-8.035068791414646805e-01
4.121128800408010995e-01
4.475885100693757085e-02
2.081905252892569946e-01
-7.821061286869852580e-01
-9.999982633449087110e-01
-8.042857953203390586e-01
-1.000105533882171827e+00
9.998679348672631084e-01
1.000102275475330815e+00
-7.990463182251036356e-01
-3.029938204253461165e-01
-5.390860708876520774e-02
-8.057156985053662845e-01
1.000049072264159289e+00
-5.999730893152600553e-01
9.990121856694628155e-02
-9.999113410812860980e-01
3.833039312466521853e-01
2.108938928112155664e-01
1.000000075059416016e+00
-6.000588387995275941e-01
-6.000392797378112375e-01
-3.117578794117759067e-01
9.999126373424985781e-01
1.000357626919411436e-01
9.998700738754685569e-01
1.000022810078287971e+00
-9.999069257735413441e-01
3.928366768917245788e-01
9.988786318410668164e-02
3.914593802000618794e-01
1.001085603123429979e-01
-1.908733767503218576e-02
2.288628939329876572e-02
2.066683919906472100e-01
3.952866283789746027e-01
-8.119279603044116111e-01
-5.999940578562672489e-01
3.900243854487672746e-01
1.000105189243901682e+00
3.373534729499333418e-02
-7.998757635059190463e-01
4.087610992025388357e-01
-1.234191108330790973e-02
1.906387700021011655e-01
-1.000058797609942651e+00
-3.115125491836560623e-01
3.928811435511372907e-01
1.883944755790357417e-01
6.275739871416899374e-03
9.999520297973870653e-01
9.999692981443852879e-01
1.000014616146017499e+00
1.001397574563800685e-01
-1.086655992261156972e-01
-9.998780249624591443e-01
-3.475118738077717651e-01
-3.664291136477181854e-01
9.999648342517770683e-01
-7.900752049794651510e-01
-7.896221519280541834e-01
-5.999702809189714214e-01
-2.966616674749664728e-01
-9.999854327347176275e-01
2.095110337285020219e-01
9.990008320600338165e-02
-6.001143745000641072e-01
-2.441573416028228194e-02
1.000049802588677261e+00
2.069571807537401442e-01
2.000221417275697688e-01
6.916140089568229010e-03
-2.891797460134903353e-01
-3.247405830555049056e-01
-3.409307717157307183e-01
3.935958911661264215e-01
-1.366622712508616111e-01
1.000057141482658229e+00
9.999586235833297643e-01
5.034493116228877518e-02
1.946766431699217814e-01
2.120921956650632378e-01
-8.082868267290550801e-02
-2.631866388462461015e-01
-6.001096038558808576e-01
-1.000030726365726430e+00
1.975286739941554681e-01
-3.143993837070554326e-02
