-5.999591817675777872e-01
-5.999152888882142154e-01
9.999527631183259269e-01
-5.574395124248072986e-03
-9.999954079288978503e-01
-8.024743205121740441e-01
-6.003765330454513549e-01
4.167081692555948264e-02
-7.743183596994712703e-01
-2.679832461218963902e-01
9.985927107391111279e-02
-1.000165836707486378e+00
2.069312746989541429e-01
-9.604913006018053756e-02
1.947923546638405112e-01
4.117500471404128004e-01
7.575220084095023176e-03
-9.999725261924961028e-01
2.142597812281899494e-01
9.532915643886988311e-03
3.940470276664511662e-01
4.064228036076444339e-01
-2.850007436850210962e-01
-7.871594955787630798e-01
-9.999082695769289097e-01
3.785576327059199109e-01
-1.965929175939589713e-01
-5.998716258528888901e-01
-3.097066541917385951e-01
9.984814024692981183e-02
-9.998458801378778960e-01
-8.055121508263248797e-01
-8.104002472800670986e-01
-1.000062905506361899e+00
4.556909919504924938e-02
9.998931891006656025e-01
-1.000020388900032309e+00
9.999447392601289453e-01
4.015350234381220851e-01
-6.001099957919502348e-01
9.997750775217394414e-01
-7.953120811845544313e-01
-2.884899398648383406e-01
9.995387987997438051e-02
-2.761308356421545707e-01
3.966751495146135231e-01
1.000003709874914826e-01
1.000620867219937232e-01
9.999078349736087445e-02
2.068430799083355587e-01
-1.000072705805362894e+00
-8.004701246500275369e-01
3.929203951238243731e-01
4.032776763420198307e-01
-2.685250109722273626e-01
-9.999427429353443531e-01
-7.888736509938080177e-01
3.981634763146638112e-01
4.972647680909948612e-04
-9.999381616186767685e-01
-2.132944265778823068e-02
4.062287088847472138e-01
-9.999910467973279760e-01
-2.634157163563197734e-01
-1.000038812694943768e+00
1.001548722949418962e-01
-1.000086785518054855e+00
8.978245994218102960e-03
-7.816146950545570515e-01
3.965811989807850879e-01
-5.999387537250018276e-01
-2.626618691577172759e-01
9.998480278929752774e-02
2.830084306376661266e-02
1.952233799623774302e-01
9.988898610070989781e-02
1.880152071485562126e-01
9.999560917744134692e-01
-1.508260670141915033e-03
-7.958829047845003002e-01
3.896352515294586594e-01
3.880524778311951750e-01
1.814527659152409267e-01
2.195719500722862483e-01
1.000064693006138539e+00
4.017114669930816895e-01
-9.999249512832766307e-01
-6.000370523108289333e-01
-9.999679565795630554e-01
-2.799533653201534758e-02
-1.000054126146334266e+00
1.001139625161146379e-01
1.000014757550950623e-01
-5.999783277470529530e-01
2.992079665433676830e-02
-7.855031110325877419e-01
-8.036404849286707952e-01
-2.812005047528661761e-01
4.102091680550622455e-01
-3.072576989936615655e-01
3.928857298789853458e-01
-7.962210500447849393e-01
-3.216569999624618870e-01
9.996766621443678447e-02
1.001113241109313906e-01
9.999461573942469705e-01
1.452616218041343811e-02
3.919490849964916701e-01
9.999776934555563990e-02
-2.877953358535729755e-01
1.987396307862021039e-01
-3.317665525989754727e-01
-5.999151069874171238e-01
9.999999301732993562e-01
3.906814565238979076e-01
1.981808034115154771e-01
9.999363889932005867e-02
1.000033691031273042e+00
-1.000113940214591546e+00
3.915922087377012861e-01
1.000179120123427801e+00
3.962501923993317909e-01
1.000236131642806281e-01
4.025348535006874617e-01
-5.999794996014028436e-01
3.964575972705180473e-01
-2.765240710155023596e-01
4.091243262310889084e-01
1.000085565198830739e+00
9.999224824376146126e-01
1.000486366591290671e-01
1.835974990212324021e-01
3.887428649981811701e-01
-8.047013129175855095e-01
9.997928216325498163e-02
9.999353244896637127e-01
1.000184226789855302e+00
-1.000082755649007504e+00
-5.999682107616431948e-01
3.852246549606047621e-01
1.107670020638033652e-02
4.094886772576341039e-01
9.987789393351048650e-02
4.056355499552507515e-01
3.905596702605434317e-02
-3.039104291872478658e-01
-6.000452759647714185e-01
2.053327773362134123e-01
1.000171375184082612e+00
-1.000119296459019758e+00
-8.069567594770830077e-01
1.000083187516483507e+00
3.836327788236371106e-01
-5.997986419305834094e-01
9.993256441902370613e-02
-1.594478248346736238e-01
-2.818129717684080826e-01
-7.978951881312893457e-01
2.132643772635308410e-01
9.996119358943218736e-02
9.999380990772261946e-01
1.979786532430782287e-01
2.012056501977203538e-01
-3.001337144325588180e-01
-9.999430728454010708e-01
-3.295486849434441090e-02
4.005813198326748092e-01
-7.983775484718456106e-01
2.096806453221241318e-01
9.999785722635273766e-01
-7.965063775960169457e-01
-5.998620725848688995e-01
-9.999643361103213168e-01
-7.492288579600336895e-02
-3.225765618933830736e-01
-5.998948707045408391e-01
9.681567195282313187e-02
1.778795634304596029e-01
-9.998527144287157054e-01
9.996966808540765914e-01
-7.922739331791813777e-01
4.045491279003765595e-01
-3.146739143233038272e-01
9.999554911063106566e-01
-1.000032739073522192e+00
2.868526457147698230e-02
2.154108837035205448e-01
1.001049408590670153e-01
-7.911660485199587534e-01
-2.368539151826577205e-01
-6.424372293953280189e-02
-3.847043293576279388e-01
1.937468793365679232e-01
6.917819310833232815e-02
-6.000949430553684794e-01
-6.001009285422154171e-01
3.947499744407489408e-01
9.999807964664655380e-01
9.988618129349377539e-02
-2.742216988085058871e-01
2.012551471030178951e-01
9.998905817420510045e-02
9.972806262238144426e-02
-7.879084539334154647e-01
-5.999914027262199800e-01
-5.999469679892746043e-01
9.999183569443305108e-01
-5.997237152132938176e-01
-6.001642240573549225e-01
1.000044015868789771e+00
2.198540848837577943e-01
-8.023499259723704258e-01
4.104596078592153696e-01
-9.054439189719341863e-02
1.904579022918813369e-01
-8.077435499210433578e-01
-9.999865890649934919e-01
-7.982409976897687498e-01
-9.999925112347574085e-01
1.000000656888636597e+00
1.000111229589874862e+00
-8.000447963729885315e-01
-3.926656187129905495e-01
6.940037416314000229e-03
-7.853682634304184340e-01
9.998300762362414273e-01
-5.999681192083737846e-01
1.000687096612791482e-01
-1.000108306612458975e+00
4.050772205012376226e-01
2.062548941871399089e-01
9.999284608154818121e-01
-5.999305146689527524e-01
-5.999908559818057929e-01
-2.890120864144803958e-01
9.999402144699776063e-01
1.000510224028475920e-01
1.000176513187455374e+00
1.000013415288832253e+00
-9.999575707474294139e-01
3.969725269804570966e-01
9.993142319862774459e-02
4.003323335690320839e-01
9.985662777445643290e-02
-6.974237879889566560e-02
9.622527700167421427e-02
2.076177651903275689e-01
4.056175652682838528e-01
-8.081571587326529249e-01
-5.998644432064420551e-01
4.156429801075376962e-01
9.999421962956487331e-01
-1.407837709884778715e-02
-8.085589173878175995e-01
4.070970729614871164e-01
-7.744226095936312948e-02
1.969132358715579845e-01
-1.000008653147724358e+00
-2.764478178471060921e-01
3.919397422527381991e-01
1.932589922503148427e-01
9.536772206121021944e-03
9.996971454338752228e-01
9.999028315946399958e-01
9.998994595943160313e-01
9.996998282351281240e-02
6.998575119294398079e-03
-1.000094207641395450e+00
-3.002387463797572265e-01
-3.496344499016650897e-01
9.998619413681458790e-01
-8.148006244742240778e-01
-7.972257863574917502e-01
-5.999376157480238447e-01
-2.600634140468865430e-01
-1.000000544148831771e+00
2.067687429569873558e-01
9.990521154839995810e-02
-5.999057443376103471e-01
-7.909292798954534187e-02
1.000081453376675311e+00
2.063793652177607352e-01
1.986889456366432716e-01
4.053837096240902466e-02
-3.296879361827658728e-01
-2.779216402017147258e-01
-2.168146627944525784e-01
4.035626442378345002e-01
-3.167804818899791486e-01
9.998976290772549902e-01
1.000068324827195099e+00
6.216288792115557543e-02
2.073598037086155366e-01
2.101859138786275061e-01
5.009374091254115147e-02
-3.527935302124465267e-01
-6.001452694035924740e-01
-9.999201341239933871e-01
1.939292455830027850e-01
-8.713907160966835250e-03
