-5.999711394671833897e-01
-6.000095742732867166e-01
1.000019727056532082e+00
6.879457578005268581e-02
-1.000016731315620522e+00
-8.071050113830274819e-01
-5.999856454825199803e-01
-9.091975869653846909e-02
-8.033660415357400941e-01
-3.392618570552350943e-01
1.000520370092414651e-01
-1.000272447886086713e+00
2.043886905461128334e-01
4.420931833494973207e-02
1.942389455699044809e-01
4.137017497479839045e-01
7.827275662928033506e-03
-9.998295683760494157e-01
1.998069977594879865e-01
-6.769078544746165438e-02
4.069364506062448372e-01
3.848476225133797834e-01
-3.042278602267535215e-01
-8.045859334856378942e-01
-9.998406762072448162e-01
4.031973920054955918e-01
-2.514975084851768239e-01
-6.001889313005347448e-01
-2.456302488554803487e-01
1.001664034745902015e-01
-9.997574011802556893e-01
-8.008123495764738475e-01
-8.104135180853229148e-01
-9.999933596353043352e-01
1.075569512371617534e-03
1.000055018519153904e+00
-9.999966342615107529e-01
9.998395758842700820e-01
3.902864577313492345e-01
-6.000344065506266755e-01
9.999690155730429630e-01
-8.123281440663758790e-01
-2.306018122583085583e-01
9.994501549879028501e-02
-2.715492374041781343e-01
3.952153838404173780e-01
9.989649387122999380e-02
1.001735025951207142e-01
9.995174990295123407e-02
1.916910491598231570e-01
-9.998279713430882065e-01
-7.866252804675072374e-01
3.953164734351758414e-01
3.957096161698104853e-01
-3.000237785980491845e-01
-1.000040797998360320e+00
-7.943909465745544463e-01
3.884587952524584664e-01
-5.028633321602718476e-02
-9.999973113818916293e-01
2.657341212678806987e-03
4.160097885139014129e-01
-9.998919805490195101e-01
-2.153301826773186267e-01
-9.999069786960598227e-01
1.001186670711122079e-01
-1.000034858381033676e+00
-3.920584905790698571e-02
-7.943073415918252556e-01
4.029021560265084179e-01
-5.999842897230093230e-01
-3.667840004512175622e-01
1.000190557355786075e-01
-1.034902633021475039e-02
1.804894218811799178e-01
1.000283565998127122e-01
2.004626723885141182e-01
9.999967493020243126e-01
-3.008941932455512849e-02
-7.991423506618776651e-01
4.060741059540707854e-01
4.044740481330824644e-01
1.949013158528657141e-01
2.010260228249899916e-01
9.999371952898166160e-01
3.854676330553730157e-01
-1.000060130142873094e+00
-5.999365328925634344e-01
-1.000082568022284901e+00
-1.258385482744318364e-03
-9.999551271324884638e-01
9.993741395411293027e-02
1.000022870459227053e-01
-6.001686387863599537e-01
4.015792401903242603e-02
-8.086457530056795351e-01
-7.977909797038333917e-01
-3.508734767114863873e-01
3.876258485074649540e-01
-2.634772745942670080e-01
3.853483734101253999e-01
-8.111486233879655616e-01
-2.339256439650181929e-01
1.001031727759937456e-01
9.994828714880986398e-02
9.999712551373098890e-01
-3.668606358349531943e-02
3.921527818665372367e-01
1.000044155539089319e-01
-4.159486374665986030e-01
2.020342202807732523e-01
-2.925686634750769843e-01
-6.000206023886031081e-01
9.999920677910298927e-01
4.017252621960306080e-01
2.033141516822174477e-01
1.000212845640224696e-01
9.999837046645928540e-01
-9.999447665235096094e-01
3.857949707156473895e-01
1.000052080411861333e+00
4.019718319187679523e-01
1.002670705974270660e-01
4.072493264001545432e-01
-6.002018169278382498e-01
4.027907263753576772e-01
-3.297764362401193194e-01
4.037575132390392452e-01
9.998203587626358635e-01
9.999571001054137209e-01
1.000164453455038710e-01
1.901446967280508993e-01
3.829386457497383489e-01
-8.017453403023188097e-01
9.977841880116355977e-02
9.999845420962568676e-01
9.998041599143510094e-01
-9.999410583052921186e-01
-5.999551773910067887e-01
4.120682785386335922e-01
-8.148967700935556835e-02
3.748528813735405585e-01
9.999975771086923315e-02
4.057305627130248782e-01
3.000720150263737340e-02
-2.989076047575392470e-01
-5.998285963388096942e-01
2.030531415610305201e-01
1.000112778962094939e+00
-9.999929827592651810e-01
-7.937829831771759936e-01
1.000131162273633745e+00
4.157476754361353333e-01
-5.999813887713536520e-01
1.001025568592607690e-01
-4.370474658613890395e-02
-2.945037669190091467e-01
-7.871189116970849220e-01
2.089667563005379314e-01
9.968366941578167550e-02
1.000010782243506702e+00
1.909950057849744420e-01
1.998922083531500526e-01
-3.114283319109760195e-01
-9.999145000916581649e-01
4.433759825164329538e-02
3.971357402410899962e-01
-7.865213192990768709e-01
2.039512424730317020e-01
9.999271003748386732e-01
-8.010908296057196454e-01
-6.000584993140276602e-01
-9.998832430996957843e-01
5.583047795862675772e-02
-2.798053218205581727e-01
-6.002361826575381976e-01
1.727965778811732175e-02
2.151285544698015861e-01
-1.000016458738222314e+00
1.000107714797469738e+00
-7.939148163097718980e-01
4.037587324500476749e-01
-3.228467682985675657e-01
1.000021381488706229e+00
-1.000142899196958091e+00
2.476058781423510005e-02
1.853612917397700621e-01
9.997353105686902774e-02
-7.941622486231226796e-01
-2.863638184387380381e-01
-9.829987151576437265e-02
-3.165125602554684225e-01
1.846184707311425977e-01
2.276938103313123733e-03
-5.999242282589020148e-01
-5.999389540697708245e-01
3.951171676687804668e-01
9.999344762696488198e-01
1.001052328916752776e-01
-2.862135488412035911e-01
2.046834569419515304e-01
9.999192014447431942e-02
9.997393288813967438e-02
-8.029493983704454330e-01
-6.001104357959514690e-01
-6.002860270665367759e-01
1.000105287064336768e+00
-6.000119220756455762e-01
-5.999237200693422478e-01
1.000023604232145757e+00
2.133252314435644670e-01
-7.968114671665524895e-01
3.879057144061024975e-01
4.999365884701464924e-02
2.001223819049144370e-01
-8.033097066838249534e-01
-1.000106068682781846e+00
-8.005065423170396599e-01
-1.000093948262734456e+00
1.000133435496429080e+00
9.999055964761255355e-01
-8.039682454209019502e-01
-3.033397452418459816e-01
1.834989402246213139e-02
-8.033117664104965083e-01
1.000073349319886562e+00
-5.999144755241503368e-01
9.991773145291235614e-02
-9.999824202103819726e-01
4.047442305341670266e-01
1.905022423733036818e-01
9.998270784138600931e-01
-5.999550074939570266e-01
-5.999845879910132851e-01
-2.360404889962403607e-01
9.999884281618404147e-01
9.996599347859091989e-02
9.998963758164989279e-01
1.000055214176846619e+00
-9.999985547812204612e-01
4.133660363566367679e-01
9.974424745987202356e-02
4.133431529376729308e-01
1.000165142465707507e-01
4.063416267157928669e-02
-4.661270578181902352e-02
1.919162522885992650e-01
4.000886490470309531e-01
-8.115822473096155898e-01
-5.999808895580740487e-01
3.733642160823101297e-01
1.000045582542527400e+00
4.517554108755492126e-02
-8.028991425121736469e-01
3.851243570519337633e-01
-2.249420501016015719e-02
1.998695462848860682e-01
-1.000060732745527092e+00
-2.558979384011684233e-01
4.038995802489327436e-01
2.290903104131272738e-01
1.851933790289006163e-02
1.000106740556378382e+00
1.000074784555045060e+00
1.000068133946360627e+00
1.000734174845247237e-01
2.964767272943967438e-04
-9.999724675404859653e-01
-3.340499150292645658e-01
-2.628559120643720326e-01
9.999390840747891529e-01
-7.972353055623202511e-01
-8.153725652003249724e-01
-5.999522097996474734e-01
-3.284156050675718364e-01
-9.999075376741808352e-01
1.839016270336375214e-01
1.000634636389138438e-01
-5.998597088327000115e-01
9.418853154202658923e-03
9.998963109893838075e-01
1.951957390931291225e-01
2.172646337313680898e-01
8.902000197683921506e-03
-3.401496699337236418e-01
-3.833098896607696204e-01
-2.596539964405890633e-01
4.265948733982188323e-01
-3.742223508838898871e-01
1.000029586944926718e+00
1.000047872446180319e+00
1.956783609360985415e-03
1.951234544597572063e-01
2.187156664280134055e-01
5.402889834734084934e-02
-2.961992285222148635e-01
-5.999176471031502089e-01
-1.000086336820275035e+00
2.036477714759990509e-01
-2.829981958223900043e-02
