-5.998549702939467432e-01
-6.000497233170902778e-01
1.000198588561365787e+00
-3.830440938809130669e-02
-1.000002359534709617e+00
-8.150912157901175625e-01
-5.999493923190208911e-01
-4.660593876334561542e-03
-7.926962086115132422e-01
-2.464395522996502275e-01
9.991562752285641780e-02
-1.000053069172784914e+00
1.912335158211806441e-01
-8.669426555526407036e-03
2.063983613084550417e-01
4.020895230492476657e-01
5.509858477240162089e-02
-9.999792315930298159e-01
1.937524721463783350e-01
5.994387070390413963e-02
4.018565001061742969e-01
4.067887723011532897e-01
-2.985389778480757039e-01
-7.830104919412894660e-01
-9.999835994472920930e-01
4.080279281558410465e-01
-3.089731444928806581e-01
-6.002688002692992963e-01
-3.500244403028892615e-01
1.000261169249804794e-01
-9.999897921687962432e-01
-7.920150365969635953e-01
-7.947431167643759231e-01
-1.000218912871987831e+00
-5.307209941489068883e-02
1.000131692773830627e+00
-9.999203161795319206e-01
1.000109044762739874e+00
3.878132855716666105e-01
-5.998758972147725244e-01
1.000046615408957118e+00
-7.892204735196213239e-01
-2.839688805462520227e-01
1.000366045089221695e-01
-2.953282878887011353e-01
4.051076531325968344e-01
9.995156048073093602e-02
9.996386656505863721e-02
1.002191271718362309e-01
2.133419968763638486e-01
-9.999156652163055936e-01
-7.996550589609171533e-01
4.063737634053389836e-01
4.053794106290968258e-01
-3.554910423429871180e-01
-9.999374214282343853e-01
-7.985996977371652150e-01
4.091671769696582084e-01
4.560532482913758068e-02
-9.999832783481762410e-01
-1.076597885366172430e-01
3.995954519113449899e-01
-9.998894614924974666e-01
-2.459845953224935877e-01
-9.998968026939201170e-01
9.987696174238380742e-02
-9.997933819473566741e-01
5.429659135286978716e-02
-7.997715376990532921e-01
3.883295567394148273e-01
-6.000868217114379011e-01
-2.543283308134552945e-01
1.000563945820425876e-01
2.558601887380122092e-02
2.015356123918061459e-01
1.000804855733045534e-01
2.110542630841994172e-01
1.000131642143311295e+00
-1.080559756094808151e-02
-8.100646328577966182e-01
4.106532179443624364e-01
3.947403815928968718e-01
2.123692494924813712e-01
2.149623994312826747e-01
1.000198288146531223e+00
3.923720531423746660e-01
-1.000110520124133817e+00
-6.000405840350403475e-01
-9.999068055916232600e-01
-9.710439972804439657e-02
-1.000009374655009609e+00
9.997119489926657721e-02
9.992893616683566627e-02
-6.000151938345699154e-01
-8.690982345599637324e-03
-7.931653108377316741e-01
-8.074975840561701146e-01
-2.613950679854502024e-01
3.825821114654505695e-01
-3.694134096080837759e-01
3.949001567199825757e-01
-7.930880911706809089e-01
-2.498325321011209688e-01
9.988179370661127987e-02
1.000853595968583809e-01
1.000183871188636608e+00
-6.912822323539391522e-02
4.006390868428749141e-01
1.000654425616049892e-01
-2.969940770535280938e-01
1.994032304334057704e-01
-2.882867114964665634e-01
-6.000890171148535179e-01
1.000104540686193477e+00
4.005495418462680091e-01
2.133000548528329876e-01
9.995492606227855681e-02
9.998789658114698442e-01
-9.998524899465748295e-01
4.097558190315697124e-01
1.000074903966867934e+00
4.092965056465306395e-01
1.001310141292817979e-01
3.978486045993038789e-01
-5.999558926862305075e-01
3.983830155061726108e-01
-2.701551423385127881e-01
3.769568888801840267e-01
1.000072863560042435e+00
9.999705217556619230e-01
1.000901873906109990e-01
2.070422950954747821e-01
4.086256808127664564e-01
-7.900008753823586360e-01
9.995083669963057693e-02
9.998507052584274524e-01
1.000018831801416708e+00
-1.000027998307658983e+00
-6.000882116315272574e-01
4.136677879054911355e-01
3.263922504269557798e-03
4.124185257292609652e-01
1.001675439831618969e-01
3.890433211006099623e-01
-2.102019706857149312e-02
-2.917879193443883579e-01
-5.999472902947785569e-01
2.005736837862800992e-01
1.000127693705469500e+00
-9.999754698861572644e-01
-8.105302907526750200e-01
9.999951612167412573e-01
3.931299956706743592e-01
-5.999383924339041219e-01
1.000271530895719685e-01
1.335789298512363903e-03
-2.820984364684208656e-01
-8.050950122489840544e-01
2.142290978544644231e-01
1.001406197363515355e-01
9.999882230965247976e-01
2.153431307545888018e-01
2.089485850638244657e-01
-2.879633323648168597e-01
-1.000161224816657368e+00
-1.241073442284865679e-02
3.893776300873509344e-01
-8.074752604544208623e-01
2.037156614937096488e-01
9.998576219429154976e-01
-7.852663768540111278e-01
-5.999438651244329845e-01
-9.999762554975033524e-01
-4.770184635194761602e-02
-2.982911383681300377e-01
-6.000356454525852534e-01
-2.827634135452395704e-03
1.975563367349923438e-01
-1.000036057131073797e+00
1.000095600445315647e+00
-8.282932824191461263e-01
3.958185923643345872e-01
-3.048087295271192376e-01
1.000052938262994795e+00
-9.999336621296590621e-01
-1.923272609349893419e-03
2.020518133751397771e-01
9.985410769433693268e-02
-8.058186320039903983e-01
-2.675308497906721539e-01
5.091941059978789819e-02
-2.892426857155552811e-01
2.022916521683737756e-01
6.368640223565326386e-02
-6.001327464568727565e-01
-5.998998830739115107e-01
4.023232829670411737e-01
9.999829297074908085e-01
9.992293216129315148e-02
-3.092319061901259714e-01
2.045573828182293274e-01
1.001781111914476358e-01
9.977090827804006856e-02
-8.041970148291098797e-01
-6.001131697520143415e-01
-5.999545895676788865e-01
9.999827014789123281e-01
-5.999770264862807068e-01
-6.001191556417877493e-01
1.000014867447990952e+00
1.841013037155553866e-01
-7.912526815074564235e-01
4.112148904132644223e-01
-4.291130175801483038e-02
2.176968383241090488e-01
-8.015108812945344052e-01
-9.999404554189952332e-01
-8.071046078255850187e-01
-1.000014318424923720e+00
1.000095447226239331e+00
1.000092033233672018e+00
-8.006443582784316115e-01
-2.462598080402359502e-01
5.884080349197258475e-02
-7.878054516459548351e-01
1.000016688487190164e+00
-6.000977518980438186e-01
9.984007906428432610e-02
-1.000023192753814572e+00
3.912792694553366424e-01
2.105175028415758876e-01
9.999399914244900822e-01
-5.998632278683710961e-01
-6.000572346163884907e-01
-3.042123657250164759e-01
9.998323868129700420e-01
9.997975223603400297e-02
9.998877665192938968e-01
1.000033723619701442e+00
-1.000076226715306937e+00
4.045141648395874645e-01
9.993596859082577721e-02
4.056021900522210899e-01
9.997815007389862507e-02
2.619587733170857403e-03
-1.844942994096849739e-02
2.124725650057230353e-01
4.116492253761341868e-01
-8.068525278880902540e-01
-6.001551631550511301e-01
4.002531574829375494e-01
1.000065215541722896e+00
-9.110701812810356737e-02
-8.020930689056321450e-01
3.917399850663305649e-01
1.340715593421838714e-02
1.963935273415639282e-01
-9.998999005176948396e-01
-3.139909849129402519e-01
3.917721762260236718e-01
2.175294690274455767e-01
-3.098760874382374894e-02
9.998304271634831375e-01
9.998975096810646113e-01
1.000060395904261101e+00
9.980242522662093052e-02
4.375288607668265106e-02
-1.000023431532986340e+00
-2.446723630573465758e-01
-3.127467659498848751e-01
1.000078542634627476e+00
-7.760443941365176013e-01
-7.959901152865803686e-01
-6.000851705717739071e-01
-2.425998575639815302e-01
-9.999281957434535961e-01
2.077001902210114381e-01
9.996348637363938749e-02
-5.999663332127684878e-01
1.143520813943373071e-02
9.999372748916089959e-01
2.075229355432141876e-01
1.797730168438996523e-01
1.292290714365624052e-02
-2.722970765763029766e-01
-2.250751743813038108e-01
-3.190554164740136978e-01
4.184097659611143993e-01
-2.173201828377756828e-01
1.000146252817990300e+00
1.000094818559251308e+00
5.061941791184063066e-03
2.110047100720805202e-01
2.059221501470126503e-01
2.858206222444448913e-02
-2.758753840486095621e-01
-6.000861342261184506e-01
-1.000112501244448504e+00
1.949894291809193547e-01
4.903649638680269984e-02
