-5.999453942045455124e-01
-5.999850922501200889e-01
9.999023276628823398e-01
7.084344058847877323e-02
-1.000079483206034459e+00
-8.035329849456538387e-01
-6.001486576775941773e-01
-5.182224844319747309e-02
-8.140552160215070998e-01
-2.487378552758594541e-01
9.998189243261816628e-02
-9.999663517750239095e-01
2.002682459625927947e-01
-6.681175862619981309e-02
2.099537279680925572e-01
4.027969866721149983e-01
-1.722053381123129362e-02
-1.000123434418773938e+00
1.921712245520482976e-01
-7.662120634659659590e-02
4.016367298655441065e-01
4.062447201855908796e-01
-2.987226803466573322e-01
-8.088068470480300753e-01
-1.000041495734744101e+00
3.894552796538859329e-01
-3.033804252780276101e-01
-6.000372258117022684e-01
-3.472564553697603529e-01
9.993432730462580016e-02
-1.000140635875941264e+00
-8.089114182605685599e-01
-7.821334470067239364e-01
-9.998815889487480124e-01
8.145881369195200061e-02
1.000018837547085315e+00
-1.000013370966655879e+00
1.000142824424528065e+00
3.937519913684781048e-01
-5.998132439938816951e-01
9.999123030668295442e-01
-8.102842111813562953e-01
-3.468005747692305407e-01
9.996055618574468948e-02
-2.966572947713920216e-01
4.015654847637286640e-01
9.998384070743329688e-02
1.000691044077142988e-01
1.001292695200553667e-01
1.974756052847277954e-01
-1.000015561651717233e+00
-8.107330820717842945e-01
4.078681979864854923e-01
4.093582664304720731e-01
-2.412671010241772274e-01
-1.000046461587085433e+00
-8.031047400286485116e-01
4.024051854927404581e-01
9.177784094031411766e-02
-9.998730688579632320e-01
1.448053438639898549e-02
3.907112387967467404e-01
-9.999442443326747032e-01
-3.324245734345656067e-01
-1.000060756548192487e+00
1.001224139817407793e-01
-1.000071962053161956e+00
-2.418085232838462426e-02
-7.939233148042755817e-01
3.914185069667885375e-01
-6.000014971297660260e-01
-3.815782628999561665e-01
9.995828270652040715e-02
2.513110061431314546e-02
2.177830202242648228e-01
9.992068095994034727e-02
1.867523387051423234e-01
9.999241792563939857e-01
1.129755601456063352e-01
-8.097370336591739326e-01
4.215772676884650405e-01
4.047936653832933107e-01
2.046745848858645966e-01
1.983448712353578502e-01
1.000092889000441243e+00
4.076398182295430939e-01
-1.000092261465492793e+00
-6.000988748371709480e-01
-9.998347681772247197e-01
3.853722718132168712e-02
-9.999714844225354726e-01
1.000631033658935382e-01
9.988419919366384181e-02
-6.000682569720922066e-01
-8.051543309939634963e-02
-7.958965013455309156e-01
-7.839491742325290780e-01
-3.475347397241597691e-01
4.201005145277234565e-01
-2.880400370276396949e-01
3.794046189797075641e-01
-7.954508085523336325e-01
-2.641154936797852071e-01
1.001327671504585598e-01
9.991675212725589783e-02
9.999150679193438140e-01
-1.444687730600541231e-02
4.064680841307572456e-01
9.999699454574853541e-02
-2.732785259209048467e-01
1.844350456278855688e-01
-2.553252790768028024e-01
-6.000407269885761341e-01
9.998113894069200480e-01
3.937705576115363981e-01
1.899055393470077957e-01
9.994088842785137095e-02
9.999075756920556834e-01
-9.998038260564909852e-01
3.873965364325282490e-01
9.999364764985011478e-01
4.043194588161098668e-01
9.997138878398223460e-02
4.125119175945976546e-01
-5.999334651101565496e-01
4.079213269142312193e-01
-2.942667509849776208e-01
4.073836697009244334e-01
1.000071376032280357e+00
1.000017485341460066e+00
9.998374134052033513e-02
1.835938801407112908e-01
3.859816321340394651e-01
-8.052559475795969535e-01
9.988218563937993622e-02
1.000020676729936886e+00
9.999418177841233879e-01
-1.000019332159048258e+00
-5.999793540094975342e-01
4.053685493429617370e-01
-1.374509632878180392e-02
3.942705304843393543e-01
9.995260538901831748e-02
4.127722252017700377e-01
-8.364941508750245447e-02
-3.279677674128273490e-01
-5.998894348512446850e-01
1.905059583237583842e-01
1.000021379932769738e+00
-9.998822017688289154e-01
-8.106444627054191221e-01
9.999787385404877993e-01
3.910984169936461141e-01
-6.000278857879230987e-01
9.992735214906335595e-02
-8.183040730124718429e-03
-3.000183336946021795e-01
-7.873181303067328107e-01
2.115756508785641976e-01
9.994958471370034292e-02
9.998312555108397337e-01
1.973951828209838111e-01
2.003589343151219448e-01
-3.294525732159563347e-01
-9.999118131917599239e-01
3.691871634563944488e-02
3.992723930439712188e-01
-7.914767801568405314e-01
2.097386917737689704e-01
9.999930169898231247e-01
-7.997692893503952627e-01
-6.000308802112780393e-01
-9.999136570528383006e-01
-2.003424522219573317e-02
-2.734032770874202378e-01
-5.999744851021162617e-01
-1.249148986822903873e-01
1.923516758919885106e-01
-1.000083255485255229e+00
1.000083105598152944e+00
-7.931679420806886371e-01
4.032969117202817588e-01
-2.610651588991979577e-01
1.000096997745470118e+00
-9.998518942880897376e-01
1.685828758651008660e-02
2.345599119752871664e-01
9.995735096357973026e-02
-8.099933010083261165e-01
-2.843834438375100748e-01
3.240596507819065719e-02
-2.564955128542526497e-01
2.013351214469468187e-01
-2.599455180025296921e-02
-5.998288269159393060e-01
-6.000128785156251254e-01
3.845728779806091846e-01
9.999545956254014545e-01
1.000460738760181878e-01
-3.543957054644604754e-01
2.044200293875783614e-01
9.995950492017929845e-02
9.999555310474814163e-02
-7.990032463881640012e-01
-5.999609650106699776e-01
-6.001138223848021536e-01
1.000078758916006505e+00
-6.000451892854514746e-01
-5.999985628967688944e-01
1.000024323397252557e+00
2.135601827472295711e-01
-7.796924320044088530e-01
4.115522828865645355e-01
-3.025027744602864707e-02
1.976934024362825004e-01
-7.932280740494511706e-01
-1.000044462561591185e+00
-8.074453833594413821e-01
-9.999509674482393029e-01
1.000045383738703109e+00
1.000057020309476741e+00
-7.962557120719959691e-01
-3.274927869372541434e-01
5.568518342319215414e-02
-8.215466269950060241e-01
1.000072935452711143e+00
-5.999417515213885110e-01
1.000906901291837847e-01
-9.999687671242891707e-01
3.934427909380360799e-01
1.924810202119213998e-01
9.998928578498758046e-01
-5.999728377191375639e-01
-5.999394953292851440e-01
-3.596304427308512630e-01
1.000006795097994061e+00
1.001614967167298864e-01
9.999466386675879281e-01
1.000143402854681618e+00
-9.999799270663585204e-01
3.897100265504281347e-01
9.987950399460479578e-02
4.062438098802151898e-01
1.001169067498951515e-01
5.372663953645318013e-02
2.884770580538215112e-02
2.045515721694686762e-01
4.013159383872060282e-01
-7.970579778165440832e-01
-6.000170847008668984e-01
4.151231310454977508e-01
1.000007001515301086e+00
-6.606603151369593030e-03
-7.838440828552282191e-01
3.908617165464334242e-01
-1.194503291295874875e-01
2.006661171952947575e-01
-9.998932508367572858e-01
-2.139010692903439703e-01
4.064565227251356605e-01
2.153258444165305763e-01
-2.155650088943430673e-02
1.000002007575685470e+00
1.000059700224906756e+00
9.999010443781772839e-01
9.989595620259988928e-02
9.947904354703668295e-02
-9.998159216039185226e-01
-2.531437012601291392e-01
-3.362984620191240559e-01
1.000092520911334271e+00
-8.035079614912600254e-01
-7.963063927839143519e-01
-5.999804769078457278e-01
-2.966602197235955751e-01
-9.999202167887353276e-01
2.035298334973188183e-01
1.000621694731060052e-01
-6.001239304159915466e-01
-1.438911413617394858e-03
1.000039512684794518e+00
2.042217112108925814e-01
1.958894662914511808e-01
7.491762656904252249e-02
-3.387022301146345726e-01
-2.609428471422042817e-01
-2.702147179151435097e-01
3.982346632168010658e-01
-2.764027499639348240e-01
9.999960720721200458e-01
1.000000603928377974e+00
3.602830711750612536e-02
2.034731496363034742e-01
2.075007084053339668e-01
6.282832072295439947e-03
-3.181198934293482661e-01
-5.999787029551657547e-01
-9.999199467658047569e-01
2.020851626438106841e-01
-7.084137884607787095e-02
