-5.999373874132082340e-01
-6.002352960578295482e-01
1.000074435375891246e+00
1.444774614845596716e-02
-1.000173160222978197e+00
-7.953048389196006873e-01
-5.999258626092826008e-01
-6.087351028557706073e-02
-7.894451359197208751e-01
-3.107432497386955483e-01
9.994514160072086317e-02
-1.000113488929650352e+00
1.958498351173568464e-01
9.550692906169057708e-03
1.932855127292243402e-01
4.002929634798634284e-01
-3.766376924472265159e-02
-1.000031096599018010e+00
2.039069257105667332e-01
3.366725080253955837e-02
3.986450913735987700e-01
4.088754338431677682e-01
-3.144874594270701262e-01
-8.033161123800648395e-01
-9.998580230098583765e-01
3.933967457189022632e-01
-2.995921432671654339e-01
-6.000640428024254236e-01
-3.592009947716555129e-01
1.000610682894311487e-01
-9.998869398180938450e-01
-7.837742952614314973e-01
-7.905637499711796190e-01
-9.998621340255819945e-01
-2.911605001254115310e-02
9.998509289601317240e-01
-1.000069043893424769e+00
9.999061821378401049e-01
3.976196382691788989e-01
-6.000934947695473198e-01
1.000147973253850298e+00
-8.083454334870967539e-01
-2.758207191992898544e-01
1.000503657213283187e-01
-3.338167030403170199e-01
3.920862777333433691e-01
9.993657062286988302e-02
9.994658206557395508e-02
9.985595897583673941e-02
2.002289671982827035e-01
-9.999696272816308573e-01
-7.972899034476144120e-01
3.894940520265783301e-01
4.054586315250112150e-01
-2.961522699294277250e-01
-1.000090267060938176e+00
-7.940991877436649471e-01
4.060688714046827852e-01
-5.234262622474844528e-02
-9.998991407263230213e-01
-3.375708946506154190e-02
4.132935070306059111e-01
-9.999374842624961790e-01
-3.921298929981035797e-01
-1.000155457342829068e+00
9.997858286861621702e-02
-9.999735075996823985e-01
6.329039869456547403e-04
-7.921350772695691100e-01
3.889326382912010605e-01
-5.999915077525305174e-01
-3.324711771896311507e-01
1.000764031485712746e-01
4.805763157284369778e-03
1.868923969434556631e-01
9.989246802848633644e-02
2.032114283236119701e-01
1.000143953310390410e+00
3.814060065997005450e-02
-7.678554601356267773e-01
3.950809380535085791e-01
3.913076426497711924e-01
1.875457494605169140e-01
1.924163123565643119e-01
1.000006046521446645e+00
4.222310355567908680e-01
-1.000007573546160877e+00
-6.000264021985864948e-01
-1.000029197880664134e+00
-2.924827538666223761e-02
-9.999969353140085726e-01
1.000389945676649350e-01
9.998449508363609073e-02
-5.999035821748087693e-01
1.881982928649025832e-02
-7.882184735609863990e-01
-7.907506257675248618e-01
-3.218117967029850424e-01
3.814346820922638881e-01
-2.788499652725935918e-01
4.003065973725284388e-01
-7.908104016691849258e-01
-3.128180314502875259e-01
9.993115385083717328e-02
9.996334572185322509e-02
1.000077095300444086e+00
1.027454641677315872e-01
3.988085323947877514e-01
1.000235961097424991e-01
-2.638923801004602887e-01
1.920903344215060815e-01
-3.773202144821573012e-01
-5.998830089129181253e-01
9.998897801191402035e-01
4.013411360129803818e-01
2.077714683618992197e-01
1.000617918409608675e-01
1.000049337842873864e+00
-9.999913784209994994e-01
3.930451282654544576e-01
9.999744004972097589e-01
3.784900169707433593e-01
9.993807779766879229e-02
3.960331543945488919e-01
-5.998499155637666558e-01
3.999438130765641808e-01
-3.750572940120925902e-01
4.026794457451905451e-01
9.998897240211526150e-01
1.000010768356529134e+00
9.994046766072096910e-02
2.166020419810852915e-01
4.036250815987562079e-01
-7.778158080282843168e-01
9.999422995455814478e-02
9.998591595860526482e-01
9.998777663476262623e-01
-1.000038020047405940e+00
-5.999937670046440186e-01
3.875398305658840359e-01
6.269773234547686147e-02
4.060829298387070296e-01
1.002054801967185438e-01
3.972533642713263480e-01
-2.074896749575925667e-02
-3.428199654873472779e-01
-5.998084981880644762e-01
2.015550162769617071e-01
9.997501920665747832e-01
-1.000020708216581733e+00
-8.036467207311784877e-01
1.000112059457667124e+00
3.940478109067150347e-01
-6.000347843958458993e-01
9.992538242302584361e-02
9.621683805199086892e-02
-2.843654272674852601e-01
-8.054797296341938972e-01
1.858466212467470291e-01
9.986735538852883898e-02
1.000103345036930325e+00
1.850599030196036221e-01
2.034129159337494108e-01
-3.353335710441576745e-01
-9.999853487658222351e-01
8.549360434158577784e-03
3.799117921833409794e-01
-8.154966413210704701e-01
2.042776453352691812e-01
1.000018643796855011e+00
-7.937849524983510152e-01
-6.000326209064638094e-01
-1.000092524017708540e+00
-6.064224377908693925e-02
-2.586898767346527128e-01
-6.000314295526968378e-01
-4.747087449579819214e-03
1.916128168810854460e-01
-9.998036123982739776e-01
1.000218300633420876e+00
-7.910114555796520230e-01
4.051854858430263828e-01
-3.175971340705118218e-01
1.000095765762537336e+00
-1.000007970028288673e+00
-3.732450994293993324e-02
1.977617813423703241e-01
9.990882458141572831e-02
-8.023663509231073743e-01
-3.282069023003849617e-01
6.372668099893764870e-02
-2.638075454169828138e-01
1.922373927196371068e-01
1.007149518549407818e-02
-5.999246407617507826e-01
-6.000889562451365844e-01
4.046360855745390062e-01
1.000090747135390368e+00
9.984118135768706159e-02
-3.117197214432244623e-01
2.059919912632431349e-01
9.992167761301867790e-02
9.993576025126950368e-02
-7.937958000055888030e-01
-5.999831373649676669e-01
-6.000418424993436695e-01
9.999661316240626707e-01
-5.999696272901398064e-01
-5.999111314903158299e-01
9.998711957935667582e-01
1.976608669389860462e-01
-8.098564543720839781e-01
3.942100787710998144e-01
-1.898659558880144357e-02
1.938369982773597011e-01
-7.969129347728168833e-01
-1.000083927482562141e+00
-7.867142651282720278e-01
-9.999634214894079776e-01
9.998850494225746122e-01
1.000119963461676420e+00
-7.863217802351277763e-01
-3.255419453939066288e-01
-8.155028391208841293e-03
-8.156061278365387412e-01
9.998825245632487757e-01
-5.999792890443073068e-01
9.987280862491255962e-02
-9.999886825518148337e-01
3.967836825693550340e-01
2.023208790044438155e-01
9.998134744969993104e-01
-6.001434254012971703e-01
-6.000668547629977034e-01
-3.425957439086868006e-01
1.000030333268718152e+00
9.993254621017032269e-02
1.000085162257112970e+00
9.999778060928512513e-01
-1.000050233798759569e+00
4.002307198284906775e-01
1.000614417740845891e-01
4.073709870444782166e-01
9.989044229777989392e-02
-6.092464937428299088e-02
-6.829259736205817513e-03
2.118359491200262346e-01
3.841823706651005255e-01
-7.960301997859385859e-01
-5.999163302770936790e-01
4.062072469763820526e-01
9.999949469017040959e-01
-4.110960551180291300e-02
-7.902239760315402650e-01
4.039387130271970827e-01
2.490129887996146360e-02
2.023599943930096956e-01
-1.000042817878012302e+00
-3.560906126488008749e-01
4.020513407170888676e-01
2.108107173341084162e-01
1.742687371753437117e-02
1.000086533552084767e+00
1.000132011816910582e+00
1.000079668351021134e+00
9.993585595716247827e-02
-1.031012416520545871e-01
-1.000013209439341466e+00
-4.115596826815568487e-01
-2.821957704437166869e-01
1.000070448952698809e+00
-8.056215973267176755e-01
-8.131303123240781749e-01
-6.000699765626071880e-01
-2.394366182840178547e-01
-9.999999135396527850e-01
2.065632266410329376e-01
1.001192746827432728e-01
-5.999884186485415771e-01
-1.684529071967946767e-02
1.000106852561254644e+00
1.916304230161997024e-01
2.134838759468113967e-01
9.148440550870765020e-02
-2.812884041475402497e-01
-2.501616152595204645e-01
-3.347244470228575297e-01
4.118082602328554387e-01
-2.488725146164752489e-01
9.999283834195785703e-01
1.000091580550553694e+00
-1.576435961129413795e-04
1.961049945930798677e-01
2.042978479185637852e-01
-6.639921519409724970e-02
-3.723244546280529144e-01
-6.000100971900251823e-01
-1.000081777338298394e+00
1.962911270889338700e-01
-3.706917811145025998e-02
