-6.000233750013259648e-01
-6.001032299154287486e-01
9.998657933675928478e-01
1.124143779079263793e-02
-1.000015575535254220e+00
-7.988320701816342684e-01
-6.001608390256910619e-01
-7.184035730257691543e-02
-7.802907159496585976e-01
-2.209729953369224675e-01
9.999861625903014306e-02
-9.998989095405431682e-01
2.024524704408283970e-01
-2.153494822977718506e-02
2.064912748034118395e-01
3.984987883217303017e-01
4.476687810495316722e-02
-9.998413859828129135e-01
1.970914923778741557e-01
2.218587261130898838e-02
3.967833860847825855e-01
4.044940197353962819e-01
-3.717158632682218689e-01
-7.949523178102415599e-01
-1.000043943794908463e+00
4.120248431575128101e-01
-3.209170887936600436e-01
-5.999434787107010836e-01
-2.750448729326017139e-01
1.000654215549369036e-01
-1.000105334184041794e+00
-8.170942732098914751e-01
-7.854872203595888447e-01
-9.998534309670985554e-01
-8.793330200853499701e-02
9.999529149134319672e-01
-9.999906861667884339e-01
1.000128392813965483e+00
4.026566450304188693e-01
-6.001214090269005874e-01
1.000030087804851364e+00
-7.873917384537039155e-01
-2.915348586936220010e-01
9.986641641927240798e-02
-2.783248652150527858e-01
3.912895155759963384e-01
1.000411144590568624e-01
1.001632825642688324e-01
9.984360830193496350e-02
1.970686465822827915e-01
-9.999095337086086888e-01
-8.054658449079672433e-01
3.955126812228957900e-01
4.176068460162861706e-01
-2.083689653589496926e-01
-1.000152636881277646e+00
-7.919420443979088287e-01
4.075718214553773477e-01
-4.448742644936026780e-02
-9.999718267354337220e-01
-9.409295602288467175e-03
4.045457359554805454e-01
-1.000177297771433826e+00
-2.443193186802556094e-01
-9.997940813660356474e-01
1.002298887477153372e-01
-1.000120527473332688e+00
2.563178367090789347e-02
-7.900062735270494407e-01
4.083750986064399457e-01
-6.000785251936078257e-01
-3.485068454226006307e-01
1.001137729081044841e-01
1.442131884677741276e-02
1.919942355466139061e-01
1.000679197064419379e-01
2.004278101160773540e-01
9.999919611528464980e-01
-8.782516777770209282e-02
-8.010554159601954716e-01
4.111412698435660817e-01
3.863030638689556873e-01
1.989311378301170108e-01
2.019491603802369695e-01
1.000100024891911854e+00
3.953513752382550317e-01
-1.000010746462670408e+00
-6.000330417881499789e-01
-1.000094640219641562e+00
-1.306950145984282774e-02
-1.000053882918027881e+00
1.000734429841222128e-01
1.001877272963251631e-01
-6.000587133561071651e-01
-5.752259543703254485e-02
-8.003940384089929250e-01
-8.041134761737038783e-01
-2.851485022333661856e-01
4.204086961936692735e-01
-3.262438093556218610e-01
4.062423327899585823e-01
-7.882245195549838490e-01
-3.362984346621991638e-01
1.000097465594227547e-01
1.001135819613124672e-01
1.000039530537636168e+00
1.424291672288919598e-02
3.954202690889031535e-01
1.002130923304609400e-01
-2.630717645617449141e-01
2.228786780366858733e-01
-2.479537631383878227e-01
-6.001786757678917450e-01
9.999884757031803906e-01
4.098335453049784527e-01
1.982717637815894496e-01
1.002977906885134107e-01
9.999745889121381959e-01
-1.000084273614038288e+00
3.968695877547164796e-01
1.000093130678909148e+00
3.812281890015813968e-01
1.000287218269100969e-01
4.082844490773770429e-01
-5.999771716718288461e-01
3.955519838346367445e-01
-3.146449030199996999e-01
3.925158413639590060e-01
9.999546533435761386e-01
1.000060629777784316e+00
1.001026024371176326e-01
1.912664195911282783e-01
3.995151576709881081e-01
-7.805157776123415880e-01
1.000471076168331364e-01
9.999419149111743454e-01
1.000051715842016575e+00
-1.000131493389735393e+00
-5.998768268662900693e-01
4.036643387406137484e-01
4.673980974209988870e-02
4.144704509033990125e-01
9.982930814261795072e-02
3.968660947130143168e-01
3.313373319781947463e-02
-3.016468247904437461e-01
-5.999681998257451188e-01
2.013083831272197699e-01
9.999399227361630560e-01
-1.000023362521189618e+00
-8.008086174546122926e-01
9.999663290655471659e-01
4.121682398508011991e-01
-6.000229610247853618e-01
9.994373305619443093e-02
5.539586474475427513e-02
-2.704760102121578358e-01
-7.661466244846227847e-01
2.039096158453148622e-01
9.999057222471752215e-02
1.000091262205798470e+00
2.135708335352380083e-01
1.965012316466271114e-01
-3.489081633171254859e-01
-1.000016527415770629e+00
-1.148008969115543731e-02
4.004185529912424046e-01
-8.091320470760960948e-01
2.031632739296442836e-01
9.999436756805903936e-01
-8.029225728388322825e-01
-6.001083743123970526e-01
-9.999067837867305908e-01
-2.819739463673805527e-02
-2.752242854542312211e-01
-5.998449730573002237e-01
-4.394455160100346758e-02
1.948316007351396373e-01
-9.999011164635096538e-01
9.999822415216099714e-01
-8.183774077900523025e-01
3.991390022487825151e-01
-3.164118453099632466e-01
1.000081133617254592e+00
-9.998226440830558781e-01
-5.602470578708471094e-02
1.979979998437472744e-01
1.002217577973494589e-01
-7.924389188181847343e-01
-2.618175717255050716e-01
6.806350109379952218e-03
-2.089673203924157785e-01
1.868858040331175807e-01
-3.097047281951892297e-03
-6.000941998654298892e-01
-6.001450397240679635e-01
3.857188684474026630e-01
9.998696158614716056e-01
9.994127823603220218e-02
-2.512899617300263233e-01
2.294264448609353857e-01
1.001487228206502794e-01
9.991647327461666839e-02
-8.066295715468549954e-01
-5.999662204217132144e-01
-5.999677433870462817e-01
9.998606021025465695e-01
-6.000252648214212670e-01
-6.001729739820119702e-01
1.000001140055683413e+00
2.019590718496631354e-01
-8.059159229041621408e-01
4.018606762091678219e-01
2.962509129646717296e-02
1.922507735308021382e-01
-8.070863520147892878e-01
-1.000164653817283256e+00
-8.113596845449407846e-01
-1.000061956666756569e+00
1.000161282946032903e+00
1.000022476236325453e+00
-8.004017563917725786e-01
-2.826119140174843669e-01
-9.025535495751930981e-02
-7.993607049693124411e-01
9.998295461281712093e-01
-6.000788499668389120e-01
1.000064142655431448e-01
-1.000048130999647844e+00
3.839998813310390724e-01
2.130956302096152499e-01
9.998258585896407924e-01
-5.998663169004041507e-01
-6.001585528073475340e-01
-3.553075576095148791e-01
1.000025183646011895e+00
9.990738384518678405e-02
9.997834206130148393e-01
1.000000322257105667e+00
-9.998685619592745377e-01
4.138779915256281527e-01
1.001503385776410099e-01
3.899735943300946528e-01
9.996670422673073486e-02
-4.658460395737537042e-03
-2.231147527748323159e-02
2.005186524371679602e-01
4.019636955293779956e-01
-8.087067009470255696e-01
-5.998916849671860341e-01
3.917117998694173431e-01
1.000019826847844184e+00
9.291689073561820375e-03
-8.040345026414255081e-01
4.127583295962117815e-01
-8.144457567075590043e-02
1.980347147410935205e-01
-1.000165592137928217e+00
-3.266605027014491958e-01
4.090709930957088236e-01
2.060394389074631238e-01
-7.297630280030147076e-02
1.000043971805685050e+00
9.999278538846276820e-01
1.000019390225553417e+00
9.984929596600961021e-02
-1.409384067291212517e-02
-1.000039193787276792e+00
-3.425542977804539868e-01
-2.760439257408708325e-01
9.999316327967662232e-01
-8.062891640230043233e-01
-8.096556418825057166e-01
-6.000889266309287207e-01
-2.769930165526904853e-01
-1.000001676797214412e+00
1.932164561994271224e-01
1.001913867284068838e-01
-6.000585475707641558e-01
-5.728938525625152517e-02
9.998450914441652237e-01
1.998496834956270118e-01
2.077359759414767193e-01
-3.042818384439741064e-02
-2.722834734552474489e-01
-3.614643600652959754e-01
-3.531855560903328639e-01
3.872616907862145297e-01
-2.066538972177592304e-01
1.000000851352473186e+00
1.000073711668902465e+00
-2.569457756750771760e-02
1.989416795956878981e-01
1.968478226453027613e-01
-5.238659913041060490e-02
-3.123391707818530816e-01
-6.000570629981669679e-01
-9.999393919833203803e-01
2.073224653823664554e-01
-4.823980040871691383e-02
