-5.999303562977351678e-01
-6.000880813447142526e-01
9.999952849977727931e-01
1.087567930523839349e-01
-1.000033739776309050e+00
-7.918466693603314344e-01
-6.000021672731108424e-01
1.378700892072547840e-02
-8.131434585151322558e-01
-2.842027960936561737e-01
9.990763645993526454e-02
-1.000043893661742844e+00
1.933041803659464042e-01
-6.331161944239485639e-02
1.936387443023475097e-01
4.071748865381990545e-01
-6.947458281191265690e-03
-1.000247237380079923e+00
1.935547126520270056e-01
2.412332086922236093e-02
3.950582495152402118e-01
3.860397172534542620e-01
-3.689576391692754864e-01
-7.950450263537118811e-01
-1.000067029772859772e+00
4.036559066432420240e-01
-3.518522231377335108e-01
-5.998044503996280419e-01
-2.459478615810789526e-01
1.000023107589410043e-01
-1.000048666932073393e+00
-8.009771204195250682e-01
-8.188053178494931750e-01
-9.998185985117431507e-01
4.245689661363498402e-02
1.000089647697432138e+00
-9.999568790588759803e-01
9.999195113996034445e-01
4.213232285133819421e-01
-5.999972473217853874e-01
1.000164197496768548e+00
-8.067303217369496959e-01
-2.705669130808360245e-01
9.993735918325612200e-02
-3.683835606523854223e-01
4.091262815260117147e-01
1.000331767655720794e-01
9.993924856566596682e-02
1.000909261437012837e-01
2.176787148852743214e-01
-1.000108132679535800e+00
-7.817174659241097334e-01
4.031296896069789248e-01
4.030443348018658556e-01
-3.577179120644704002e-01
-9.999678906522714295e-01
-8.012444187870788603e-01
4.146429803748541421e-01
-5.865078991122388286e-02
-1.000044485980468245e+00
-6.608604552448761604e-02
3.991973876066845506e-01
-1.000199595072221337e+00
-2.231817450886948717e-01
-1.000095486858825211e+00
1.000477375635523414e-01
-9.999863024286383961e-01
1.671664329053789214e-03
-8.018905998881959984e-01
3.853270757695358983e-01
-5.999715595904870913e-01
-3.247376550567213638e-01
1.000311740545043182e-01
-3.174963721468882644e-02
1.912685528205733676e-01
1.000427089160143140e-01
2.052107445947765341e-01
1.000072216966114036e+00
-2.323313621366474013e-02
-8.114195614413072244e-01
3.939304090795057722e-01
4.124309677560094034e-01
2.113944452916858008e-01
1.972692043842411147e-01
1.000065585171131977e+00
4.092070115957904819e-01
-1.000220777639009073e+00
-5.999371703132800882e-01
-1.000052800455894175e+00
-5.614513831576746494e-02
-1.000084389874204671e+00
1.000822137860481603e-01
1.001096476778178673e-01
-5.998445685953701645e-01
4.404149418772876357e-02
-7.962839701708513962e-01
-8.114368491945385120e-01
-3.115417229506168839e-01
3.887682957473472256e-01
-3.177607770798944742e-01
3.941206085315608343e-01
-7.842303382067845607e-01
-2.994186358800985381e-01
1.000246480712461000e-01
1.001236111258195782e-01
9.999971724086249569e-01
7.545216444635879927e-02
3.923020230107117090e-01
9.999961944404135716e-02
-2.230423495288275104e-01
1.915893686884939384e-01
-3.543922896588932447e-01
-6.001447723387772770e-01
1.000020833332905479e+00
3.822191820020269248e-01
2.028239163329957906e-01
1.000374905073595083e-01
1.000154724037322973e+00
-1.000029457404308708e+00
4.047120232742870138e-01
9.998723778475142598e-01
4.003182601508326055e-01
9.991723779036698616e-02
4.028539802465607722e-01
-5.999476472793275894e-01
3.951142882787007093e-01
-2.707114265956003241e-01
4.108322746905030964e-01
9.998417391198097803e-01
1.000017785771075918e+00
1.000140440537578834e-01
1.926455068646504565e-01
4.054261221481623156e-01
-8.000339224562524887e-01
9.993098762242585975e-02
1.000114664285219224e+00
1.000171076116318059e+00
-1.000145043286197355e+00
-6.000335283119860863e-01
4.017581815711375737e-01
-7.331664662029095496e-04
4.151640487924080913e-01
9.990869377038467947e-02
4.135407834356721879e-01
-3.787334863546172603e-02
-2.850625450629961644e-01
-5.999838832011787915e-01
2.065938395016332918e-01
9.999730903528180059e-01
-9.999182384230448362e-01
-7.913921370460839100e-01
1.000191257633336717e+00
3.911504905000923737e-01
-5.999219317705959398e-01
9.990848777971533812e-02
-3.270417799213866383e-02
-3.139631568537366579e-01
-7.950423948495848325e-01
1.864747497500349738e-01
1.000295964652139907e-01
9.999335230384956974e-01
1.981113561213582175e-01
1.946981694002485053e-01
-3.809545341038658162e-01
-1.000120740516752704e+00
3.512579606113797048e-02
4.020393709503859991e-01
-7.914909147088537988e-01
2.115327233265969220e-01
9.999382238436318460e-01
-8.097560199541469217e-01
-5.999791600810082670e-01
-1.000005653352012525e+00
3.294051867697084246e-02
-1.992690888683645301e-01
-6.000263001340209179e-01
-2.643275494669208858e-02
2.114006268723892523e-01
-1.000115090976082088e+00
1.000146706263998597e+00
-7.924063601922333167e-01
3.877480510825246918e-01
-2.711284306725637583e-01
1.000116299620467775e+00
-1.000088182973071449e+00
-3.829351118157073471e-04
1.954457175664600088e-01
9.994124984111101007e-02
-7.970620999462347811e-01
-3.176343490316994589e-01
4.746196683005415862e-02
-2.754103359499898152e-01
2.131363972096698978e-01
-1.913115158788011166e-02
-6.000316911658293284e-01
-6.001073862577267493e-01
4.071532080874162296e-01
9.999187167529275388e-01
1.001123719147899160e-01
-2.923224375192013946e-01
1.988785734277295214e-01
1.000663378766014494e-01
9.976712275438204269e-02
-7.920844400561634080e-01
-5.999714188365962153e-01
-5.999350172355735200e-01
1.000272315580170934e+00
-6.000287342475567609e-01
-6.000029135764524124e-01
1.000013721754334561e+00
1.921679339565666167e-01
-7.998854126894311412e-01
3.988642863118938009e-01
-8.519477040856274219e-02
1.783084608902945623e-01
-7.936399847366012450e-01
-9.999544125819915807e-01
-8.015684738702387735e-01
-9.999168438011344362e-01
1.000009840728941946e+00
9.999713539638097615e-01
-7.904087517471966029e-01
-2.441770253731850859e-01
5.952969235353149091e-03
-8.101105692916845680e-01
1.000001487503510811e+00
-5.998843594328717721e-01
9.991381510574873226e-02
-9.999540195823098943e-01
4.133160038555267479e-01
2.107233503672373276e-01
1.000032594809736164e+00
-5.999141792226234671e-01
-5.999873590703715953e-01
-3.025237041037650565e-01
1.000118836570731196e+00
1.000858252159756295e-01
9.999351529843389930e-01
9.998442060414532984e-01
-1.000055025542825105e+00
4.157392847311600081e-01
9.993676656093965216e-02
4.195966290792142450e-01
1.000597626499495074e-01
-7.990722915616232935e-02
6.390105459249531550e-02
2.035464848235217505e-01
4.031400715080630803e-01
-7.947380070145938502e-01
-6.001383416119089320e-01
3.926889251843022066e-01
9.999385085811307583e-01
3.021775125800882714e-03
-7.888053131406019824e-01
4.023611736709122311e-01
-5.220438156142044595e-02
2.105402738823921316e-01
-9.999971375811290697e-01
-2.822710061339303578e-01
3.953982399051061414e-01
1.940726920956526436e-01
7.946782868172333480e-02
9.999789913341257108e-01
9.999791881608305344e-01
1.000029364797496489e+00
9.999745367623791292e-02
-5.922379242388205178e-02
-1.000011956375279176e+00
-2.200866903748239234e-01
-2.911510875663461118e-01
1.000067282946914826e+00
-8.017068178114268306e-01
-8.225938060163369148e-01
-5.998538341315655664e-01
-2.153888528567388105e-01
-1.000123033821283869e+00
1.867751635227609397e-01
1.000385244223897935e-01
-6.000112808412643162e-01
-3.377149305921791494e-02
9.999752103463815933e-01
2.013898310538910497e-01
2.010806857252703805e-01
2.226085814383266942e-02
-3.194179346376943562e-01
-2.949696488157049767e-01
-3.761883565361558435e-01
4.178481811316843153e-01
-2.177443415096404766e-01
1.000005248042136197e+00
1.000013281663100884e+00
-1.700788106733587546e-02
2.006413837547505186e-01
2.041546531813269449e-01
-2.978003946738361218e-02
-3.133520752085534045e-01
-6.000520969391276438e-01
-9.998655041881814309e-01
2.148741474351265890e-01
-5.944777320369454103e-03
