-5.999961711271369902e-01
-6.000300668906429769e-01
9.999608360134928375e-01
1.117756211346817956e-02
-1.000065100765844317e+00
-8.000288173283484072e-01
-6.000416292047973110e-01
-1.413943137102891857e-02
-8.187198010236711454e-01
-3.286292675202685531e-01
9.997611454370074202e-02
-1.000024770796373419e+00
1.861433798799265182e-01
3.911220011595084589e-02
2.220100251458984875e-01
3.981994258697253986e-01
6.120750113756460303e-02
-9.998767232795275905e-01
2.040792519522404980e-01
-2.760717665785422550e-04
4.184665874515952066e-01
4.128485905735161388e-01
-3.361016848354201336e-01
-7.912064856090104126e-01
-1.000011232140112227e+00
3.916095677256663521e-01
-2.930752725666084246e-01
-6.001547265807777309e-01
-3.152839402798629509e-01
1.001139314877139280e-01
-9.999257125864544626e-01
-8.130673640410873704e-01
-7.952687558973287052e-01
-9.999164833315244971e-01
5.988448010867728627e-02
9.999301979627596149e-01
-1.000182533908615667e+00
1.000075177959738992e+00
3.997340409930905114e-01
-5.999423905428263870e-01
1.000123119567485341e+00
-7.625561770503010983e-01
-2.338058777930768217e-01
9.994930250277632433e-02
-2.885754477989460609e-01
4.003179913638166831e-01
1.000247090634905217e-01
9.989934505994600700e-02
9.988449934414285469e-02
1.909995574104192406e-01
-1.000033385531598151e+00
-8.084432488658370719e-01
3.867317937502144365e-01
4.000463710576613874e-01
-2.131123596249011598e-01
-1.000039338958592872e+00
-7.875174228358516881e-01
4.172135114128811550e-01
-3.247633773418589359e-02
-9.997741499438539403e-01
-7.651640929097186516e-02
4.033999968161556260e-01
-9.999500926464902628e-01
-2.940819404884564836e-01
-1.000052608817235456e+00
9.992555650013151824e-02
-1.000030703393720577e+00
5.088580117559778071e-02
-7.798988976844598575e-01
3.947461117974462863e-01
-5.998922685062902938e-01
-2.338566682519168105e-01
1.001428452399357738e-01
-8.115512429974489073e-02
2.032506935813758187e-01
9.985102090180919543e-02
1.868647916390088759e-01
1.000013183268048778e+00
-1.165724821853265925e-02
-7.991975103524080470e-01
4.103783372789694961e-01
4.275878690036503116e-01
2.081471020545405393e-01
2.133705033706056464e-01
9.999285184822690464e-01
4.136252283007243458e-01
-9.999916791888858736e-01
-5.999809698810869563e-01
-1.000049403245600654e+00
-1.445953734929398193e-03
-1.000077841500797149e+00
9.995654739644843634e-02
9.999769067440249237e-02
-6.000080614627951725e-01
-4.720852572718335638e-02
-7.917152716833951720e-01
-8.011164737703397876e-01
-3.273643428370282549e-01
3.969115529884902904e-01
-3.333141255910430645e-01
3.964257431922449393e-01
-7.907779621235425660e-01
-2.575177260770860066e-01
9.997894438287763252e-02
9.976167148062083101e-02
9.998961349733241910e-01
-9.809361999824434131e-03
3.871660285423383363e-01
9.982878620597228359e-02
-2.678603408470885405e-01
2.094980755533585870e-01
-2.732886561596364894e-01
-5.999068310977094809e-01
9.997972618735289085e-01
4.154020304169767086e-01
2.062527554904529381e-01
1.000415056136524927e-01
9.999787373567122772e-01
-9.999688775280684006e-01
3.954286812098721793e-01
1.000052189932297830e+00
4.054613396803937730e-01
9.995089751334142181e-02
3.989906825743846364e-01
-5.998817489233526645e-01
4.036091955258852559e-01
-2.505685932928578552e-01
4.004219975944885435e-01
1.000007904297974148e+00
9.999963334651403857e-01
1.000550982859056970e-01
2.062197002997382400e-01
3.927720547188355282e-01
-7.922860986405717565e-01
9.996166279841130209e-02
9.999176177327161463e-01
1.000038876035310276e+00
-9.998996025837968427e-01
-6.000789682624194654e-01
4.061190122945762537e-01
-2.969525693634484514e-02
4.159170224715519337e-01
9.996943719069761869e-02
4.024036751680585833e-01
2.098732115828174163e-02
-3.212021767353215318e-01
-6.000026353761244158e-01
1.970554258817550086e-01
9.999073709219671313e-01
-9.998343891987225840e-01
-8.089973249732067551e-01
1.000101649260322967e+00
4.053734520311241263e-01
-5.999604612438687035e-01
9.996365609103410876e-02
-4.683728760039055500e-02
-2.945794417229860018e-01
-7.994110721708185263e-01
2.156726767333035366e-01
9.995486252988182441e-02
1.000028907969494396e+00
2.015796710508202527e-01
2.043713792903344151e-01
-2.916199586468393723e-01
-1.000155120982039625e+00
-1.138553180935112687e-02
3.919900002213544399e-01
-8.049369455378325711e-01
2.044448116154461426e-01
1.000144285151477686e+00
-8.040369348699051288e-01
-6.000872779097840004e-01
-9.999724958196739566e-01
-4.454137839729100518e-02
-2.782632052388387400e-01
-6.002021974864302223e-01
-5.877580073144994532e-02
1.948815205811988138e-01
-1.000055139746216293e+00
1.000038220307583936e+00
-7.991731986391890086e-01
3.929717487003539511e-01
-3.333530350345791371e-01
9.999944559450155701e-01
-1.000082990242494141e+00
6.206966182897978579e-02
1.820951099608004164e-01
9.996174003286834031e-02
-8.056526401114012526e-01
-2.801056808097968642e-01
6.284310456037006665e-02
-2.748595670537966607e-01
1.952890407008680551e-01
-3.818113840071461437e-05
-5.999613640700371953e-01
-5.998128227103975973e-01
3.976851578814178945e-01
9.999359123832471941e-01
1.000342578020118195e-01
-2.826057195383677723e-01
2.088686621054389181e-01
9.989959631851050292e-02
1.001525724658437755e-01
-8.199577200836788426e-01
-5.998249486365762051e-01
-5.998213062591341016e-01
9.999854875641323027e-01
-6.000705084370782094e-01
-5.998829134008470954e-01
9.999314362482389917e-01
1.914640298070384161e-01
-8.138357515658832808e-01
3.796563960255627257e-01
-5.989268207023608348e-02
2.029537054410488206e-01
-8.133160756991731910e-01
-1.000034966859439489e+00
-8.032394398143172243e-01
-9.999463350929549410e-01
1.000051750424590491e+00
9.998903170863068235e-01
-7.804372353539930085e-01
-3.843439849875862069e-01
-2.107435253055672808e-02
-7.871521370291646447e-01
9.998937355379826641e-01
-5.999460758415978701e-01
9.991116184083734253e-02
-9.999969643823773957e-01
3.973221459430706926e-01
2.017305713306688786e-01
1.000124367100245104e+00
-5.997235902888289338e-01
-5.998957003890942330e-01
-3.772306397195012151e-01
9.999095123981537325e-01
9.998167288928261343e-02
9.998981894690311956e-01
1.000033661174778210e+00
-1.000199088528507030e+00
4.102067842731738634e-01
9.981690067044768355e-02
4.100898207863691858e-01
9.979551029961140907e-02
-4.611307770105401577e-02
-3.097927745332747576e-02
2.056841497434944710e-01
4.127583425594456012e-01
-7.743751029635924654e-01
-6.000287325172870556e-01
3.805347499479190265e-01
1.000015358049843872e+00
-1.214773915421363433e-03
-7.947257025215892501e-01
3.946204003795450999e-01
8.766025962119131099e-02
1.840685810208586570e-01
-1.000073973015918494e+00
-2.418710075360804845e-01
4.160731852213864768e-01
1.982174304888442151e-01
-1.032910252762082350e-02
9.999924978738342629e-01
9.999203703331462911e-01
1.000180887489670267e+00
1.001256014133792699e-01
-1.048050337996446618e-01
-1.000051289687270417e+00
-3.063197533144137452e-01
-2.583960543851686609e-01
1.000003740784021211e+00
-7.942753775603051958e-01
-8.056849051568178988e-01
-6.000688364885671255e-01
-2.701890879372479404e-01
-9.998081299638336139e-01
2.227792595146105836e-01
1.000657594863850336e-01
-6.000008583419295105e-01
9.166690926357530522e-02
1.000165435813113124e+00
2.080137523436135782e-01
1.953582589472981634e-01
8.053944181164408855e-02
-3.281456890089209377e-01
-2.934123230556987538e-01
-2.437287070423536928e-01
4.112281788663121329e-01
-2.426862562407399726e-01
1.000017053403375211e+00
9.999310649478438950e-01
-2.643353313689577808e-02
2.058947009150902119e-01
2.172464079206919974e-01
5.758856699412105012e-02
-2.128433982091676446e-01
-5.997994012182513712e-01
-9.999563002747574592e-01
1.894775540067565878e-01
-1.501480110398971668e-01
