-6.000685617890101353e-01
-5.998842550834108112e-01
1.000077910168989614e+00
4.147479533527568402e-02
-1.000099092496641084e+00
-8.112304493684961981e-01
-5.999554900387360501e-01
1.050658701642759622e-03
-7.898824093235582433e-01
-3.049191183090367296e-01
9.998424820179144246e-02
-1.000054291971810727e+00
2.046411519698973780e-01
5.231961035477479538e-02
1.930094356884067830e-01
3.892688668254336570e-01
-9.653224828207816743e-03
-1.000006659879781434e+00
2.025087111051439570e-01
-3.807367885000424029e-02
4.110352914464178720e-01
4.060497248861624775e-01
-2.926644322172964885e-01
-8.080659814955958309e-01
-1.000199028859935835e+00
4.004616545325634935e-01
-2.866145957144683454e-01
-5.999207326299771381e-01
-3.608528114565953682e-01
1.000544304649781530e-01
-9.999471918608419108e-01
-7.927566258861945547e-01
-7.972853059880321558e-01
-9.999577979432416885e-01
2.469306428196529901e-02
1.000036012797499874e+00
-1.000110237096655919e+00
9.999255487195387593e-01
4.186337357463012498e-01
-5.999853780092455624e-01
9.999450644628985474e-01
-8.087370001326475988e-01
-3.897612874750195355e-01
9.994800510602883103e-02
-3.428854781923653672e-01
4.007404885643575665e-01
1.001036139826296384e-01
9.998632809902247010e-02
9.985314004986518832e-02
2.234470698567552760e-01
-9.998960190166957807e-01
-8.002091197694174429e-01
4.059049069009540989e-01
3.902030378466525562e-01
-3.117131920852228011e-01
-9.999491400309002964e-01
-8.086668020027301118e-01
4.070618685446606433e-01
-2.590706848676140126e-03
-9.998331120234671410e-01
1.169343980699483199e-02
3.987554491141695467e-01
-1.000067005350773197e+00
-3.302757681976569715e-01
-1.000023985186694109e+00
1.000689010662747236e-01
-9.998653355124198505e-01
3.492374387034512424e-03
-8.151778754099969770e-01
3.947250184259978312e-01
-5.999001243607746670e-01
-3.044119415340919566e-01
9.995607625378574723e-02
1.293763907517349668e-02
2.067938455687024502e-01
1.000126302069606343e-01
2.063939462335400155e-01
9.999649383946305203e-01
9.055608805300163766e-02
-8.116268292535999684e-01
3.891386587113096485e-01
4.122911114380014563e-01
1.913851187303017010e-01
2.070150254856865379e-01
9.999798849035108628e-01
3.903536932785988678e-01
-9.998624273319056677e-01
-5.999061236779683615e-01
-9.999758964621008328e-01
-9.565036016577771125e-03
-1.000027182856395136e+00
1.002092142967741795e-01
1.001499133285137372e-01
-6.000355992717737452e-01
-1.871176932796930845e-03
-7.999387316058363950e-01
-8.015373664186974390e-01
-3.001475170090845968e-01
4.163885125748994498e-01
-3.483976897125034555e-01
3.955413178060199764e-01
-8.090543946361101746e-01
-3.738327334751911923e-01
9.993819594405010942e-02
9.990438934802577109e-02
9.998653612926774459e-01
-4.080150813363736528e-02
4.025388381445528241e-01
9.986892984246642513e-02
-3.025912870674783983e-01
1.820499812973641607e-01
-3.164799790898147891e-01
-5.996825402518904946e-01
9.999836053849149309e-01
4.019380034620708697e-01
1.969786746123706744e-01
9.997634683328789074e-02
1.000142082072471572e+00
-1.000167298253902048e+00
4.124428720393582548e-01
9.998062980139731382e-01
3.895395449302937463e-01
1.000257967853814267e-01
3.917428577854779603e-01
-6.001428056341412409e-01
4.027723844706278533e-01
-2.650362169196235351e-01
3.999366939066508198e-01
9.999418389590343237e-01
9.998668188263452050e-01
1.000320611070246585e-01
2.064553995290021315e-01
4.050357464408795294e-01
-7.955274984303424279e-01
1.000660988946507346e-01
1.000122691425663790e+00
1.000029511173036401e+00
-1.000069433033357047e+00
-6.000915072383874449e-01
3.938014362464553053e-01
-5.686435025637649743e-02
3.994140701376942548e-01
1.002339134846351454e-01
3.911186701309166125e-01
-3.073304378021201114e-02
-2.761391432122267675e-01
-5.999025371329841372e-01
1.947510911566985581e-01
1.000125755367797131e+00
-9.999947219340240556e-01
-8.014211535007503828e-01
1.000183160699397611e+00
3.920271655821866985e-01
-6.001263766359525853e-01
9.991858544320189606e-02
-2.547176576671257575e-02
-3.180012973449002911e-01
-7.958296063688402588e-01
2.069752161229471699e-01
1.000881767587101373e-01
1.000088066771950723e+00
1.919929318950734098e-01
1.866723576856834654e-01
-2.830158409172400802e-01
-1.000032491700997506e+00
3.509063537409112810e-02
3.970055029232535393e-01
-8.036287056046603761e-01
1.873861300241312644e-01
9.998826236087774433e-01
-7.886829980287926034e-01
-6.001217080724687847e-01
-1.000126224156119736e+00
-5.442880304899033045e-02
-3.648698466437373389e-01
-6.000005797974928834e-01
7.368894101552145304e-02
1.971680242661908444e-01
-9.997365716124011481e-01
1.000024223880050744e+00
-7.898031875758715348e-01
3.990546672518726634e-01
-2.657855428071568271e-01
9.999063195323151243e-01
-1.000010660238145999e+00
1.083346519071327063e-01
1.957808593836402045e-01
9.994731518578163498e-02
-7.935338088152291691e-01
-3.277835918701317297e-01
-4.571405995662827099e-02
-3.327682592487732904e-01
2.058034497940204599e-01
4.204473576645992999e-02
-5.997140854561298084e-01
-6.001967471328781834e-01
4.111254236380573190e-01
9.998863754233192624e-01
9.994744671083737042e-02
-3.422993742613225643e-01
1.964452594089745596e-01
9.993412451226235671e-02
9.997111520385199013e-02
-7.958518459756968033e-01
-5.998681585814729100e-01
-5.999582819383202370e-01
1.000023083100264776e+00
-6.000179948616592984e-01
-6.002293920592298715e-01
1.000178497286710710e+00
1.741743718381585648e-01
-8.130223968068484020e-01
3.873279586572420108e-01
-6.725154326412717543e-02
1.895222987474008969e-01
-7.938370957278555462e-01
-9.997921735249167829e-01
-8.150264063079641907e-01
-1.000026630580725495e+00
9.999729787580478035e-01
1.000226420450972764e+00
-7.962539706319815558e-01
-3.628238587751610456e-01
-6.486862512824611258e-03
-8.000976916707867037e-01
9.998589413660232683e-01
-6.000142106247927654e-01
9.991769056472145361e-02
-1.000037202636220535e+00
3.879813656696770030e-01
2.019369506085799959e-01
1.000068266731595656e+00
-5.999709529501784377e-01
-5.999655553618435944e-01
-3.740402252667205940e-01
9.999535113764010941e-01
1.000372756485737591e-01
1.000073264931805594e+00
9.997065797475341853e-01
-1.000109540623736804e+00
3.900342417760159774e-01
1.001261052137703833e-01
3.975934375496566475e-01
9.990097724496115050e-02
-4.488672720898927160e-02
6.590004349037083264e-02
2.077236382936641645e-01
4.126945676351744807e-01
-8.206693550225933054e-01
-6.000023121780155844e-01
4.005304560739462172e-01
1.000067424506251967e+00
-2.518168492801392197e-02
-7.803163314979213450e-01
3.905767634903162255e-01
-4.799525155901897266e-02
1.855142357293322886e-01
-9.999934430345173153e-01
-3.041352554387794505e-01
3.929394784827989207e-01
2.032501187438967016e-01
-6.747914438315899543e-02
9.999868384710181024e-01
1.000052994211594326e+00
1.000061777634889237e+00
9.992679597590166385e-02
1.263075046385611633e-02
-9.999281140874574092e-01
-2.965205096273545449e-01
-3.239437498872209664e-01
9.997671749436232158e-01
-7.925388654424228019e-01
-7.980930888246466903e-01
-5.999313684705058769e-01
-3.124484472489437170e-01
-9.999578286357857504e-01
2.049006968906273707e-01
1.000881427284432967e-01
-6.000365235169399236e-01
3.938108178031912016e-02
9.998464215357619755e-01
1.908586019467703454e-01
2.259141284775893765e-01
-1.136746878724922416e-01
-2.335939676037296908e-01
-2.917983505838693259e-01
-2.843492348989114515e-01
3.946569277826236788e-01
-1.767803865765452953e-01
1.000019013492738917e+00
9.998759890693937891e-01
2.987806713022668481e-02
2.001350715173046968e-01
1.910900705455041704e-01
-4.755316386812938334e-02
-2.976456553546962813e-01
-6.000259733134122309e-01
-1.000001415395875171e+00
2.076577112050722873e-01
1.295960919073738636e-03
