-5.998215347783411033e-01
-6.001090441847125589e-01
1.000059466401235886e+00
3.874916377547476393e-02
-1.000073497297155445e+00
-8.005362591838411923e-01
-6.000025163597171307e-01
-1.622537395276787420e-01
-8.077471282558813526e-01
-3.035718654758485235e-01
1.000108150579796518e-01
-1.000032549154806771e+00
1.892402860694867850e-01
1.088080375670309567e-02
1.989807223028893790e-01
3.956781586548712704e-01
-2.274505096071481602e-02
-1.000089174185648133e+00
1.949069955248933228e-01
4.284583890782828197e-02
3.981943431637277597e-01
4.158642909728897941e-01
-3.474788131310120320e-01
-7.912537725309948256e-01
-1.000042142984216564e+00
3.914515669356038452e-01
-3.080403217592357912e-01
-6.001642782953280353e-01
-2.956504708641898849e-01
9.999511414771529438e-02
-9.998597310413748218e-01
-7.974254664891272659e-01
-7.996841691828467935e-01
-9.999684793655855275e-01
5.875023277988076359e-02
1.000230558861198604e+00
-1.000010006890287517e+00
1.000001949621300401e+00
3.965188511174030372e-01
-6.000773942983265163e-01
9.999397728046512945e-01
-8.203771188662304370e-01
-3.005050254976727730e-01
9.993694337303821174e-02
-3.547376814373904841e-01
4.037027414716539697e-01
1.000122965191966168e-01
9.979277996855252797e-02
1.001975535381828819e-01
1.986092241707690387e-01
-1.000091702856106046e+00
-8.108137866464251164e-01
4.032874430577705893e-01
3.941002606011303477e-01
-3.386098007326854842e-01
-1.000013698560907160e+00
-7.875404723342579461e-01
3.916480024534760851e-01
-1.808190087491890960e-02
-9.998920099096877401e-01
8.870205021034288650e-02
3.952633170475973734e-01
-9.998729177245749833e-01
-3.073351165310088673e-01
-9.999202313931372377e-01
9.990328307574947164e-02
-9.999779888594515498e-01
5.333128437317172232e-02
-7.919020345995100296e-01
3.985424700128519238e-01
-6.000505629740104929e-01
-2.739019954099063403e-01
9.996878480895746155e-02
-2.079293253235611207e-04
2.042329713771193211e-01
1.001472655140942941e-01
2.060916279255775863e-01
1.000002828995199877e+00
-7.706500885052658574e-03
-8.063282643025216911e-01
3.911434782285697076e-01
4.093522556060573137e-01
2.070201722347099760e-01
1.848556184507546829e-01
9.999336465275421304e-01
4.090943573592792371e-01
-1.000058414024368014e+00
-5.999943665896357858e-01
-1.000083232301666181e+00
-4.700071344814398672e-02
-1.000054032583760355e+00
1.000348074900531958e-01
9.994662369852078121e-02
-5.999820362788834682e-01
1.135781869861142521e-03
-8.175181089949735691e-01
-8.099623535412174835e-01
-3.461375298520917854e-01
3.889051136624517846e-01
-3.145615875790968574e-01
3.938519124741181598e-01
-7.932555228885160847e-01
-3.490571576002214904e-01
9.994309505956852635e-02
1.001070057758818993e-01
9.999240321513360730e-01
9.170099276861434778e-02
4.035579810828522351e-01
1.000856760554646591e-01
-2.574385501260634257e-01
1.976081131230724985e-01
-2.368786719954773523e-01
-6.001356649612337169e-01
9.998206909402743703e-01
3.884349550824638952e-01
2.030562779684002561e-01
1.000374840830383083e-01
9.999347773065762057e-01
-9.999967034620955708e-01
4.005342729096400545e-01
9.998483526138461919e-01
3.968442752446560418e-01
9.996166071704853939e-02
3.948073725566533798e-01
-6.000129398018788640e-01
4.044945904858751606e-01
-3.061064798151407751e-01
3.914682545944555003e-01
1.000019909914005911e+00
9.999482822893221989e-01
9.997500933834180259e-02
2.038642891185426242e-01
4.094725674150069827e-01
-8.009233652953788862e-01
1.000332962994177066e-01
1.000036471917708392e+00
9.998945632642732839e-01
-9.999497938945555164e-01
-6.001535587085760071e-01
4.073079769167435860e-01
5.325010049297304593e-02
3.923306070239332977e-01
1.001457816798104195e-01
3.872306276653750823e-01
1.524574372265636961e-02
-3.170260975516477342e-01
-6.000327494965637110e-01
2.020797627177183253e-01
9.999714680989035820e-01
-1.000025701147778667e+00
-8.047987547187506197e-01
9.999592464823814364e-01
4.165998035307658109e-01
-6.000123429000679964e-01
1.000149589414892487e-01
4.963833092350417031e-02
-3.740012467987928746e-01
-8.065624820138396212e-01
2.025316852555260894e-01
9.999962407416544685e-02
1.000046245425388225e+00
1.904178754325143164e-01
2.105403502810829219e-01
-2.794555440218423614e-01
-9.998256071897105857e-01
8.925068341543815342e-03
4.020970079248213369e-01
-7.932286722984259741e-01
2.039895521708252335e-01
1.000203091389050281e+00
-7.877081726542516371e-01
-6.001314254158567341e-01
-9.999084621309090037e-01
3.160249726419486760e-02
-2.476678556233368189e-01
-5.999053533122022941e-01
6.537804148655339265e-02
1.961177716489251877e-01
-9.999923908742535117e-01
9.999721106797412329e-01
-8.186537105284339422e-01
4.032112629833550788e-01
-2.721929699296280480e-01
1.000023760865451639e+00
-1.000113024333709300e+00
1.205152333346418692e-01
2.065328849052456006e-01
1.001042453033208213e-01
-8.188214171096227512e-01
-3.095168190892060855e-01
6.275317506372959930e-02
-3.207707786442083875e-01
1.927169471914975118e-01
-4.518767837482051512e-03
-5.999056199310980331e-01
-5.999182702474173956e-01
4.012956710076012734e-01
9.999587340860738305e-01
1.000283706131487732e-01
-3.000774833693994337e-01
1.895106478856695420e-01
9.998872110175555106e-02
9.996142595853231561e-02
-7.966599023004092839e-01
-5.999464310441926518e-01
-6.001473773679411039e-01
1.000106263665167861e+00
-6.000211146936234030e-01
-5.999739010394827821e-01
1.000092626846302180e+00
1.864098054044304453e-01
-8.047531947558552723e-01
3.772098834845257764e-01
4.424941177875871268e-02
2.007767804615961105e-01
-8.007844582504632935e-01
-1.000227170360998175e+00
-8.094404650975007831e-01
-9.999560746771724018e-01
9.999470391673449532e-01
1.000036213348905356e+00
-8.037565385904134052e-01
-3.121010430030020655e-01
-3.925653594593124518e-02
-8.105961632558286167e-01
9.999778761428561591e-01
-5.998887492859533710e-01
9.998546862883463116e-02
-9.998276974415414298e-01
4.012649656654824204e-01
1.996933894028628254e-01
9.999438719085789185e-01
-6.000013269172596031e-01
-5.999744146676839751e-01
-3.125414256636885879e-01
1.000034521602807480e+00
1.000846890774406833e-01
1.000063064260819923e+00
9.999668867884722312e-01
-1.000030354795368392e+00
3.996184599394169701e-01
9.997442636779005354e-02
4.019016263713032777e-01
9.995570599943676138e-02
3.875011094562325759e-02
4.669347178464899883e-02
1.880602680598803256e-01
3.834009425301785345e-01
-7.953994226646794452e-01
-5.999335511556780354e-01
4.130955673346303758e-01
1.000077675052606141e+00
-9.987699065744322369e-03
-8.088809097909065438e-01
4.223288861507210057e-01
3.427219712131456680e-02
2.046437055853776166e-01
-1.000007261369926459e+00
-2.845074603319778239e-01
3.942913886988657635e-01
1.926345854380805411e-01
-2.164725463572225901e-03
1.000181262341677479e+00
1.000097791843809425e+00
9.999742874316854824e-01
9.992622615096737049e-02
-2.320570096398302633e-03
-9.999567248833906019e-01
-3.094535066449463079e-01
-2.855934135736340473e-01
9.999308058218365769e-01
-8.137640628239242169e-01
-7.991562907896568868e-01
-5.998047420433675336e-01
-3.392520481952665534e-01
-9.999000364119314810e-01
2.068915067371941696e-01
9.996117714227112372e-02
-5.998525199454252110e-01
1.409812966978210395e-02
1.000087079418407132e+00
2.034836278750573046e-01
2.364929664432757761e-01
-4.878813816362662092e-02
-3.442826223698270405e-01
-2.250294126811637763e-01
-1.951853262321723570e-01
3.904546852525215828e-01
-3.309429756503817766e-01
1.000008752272347312e+00
1.000089222301884684e+00
-2.796071845847982948e-02
1.865912921804392111e-01
2.087761677222961243e-01
7.958487931005385485e-02
-2.600078560839153008e-01
-5.999343337408125088e-01
-9.999902129771898185e-01
2.096776843006648294e-01
8.726190624827014075e-02
