-6.001419531000620200e-01
-6.001443953463242442e-01
1.000186967560647844e+00
-9.078969152594064396e-02
-9.998717592250567776e-01
-8.004674267995585124e-01
-5.999567124111810923e-01
7.054219184025410649e-02
-7.989298603614994887e-01
-2.183738661698009786e-01
9.995642231446486003e-02
-9.999828730016201428e-01
1.945153503595800082e-01
6.201414326243991776e-02
1.949641728688949471e-01
3.968638972595330272e-01
4.329199182597481821e-02
-9.999043975682854191e-01
1.906146022732060630e-01
-7.358494078211279266e-02
3.884832204119449961e-01
3.945237841837072046e-01
-3.166095282357468399e-01
-8.091090630148451979e-01
-9.999183391196249104e-01
3.951616075468516454e-01
-3.711001380953771744e-01
-5.998509471274530158e-01
-2.432163164222526930e-01
9.992314115348754910e-02
-9.999939199758604014e-01
-7.979543528670123287e-01
-7.910008722152161997e-01
-1.000199721959571963e+00
-1.436503648969444241e-02
9.999022007543428847e-01
-1.000076006082619706e+00
1.000011829680418796e+00
4.212337308755650378e-01
-5.998710591767165701e-01
1.000034092127957575e+00
-7.889128617270368959e-01
-3.478690719200648318e-01
9.993642714743093680e-02
-2.721002023040672846e-01
4.024573712088467259e-01
9.998008568979738220e-02
9.990906009774012941e-02
1.000191185623030277e-01
2.029341803950527878e-01
-9.998945122221478687e-01
-8.027954705108569788e-01
4.037307062766810062e-01
4.059511323796070603e-01
-2.693584456804477001e-01
-9.999350107115415609e-01
-8.058825960264428545e-01
3.954277465578714956e-01
3.934953996514552188e-02
-1.000080992809365021e+00
2.183502542435811558e-02
4.073817413832382939e-01
-1.000012239996113106e+00
-3.655777747707156244e-01
-1.000119961536118263e+00
1.001231642407940936e-01
-9.998879231080245455e-01
-6.886154211993970875e-02
-8.112091785362448570e-01
3.807229889247619181e-01
-5.999554698338421810e-01
-3.113236174305135662e-01
1.000534565778113810e-01
-1.395824333878445400e-02
1.966517759067401561e-01
9.996881768229007315e-02
2.166191021662224880e-01
9.999978393022980194e-01
-4.996855152729598459e-02
-7.899344451753157470e-01
3.837487657930774843e-01
4.045341881588495614e-01
2.114978890094786901e-01
2.105940221726669281e-01
1.000084316451271826e+00
4.072904592739099439e-01
-9.999692544904704716e-01
-5.999307049745311593e-01
-9.999999606866831758e-01
6.087106584064774784e-02
-9.998369458461371373e-01
9.987551985987146164e-02
9.987589771119181892e-02
-5.998693812948202586e-01
-3.643910994515554141e-02
-8.174713948125207352e-01
-7.907226280677807084e-01
-3.406900705854274958e-01
3.960081937841630206e-01
-2.573150445981197132e-01
4.056915986661895901e-01
-7.961909932994694072e-01
-3.003956765402335805e-01
9.995378123551020011e-02
1.000820075978278018e-01
9.999295637158820416e-01
3.064171604148759054e-02
4.099809196124228894e-01
9.988158894492679685e-02
-2.723245287057483033e-01
2.033204783501488255e-01
-3.840345774472132545e-01
-6.001130905153071460e-01
1.000062867522941490e+00
4.119234890783488034e-01
1.931135370615435221e-01
9.988878927635581884e-02
1.000078011006044987e+00
-1.000142959207603655e+00
4.081988012953171596e-01
1.000106911878622107e+00
3.908930389738414224e-01
9.993728862051394490e-02
4.146738688503789350e-01
-5.999582112619005203e-01
3.988756804951186785e-01
-3.262437876962516192e-01
4.086865087674891872e-01
1.000003450966168161e+00
9.998669935588576640e-01
9.992926506198560044e-02
1.958832200606008267e-01
4.119657442117012347e-01
-8.111654573560124204e-01
1.000255151156940747e-01
1.000078720998596626e+00
9.999891741832303005e-01
-1.000163774754645019e+00
-5.999142378647835949e-01
4.036178601021105372e-01
2.828876391657903638e-02
4.063425044692310362e-01
9.998101050494252739e-02
4.046274075695697747e-01
4.861948993849411760e-02
-2.437521331819412773e-01
-5.997356146847053759e-01
1.757945705481420706e-01
1.000051339206083689e+00
-1.000058339364761961e+00
-8.048000289450522038e-01
9.999713902267489685e-01
3.993409712744154239e-01
-6.000004439104265064e-01
9.987088865904313051e-02
-1.772669726207614857e-02
-4.235621715219300976e-01
-8.045421936063917867e-01
1.861631992336738040e-01
1.000046080830960110e-01
9.998641587808491105e-01
1.945709114181697064e-01
1.890012731498153520e-01
-3.322146290723725914e-01
-1.000055606833896160e+00
-7.103216987779541192e-02
3.938325923314931476e-01
-8.088882096879490557e-01
1.962731902673055806e-01
1.000151855912358112e+00
-7.927695283004132509e-01
-5.998948086083413234e-01
-1.000110258420600085e+00
-6.983743623184039684e-02
-3.415277453986336198e-01
-6.000874181526030249e-01
-5.155994846975647111e-02
1.883504839431227040e-01
-1.000019407022787687e+00
1.000109803301562739e+00
-7.931451129699584879e-01
4.063351246997097266e-01
-2.507638715831545517e-01
1.000092154504070407e+00
-1.000086642992932928e+00
-5.726030275234449823e-03
1.778017833051903362e-01
9.988889417493057588e-02
-7.993346818252514696e-01
-2.549851209221251636e-01
1.250162012194003594e-02
-3.495624054824767457e-01
2.041511361352345566e-01
-6.052179969449146546e-02
-6.001045921265099059e-01
-6.000178890233101026e-01
3.893877664380755443e-01
1.000117726827610243e+00
1.000275827573326864e-01
-2.721433690437345398e-01
1.796818744290832881e-01
1.000606640627398070e-01
9.987438847790947039e-02
-7.949635225020146301e-01
-5.999317845334817267e-01
-5.998454431548396748e-01
1.000041719795561335e+00
-5.999232211358911382e-01
-6.001576805164898776e-01
1.000002255292770093e+00
1.949268338005564760e-01
-7.839965705081697322e-01
3.913838706619421348e-01
4.739372305412071357e-02
1.919994676094468888e-01
-7.976034117119874534e-01
-1.000006968537804353e+00
-8.012705294271963430e-01
-1.000163639696650009e+00
1.000014435259509060e+00
1.000088716235630892e+00
-8.178644141951780799e-01
-2.989937640637735927e-01
-1.056203239816683043e-01
-8.027096477168509381e-01
9.999822313370527738e-01
-6.001411036231155682e-01
1.000391228757575024e-01
-1.000085556973061784e+00
3.763978947322615953e-01
2.024543972144333126e-01
9.999019050772068873e-01
-6.000304170624147782e-01
-5.999367111694235977e-01
-3.767595719628081263e-01
9.999592006177946413e-01
1.000611156583922079e-01
9.998717850200483648e-01
1.000075290930974914e+00
-9.997801117303428686e-01
3.976396388508400270e-01
1.001398786189989232e-01
4.099578328249884884e-01
9.999024611422425990e-02
8.372030996901047573e-02
7.683580416354890419e-02
2.100263530291331948e-01
4.069290324744760379e-01
-8.034476878650036458e-01
-6.000675958692418543e-01
4.165551620096630270e-01
1.000030113927641739e+00
4.795816571859454203e-02
-7.878346397747199026e-01
4.191985420799795858e-01
3.896638333903913731e-02
1.907369057933461787e-01
-9.999564243329429614e-01
-3.383112622673947745e-01
4.082878960569720217e-01
1.844650285182604654e-01
-2.850081738229146011e-02
1.000083309250436647e+00
9.999943644378272989e-01
1.000198513491496799e+00
1.000015323134220979e-01
-2.077776020367833043e-02
-9.998839646905991474e-01
-1.938554553299724481e-01
-2.982559998553241387e-01
1.000149155106507814e+00
-8.214589497810687035e-01
-7.909858010679026163e-01
-6.000039433944490685e-01
-2.670770533168573269e-01
-1.000178092173301003e+00
2.058300843891321952e-01
9.998175151839776287e-02
-6.001445272037518874e-01
-1.119644920600650767e-02
1.000001257811966138e+00
2.206066656744836429e-01
1.934344681818729872e-01
-4.739318092239272473e-02
-2.505986404274956336e-01
-3.429066327232495603e-01
-2.250219270927378834e-01
4.111288519611011050e-01
-2.714949812087610326e-01
1.000157037294606477e+00
1.000196489222720864e+00
6.550981316084261707e-02
1.937271602300821294e-01
1.969587406359230852e-01
2.504571895818283322e-02
-2.514310643878104323e-01
-5.999853605359638520e-01
-1.000033431674056228e+00
1.976531795200131558e-01
-5.171018884573252289e-02
