-5.999771636571893385e-01
-5.999089851035849241e-01
1.000042932079525437e+00
-4.036483679966546001e-02
-9.999896121285841710e-01
-8.117446019607397201e-01
-6.000275599416323713e-01
-7.936447682674377391e-02
-8.081325257874809598e-01
-2.691209476073209150e-01
9.986554057184784949e-02
-1.000055265707849417e+00
1.873288298027041554e-01
4.613932857935787793e-03
2.077071486074636431e-01
3.899602748342477221e-01
-3.939457756714792591e-02
-1.000117960346174728e+00
2.043819153993838567e-01
-2.978649863548590501e-02
3.797042141850662800e-01
3.906815718556602146e-01
-2.495736256227652494e-01
-8.339587101755155940e-01
-1.000009960809743026e+00
3.949079639513140005e-01
-3.659055527353170523e-01
-5.999415359820615690e-01
-3.302744556947017629e-01
9.999618381715451310e-02
-9.999685436831999841e-01
-7.937887096572781020e-01
-8.008187151472008214e-01
-9.998587535876547472e-01
1.966251618971425960e-02
1.000080400008175774e+00
-1.000070189672988885e+00
9.999695592701167701e-01
4.041031475152921382e-01
-5.999554047839500415e-01
1.000060332853257128e+00
-7.984673531632243693e-01
-2.560770835839137893e-01
9.995093434823153211e-02
-2.776847830664111449e-01
3.972716721742240997e-01
1.000258741155752584e-01
1.000575639919482757e-01
1.000388095040117969e-01
1.938839810514726425e-01
-9.999380245901154929e-01
-7.921138146168512639e-01
4.052166981305796445e-01
3.918930314257790259e-01
-3.882789660457136027e-01
-1.000017341737790666e+00
-7.945617687582888777e-01
4.043567596294892486e-01
2.194385239965516640e-02
-9.999177229340789896e-01
-5.081617435077062650e-02
3.828456688845003897e-01
-1.000034612295232161e+00
-2.309161825723854422e-01
-1.000042883777727099e+00
9.994583143239374468e-02
-9.999712139676092404e-01
3.852323357894813644e-02
-8.029445714616751939e-01
4.043564201778651612e-01
-5.999832072085585777e-01
-3.296802444537172416e-01
1.000722027134053616e-01
-4.183270509509166152e-02
2.011095615944271942e-01
9.986726877356105758e-02
1.980552175727567643e-01
1.000194617962571142e+00
-7.651028365169315615e-02
-8.036444165295399955e-01
3.829328901601280477e-01
3.958294228406781801e-01
1.989744216471246996e-01
2.053289827779928300e-01
9.998894986202734314e-01
4.011008790594891016e-01
-9.997746046193656255e-01
-5.999705771218284411e-01
-1.000013254442635890e+00
6.399811478340182436e-02
-1.000108613591480067e+00
9.996332402669347306e-02
1.000380074527358332e-01
-5.999574975923964715e-01
-7.713841450205798783e-03
-7.834988295407296910e-01
-7.934932736080606563e-01
-3.393580088466369715e-01
4.051464578700409991e-01
-3.366193575164420082e-01
3.890852180575214425e-01
-8.151171918468482769e-01
-2.841232004236992625e-01
9.984334763983369887e-02
1.000368869724200527e-01
1.000091346706628359e+00
-5.950273286256631267e-02
3.937265676505107836e-01
1.000928839792575437e-01
-3.569324582507140131e-01
1.903147833069061545e-01
-3.609161125591737185e-01
-5.996724991522275339e-01
9.999694450132230461e-01
4.156002794028676450e-01
1.972602493496639076e-01
9.999767476740885341e-02
9.999208450516888780e-01
-1.000057710627578089e+00
4.072493803755622976e-01
1.000011429085375658e+00
4.227608334019603009e-01
9.993470366261518467e-02
3.825410042390634535e-01
-5.999872366962885062e-01
3.858893200353282760e-01
-2.545060493917275513e-01
4.130196918017777219e-01
9.999762724885439269e-01
9.999683305916008402e-01
9.979330142888361010e-02
1.982804596205768877e-01
4.031220126413713190e-01
-7.949124398767326571e-01
1.000036701266410200e-01
9.999906833019426289e-01
9.998714161519368648e-01
-9.999209766766846696e-01
-6.000078591257570482e-01
4.167010289832500103e-01
1.994774419550587527e-02
4.262354617280630364e-01
9.993942536379417374e-02
3.906885092187898367e-01
1.294539156478495545e-02
-3.472448690101590518e-01
-5.999653212936100211e-01
1.933615856493368645e-01
1.000136561618150788e+00
-1.000026789444661057e+00
-7.928892030757179743e-01
9.999491715031402217e-01
4.036653021267282426e-01
-5.998686069577928714e-01
1.000163188471206305e-01
-9.882229621518169582e-03
-2.118350621065790418e-01
-7.840017737569241474e-01
2.012913751735261325e-01
9.987348990935973614e-02
9.999844948093477015e-01
2.022263156961052188e-01
2.021729496715733987e-01
-2.612901749826325171e-01
-1.000000595861204156e+00
-7.008388685340261048e-02
4.047777653693790390e-01
-7.886596659292112177e-01
1.889838160496470632e-01
1.000132338002368337e+00
-7.974017141426288369e-01
-6.001562788161042272e-01
-1.000036520170186183e+00
-5.524284955877568903e-02
-2.327714883136028923e-01
-6.001133495456444367e-01
4.844066999747331792e-02
1.874236114962103683e-01
-1.000108780943752995e+00
1.000049508293308298e+00
-8.082121784913787188e-01
4.008128124437629891e-01
-3.098804506956365779e-01
1.000009232500389977e+00
-9.998768615269258975e-01
-2.229356079380097333e-02
1.974912282943453445e-01
1.000904959307370307e-01
-7.885656137748454642e-01
-2.320962449145699269e-01
3.493254510828677425e-03
-2.920032593635707441e-01
2.091472395444739507e-01
-4.749850647111703537e-03
-6.000836505270487065e-01
-5.999258358238404032e-01
3.948378380512131969e-01
9.999919135020586269e-01
9.995565395714282875e-02
-2.444546748221718691e-01
1.942425683566026129e-01
9.990115515165258475e-02
1.000979990952561294e-01
-7.935734848409999875e-01
-5.999190363307239648e-01
-6.000598992698448209e-01
1.000047278519711202e+00
-6.000759540114692925e-01
-5.999543240408938827e-01
1.000013417633474511e+00
1.941617384409385916e-01
-7.788920826082733617e-01
3.792467277290763605e-01
-4.611776184683781532e-02
1.733772738780187395e-01
-8.006855513393453805e-01
-9.999707880674260085e-01
-7.920489640993206848e-01
-9.999354093774691643e-01
9.999562837548480188e-01
1.000228008697211735e+00
-7.978681519633491481e-01
-2.452248041375783283e-01
-4.930812782914139464e-02
-8.071541090801656049e-01
1.000064558190317809e+00
-5.999576419813472672e-01
9.995436752752319409e-02
-1.000063500183411502e+00
4.218259627406941714e-01
1.952227739824099473e-01
9.999213440805985176e-01
-6.001308638083797664e-01
-5.998881759279778292e-01
-2.319553521195389378e-01
9.999166262937787542e-01
1.001046567079962035e-01
1.000005424774040419e+00
9.998963425537411576e-01
-1.000109870313721672e+00
4.023833123507326581e-01
1.000204383570414413e-01
4.004677378348192041e-01
9.997290803528932623e-02
7.036328552122236846e-02
-1.533708756355478889e-02
2.008313380000012749e-01
3.918115377253327258e-01
-7.991832405541270390e-01
-6.000989629342979859e-01
4.032645055932839173e-01
9.999658597684030203e-01
2.810160341966238054e-02
-7.942390451668709384e-01
4.090075186400384810e-01
-4.938423737477760228e-02
1.957207847967446790e-01
-1.000016656361635059e+00
-2.096778148915220963e-01
4.162808634253993278e-01
1.855445145376073690e-01
-1.209826525731734319e-02
1.000170449496590397e+00
9.999088502533852729e-01
9.999881081603788635e-01
1.001119817669103851e-01
-6.007891691605189710e-02
-1.000009507302676903e+00
-3.588464190026179335e-01
-2.369163360461644108e-01
9.998896198037693361e-01
-8.000371843323392795e-01
-7.898492811623764043e-01
-6.000996306703476613e-01
-2.740671921289621338e-01
-1.000042125985562969e+00
2.071679421477833627e-01
1.000545841979872813e-01
-5.999755567887495866e-01
-4.378523186194793748e-02
1.000012774781022129e+00
1.970615675563597846e-01
2.085229438345472253e-01
-5.960448589441901673e-02
-3.814787966917418949e-01
-3.122724712686975046e-01
-3.199962245072431322e-01
3.961265409598639931e-01
-2.521130715175621817e-01
9.998686330876090933e-01
9.998992198605203274e-01
8.714589833055691459e-02
1.891105960600653890e-01
1.792378454376624131e-01
1.354201064450930893e-02
-3.330458853823041188e-01
-6.000849532301700817e-01
-9.998483809906972830e-01
2.259579664768343599e-01
-5.335044293535090576e-02
