-6.001906139873010027e-01
-6.000163025726595878e-01
1.000087463809101074e+00
-2.381167806340833693e-02
-9.998817704794007444e-01
-7.929959502507508695e-01
-5.999703058944829692e-01
8.142168610301679654e-02
-7.975243125612494488e-01
-2.456126432429469042e-01
1.000282987031939630e-01
-1.000028471756769122e+00
2.105376713012663270e-01
5.438417944426854334e-02
1.937675751395879775e-01
3.962978176883731884e-01
9.209674937230854716e-03
-9.999554165944123385e-01
1.860607887802063209e-01
-2.573077831484110387e-02
3.898878466264355525e-01
3.999808756894467354e-01
-2.460911131828879550e-01
-7.982171527309166459e-01
-1.000076141932734641e+00
3.890897933333493097e-01
-3.441484407723026107e-01
-5.999723097927389670e-01
-2.268756925271782077e-01
9.995985744281803143e-02
-9.999614330689110542e-01
-7.945448920731426057e-01
-8.029985082165198573e-01
-9.999226392584175116e-01
5.136423664832349273e-02
1.000012077159195378e+00
-9.997806325746412259e-01
1.000073438978626328e+00
3.941659280029795598e-01
-5.999387150853165984e-01
9.998898084546409271e-01
-7.820867679667421468e-01
-3.932116651149071829e-01
9.994596013040055182e-02
-3.580229967925642742e-01
4.086564641992329605e-01
1.000526572900981154e-01
9.985846881507677575e-02
1.000658380529246688e-01
1.874997395145654167e-01
-9.999638904753582747e-01
-7.905772317312770303e-01
4.046800179221979321e-01
3.968463259266860610e-01
-2.573765118419741871e-01
-1.000071686310161079e+00
-7.948884314877866508e-01
4.052019175046846500e-01
-1.659403287527832366e-02
-9.999286097962030162e-01
6.063729018759568545e-02
4.255067087420034699e-01
-1.000032008733271249e+00
-3.490084978751075706e-01
-9.999786409036421908e-01
1.000389516233810144e-01
-1.000167871290428945e+00
-4.386817450768130261e-02
-7.812596506343182368e-01
3.998352197914147865e-01
-5.999846189962413368e-01
-2.801805652167697058e-01
9.992526046722802202e-02
4.255190717012879986e-02
2.019351962628069819e-01
9.988622773106295427e-02
1.939776494684117281e-01
9.998709670873607847e-01
3.234666298213177693e-02
-7.973759564312242754e-01
4.025959460497918196e-01
4.255234365609109615e-01
1.917342616795521260e-01
1.955318484871388374e-01
1.000077786811550240e+00
4.038928557809702835e-01
-1.000123117558241459e+00
-6.001309063394745236e-01
-1.000034860786451762e+00
-1.409791950172844394e-02
-1.000056764086642014e+00
1.001450681351839372e-01
9.985644969813285698e-02
-5.999468895124757672e-01
-7.395640156493581314e-03
-7.993216749944616062e-01
-8.026494742124145043e-01
-3.795833267834920477e-01
4.031859473112960335e-01
-3.046744211791044266e-01
3.993425066377300214e-01
-8.112723929450685878e-01
-2.758147766550099744e-01
1.001481926350744484e-01
1.001544231106217542e-01
1.000056532719997282e+00
-6.807850430299995995e-03
3.946689363720553012e-01
9.975797042964390515e-02
-4.022106815418560744e-01
2.024761739513570857e-01
-2.949686204983675841e-01
-6.001569230322382209e-01
1.000132072494027469e+00
3.953736607767773248e-01
1.930422811755790613e-01
9.982068184786546672e-02
1.000023786413705817e+00
-1.000009629117758259e+00
4.046213453480057010e-01
9.999646295423323394e-01
3.935020220232041122e-01
9.991263756687775166e-02
3.990385727754037215e-01
-6.000200693774735416e-01
3.855320832484929738e-01
-2.965690135532247917e-01
4.034030411883709477e-01
9.999908153561464230e-01
9.998270377318857483e-01
9.995655796266796067e-02
1.827385898583337442e-01
3.981538803330842424e-01
-7.908125409063230249e-01
1.000050420250434696e-01
1.000076590345379879e+00
9.998530281944162379e-01
-9.999992905679312427e-01
-5.998447829395795461e-01
4.075032882422804925e-01
2.171478326931668146e-02
4.049551048553167165e-01
9.988713108874207325e-02
3.904772974755804649e-01
5.478167287365429128e-02
-2.987932622436844099e-01
-5.999950495170031095e-01
2.009865060287668592e-01
1.000051455054909555e+00
-9.999146718943356937e-01
-8.320657014665358009e-01
9.998848059622615914e-01
4.009593332062034721e-01
-6.000691621872910053e-01
1.000239563141250149e-01
-6.943465941967023880e-02
-2.157015563429895699e-01
-7.943599174703371846e-01
2.015865708335045081e-01
9.994613683610195642e-02
9.999175959437610617e-01
2.047025559616498791e-01
2.095399100613319354e-01
-2.601219041338903581e-01
-9.999532070737595646e-01
-6.465118518009538642e-03
3.949813510866505006e-01
-7.925767363952191946e-01
1.989144805117995796e-01
1.000000084861056626e+00
-7.873684797080465758e-01
-5.999413993839010084e-01
-9.998192402676194801e-01
-1.524609036135859269e-02
-3.725578377578678824e-01
-6.000415585904742555e-01
-1.218950153503566350e-02
1.966072024939067853e-01
-1.000015401289177763e+00
1.000156190749096785e+00
-7.897874907290692859e-01
4.011667535383734440e-01
-2.013854976158243049e-01
1.000020166282300060e+00
-9.998222617279006741e-01
1.527277607228377104e-02
2.047393675138640956e-01
9.990034368605441029e-02
-8.017339869330457613e-01
-2.941868244768425789e-01
-3.486194271126216715e-02
-3.580682025034880311e-01
2.095972647482517714e-01
-2.769971950413837886e-03
-5.999532408543077899e-01
-5.998913991354521968e-01
4.019601991240698835e-01
9.998978861652730865e-01
1.000540277482146606e-01
-3.891704587143169913e-01
2.028507905519277288e-01
1.000554151136204828e-01
9.983878981830093813e-02
-7.873376744637623492e-01
-5.998829497557326418e-01
-5.999655927622927765e-01
9.999843807176875821e-01
-5.999556737089815073e-01
-6.001364489477817310e-01
1.000076492830127561e+00
2.030548510466699541e-01
-8.019151745459922598e-01
3.971510106510512395e-01
-5.448264656874218792e-02
2.141310199971916128e-01
-8.043074445469725609e-01
-1.000066753200162584e+00
-8.141579164237345845e-01
-1.000048085669333897e+00
9.999238221210242639e-01
1.000062126492297088e+00
-8.031197061605845899e-01
-3.217477158892641520e-01
6.562380707423176585e-02
-8.074144042606502536e-01
1.000051224050896082e+00
-5.998766650865556826e-01
9.990254019531050189e-02
-9.998610301285395519e-01
4.013815574811558928e-01
2.062042712881579365e-01
9.999616583246691004e-01
-5.999502955874397303e-01
-6.000511215041967050e-01
-2.579699599678526578e-01
9.999295331912025908e-01
9.987822222539806394e-02
9.999780885831710542e-01
1.000187565721885719e+00
-1.000216021174054504e+00
4.036888270849821603e-01
1.000605617018836269e-01
4.001419832224518136e-01
1.000586997903054054e-01
-2.756213972278537955e-02
1.308186000909681013e-01
2.122086954292302097e-01
4.062721348774964159e-01
-7.998793103180568131e-01
-5.999880735821048194e-01
4.099285093147969627e-01
9.999872312756644677e-01
-8.481694383321851383e-02
-7.985267891747388491e-01
3.993450601012062950e-01
1.821131824715816264e-02
1.894615306575473945e-01
-9.998574127910738740e-01
-2.994881585968450222e-01
3.894010650230665949e-01
1.985128231057931292e-01
-4.858729485436505402e-02
9.999608737682323945e-01
1.000006353139233806e+00
9.998202622601286560e-01
9.993853385501268172e-02
1.893843337741721311e-02
-1.000152267931702310e+00
-3.076277157669422002e-01
-3.723489466380786594e-01
9.999752689075043222e-01
-7.878205585948609979e-01
-8.005586487856765077e-01
-6.000471716720433557e-01
-2.979501965782930806e-01
-1.000056328168920761e+00
1.922320973889709572e-01
9.984517708156573357e-02
-5.999728672215974834e-01
1.760109415048930967e-02
1.000080547259480257e+00
1.691709183832420527e-01
1.975996463924705182e-01
-6.663944086123464727e-02
-3.856669419928305809e-01
-2.698445754660231954e-01
-2.229543208895068684e-01
3.901145577702772038e-01
-2.774420358364072525e-01
1.000037383121252343e+00
9.999348027758128143e-01
4.291969971773838821e-02
2.042893174418530799e-01
2.102288858490375112e-01
5.589774075290844524e-02
-3.292831110810630069e-01
-5.999132356572604019e-01
-1.000003698794361018e+00
1.969671163596557750e-01
1.133320299437675857e-02
