-6.001051944186045484e-01
-5.999632105269369076e-01
9.998346266093521839e-01
-5.701823178875869980e-02
-1.000098549214574417e+00
-8.055596628213507193e-01
-6.000650068355731781e-01
4.696615578665428586e-02
-8.039865371202052913e-01
-3.939669798934301026e-01
1.001580860302738046e-01
-1.000224374184649934e+00
1.879122875035691975e-01
-4.958332798678237452e-02
2.066199904807303478e-01
4.103156696731949937e-01
-2.601780640500279268e-02
-9.998174472849797878e-01
2.029092241953651121e-01
4.041448081252044244e-02
4.023606919008224092e-01
4.079204427345577977e-01
-2.541572205552022901e-01
-7.872017370244128731e-01
-9.998923529083660888e-01
3.854481045268431383e-01
-2.724108686146595737e-01
-5.999236202051440037e-01
-2.659342786608678288e-01
9.977001552393048589e-02
-9.999001683638473192e-01
-8.032657010161392552e-01
-8.088202961456529838e-01
-1.000133216518671819e+00
1.463148295433414903e-01
1.000089679855158176e+00
-9.999132514847682840e-01
1.000012684569871801e+00
4.154099497488931703e-01
-6.000130551413701552e-01
9.997550871452466348e-01
-7.958284441184477753e-01
-2.073446577277787140e-01
9.997813841278263558e-02
-2.460050096663583541e-01
3.876524637152317099e-01
1.000275933180162641e-01
9.995527645111816628e-02
1.000331598436203229e-01
1.984902824974953406e-01
-1.000132604589759611e+00
-7.836534323220145648e-01
4.064353332004763675e-01
3.827940875657256381e-01
-2.935291536605829643e-01
-1.000133352351583849e+00
-8.158238601468265072e-01
4.100189569398061673e-01
3.299710939173061686e-02
-1.000072057142321613e+00
-6.463494828393619163e-02
3.891599992244599848e-01
-9.997927907456264363e-01
-3.065515882777171686e-01
-1.000034832195950463e+00
1.000817197548285187e-01
-1.000040377835311523e+00
-3.700106824006878931e-02
-7.887332123926041882e-01
4.140737917281835379e-01
-6.002384280620476353e-01
-2.781981999255095372e-01
9.989335991801898129e-02
2.368477524234441009e-02
2.113087936664596045e-01
9.998485693237238459e-02
2.036874479265104176e-01
1.000008706497644617e+00
1.720350820392842900e-03
-7.944039445972717051e-01
4.095689815499018449e-01
3.922530194614938792e-01
2.089263277015133147e-01
1.994602749327656632e-01
1.000084289133057913e+00
3.959106983664365531e-01
-1.000118962468400374e+00
-5.999532270340177664e-01
-1.000128327733082134e+00
-3.599232618825692204e-02
-1.000115903088821145e+00
1.000591338227064253e-01
1.000952860725768667e-01
-6.000327418214776998e-01
-1.127230641278261225e-01
-7.988870756212848034e-01
-8.059653807796314240e-01
-3.114348628466801494e-01
3.990000697857550849e-01
-3.391959779366778283e-01
3.792468605499159651e-01
-8.192448512743146782e-01
-2.759845515163010243e-01
9.988060003231058470e-02
1.002166984325851551e-01
9.999386543382176029e-01
9.810222959705008905e-02
4.021154002275981187e-01
1.000973237714589265e-01
-3.239258751317246610e-01
2.081670286569459738e-01
-3.341420816698836838e-01
-6.000266390051407495e-01
1.000017989420808773e+00
3.927183412162179588e-01
2.096707471369787246e-01
1.000261539083561746e-01
1.000008592318969658e+00
-9.999985174808027066e-01
3.940122039847307467e-01
1.000026237808452345e+00
4.043566596557002235e-01
1.000398448102036014e-01
3.838412412530803342e-01
-6.002047512790831263e-01
4.312764878952687342e-01
-3.410596954873219566e-01
4.101659341738326803e-01
9.998697085907451987e-01
1.000069956887696065e+00
9.993553488540694862e-02
1.914631523519134404e-01
4.020280848473233304e-01
-8.023305301751223473e-01
1.002070067983221874e-01
1.000029113320006546e+00
9.999403755656630644e-01
-1.000014285062809316e+00
-5.999036279860887610e-01
4.123512992055191617e-01
8.212470222760756555e-02
4.073882093625061929e-01
1.000314747637624235e-01
3.802944219447925711e-01
5.414693049455909096e-02
-3.359544194380596482e-01
-6.001278749753991004e-01
1.922061985730422196e-01
9.999137571952708692e-01
-9.999376412210062570e-01
-8.054605469957497599e-01
1.000031548670847759e+00
4.017041828646064627e-01
-6.000086112844630337e-01
1.000357770590601242e-01
2.717171590849474377e-02
-2.618821078894658094e-01
-8.092127930352885912e-01
1.946898292290319410e-01
1.000217172215088490e-01
1.000024033239679921e+00
1.866072395845196630e-01
1.994584235882239376e-01
-2.708969441751924445e-01
-1.000050685830268016e+00
-3.320564289663322649e-02
4.179160745966068458e-01
-7.791807181487159228e-01
2.023170243485901132e-01
1.000080113448606145e+00
-8.038994576390262603e-01
-6.001722687044124260e-01
-9.999179691309225682e-01
-2.790955037396713675e-02
-2.742937293153447365e-01
-6.000473038158993244e-01
-8.572481426717347072e-03
2.042179658315328994e-01
-1.000030751891688663e+00
1.000069260927671122e+00
-7.938465584107664563e-01
3.958029595380921917e-01
-4.465295606058347078e-01
9.997733426239492349e-01
-1.000097627769810815e+00
1.972973901467697799e-02
1.923441782450266146e-01
9.992702358784699701e-02
-8.116774993957801554e-01
-2.997112839284379882e-01
-4.046356226302524894e-02
-2.916172653068232479e-01
1.944283161039713770e-01
6.866275947172055874e-04
-6.000174876281411107e-01
-5.999558445935438966e-01
4.050591364692240903e-01
9.999750354469099101e-01
1.000800720469871147e-01
-2.558039526560408339e-01
2.100834361713833642e-01
1.000038249583993788e-01
9.988268088627852426e-02
-7.892669625845649684e-01
-6.000525272657322162e-01
-6.000704860171479638e-01
9.999436799432620537e-01
-6.000459593628192367e-01
-6.001147390646552893e-01
1.000046795003795008e+00
1.954948111622488993e-01
-8.045782889943323690e-01
4.145130661339022082e-01
-8.242686148627710596e-02
2.089367115248572937e-01
-8.110932675573778727e-01
-1.000067406262624692e+00
-7.979951844990756937e-01
-1.000035898533861767e+00
9.998870552467222783e-01
9.999387010558653532e-01
-8.054809862594256575e-01
-3.554311395912835292e-01
2.817725775682899947e-02
-8.028576301253776970e-01
9.999901074331289941e-01
-5.999644482191076600e-01
1.000870959517127928e-01
-9.999677152401097446e-01
3.968491163232785168e-01
2.166159608419899185e-01
1.000082611903266194e+00
-6.000618217264284127e-01
-5.999950550162526097e-01
-3.118258510122405847e-01
1.000136075667879432e+00
1.000362698981636100e-01
1.000127549982277930e+00
1.000119366587491010e+00
-9.998907057312309554e-01
4.007325393287348159e-01
1.001100983346892015e-01
4.103828541760689563e-01
1.000919760424623522e-01
4.359968994376493823e-02
4.873182046334113837e-02
1.937696651972171669e-01
4.026748170209038524e-01
-7.973939459924317408e-01
-6.000946721641647885e-01
3.871422744966257490e-01
1.000295636337638516e+00
-7.510249060742849210e-03
-7.992529096889567919e-01
4.057645279946517913e-01
2.737367300589286373e-02
2.089095090421594081e-01
-9.999970823879100745e-01
-2.819665693459098565e-01
4.025526973504586215e-01
1.998916159190244068e-01
3.602304239981300726e-02
9.998359300434562780e-01
1.000036030403407272e+00
1.000015453259550213e+00
9.976885540231569816e-02
4.037139364529779284e-02
-1.000006759494290298e+00
-3.415275587858654927e-01
-3.509738612897090881e-01
9.999941290217934098e-01
-7.881117189912378862e-01
-7.968009763372433385e-01
-6.000051252450354644e-01
-3.448022501936474082e-01
-1.000062233538989043e+00
1.960776163026717311e-01
1.000385007056335818e-01
-5.998309810493143157e-01
5.106761441040439872e-03
9.998450869941318819e-01
1.967176936166978030e-01
2.034118315065460703e-01
6.861087648596657373e-03
-2.685514035799669852e-01
-3.219612206965685175e-01
-2.813166849995926699e-01
4.003362083704780083e-01
-2.959355844712018291e-01
9.999620397018851303e-01
9.998626141876829632e-01
1.855616214312931500e-02
2.087511389091034342e-01
2.073816046875697205e-01
-2.316765834036392177e-02
-2.500106069427791566e-01
-6.000346300606453909e-01
-1.000075007970006924e+00
2.063153723392627259e-01
1.763351566830690526e-02
