-5.999066126836842816e-01
-5.999377666674496901e-01
9.999644469743627084e-01
6.064066980885483155e-02
-1.000033671690078840e+00
-8.063032723204833774e-01
-6.000068233121749195e-01
6.823197566522296031e-02
-8.156649457781351975e-01
-2.534710457705586784e-01
9.985628334526291949e-02
-1.000053838736878253e+00
2.009294664658804741e-01
-1.717808268083572190e-03
2.107485410062316655e-01
4.168723371261832122e-01
-1.214664398442079352e-01
-1.000011930666548254e+00
1.863514724300673331e-01
-4.502524588276515805e-02
3.946435484249138370e-01
4.046702803826127126e-01
-3.160888661789342802e-01
-7.969163934141787475e-01
-9.999660741883871218e-01
3.945919318021380295e-01
-3.289119829948006224e-01
-6.000501368445406714e-01
-3.048283513924019417e-01
9.996683718256901829e-02
-9.999163519256683008e-01
-8.053958305187544076e-01
-8.042335792157752072e-01
-1.000097297524213280e+00
-2.365862274842828183e-02
9.999996072399062186e-01
-9.999657130751657963e-01
9.999866952253716468e-01
3.932877946348252718e-01
-6.001641975574322219e-01
9.999993116929281056e-01
-8.100425663478583171e-01
-2.550399281235251614e-01
1.001435212597926450e-01
-3.307427280366799782e-01
4.033935841180109616e-01
1.001293292558477072e-01
9.998145116086160078e-02
1.000829115871379321e-01
1.914575180362103057e-01
-1.000001017021703964e+00
-7.915816316938275587e-01
4.069673675151554426e-01
3.942162264524575188e-01
-2.803189865004797610e-01
-9.999709773288348869e-01
-8.126597731025506643e-01
4.202241959350752065e-01
-4.683678017500171598e-02
-9.999174635508767395e-01
-7.371611408196719617e-02
4.035941637057324227e-01
-1.000283929122041782e+00
-4.323047427770571605e-01
-9.998370164359314805e-01
1.001008599466023247e-01
-9.998369580741180984e-01
5.102466668826668994e-02
-8.077634820740453581e-01
4.113363984029284603e-01
-5.999462637631767237e-01
-3.482808072669300037e-01
1.001313708076562725e-01
-2.093265625499123386e-02
1.919109512592784006e-01
9.982451388697345662e-02
1.951560390954699964e-01
9.999417909634493729e-01
3.958791628225320075e-02
-8.065371771948632862e-01
3.872270300703244961e-01
4.141070090131674930e-01
2.188826962713811553e-01
1.973944944782582978e-01
9.999794208918609817e-01
3.971598372602781479e-01
-1.000136303862431353e+00
-5.999007883741616087e-01
-9.999132337655554092e-01
1.231230700501440706e-02
-1.000031017430483393e+00
9.988657522477230322e-02
1.001740917519247515e-01
-6.001204675707156877e-01
-4.907742214393688573e-02
-7.811906866212917633e-01
-8.035707778068984508e-01
-3.101543776218727566e-01
4.202944966143909999e-01
-2.441822087203428804e-01
3.938966636730170112e-01
-8.030916676025184886e-01
-2.985781276641362170e-01
9.992413357330533208e-02
9.995667840093423739e-02
1.000157186317358393e+00
2.163778494708174308e-02
4.088521191884593176e-01
1.000293065874678922e-01
-2.637309372481845826e-01
2.089950481381600278e-01
-3.597262205814084068e-01
-5.999110391455925173e-01
1.000016068202802755e+00
3.958545743275543316e-01
2.045531874105227799e-01
1.002569729268977528e-01
1.000086546235273044e+00
-9.999605575639729516e-01
4.239988124353716858e-01
1.000028884397896833e+00
3.938905914489086446e-01
1.001491952942483304e-01
3.942441879589778653e-01
-5.999318609770591948e-01
4.047142662941933811e-01
-3.370172710033779717e-01
4.040373808687360846e-01
9.998946751361553753e-01
9.998370103966391920e-01
1.000317358203495072e-01
1.963614908266091974e-01
3.956179897048381355e-01
-7.911665278676563995e-01
1.000686928033733269e-01
1.000132244458360908e+00
1.000052727534199271e+00
-1.000109732874408408e+00
-5.999986892692746876e-01
4.111638063725824299e-01
-5.522219149616985207e-02
4.018897152646002113e-01
9.988322478539601867e-02
3.984682767126691005e-01
-2.508599929828210506e-02
-2.719627066608035215e-01
-6.001707527079475080e-01
1.939162771334840552e-01
1.000018605615982104e+00
-9.999549886035752344e-01
-8.000553764019247005e-01
9.998427492305126396e-01
4.061264160960258440e-01
-6.000370542333496315e-01
9.997553828089875139e-02
3.316430360586066200e-03
-2.596360704879523418e-01
-7.891220647978924863e-01
1.958149773940512928e-01
9.980073243583947873e-02
1.000158379769567674e+00
2.076590499521222266e-01
1.868828350344945433e-01
-2.689171603849984660e-01
-9.999716146946912021e-01
-3.864107643382591606e-02
3.962083385527522261e-01
-8.016766254502508682e-01
2.039331234050382469e-01
1.000024396599312304e+00
-7.975042486127198460e-01
-5.999933948970493924e-01
-1.000196792688773373e+00
7.101258739698471101e-02
-2.202210028503847061e-01
-5.998797443066322677e-01
-3.534839910705338956e-02
2.156654803145617860e-01
-1.000166211787341553e+00
9.999365549855511182e-01
-7.963200840947818326e-01
3.983315200326849603e-01
-2.821850792313059797e-01
9.999086072382765700e-01
-1.000094056321784386e+00
-1.181087406539118451e-02
2.066295752947617526e-01
1.000666617054030705e-01
-7.947191524105807758e-01
-2.916283260144447720e-01
-1.356869863819146482e-01
-2.900739386869234382e-01
2.007256455517192339e-01
7.221779067526680473e-02
-5.999526905685068634e-01
-6.001553595865012358e-01
3.980105115320998199e-01
1.000086437957143914e+00
9.981402520009878543e-02
-2.913506577597724245e-01
2.062526919347889565e-01
9.991363867156763390e-02
1.000327210203499767e-01
-7.920074504458604059e-01
-6.001771282244147132e-01
-6.001055480906835049e-01
9.999017538167663810e-01
-6.000041035398056000e-01
-6.000680337981576518e-01
9.998650394920496343e-01
1.820342018978719223e-01
-7.913041948533343639e-01
3.988534886388613865e-01
-1.338958513812592635e-02
2.017860287436592237e-01
-7.989208190769683249e-01
-1.000021110562724580e+00
-8.062273047473148546e-01
-9.999335112213774135e-01
1.000023859818007121e+00
1.000114131247228366e+00
-7.986072722832364690e-01
-3.039865327224514635e-01
3.072920362121266125e-02
-7.997427277503409426e-01
9.998884080098719984e-01
-5.999072575600502555e-01
1.000907542585830479e-01
-1.000032680414209452e+00
3.969769507615472648e-01
1.989447007669210565e-01
9.999421060083708568e-01
-6.000565090311448246e-01
-6.000302399351621352e-01
-3.042714933826190515e-01
9.998995279590451313e-01
1.001565644467939664e-01
9.998115900534157996e-01
9.999554555191764171e-01
-1.000073449491656330e+00
4.213486281508986298e-01
9.998744878723489493e-02
3.897926342781210529e-01
1.000606747455707324e-01
-5.052388057219994039e-03
1.022479133909308668e-01
2.054203119960972823e-01
3.914347844892998585e-01
-7.900345304275899760e-01
-5.999525049217889761e-01
3.883482459216667793e-01
1.000017767189600892e+00
6.987511896105534637e-02
-8.112985625287170155e-01
3.915341993827718414e-01
-1.450861694975310312e-01
1.936965187677016920e-01
-1.000039444605202998e+00
-2.797684769869515087e-01
4.166820648523862358e-01
2.048212822138572309e-01
2.256359971687433089e-02
9.998086216750439181e-01
1.000128622648562837e+00
1.000111176789121981e+00
9.996617853011434407e-02
-1.009640659454224751e-02
-1.000086954676342677e+00
-2.997458211070623268e-01
-3.208839563183108479e-01
9.999794768327724404e-01
-7.906294510224707306e-01
-7.962388504482997842e-01
-6.000843706722458482e-01
-2.938332232260736920e-01
-9.999531389053799568e-01
1.873492898202410439e-01
9.992116190286738642e-02
-5.998519091172861417e-01
6.185587293599806302e-02
1.000057653251513967e+00
1.941910982648051009e-01
2.032700617800207998e-01
-1.035557874927493967e-02
-2.674162914564737759e-01
-3.226744224544224049e-01
-2.394855547431698484e-01
4.074533431618666546e-01
-2.721764119170703156e-01
1.000109085386129415e+00
1.000112002683170243e+00
8.260008974442259455e-02
1.997097316820768409e-01
2.034650180229187755e-01
-1.742920901830685362e-02
-3.567929354900545302e-01
-5.999894805038061829e-01
-9.999720097896737103e-01
1.800880790374860263e-01
2.353401741174809131e-02
