-5.998607666117079518e-01
-5.997104190124878942e-01
9.998882925806246158e-01
-1.275878111964563744e-01
-1.000195242040286647e+00
-8.039433111692722012e-01
-5.999309007905787583e-01
-9.802081994631225981e-02
-8.029606642030907571e-01
-3.473448754003285455e-01
1.000875881268980527e-01
-9.999085285261627432e-01
1.981056156143990721e-01
3.328397129166216911e-02
1.948496889438301460e-01
3.889322351797216415e-01
3.477791738200264327e-02
-9.998418111488647231e-01
2.022253338568429648e-01
8.332935735216023126e-03
3.911069994397727290e-01
4.057162138418730635e-01
-3.538939858527902493e-01
-7.857817847211517881e-01
-9.999573617001508152e-01
3.976588938552595431e-01
-3.594086987232413821e-01
-6.000505326207783430e-01
-3.428778237224235914e-01
1.001246553070751638e-01
-1.000053742408006485e+00
-8.074069139434524311e-01
-7.931860281925884326e-01
-9.998335664107533827e-01
3.500592685563820583e-02
1.000230627523767346e+00
-1.000014587328500459e+00
1.000028784522222214e+00
3.947504857483651874e-01
-6.000272357778720922e-01
1.000129627658870257e+00
-8.081303210200270204e-01
-2.936410370536404191e-01
9.990801959432292489e-02
-3.070658269550309849e-01
4.089802765096015036e-01
1.000993093775359444e-01
9.993562026097316253e-02
9.997427853315724033e-02
1.901740716266508147e-01
-1.000036934391079324e+00
-7.953658464452907362e-01
3.869191609974706458e-01
3.953357112700980336e-01
-2.487249974635326044e-01
-1.000034797432322486e+00
-8.042465897232649041e-01
3.866990012190278936e-01
-5.924491072507213213e-02
-9.999433704873820217e-01
-6.765103925548049402e-03
4.001984332088641683e-01
-1.000121487141503174e+00
-2.984810366079082011e-01
-9.999396077176661013e-01
9.990381275193382926e-02
-1.000115596058613443e+00
-8.811740574011694971e-02
-7.941788182897779880e-01
4.080011802071948357e-01
-6.000004572438590866e-01
-1.996391306577433578e-01
9.998631621297679462e-02
2.660743820921271374e-02
1.992053124377497486e-01
9.996942791962713792e-02
2.105436657312972637e-01
1.000027450879051871e+00
7.407723717264114160e-02
-8.021536809934166623e-01
3.995389890840603253e-01
4.249747281614170702e-01
1.926969277406787584e-01
2.201295053181164807e-01
1.000025402876311809e+00
3.875239473702252191e-01
-1.000082219432360864e+00
-5.999435338812290075e-01
-9.999303905659091551e-01
5.026509967898094150e-02
-9.999883748328831645e-01
9.997055529800734364e-02
9.999098973848309646e-02
-5.998458678855487225e-01
6.363219020524672753e-02
-7.961183744723576705e-01
-8.135606388641372089e-01
-3.406815790476133698e-01
3.971607011957798972e-01
-3.504902745899505789e-01
3.995296424204764496e-01
-8.128042018291012916e-01
-2.900633283543850305e-01
9.996230429554614494e-02
9.986235417961979166e-02
1.000084367980925482e+00
1.780275427190351409e-02
4.075926999254543825e-01
1.001040265435796800e-01
-3.029847865871294621e-01
2.030287182253231737e-01
-3.469274691532421295e-01
-5.999228575192606661e-01
1.000107192781197973e+00
4.149047470481830868e-01
1.851994488594403965e-01
1.000945833310985383e-01
9.999082843342028681e-01
-9.999099351585258866e-01
4.027262328874695041e-01
1.000086730476289709e+00
4.146263987343219437e-01
1.001728719271454543e-01
3.991737616209402595e-01
-5.999559073955691435e-01
3.940541571462586878e-01
-3.020134345536062415e-01
3.939879383696940907e-01
9.999703493552207778e-01
9.997108041312890991e-01
9.989928600807053416e-02
2.250970847993228607e-01
3.930405526028925012e-01
-7.945581480259699125e-01
1.000421371266086157e-01
9.999683323949641878e-01
1.000051410205598845e+00
-9.998354388501895507e-01
-6.000648380205081400e-01
4.124284238445433126e-01
-8.789097013263194591e-02
4.074676621374573315e-01
9.991128638987040178e-02
4.103468980719081616e-01
-8.369376752238615047e-02
-2.836012429589629402e-01
-5.998392895251275503e-01
2.046684044026181870e-01
1.000025412807447500e+00
-9.999700441341319301e-01
-7.970319324519620219e-01
9.999079470780057877e-01
4.059253402268897526e-01
-6.001340151632882369e-01
1.002409413294394203e-01
-3.532583361630769331e-02
-2.818906856290883667e-01
-8.023076862157239031e-01
2.124970611423833422e-01
9.997529300747391712e-02
1.000126008809873346e+00
2.194191843994350577e-01
1.845746864123374298e-01
-3.628130461777810956e-01
-1.000166589077827739e+00
8.154545270033708437e-02
3.937284640983971795e-01
-8.033615534426185034e-01
1.955656892972719996e-01
9.999110240953962281e-01
-7.978963685479163459e-01
-6.000602449721331721e-01
-9.999604563550884562e-01
-9.945542208863478520e-03
-3.586699255901508732e-01
-5.999806043101038044e-01
-8.249094765096143256e-02
1.920258848863788115e-01
-1.000101400136749197e+00
9.999457991146432079e-01
-8.016786833926944356e-01
4.195635705749722333e-01
-3.024370168002459835e-01
9.999631914170999947e-01
-9.999282511760017034e-01
-9.082105264473677719e-02
2.009464308847631886e-01
9.984260348284766662e-02
-8.116179211678097305e-01
-3.397556951442952666e-01
-4.637052023986698579e-02
-3.098933233685434718e-01
2.127022838838976970e-01
-1.127389577882357240e-02
-5.999204511391150740e-01
-6.000450953852558555e-01
3.936274168795820261e-01
1.000030823734849639e+00
1.000384137303338000e-01
-2.893618811256526424e-01
1.970992382387036501e-01
9.995167200319769740e-02
9.987198184984698301e-02
-8.072279823167102242e-01
-6.001078351910783537e-01
-5.998471506146890730e-01
9.999771150200479353e-01
-6.002625115120127086e-01
-6.000429240489082439e-01
1.000060076963837474e+00
1.873291317247193499e-01
-7.892844538339556237e-01
4.100693608443352067e-01
-6.084849891687869189e-02
1.943843770775446067e-01
-8.091355783751535968e-01
-1.000148448984546690e+00
-7.968513750742207691e-01
-9.998680645572357584e-01
1.000027077171222301e+00
1.000028233568186042e+00
-8.006888581102603597e-01
-2.609930940161286350e-01
-3.273891806399583521e-02
-8.125863962151819164e-01
1.000103636201693291e+00
-6.000059729034912248e-01
1.000636468311808525e-01
-9.998037792500243937e-01
3.913637898099234791e-01
1.892393112461083216e-01
9.999589337110940113e-01
-5.999431529634843274e-01
-5.999747066109430982e-01
-2.792011452091618384e-01
1.000022878347497368e+00
9.997266327060599922e-02
9.999573903697417387e-01
9.998999586674646167e-01
-9.998046827256924507e-01
3.992351864578267961e-01
1.000026016077162211e-01
4.128585968100134118e-01
1.000843442363262975e-01
-4.837262746352301995e-02
7.935965715708970247e-02
1.825373789214378428e-01
3.866919107929838173e-01
-8.102546184635668336e-01
-5.999140973102274899e-01
3.911552187074257003e-01
9.997467702764234465e-01
4.703599357171480908e-03
-7.931766369556277896e-01
3.952581047171891404e-01
4.486847057867920062e-03
1.951780991961552802e-01
-1.000117455669462752e+00
-2.816022884905833301e-01
3.907954813291776852e-01
1.941900102015680640e-01
-3.496642387578046546e-02
1.000100590062812378e+00
1.000183917792692334e+00
9.998811626862390556e-01
1.001259790779723963e-01
4.142533088436708977e-02
-1.000113866679053443e+00
-2.721463520110450340e-01
-2.839892315033692993e-01
9.998373091404647584e-01
-8.185134834739837828e-01
-7.998672405206667113e-01
-5.999956412916740423e-01
-1.941370600127193535e-01
-9.999747603585801281e-01
2.025799005400420738e-01
9.995511959032407634e-02
-6.000114132334508632e-01
1.738111367913839148e-02
1.000035954236865088e+00
1.993386651611850913e-01
2.082368748824228732e-01
2.465784868394425497e-02
-3.370222008504177302e-01
-2.608077923290061384e-01
-3.587237502150750768e-01
3.870342023192691605e-01
-3.522460258281772671e-01
1.000050471304608557e+00
9.999706740833238516e-01
-1.436544621567132501e-02
1.858578782692667242e-01
1.922872338978912909e-01
6.626007542510679860e-02
-2.607943895878146456e-01
-6.000019859471122929e-01
-1.000191797611746036e+00
2.027206270924150344e-01
-5.588606976918274877e-02
