-6.000086202574911320e-01
-6.000419749657973645e-01
1.000109369663555015e+00
7.209597859434301037e-02
-1.000005615692677985e+00
-7.856185662045083173e-01
-5.999063627669924958e-01
-3.151291281419934392e-02
-7.913667241465918156e-01
-3.107876551555396882e-01
1.001988711465700010e-01
-1.000032858924340573e+00
2.157828520408039130e-01
4.505092845678693864e-02
1.788974434238627953e-01
3.865537354634861478e-01
1.455903043395795349e-02
-9.998922476756646471e-01
2.014300052825825360e-01
5.798377025224776826e-02
3.870442201333107457e-01
3.835072296383096324e-01
-2.683316104993460072e-01
-7.972649412806307456e-01
-9.999920932567152310e-01
4.050272341948512045e-01
-3.522533334141749739e-01
-5.999852934676855876e-01
-3.119945919157780523e-01
9.974173665384364340e-02
-9.998820849186808024e-01
-8.045902023254096758e-01
-8.037276909890778143e-01
-1.000057000397959417e+00
-3.565635106885717970e-02
9.999269735571181261e-01
-9.997021067607949618e-01
1.000028223178438536e+00
4.102239173932351046e-01
-5.999966441815295370e-01
9.998492732496570001e-01
-7.932909257702039918e-01
-2.983037391418164042e-01
9.995696826581022820e-02
-3.153399463553119841e-01
3.959274957042846488e-01
1.001194856349865714e-01
9.981168867831527458e-02
1.001715702412058900e-01
2.006643706145249395e-01
-9.999994193557568689e-01
-7.917099835018843734e-01
4.004109505650081946e-01
4.092543506418127586e-01
-3.215549326411060727e-01
-1.000025513356585183e+00
-8.018248652340899119e-01
3.887797321651220162e-01
-7.007790822994901248e-02
-9.999796196112527014e-01
-3.541630564844906130e-03
4.023318484189662425e-01
-9.999253630395548154e-01
-2.595399453889991603e-01
-1.000068715209873949e+00
9.998948861371469155e-02
-9.998966545558398700e-01
-3.615477571473393187e-02
-8.127336224586192426e-01
3.886791617578685964e-01
-5.998990667356201012e-01
-3.215927757270155007e-01
9.993564167505950002e-02
4.504791790812342871e-03
1.994995736449302060e-01
9.995689607979174607e-02
1.816557103423775132e-01
1.000007088798856136e+00
8.488276142362846666e-02
-8.048006602989632441e-01
4.107514313129589922e-01
3.889563753945100566e-01
1.988323685455813394e-01
2.229190086316690522e-01
1.000024822722531459e+00
4.124359200767106493e-01
-9.999592784452712158e-01
-5.999889360059792454e-01
-9.999321268128668061e-01
3.822069460102769933e-02
-1.000054237642258981e+00
9.985579491409406205e-02
9.979204261304946977e-02
-5.999693122470343143e-01
-5.101512724587048409e-02
-7.961556064463054527e-01
-8.144080691051177601e-01
-2.981193127695366263e-01
4.053523326524822723e-01
-2.838621613591086335e-01
4.023766305117804642e-01
-7.912211680396381563e-01
-3.296598354958821253e-01
9.994853877041334766e-02
1.000419605553857783e-01
1.000053232667793557e+00
2.506193763127621821e-02
4.009454608084294658e-01
9.994525988792223037e-02
-2.820792058784847289e-01
1.809424661115039967e-01
-2.546305460008479460e-01
-6.000222472651109973e-01
1.000076958402617011e+00
3.986388806684846298e-01
1.871945392027472843e-01
1.000076449604403173e-01
1.000036791630181776e+00
-9.999634810260404905e-01
4.035308149934996869e-01
9.999822670498652588e-01
4.055956822455064059e-01
9.994619157331066650e-02
3.751626777405427937e-01
-5.999255631328584970e-01
4.149309133486728252e-01
-1.765427365641768775e-01
3.709150068637908082e-01
9.999504142999728895e-01
1.000006638009247384e+00
1.000058879790260563e-01
2.121528854022204369e-01
4.040743730924649668e-01
-8.086366221022170953e-01
9.981589973046094133e-02
1.000197606443704146e+00
9.999745570305118569e-01
-9.999937685473200277e-01
-6.000444711109106377e-01
3.961941952232890807e-01
2.420909494598510320e-02
3.994151621440216182e-01
9.998066315142087324e-02
4.116072756383979403e-01
1.032201097416694524e-01
-3.612560520497530292e-01
-5.999278599398711886e-01
2.055893240892244789e-01
9.999569529149446856e-01
-9.999594406058482932e-01
-8.068601646518683834e-01
9.999530659832959190e-01
4.020883405052264603e-01
-5.998963067768288138e-01
1.000127004746217546e-01
-5.489102721499511395e-02
-2.974671150895927818e-01
-7.953350407369959019e-01
2.219382262903299430e-01
1.000406317617031915e-01
1.000071390297333052e+00
2.083239818289764900e-01
1.994358356493645679e-01
-2.457628610857215956e-01
-1.000058180377600081e+00
-8.000528083842751992e-04
4.036135270090278060e-01
-7.821871648995349924e-01
1.995486214896471100e-01
9.999873481977822332e-01
-7.917644952284774718e-01
-5.998923392199682070e-01
-9.999343743964382858e-01
-4.432058657999773943e-02
-3.415490961641751144e-01
-6.001863095515482804e-01
1.331994319756106548e-02
2.054808736613961406e-01
-1.000029630975361572e+00
9.999217824885090478e-01
-8.000782026682887738e-01
4.193411593964177508e-01
-3.583414692967540893e-01
9.998662022762667689e-01
-9.999197761740360457e-01
1.087241034298375196e-03
2.016558874844092408e-01
1.000033885954740159e-01
-8.084356705130226750e-01
-2.805495256295684192e-01
-6.023795725977450222e-03
-3.227385740839642247e-01
2.142399096968548022e-01
5.011909290178681586e-03
-6.000146523044606051e-01
-5.999448441748875815e-01
3.898841683479947751e-01
9.998703520516821763e-01
1.001106196819094435e-01
-3.734318486249857960e-01
2.019787309631022043e-01
1.000407649671324201e-01
1.001616232070501877e-01
-7.919245709634020747e-01
-5.998812662356775016e-01
-5.998454008663685055e-01
9.999779114891107490e-01
-5.999811472460057082e-01
-6.001231472199756167e-01
9.998397299491682544e-01
1.988302632518723911e-01
-8.083087015297335531e-01
4.072435169286975354e-01
-9.663028140970491512e-04
1.910919824584224602e-01
-8.099191856233998177e-01
-9.999719987461891391e-01
-7.974669486667321783e-01
-1.000103126549941379e+00
9.998401821133151568e-01
1.000009589491546169e+00
-8.076596696090657668e-01
-3.205294423108258073e-01
2.449449880766827251e-02
-8.102784848373306703e-01
9.999283349331136161e-01
-6.001667317196361928e-01
1.001080585222957620e-01
-9.999627766509134874e-01
4.045210107684596990e-01
2.104997325582112222e-01
1.000026567416604673e+00
-5.999821405896232918e-01
-6.000630332181828841e-01
-3.431716134177069666e-01
9.999770596288775071e-01
1.001592146911638725e-01
9.999141806554758816e-01
1.000031926582877206e+00
-1.000010793981639168e+00
4.142989434585684361e-01
9.986128571095999329e-02
3.894761779949300062e-01
1.001393622379262854e-01
2.956728359088443142e-02
3.841957854778801223e-02
2.009174994112729318e-01
4.031413441218545946e-01
-7.780121515909951269e-01
-6.001026062690574259e-01
3.992587936820318206e-01
9.999209226735059630e-01
-7.937117705022157799e-02
-8.148248145829914968e-01
4.075555932847389484e-01
4.156630252267793507e-02
2.187812871888705213e-01
-1.000062672750982706e+00
-2.346465250146637371e-01
4.093581843208710103e-01
1.966592776222717553e-01
2.481571066165588757e-02
1.000297709350151720e+00
9.999551583231280905e-01
1.000143269842433957e+00
9.992032075632591159e-02
5.882769039396004186e-03
-1.000032604899633748e+00
-2.184628785594248390e-01
-3.637054001567148198e-01
9.999319331645001308e-01
-7.997153217275579928e-01
-7.983006543996304938e-01
-5.999947345944779409e-01
-3.441414037992078234e-01
-9.997569685826895869e-01
2.046671084152084097e-01
1.001264547105410185e-01
-6.001098091116727762e-01
-2.677204676815416948e-02
9.999274679325388382e-01
2.067599533121788347e-01
1.842893533074405343e-01
-1.860167077149221804e-02
-2.770364471977850851e-01
-3.451065830842702242e-01
-3.139437878641185842e-01
4.054241626588408476e-01
-2.402298045956999528e-01
9.999097062879589437e-01
1.000033868736479814e+00
1.249746399057836618e-02
1.985403947092589938e-01
2.021329074228677414e-01
-3.546180700501334188e-02
-3.164098533307185268e-01
-6.000087122990539479e-01
-9.999291674751069614e-01
1.932479164275707484e-01
6.833526708212012135e-02
