-6.000769519474515867e-01
-6.000092290272871498e-01
9.999581436580502469e-01
-3.191466781168799532e-02
-1.000128457630705459e+00
-8.081826918563986828e-01
-6.000283364303572453e-01
-6.191958163695669010e-03
-7.947736921158362611e-01
-2.874217784722230551e-01
1.003039665600991559e-01
-9.999245498636609719e-01
2.156824603125085393e-01
-4.266072383022605219e-02
1.874153896853587575e-01
4.095484377773266904e-01
-5.368334952127953516e-03
-1.000021487181542268e+00
2.159931856437168340e-01
-2.194950761481696128e-02
4.062867207757460686e-01
3.985970129418938135e-01
-2.564905931147966611e-01
-8.081085253673756519e-01
-1.000020049539112721e+00
4.003103130983787228e-01
-3.622468631365353131e-01
-5.997702284997217248e-01
-3.460237674168638033e-01
9.999286109402977241e-02
-9.999326114228278550e-01
-7.836162488509876844e-01
-7.972842377987533480e-01
-1.000053210135012138e+00
4.263568655085573506e-02
9.999977375888786657e-01
-1.000063073687472937e+00
1.000122052536164263e+00
3.952550623800767937e-01
-6.000116542324780422e-01
1.000132537047969006e+00
-7.892126494672265791e-01
-3.314741702912017973e-01
1.001125559709471757e-01
-2.364691376390376520e-01
4.016973769419457385e-01
9.997009950010624091e-02
1.001441519697559984e-01
9.989738380394466710e-02
1.883480832354348655e-01
-9.999616275348136574e-01
-8.015805903398759424e-01
3.975436336780179269e-01
3.989070212824055162e-01
-3.180058639473684612e-01
-9.998756763424784255e-01
-8.163722889440938602e-01
3.971443754089483691e-01
2.748875113919152166e-02
-1.000003694467033410e+00
9.190876103099032690e-02
3.940008698732193060e-01
-1.000086666207693931e+00
-3.589927881057853876e-01
-9.999840615025274992e-01
9.997503764668813631e-02
-1.000040153414864630e+00
-9.218271151780699224e-02
-7.942856257949203469e-01
4.030552624155230301e-01
-6.000602477684866543e-01
-3.467694978391461236e-01
1.000317202788353760e-01
-3.226709316945066547e-02
2.021377073918511902e-01
9.975828006291415084e-02
2.011370466955770819e-01
1.000170100886093261e+00
2.340670456386728313e-02
-7.980621258130289331e-01
3.986086576494866640e-01
3.714915839785770668e-01
2.255227395130013912e-01
1.892193581290931015e-01
9.999758036407569994e-01
4.001362999157819234e-01
-1.000112531354178325e+00
-5.999945338600668476e-01
-9.999215829810638168e-01
6.333025278807785825e-03
-9.999311313170790028e-01
1.000727599563648873e-01
9.993002559125692408e-02
-5.999985581930161738e-01
3.755635772352255292e-02
-7.959708725279762698e-01
-8.139255077963445384e-01
-2.295091550443152939e-01
3.919729017904981516e-01
-3.407062820568110828e-01
4.093322404476582577e-01
-7.888529266387133143e-01
-2.232275639786257537e-01
1.001341318369152744e-01
9.988523014414900369e-02
1.000048103843425018e+00
-4.730220134391754233e-02
4.045656651818865801e-01
9.987126387724597210e-02
-2.755869437348646978e-01
2.020175597242721277e-01
-3.563953862846587217e-01
-5.998702787919246715e-01
1.000077700804438585e+00
4.101430244333001407e-01
1.996582861863569203e-01
1.000732267733001335e-01
1.000173425427691276e+00
-1.000072984548263655e+00
3.923690780974044556e-01
9.998583561462894842e-01
3.884757408311923510e-01
1.000308471461845011e-01
4.038980244825934873e-01
-5.999620726945096294e-01
4.112815955318923078e-01
-3.441777555026485080e-01
4.030198158706384537e-01
1.000013479366002711e+00
1.000043931205579550e+00
1.000284463386941353e-01
2.118664351959479719e-01
4.015554027939991499e-01
-8.030299513686230961e-01
9.979120295071094993e-02
9.999433366269715462e-01
1.000022399075982671e+00
-1.000007312482400046e+00
-6.000710495168731784e-01
4.085032741893318553e-01
4.570696125629169354e-02
4.069383147331177009e-01
9.991995474388160048e-02
3.862643015562870485e-01
1.000825377602234181e-02
-3.101486032407239080e-01
-6.001557918364344157e-01
2.028009804396175009e-01
9.999581796362219110e-01
-1.000029617660157744e+00
-8.073720513805606736e-01
9.999480186929401437e-01
4.183296208236438884e-01
-6.000374107642768573e-01
9.993063807596652692e-02
-1.772107450954600941e-02
-2.949752542134969624e-01
-8.090264438127831026e-01
2.071305364828996687e-01
9.985018222557906498e-02
9.998959630066052151e-01
2.094679015303754499e-01
2.076273436476658574e-01
-2.681643765236637611e-01
-1.000086361319588502e+00
7.324379965760530187e-02
4.009780181630406837e-01
-8.028302081510997334e-01
2.029938961979824708e-01
9.998259427178628478e-01
-7.973469195201815518e-01
-6.001228162618400530e-01
-1.000272419276639235e+00
3.785433696266705256e-02
-2.879239112553431124e-01
-5.998461906786479725e-01
8.757454382161581697e-04
1.945882739954626350e-01
-1.000167339046776238e+00
1.000137705903125562e+00
-7.963882453274281348e-01
4.042801313493205040e-01
-2.858095694750814042e-01
9.999191853003137620e-01
-9.998689061953486279e-01
3.608415013082726802e-02
1.986597619906619039e-01
1.000123122415084997e-01
-8.000981599296421720e-01
-3.232957648934814410e-01
-6.131304838055839923e-02
-4.124685078132482863e-01
2.032343926668677137e-01
-2.598129199975847403e-02
-5.999940591950543300e-01
-5.999551448746934801e-01
3.755893869136748275e-01
9.999147434096193887e-01
1.000031370703728800e-01
-3.177793142083279454e-01
1.896147711388440626e-01
9.973873456717140262e-02
1.001070615584667423e-01
-7.943773779342990782e-01
-5.998900671589628697e-01
-5.998164359827242720e-01
1.000002978295398304e+00
-6.001751265329715590e-01
-5.998556661348889429e-01
9.999761769234642994e-01
1.924442869724395377e-01
-8.149365237446950516e-01
3.988336287947418790e-01
4.011644410095496771e-02
1.905295611031856962e-01
-8.157790195611461792e-01
-9.999687288597393087e-01
-7.921496916936684451e-01
-1.000032371427811206e+00
9.999935759830194115e-01
9.999576896278198346e-01
-8.089174063351282085e-01
-2.977080967980557658e-01
1.466017730194702287e-02
-7.869953617627456488e-01
1.000014407492769264e+00
-5.999827163415792919e-01
1.002281411719663923e-01
-9.998618664444994808e-01
4.009524238605725044e-01
1.964144762162945701e-01
9.999343208876613209e-01
-6.002400045741905776e-01
-6.000087810399639121e-01
-3.522191923307557704e-01
1.000120733375980508e+00
1.002074638657838856e-01
1.000122823489066226e+00
9.999591545385624336e-01
-9.998915670959731550e-01
4.100480450715212055e-01
1.000835945099954882e-01
3.970379952884332542e-01
1.001753375826218845e-01
8.568751803314981694e-03
-3.155389881129149615e-02
1.884052545506629539e-01
4.075806795450958586e-01
-7.964136352212507486e-01
-5.999140667336064769e-01
4.034989125423611989e-01
1.000006402382733528e+00
1.022488446622350361e-01
-8.065736658404633053e-01
3.977882899223612601e-01
3.883143893827499527e-02
2.031081378770746848e-01
-9.999263228910905132e-01
-2.207838697759501034e-01
4.123534129622111744e-01
2.072544610355235850e-01
-8.152075751138895821e-02
9.998631758160280159e-01
9.999120734389250753e-01
1.000082629851109184e+00
9.984362946699977537e-02
-7.767751481910843692e-02
-9.999511238669573920e-01
-2.617770026554761542e-01
-2.562430039054749420e-01
9.999730531411022971e-01
-8.118777798496319420e-01
-8.003932924367267443e-01
-6.000223849095673856e-01
-2.485755640231563923e-01
-1.000090279601375309e+00
1.999213686908872523e-01
1.000315467824238608e-01
-5.999985712329087839e-01
-2.969406231410630717e-02
1.000096549717598871e+00
1.975464726933099935e-01
2.083009293942355844e-01
-4.329897724571949401e-03
-3.237815285976846091e-01
-3.163061007539174629e-01
-3.989202249762035524e-01
4.015260681150911726e-01
-3.054168405143439236e-01
1.000007328886590718e+00
9.999329197613371356e-01
-1.552749844536583171e-02
2.003710025827422636e-01
1.886326782970716154e-01
9.351057993798485637e-03
-2.459505460988664072e-01
-6.000712092960092114e-01
-1.000036827551362917e+00
1.919660045904951484e-01
1.106921853201496206e-02
