-5.998445019671724276e-01
-6.001078353623323647e-01
9.998792418787881831e-01
1.954869930795029298e-02
-9.999722889401141401e-01
-7.784223468857793815e-01
-5.999340322712499729e-01
4.464335621720905145e-02
-8.166031710937358135e-01
-3.167335931331874410e-01
9.998558406440086199e-02
-9.999650274436181485e-01
2.046197872938760320e-01
2.147451243145373934e-03
2.001963670148412811e-01
3.887259947484896783e-01
7.737923298801498151e-03
-9.998920370856629880e-01
1.971423472805246269e-01
-1.252362572121435702e-01
3.944169744479972817e-01
4.037655190661384452e-01
-3.058844468988840548e-01
-7.997851564420657144e-01
-9.999729866637726561e-01
3.949834025136465532e-01
-3.404925349718839200e-01
-5.999070215930841776e-01
-3.652880502404292629e-01
1.000801944692224360e-01
-9.999219037478432881e-01
-7.926792886693725393e-01
-8.044197141461693068e-01
-1.000235086396234152e+00
1.609689039802624996e-02
1.000136108854315031e+00
-9.999877260615542829e-01
9.998865470063668104e-01
4.048322243926523734e-01
-5.999757881440430651e-01
9.999654549150970295e-01
-8.092089922527385681e-01
-3.032868641837898616e-01
1.000949373645020346e-01
-2.573810384337572033e-01
4.135220293738933739e-01
1.000555446413344124e-01
1.001145866745864477e-01
9.994697770601848608e-02
2.198732278703289245e-01
-1.000052960513868161e+00
-7.895991135964861574e-01
3.797703200535969548e-01
3.906872934518648144e-01
-3.509647830492167997e-01
-1.000035366381878399e+00
-7.955921570516338859e-01
4.217512875583434573e-01
-2.969687564669576049e-02
-9.998620955091296336e-01
-3.346180763365745603e-02
4.024660966034989684e-01
-1.000067137464227374e+00
-3.251888911699449269e-01
-1.000115532692610110e+00
9.985529015129419872e-02
-9.999706274596493749e-01
3.171885329226573763e-02
-7.938772879571138752e-01
4.061503186801145859e-01
-6.001324461526421628e-01
-3.055793741378896589e-01
1.002056308177407817e-01
4.343432868174879058e-02
1.987982004055532936e-01
9.979696635008100669e-02
1.984101770092201178e-01
1.000016924313367195e+00
-6.979810319244848793e-02
-8.011571872920176807e-01
4.099567068463894071e-01
3.991172517276783127e-01
1.900534359964316244e-01
1.898742410017711935e-01
1.000078084400717771e+00
4.058191285949483973e-01
-1.000139683995153295e+00
-5.999839808889663173e-01
-9.998860370727548075e-01
-3.518962231449706407e-02
-9.999799657370056494e-01
1.000786626852713246e-01
9.998448360222983444e-02
-6.000862172425366348e-01
2.931986531962318954e-02
-7.990696609307791354e-01
-7.970466710069702421e-01
-2.797785850260406937e-01
4.093726650174739357e-01
-2.427711334895497064e-01
4.130819815812522555e-01
-7.987975315516848696e-01
-3.192285601816071683e-01
1.000179565017436101e-01
9.999302767308353157e-02
1.000049548073215222e+00
-5.609315618426448380e-02
3.906932329090297973e-01
1.001102747065602677e-01
-3.565249247434006952e-01
1.964602055580133011e-01
-3.349323169314515347e-01
-5.999975460271199657e-01
1.000003899763091342e+00
3.920778551546193480e-01
2.022673111141457813e-01
9.995705411548572172e-02
9.999667795705219353e-01
-1.000073996883858118e+00
4.083426604225910972e-01
1.000109531599335355e+00
3.965467530154536679e-01
1.001550933910756863e-01
3.933716197618338239e-01
-5.999541916046103873e-01
4.026468916904639705e-01
-3.046706440685086337e-01
3.906463462825842115e-01
9.999476476070722208e-01
1.000096899262077343e+00
1.000294872415189856e-01
1.993532908415257265e-01
4.070122996695288431e-01
-8.090243448457057340e-01
1.000796737443533091e-01
1.000000643918052212e+00
9.999717885776963078e-01
-1.000096564021554668e+00
-6.000693460255999145e-01
3.942522733907112276e-01
-2.553039457049077841e-03
3.864126359818951806e-01
1.000743222070847871e-01
3.946765709499988617e-01
-4.012091294263950975e-02
-3.059026798736341757e-01
-6.001279253755219534e-01
1.928936598046490092e-01
1.000087997257495420e+00
-1.000093335973157860e+00
-8.132728585007665822e-01
9.998894988985309595e-01
4.066369819060578483e-01
-6.000817471179242801e-01
1.000186517136904402e-01
7.202802295965353430e-02
-2.558765162295854600e-01
-8.100953974455763484e-01
1.928625273400729478e-01
1.001189500667777899e-01
1.000218198409184245e+00
2.237402244495428350e-01
1.974226991218455129e-01
-3.368526050174734943e-01
-9.999954869487028830e-01
-1.314734258945940426e-02
4.144013910845586457e-01
-7.867793324955244527e-01
1.956612800675717745e-01
1.000211300534783687e+00
-8.002491925676950002e-01
-5.999920583138454999e-01
-1.000313520314985327e+00
-6.843052008043508383e-02
-3.463404834371919816e-01
-5.998836236146619649e-01
4.120675388028265801e-02
2.100751858649500259e-01
-9.999871873780464826e-01
9.998782199460523046e-01
-7.984733345069505717e-01
4.001189057633343649e-01
-3.502999896773845157e-01
9.999829001695710318e-01
-9.998415669432531017e-01
-1.392978847144507870e-01
1.915049429621084875e-01
1.001428020304526156e-01
-8.078703130663917875e-01
-3.079573935012026031e-01
-3.820291230585134978e-02
-2.419436139484287540e-01
2.068560861261105055e-01
5.435860018790662773e-02
-5.999436483300633061e-01
-5.999739462546365143e-01
3.789580849645585725e-01
9.999240475967903219e-01
9.986505277963028671e-02
-3.188033624684145639e-01
2.080832299754883652e-01
1.000344577244892952e-01
9.999186918253737122e-02
-7.885468708335279242e-01
-5.998607931216520806e-01
-5.999682349631831890e-01
9.998411536616630402e-01
-6.000312754166231555e-01
-6.000564325398165533e-01
1.000059656540363440e+00
1.870147690953574693e-01
-7.889324910193605822e-01
3.971497762506549511e-01
5.539877259333653159e-02
2.072583928373039619e-01
-8.021542919673402272e-01
-9.999462052114550525e-01
-8.231688827396483887e-01
-9.998554443397907887e-01
9.999803889633541720e-01
9.998779213723154591e-01
-8.093861570677532979e-01
-2.602840622902784506e-01
-1.365679311406157483e-02
-8.042408066959292334e-01
9.998348968482850818e-01
-6.000564116821047733e-01
9.993989274092507369e-02
-1.000052793529678796e+00
4.074609799705552482e-01
2.221916607276341049e-01
1.000015200587718311e+00
-5.999887932977658878e-01
-5.999774525661258906e-01
-3.087298066057347357e-01
1.000058326045476731e+00
1.000437931104125877e-01
1.000086576375060377e+00
1.000092104191158571e+00
-9.999741354858504572e-01
4.066283951741394009e-01
1.000473596816587318e-01
3.956359751359991295e-01
9.995521964164394424e-02
-8.219373291282322525e-02
-3.426905855932827621e-02
2.071217452801759062e-01
4.007552754544013163e-01
-7.967710886735204223e-01
-5.999464107924600276e-01
4.031430248187807264e-01
9.999697649217811346e-01
1.217400938735722915e-02
-7.955635135386721624e-01
4.039418056372587329e-01
9.167764171584449895e-03
1.918190150703733554e-01
-9.999865826096105970e-01
-3.613324929359911231e-01
3.964750942665253297e-01
1.944974525619574679e-01
-7.525067977421310422e-03
1.000098807573420512e+00
9.999830482407808807e-01
9.998538380475769927e-01
1.000624297898972670e-01
4.602638415987750364e-02
-9.998860293619142858e-01
-2.966295658954389292e-01
-2.581747722218369345e-01
9.999799724545901380e-01
-8.124858504039553786e-01
-8.068685937527573238e-01
-5.999330793783672622e-01
-2.746353852878111734e-01
-9.999044450661519479e-01
2.042864541260679678e-01
9.994774659229041514e-02
-6.000124606041457032e-01
6.053339380198244357e-02
1.000140769845303312e+00
1.919116978193905199e-01
1.997582268345823031e-01
-7.515326107834285896e-02
-2.444677139965721335e-01
-2.834512666564273364e-01
-2.946678161037947219e-01
3.991156429968569230e-01
-3.708160482641454370e-01
9.999911584813415688e-01
1.000053547455459935e+00
-5.359173784418925710e-03
2.131772056356846523e-01
1.925594075234381142e-01
-4.410861013162512695e-02
-2.180500587713409266e-01
-6.000460484527118110e-01
-9.999174186713599699e-01
2.087214937397120496e-01
-2.515129042694068395e-03
