-5.999654931514875056e-01
-6.000848594041846562e-01
9.999508242606486297e-01
-1.050052245025646924e-01
-9.998710378809846366e-01
-8.057984193324084776e-01
-5.998850987787073263e-01
3.361241466005074341e-02
-8.174759659807168122e-01
-1.853763533256356788e-01
1.000701932179591525e-01
-9.998834402659076970e-01
1.950058233578679801e-01
-2.609551699379128106e-02
1.811281427072322370e-01
4.077455574175223307e-01
-4.159780122177825223e-02
-9.998612349497765228e-01
1.909921608185723152e-01
2.886718128997940030e-02
4.159613819426132841e-01
4.183179797256255106e-01
-2.498907302104368955e-01
-8.021990429118935895e-01
-9.999806065221994444e-01
3.918761313482774233e-01
-3.260563047893260680e-01
-5.999880753982417270e-01
-3.168498409256199078e-01
1.001155907601098960e-01
-9.999485071257431246e-01
-8.002556654187809038e-01
-8.110416410366392270e-01
-1.000112943257340348e+00
-4.210083048155992963e-02
1.000088733631868454e+00
-9.999516372892207627e-01
1.000076238002960416e+00
3.953365640106364376e-01
-5.999834554436174194e-01
1.000101474994542272e+00
-8.056941628158835744e-01
-4.358925413451548714e-01
9.996120971268780686e-02
-2.461513596646864310e-01
3.787258329029143944e-01
9.996648374305885931e-02
1.000377281663732548e-01
9.993801624915292503e-02
1.857147321740273138e-01
-9.999054910856167711e-01
-8.004320796439858832e-01
3.857132891270099173e-01
4.043131714256469333e-01
-3.202967952486264203e-01
-9.999564604166161219e-01
-7.924801802963390429e-01
4.046105310081224427e-01
2.928989393855964754e-02
-9.999330205541050454e-01
3.694623604158643604e-02
4.030188666872832060e-01
-1.000049789594423810e+00
-3.162272984248264418e-01
-1.000074268488635010e+00
9.999636019194987901e-02
-1.000115883488920332e+00
1.678461492706296784e-02
-8.118483397721297790e-01
3.747487886582481775e-01
-5.999820527469138520e-01
-3.457035762726635708e-01
9.987586676356624560e-02
-2.191868304137259416e-02
2.138492046153958881e-01
1.001404609164088244e-01
1.997278972482947890e-01
9.999386931085201269e-01
-2.244597275458352567e-02
-8.027853463446604776e-01
3.953262879424671583e-01
4.001577717722730743e-01
2.117122971955782140e-01
2.164046865335555181e-01
1.000045739007402457e+00
3.972044163745617196e-01
-1.000031343213717339e+00
-6.000148073760206424e-01
-9.998299405309762911e-01
-1.864019546270683642e-02
-9.999526091469653766e-01
1.000184536067279251e-01
1.001297057073523705e-01
-5.999965841723624571e-01
9.704411155166314806e-02
-7.948666397609169820e-01
-8.091448243133492202e-01
-2.825571281860206896e-01
4.044443916063227840e-01
-3.262856361650123271e-01
4.141861323162652764e-01
-8.106270907841418571e-01
-3.087254543213160396e-01
1.000495523822777649e-01
1.001012955611696176e-01
1.000087387035695885e+00
1.872568484900291250e-02
3.877980082504274284e-01
9.991000669839106285e-02
-2.154246806915781076e-01
2.055722717452035109e-01
-3.884141457196030878e-01
-6.000418924093476880e-01
1.000167163301419526e+00
3.833941905795237304e-01
2.020861147281284020e-01
9.987427326186228138e-02
1.000079868656823967e+00
-9.998804641729783782e-01
4.073999123127335920e-01
9.998823676778494374e-01
4.051611160153049673e-01
9.993521311067994628e-02
3.973121621305935602e-01
-6.000048914363105279e-01
4.074433453181738329e-01
-3.122399165346448346e-01
3.899780849988653819e-01
9.999219782407169355e-01
9.999918268126234411e-01
1.001793628502583439e-01
2.086363155440662809e-01
4.141768617516838336e-01
-7.927412820247941028e-01
9.984845462115078674e-02
9.999512116283718610e-01
1.000288608976778404e+00
-9.998565969901974659e-01
-6.000592712900099102e-01
4.032301719240912741e-01
2.938497571149432420e-03
3.938486769605898941e-01
1.000812640770598894e-01
3.891571318149240066e-01
1.319672776801314451e-02
-2.847052006781844447e-01
-6.000472203967954776e-01
1.970614907014337502e-01
9.997868365399908974e-01
-1.000004901096960719e+00
-8.035659786811422123e-01
1.000156708828232155e+00
4.002404809157845689e-01
-6.001161129942151895e-01
1.001070011431649670e-01
-2.614838589411363004e-02
-3.287112736954018177e-01
-7.964601956286333495e-01
1.914412497991272444e-01
9.998239429513816612e-02
1.000047455332088608e+00
2.067225803677754381e-01
1.973042817327191611e-01
-2.764114277739629921e-01
-9.999918897131790940e-01
7.796478855765742039e-03
3.900470565185358840e-01
-7.996221996990940939e-01
2.001741773303478689e-01
9.999938232452131315e-01
-8.003389986923170607e-01
-5.999109623272737002e-01
-9.999601390117062172e-01
3.101886428246886790e-02
-3.019037356077433620e-01
-6.001015557312302517e-01
1.075114442398323461e-01
2.100696197874589999e-01
-1.000074858384091270e+00
1.000152668117979315e+00
-8.088720993192918263e-01
3.936007444811507328e-01
-3.496861872106478142e-01
9.997685701954094339e-01
-9.999223150588859577e-01
-1.458404003420816532e-02
1.985364013250824622e-01
1.000752455062485363e-01
-8.034881533870947834e-01
-2.838127748452510812e-01
6.758172237098870883e-02
-3.261049221497169803e-01
2.007884687583116057e-01
5.769946252833133699e-02
-5.999499557445058251e-01
-5.998575342798565524e-01
4.007747399113477660e-01
1.000053572782031885e+00
9.989750074564694715e-02
-2.597305898103939859e-01
1.925658988861707333e-01
9.993780297016835457e-02
1.001113343809160450e-01
-7.958059342540564352e-01
-5.999514984388097938e-01
-5.998661954380649641e-01
1.000069979491057026e+00
-6.000517382756248574e-01
-5.999997507737887537e-01
1.000117327372869624e+00
1.949548091471180467e-01
-8.015043664921737143e-01
3.999233594594706620e-01
-1.504805475730143505e-02
2.146913584572816280e-01
-7.928015511793540249e-01
-9.998608527883940944e-01
-8.013838284069834117e-01
-1.000058797268636779e+00
1.000064278803325157e+00
1.000068866637060738e+00
-8.090174797218177005e-01
-3.077316949769021148e-01
-1.049236195457890070e-02
-7.986698230776901886e-01
1.000031145665057020e+00
-5.999521448385743971e-01
1.000456394294515355e-01
-9.999363138787126237e-01
4.093340350919486559e-01
1.964759119214580241e-01
1.000052160617653119e+00
-5.999764775469480504e-01
-6.000241257977169118e-01
-1.568157006945960497e-01
9.999130150555117780e-01
1.000381642143440136e-01
1.000075200092192196e+00
9.998577925739668970e-01
-9.997436436346777144e-01
3.948758337116732853e-01
1.001047408642928155e-01
3.850441945108789565e-01
9.994959189859059512e-02
6.840178082477410548e-02
6.130762203793038712e-02
2.011535915832074195e-01
4.179166321558111519e-01
-8.074904718988197283e-01
-6.001052732258144173e-01
4.028542193369766267e-01
1.000056536238895122e+00
-1.502598699957475616e-02
-7.832201019040704315e-01
3.826109106548581940e-01
-7.165844880028956164e-03
2.055605221264849014e-01
-1.000050529518180964e+00
-3.484302034137100046e-01
4.058502482030469372e-01
1.953480773630460188e-01
5.731330795834661818e-02
9.998809853872553388e-01
1.000084234370893110e+00
9.999989854021534841e-01
1.002192029682108243e-01
8.778104042796625039e-02
-9.999916972277471672e-01
-3.072427680584116083e-01
-2.354598300712501535e-01
1.000068018797302116e+00
-7.848456680963390442e-01
-8.168425338073239672e-01
-6.000786901457161315e-01
-3.770255724379923401e-01
-9.999652571946114898e-01
1.814957943818616970e-01
1.000014509679467423e-01
-5.999985832191102597e-01
-9.955610454109304133e-03
9.998860596691953040e-01
1.809441854036124564e-01
1.973308383738840155e-01
4.854860169721991747e-02
-2.220113871344372436e-01
-2.219467686027104536e-01
-2.483254228392500762e-01
4.053937110086511808e-01
-2.834861783614089359e-01
9.999183500984880624e-01
9.998478246754956000e-01
-2.686301527601954800e-02
2.064131084848166153e-01
2.100354791791079478e-01
-3.681738656715161789e-02
-2.663126238718527272e-01
-6.001170092938791223e-01
-1.000034026686530853e+00
2.075212141958207024e-01
6.336065080022337814e-02
