-6.000927939509410614e-01
-5.998663642487263026e-01
9.999598872918036285e-01
-9.600163466457412031e-02
-9.999333846089076827e-01
-8.058069882056347888e-01
-5.998518508425749740e-01
7.802472617837472556e-03
-8.013460319751549710e-01
-2.790398773844167679e-01
1.000547253053159225e-01
-1.000131083513831287e+00
2.040935733160231247e-01
-4.535171192472643893e-03
1.971379635217291870e-01
3.772125149376249764e-01
-2.477495934233915620e-02
-1.000096696663967499e+00
2.092863445325160443e-01
9.695529978663333659e-02
4.017423975774784828e-01
3.849780742478787210e-01
-3.633373638780090786e-01
-8.034409471106633838e-01
-1.000082709570394801e+00
4.086353205023084412e-01
-3.765384067804253276e-01
-6.001678705348904019e-01
-2.875583727543516988e-01
9.995437225934716841e-02
-1.000060996017318349e+00
-8.149914160882473224e-01
-7.941733685211836979e-01
-9.998612207375435768e-01
-5.686337621253011870e-02
1.000009604145032593e+00
-1.000203424476354019e+00
9.999955522223431537e-01
3.974953345825552042e-01
-6.000092665253820012e-01
1.000108102560171686e+00
-8.013933730142872580e-01
-2.583347854787998443e-01
9.995084997519512737e-02
-2.226711110981196007e-01
3.966784234834065392e-01
9.982608514987684201e-02
1.000652376597515048e-01
1.000515249339821444e-01
2.008110039029955829e-01
-9.998950787006585239e-01
-7.975303294683272481e-01
3.804923673737282686e-01
4.072636534400218000e-01
-2.815876925958697430e-01
-1.000244425379548829e+00
-7.975753641305310948e-01
3.965046614682032344e-01
4.022003994966917573e-03
-9.999815845492617816e-01
-1.955659926359881381e-02
3.880959657114314565e-01
-9.999440501683726223e-01
-2.712120952996437406e-01
-9.999363891598200826e-01
1.000742345168193076e-01
-9.999891484844612988e-01
6.258138711249748576e-02
-7.880486237196872024e-01
4.027489684253570124e-01
-6.000002490298730340e-01
-4.178367172264451090e-01
1.001025012953281751e-01
-2.411422675519022535e-02
1.957347099693353687e-01
9.997085411093224738e-02
1.794996066200209295e-01
1.000003351371409499e+00
-3.962756726574369337e-02
-7.996722029079965655e-01
3.989285255737861635e-01
3.748065841555319744e-01
2.044404945633393755e-01
2.098467940440675028e-01
9.999777652763386371e-01
3.981497847723552419e-01
-9.999345596141765435e-01
-5.998632451815153477e-01
-1.000133284284602020e+00
-4.174178085440465209e-03
-9.999588687903968598e-01
9.997834764333460300e-02
9.983345932735752937e-02
-6.000824152885463336e-01
-1.346844622461969287e-01
-7.887134897766985286e-01
-7.852465954829357386e-01
-3.354462028401075102e-01
3.971586750291868917e-01
-4.013492072117247345e-01
3.936435766877330322e-01
-7.871443975839707008e-01
-1.623576263875979864e-01
1.001343020263313760e-01
1.001433802073660451e-01
1.000125679337894757e+00
-4.241297909736917171e-02
3.803823766655575755e-01
1.000968911088141455e-01
-3.217913622804767226e-01
2.159893306114819556e-01
-2.174695356576695215e-01
-6.000927824915273101e-01
1.000142242293043049e+00
4.045503409969664066e-01
2.008263325643230846e-01
9.998340750339283767e-02
1.000013969740411568e+00
-9.998893165520138515e-01
4.042364141230964658e-01
1.000062823850500715e+00
3.929824909977347458e-01
9.985380428913542827e-02
3.910199061461235304e-01
-6.002107480122139682e-01
4.195687845064352550e-01
-2.198255265827871452e-01
4.062187931118648176e-01
1.000090458378806613e+00
1.000055093678305029e+00
1.001505144045387735e-01
1.922608571141216360e-01
3.932625786832525949e-01
-8.109496878114418328e-01
1.000107143496342665e-01
9.999619966463230147e-01
1.000013806761916868e+00
-1.000096144149976940e+00
-5.999507600306963617e-01
3.957784722711511494e-01
-1.800431769775746524e-02
3.983096741946641761e-01
1.000511347014232111e-01
4.008536734766352527e-01
1.086909765226786312e-01
-2.208169101279126023e-01
-6.000129217973156903e-01
1.797421829336798837e-01
9.999388050603631450e-01
-9.999687939267027925e-01
-7.915335135986613091e-01
1.000094300158227645e+00
3.993335555488257138e-01
-5.999200784238349904e-01
1.000829628237977359e-01
-6.067129849656826418e-02
-2.715624266990007141e-01
-8.160052014289266298e-01
1.975425928860113922e-01
1.000298332088767062e-01
9.999349787495461772e-01
1.940696414060253394e-01
1.864136211000805843e-01
-2.965563143552991665e-01
-1.000179661256799246e+00
3.781160529843898693e-02
4.110754708388436596e-01
-8.073395152877183012e-01
2.071544549278538649e-01
9.997971996490638835e-01
-7.910103230031171329e-01
-6.001421769047753374e-01
-9.999351624183996368e-01
-6.921153548358666141e-02
-2.429111852413509687e-01
-6.000548522297237675e-01
-3.508669389492459489e-02
1.945403616496916843e-01
-1.000096037109066360e+00
1.000111557383371874e+00
-7.727195936441462187e-01
4.061318090247336143e-01
-3.170678107909258303e-01
9.997900940943060810e-01
-1.000367068964046924e+00
1.284544753899919192e-02
2.074839698118926823e-01
1.002132866584268811e-01
-7.899459218819696593e-01
-3.381021644033856410e-01
7.976588482764199184e-02
-3.403010833680961134e-01
1.922491293845202953e-01
-2.382352676348331588e-02
-5.999759424318384937e-01
-5.999974236452803034e-01
4.087071966153266733e-01
1.000013200842606809e+00
1.000214192875719110e-01
-2.896153034895072031e-01
1.951134179417865488e-01
9.994824223341623737e-02
9.992761181212118926e-02
-8.061071119340504909e-01
-6.002459631792139705e-01
-6.000529425660026117e-01
9.999692997430557062e-01
-5.998308476339319073e-01
-6.001412743782573722e-01
9.998766481773055936e-01
1.926033392044342596e-01
-8.008546670291295522e-01
3.900692780642683877e-01
-9.935370036529991844e-02
1.801288949155989139e-01
-7.970154811724343702e-01
-9.999850112992261231e-01
-7.952399693723294360e-01
-9.998768401167202891e-01
9.999573278530076159e-01
1.000183567181950339e+00
-8.016668635495762807e-01
-3.437314333438887259e-01
-6.738494325364201981e-03
-7.911693568163636892e-01
9.999489478239218521e-01
-6.000426943775468702e-01
1.001138539582848846e-01
-9.999437419125678517e-01
4.063706476394694511e-01
1.901640148555396592e-01
1.000006975999482739e+00
-5.997962881757229470e-01
-5.998621585411454404e-01
-3.747626091679434612e-01
1.000113868092264768e+00
1.001271206631119959e-01
9.999244852077875390e-01
1.000052115525266627e+00
-9.999766985272711128e-01
3.990477540154063196e-01
1.000606145448855455e-01
3.901457171325663498e-01
1.000147256263591855e-01
-1.318456704141439395e-02
-7.632456922509556208e-02
1.894942518659656350e-01
3.939098007815836633e-01
-8.138371070020481435e-01
-6.000318757945097836e-01
4.029559834390782913e-01
9.998929285497609731e-01
9.576847788152785534e-03
-7.961932374688395209e-01
3.932106487558230112e-01
-1.691168384317283044e-02
2.018498087408315267e-01
-9.999240300395144665e-01
-2.824712041861706102e-01
4.009736014004574023e-01
2.153294998005464422e-01
6.006535112762111800e-02
1.000054235803410352e+00
9.997439691080389768e-01
9.999755145680389035e-01
1.001066062923803152e-01
2.308662269828466729e-02
-9.999479713714058970e-01
-3.240314158464602801e-01
-2.187696192414942953e-01
1.000086803881683251e+00
-7.898079993643856156e-01
-7.943056735573990057e-01
-5.999301227490327904e-01
-2.785588650323715942e-01
-1.000139180212219703e+00
1.890334598174066849e-01
1.000895382221949070e-01
-5.998384642943682676e-01
-3.510182433161262300e-02
9.999757180129983380e-01
1.898833416894347703e-01
1.968657635431745601e-01
3.492080009245010497e-02
-3.535283877372595862e-01
-2.120542303973701470e-01
-3.745477743904753187e-01
3.991869734608706199e-01
-2.853811085178630802e-01
1.000010225446140488e+00
1.000027720879672621e+00
-4.839457249541090356e-02
1.982821225846399527e-01
1.950940136176758100e-01
-2.578356250060659036e-02
-3.823417721769745703e-01
-5.999663023774005621e-01
-1.000074823881848651e+00
1.969669068111001009e-01
7.624208923463869636e-02
