-5.999184800232637560e-01
-5.999505202794382930e-01
9.999154962613774345e-01
2.486080155208176407e-02
-9.999170564042068055e-01
-7.997071282352831156e-01
-6.000145368497507015e-01
4.614733995897454116e-02
-7.972121538202172619e-01
-2.653627537009520809e-01
9.989899487208224460e-02
-1.000014309559321246e+00
2.031127222687419964e-01
1.584327973492042838e-02
2.030269932878490113e-01
4.092742705901317168e-01
-1.544268770361094389e-02
-1.000063925465516146e+00
2.057628605297101843e-01
4.797513763035885642e-02
4.037980353590429061e-01
4.104162956471606449e-01
-3.117858930604640033e-01
-7.941971531387566063e-01
-1.000043937008022965e+00
3.953650558916740332e-01
-3.221864194561482875e-01
-6.000563565906824604e-01
-3.106529569532931467e-01
1.001033167742646779e-01
-1.000084642747042007e+00
-8.031007072194336072e-01
-8.073065062355163635e-01
-9.999566601911067387e-01
-7.783359897449501977e-03
9.998792726687608656e-01
-1.000039512188833912e+00
1.000010662469686951e+00
4.018630734171138585e-01
-5.998975993115913674e-01
9.998323071634487302e-01
-7.928210541361658814e-01
-2.220908993979407442e-01
9.990419358806904016e-02
-4.288083989253959061e-01
4.038447944388776079e-01
9.987979916750946985e-02
9.998777701957201058e-02
1.000099000419938655e-01
1.939043093287035058e-01
-1.000049897425736134e+00
-7.930305683136447126e-01
4.037108243089785886e-01
4.045356398815444510e-01
-1.962451991519691685e-01
-9.998381110354829238e-01
-8.017131695333405972e-01
3.978016136546118631e-01
6.651266847035990255e-03
-9.999771090960035691e-01
6.478296913441110305e-02
3.835313564930653008e-01
-1.000054436216740283e+00
-3.867432273943363641e-01
-1.000179295447287897e+00
9.984806684364208595e-02
-9.999457491030165901e-01
-4.314479729275483288e-02
-8.001900980473350966e-01
4.085632160527160606e-01
-6.000051302563923494e-01
-2.587906976390065283e-01
9.997461045266259339e-02
2.289621128203556122e-02
1.831001998440048295e-01
1.001453016858183942e-01
1.842743378635071094e-01
9.999890383327678656e-01
-9.614284991105898071e-02
-8.111583070438791454e-01
3.900849252613739493e-01
3.875520341248120948e-01
2.067654163969058490e-01
1.935333377380598074e-01
1.000116171849617430e+00
3.948001283854538634e-01
-1.000162102765717043e+00
-5.999571866485334803e-01
-9.999915039827318441e-01
5.588516079699459849e-02
-1.000036406442388559e+00
9.991850187733571087e-02
1.001776718525912990e-01
-6.000397018792149595e-01
4.600938029276540123e-03
-7.899363169329406409e-01
-7.898638819248792187e-01
-2.898447775189261222e-01
3.887603182718417649e-01
-2.905001572828515011e-01
3.812362591502829190e-01
-8.187726753288289139e-01
-2.192151396808115216e-01
1.000991952931542667e-01
9.988832786643844774e-02
1.000126410911677866e+00
-2.549075256844475848e-02
4.087575955705364805e-01
1.000625145400364929e-01
-3.213813186246938791e-01
1.953992844686592567e-01
-3.231064889369283377e-01
-6.000518797691919426e-01
9.999841182754227731e-01
3.824045947164838033e-01
2.028582666164980564e-01
1.001606157925251372e-01
1.000016065697489243e+00
-9.998230441909938815e-01
4.018930512878842176e-01
1.000036257976182563e+00
4.141618483230987691e-01
1.000212646568883618e-01
4.096373245881840264e-01
-5.999135837862865639e-01
4.052383705343780007e-01
-2.934517659816948676e-01
3.921550923080530104e-01
9.999225690362045782e-01
9.998289831627429347e-01
9.993928470875440562e-02
1.864721512660539871e-01
4.036587346822460010e-01
-7.914413926599696003e-01
9.985000207443323061e-02
9.999706724896033627e-01
9.999441152839918523e-01
-9.999684482935243812e-01
-5.999830646029982173e-01
3.840681976366122630e-01
1.309599305097412271e-02
4.177283295308807376e-01
9.975334117642081777e-02
4.200513493937275133e-01
-4.327828750956200232e-02
-2.964939472796386810e-01
-5.998748175607041544e-01
2.051295884279948356e-01
1.000137046561206056e+00
-1.000043300695044213e+00
-7.963193679818312276e-01
1.000072556966204784e+00
4.166989411403345112e-01
-5.999156687537823274e-01
9.997490208755543950e-02
1.359447493420547770e-01
-3.023053879891595130e-01
-7.923030506015290575e-01
2.086659748130402781e-01
1.000620447792766043e-01
9.998605683039049064e-01
2.118320355915826181e-01
2.154510074799625419e-01
-2.424194540769449291e-01
-9.999155978019558244e-01
-3.373740024879128344e-03
4.032278031669777607e-01
-7.929568002568609941e-01
1.891549004362684805e-01
1.000111682988410244e+00
-7.879133551134790414e-01
-5.998927660849234789e-01
-9.998079536633058817e-01
-2.502926400447610597e-02
-3.146447790094037411e-01
-6.001076403623046840e-01
-3.911980020574029604e-02
2.089752633178089680e-01
-9.998635607372743372e-01
1.000042627947343332e+00
-7.838728672891365212e-01
3.873488744473007062e-01
-2.923452592612214018e-01
1.000077497808378846e+00
-1.000090076218888901e+00
1.702575249347688946e-02
2.106359533903828796e-01
9.999229884321633732e-02
-7.963669246306315230e-01
-3.310513652301846910e-01
-5.874269198869777608e-02
-2.022046265509625795e-01
1.891343708256628675e-01
2.676194334467472957e-02
-5.999869796594666793e-01
-5.999565020079996591e-01
3.988676821746634515e-01
9.998924414164609420e-01
1.001460434587252424e-01
-3.760588515778940377e-01
2.098690992279002021e-01
9.994037068252882572e-02
1.000829372619782415e-01
-8.176004292173079113e-01
-5.999882721744057568e-01
-6.000937164425064196e-01
1.000145802611875023e+00
-5.999368613341856671e-01
-5.998857371147940931e-01
9.999514295159280808e-01
2.023660286341453785e-01
-7.954909331456453403e-01
3.947159016116686403e-01
-3.340510657298081942e-02
1.930059766633253071e-01
-7.867925010769524219e-01
-9.999034822196651850e-01
-7.847679656125967629e-01
-1.000062709141582573e+00
1.000005497409148569e+00
9.999799847396767527e-01
-7.731200505972481984e-01
-3.304096895088888264e-01
-5.766399703709401692e-02
-7.975819389421741068e-01
1.000086998041983533e+00
-5.999580764008723976e-01
9.976562502448939329e-02
-1.000019978262561171e+00
4.068259474749847393e-01
2.012881626371837429e-01
9.998576572074597824e-01
-5.999473010695496322e-01
-5.999830494887651300e-01
-2.547253792411752205e-01
9.998715845240464528e-01
1.000088981402167537e-01
1.000077766430671034e+00
1.000198212654492602e+00
-9.997960546310447061e-01
4.023522324783172510e-01
9.978648312295085310e-02
3.900003960926437530e-01
9.985854786543103823e-02
1.933343071165684324e-02
-1.097341198642780465e-02
2.094373922093490104e-01
3.933473552631567283e-01
-7.794155842209092855e-01
-5.999893177413272438e-01
4.050019436407997220e-01
9.998773390602241351e-01
-5.978427619740101819e-03
-8.055063618675838422e-01
3.685592573178671505e-01
2.621909003333342675e-02
2.046969261994803502e-01
-1.000052445930639466e+00
-2.951769385228269482e-01
4.103413129311963004e-01
2.032955379158237486e-01
-5.525647054869099739e-02
1.000029568007171132e+00
1.000153299491859382e+00
9.997699161830363446e-01
9.985534990860205073e-02
2.490961163117394461e-02
-9.999095131696462690e-01
-3.162949199583938165e-01
-2.842878281218257364e-01
9.999626640699370572e-01
-8.018780760237994576e-01
-8.174611611376882969e-01
-6.000071206261572421e-01
-3.501125356481113449e-01
-9.998537450012430217e-01
1.889143266615191663e-01
1.000021572388444108e-01
-5.999407532708987967e-01
-5.240385925407915757e-02
9.999052656169932218e-01
2.218465478213049458e-01
1.893057162819723471e-01
-5.547408056745922744e-02
-3.371987115139051805e-01
-2.193115366240462050e-01
-2.286924467832308072e-01
4.027002990915121150e-01
-2.324055838225468906e-01
1.000010555737801177e+00
9.999151692796947044e-01
-8.145985335985361786e-02
1.969953577276067347e-01
2.002646465543345133e-01
4.804645080854660216e-02
-2.766888604186175105e-01
-6.000345852422461768e-01
-9.999356258149615373e-01
1.916862751016099875e-01
-6.796264895722184396e-02
