-5.999228614406669768e-01
-6.000411259348007453e-01
9.999898965153217745e-01
-4.699627389131956490e-02
-9.999788729193284098e-01
-8.079437786052890980e-01
-6.000489979507638294e-01
-7.026143658911397638e-02
-7.763996459677969808e-01
-3.502945869814131363e-01
1.000219497210729502e-01
-1.000077241443809273e+00
1.997765003082759838e-01
-4.906021413268488174e-02
1.966224184001247044e-01
3.964498910391969222e-01
3.062124376935312919e-02
-1.000034871979884610e+00
1.847437004409674954e-01
4.720216796147919808e-02
4.035322371049018253e-01
3.962266534088695891e-01
-3.252636683956196539e-01
-7.956203893414723893e-01
-9.999937767538462641e-01
3.848716228970835429e-01
-2.358481261988408240e-01
-6.000402615955748864e-01
-2.743259240498224782e-01
9.995684378503170986e-02
-1.000004814630549133e+00
-8.052748284262551959e-01
-7.996203474256206034e-01
-9.999382040773062696e-01
2.154448483851122836e-02
1.000038561618227018e+00
-1.000028750070417694e+00
1.000239016229146793e+00
3.981197835015047315e-01
-5.998880840929073921e-01
9.998000126450760083e-01
-8.004030664006293039e-01
-2.902205977815510707e-01
1.000549232584113934e-01
-3.364444392991799981e-01
4.065947530177578262e-01
1.000251068520801589e-01
1.000181820449361769e-01
1.000438869576050771e-01
1.995898387803328733e-01
-9.999497429111554592e-01
-8.112245522255708829e-01
4.147538599609887910e-01
4.053571634627340936e-01
-3.064407137314787422e-01
-1.000064836725583772e+00
-7.848654420678472521e-01
4.089843434663683608e-01
-5.685182837323207727e-02
-9.998660295341069704e-01
3.486179525010565244e-03
3.804695211087003592e-01
-9.999469618842041774e-01
-2.974453550548262215e-01
-1.000044013866797421e+00
1.000302388885159904e-01
-9.999804724355492169e-01
-6.941025853843219191e-03
-7.912471264390995573e-01
3.898359358523734164e-01
-5.999186264997463658e-01
-2.827543758680819419e-01
1.000611274820732838e-01
8.850567223579030446e-03
1.971668328087092525e-01
9.986164865764007859e-02
1.984737011563034448e-01
1.000212675163441478e+00
-6.394199130313690804e-02
-7.916023789221786622e-01
4.048472463854928538e-01
3.818527146394105065e-01
2.024272282743215245e-01
1.934454199601463031e-01
1.000011453151463003e+00
4.020303830135942280e-01
-1.000049340453150304e+00
-5.999639866432362467e-01
-9.996773731533501461e-01
-8.739221874952044986e-03
-1.000019174240445397e+00
9.996586947986198235e-02
1.000342897010350340e-01
-5.999698271778337588e-01
-3.254108917362479036e-02
-8.075256410068641921e-01
-8.096798769243103155e-01
-3.211370912091409124e-01
4.064867278716317034e-01
-2.970621077607807914e-01
3.938613057099750181e-01
-7.931259539710288076e-01
-3.567881961405962032e-01
9.985514333563398626e-02
1.001152744990506799e-01
1.000050016508051920e+00
9.152528425172985413e-03
3.938626921224129274e-01
9.989443575557699351e-02
-3.154067930861707558e-01
2.025180359300460253e-01
-3.377330082337611783e-01
-6.000325744542130968e-01
1.000032101787162730e+00
4.156180114627437416e-01
1.956902917314518597e-01
1.000964227826857955e-01
9.999192344204573812e-01
-1.000315668211886777e+00
3.918881361342975156e-01
1.000138479955092974e+00
4.117880235753826890e-01
9.995637709206556254e-02
4.101653032601939586e-01
-5.999874732810973610e-01
4.011377615697281906e-01
-2.663056540615264534e-01
4.119587628022978731e-01
9.999103999074068216e-01
9.998585013429938106e-01
1.000843569465029864e-01
1.951193216512566997e-01
3.957546192618869307e-01
-7.980708057141603362e-01
1.000044823351860512e-01
1.000160639003806251e+00
9.999592381154810417e-01
-9.998831591541982311e-01
-5.999731588194099352e-01
4.128655802332517055e-01
4.313887159525914977e-02
3.942486553877776467e-01
9.980018461335488089e-02
4.097138952543926127e-01
-6.731437651275094802e-02
-2.563529564361115565e-01
-5.998701095512956050e-01
2.055969188969124228e-01
9.999237994348896263e-01
-1.000244833883435769e+00
-7.883456497686900377e-01
1.000204739975609991e+00
4.075765518183174785e-01
-6.001892736733883682e-01
1.002287991171855741e-01
-4.269105090887445608e-02
-2.649940863338453023e-01
-8.022284105907068197e-01
2.053367296033618283e-01
1.000591878467077811e-01
9.999270093087090361e-01
1.999746835796152866e-01
2.207028289617672667e-01
-3.231841087157238945e-01
-9.999758490531401867e-01
-4.984724378452226601e-02
4.013012348826638931e-01
-8.019744461888576037e-01
1.963682392709983071e-01
1.000163672113149937e+00
-7.919025926432675666e-01
-6.001537785034674055e-01
-1.000157310760787732e+00
-6.098885045249896608e-02
-2.817212918496984075e-01
-6.000744192921242393e-01
-8.640666237652279424e-02
2.057992483989006527e-01
-1.000184124400523844e+00
1.000004362878241793e+00
-7.993240640933543251e-01
4.091927276610778375e-01
-3.526574438140358536e-01
1.000131244207341341e+00
-9.999373980842941600e-01
6.418671053728806919e-02
2.023795316833006397e-01
9.997004534598824543e-02
-8.220809402656991116e-01
-3.247575234155317125e-01
-9.093408097215626915e-03
-3.079886021335827562e-01
2.020555221149649694e-01
-4.020189953192248450e-02
-6.000379606522187048e-01
-6.000222614579676650e-01
4.112583404640935969e-01
1.000104990308668729e+00
1.000701399428044203e-01
-2.242865359420896654e-01
1.967747558686770426e-01
1.000601058695520795e-01
9.996958262882695012e-02
-8.163173294928696144e-01
-6.001815800642454901e-01
-6.000589874738359031e-01
9.998840847275470844e-01
-6.001039124902962651e-01
-6.002584846255453188e-01
1.000053332033024489e+00
1.993568713357608546e-01
-7.937943282852061300e-01
4.000475074496186445e-01
2.322306185612640211e-02
1.884253492536157593e-01
-8.113684149362470066e-01
-1.000096117197855294e+00
-8.164472579811736797e-01
-9.998142648511557651e-01
9.999391303223591487e-01
1.000160355078864249e+00
-8.120688020698042520e-01
-3.196185710903032273e-01
1.000454528658677456e-01
-8.057217828543377092e-01
1.000109592955621407e+00
-5.998621098866010470e-01
9.991641341457285774e-02
-9.998418356860944156e-01
4.133664685797701077e-01
2.031054861811572854e-01
9.998673152475689996e-01
-6.000181235503063704e-01
-6.000556979893819642e-01
-3.853837288127128224e-01
1.000018607326261355e+00
1.000363185283996148e-01
1.000087601756743050e+00
9.999331584225128466e-01
-9.999290898192885191e-01
3.920026134175559340e-01
1.001375990751769002e-01
3.976390379849101264e-01
1.000445638274003596e-01
-8.753095087614001790e-02
1.985852548378723090e-02
2.096583207023268169e-01
4.035564079445513874e-01
-8.021871231206495478e-01
-5.998177177457891807e-01
4.083410466044536946e-01
1.000124924714734798e+00
-8.950159537112516855e-03
-8.005052040628578558e-01
3.971326310843276697e-01
4.928221152882228395e-02
2.066002407083831205e-01
-9.999928541597353782e-01
-3.016274940721714315e-01
4.200277572442025487e-01
1.818160995278881864e-01
1.060029873136388891e-02
9.999392320404227874e-01
1.000004431382637726e+00
1.000208736453457314e+00
1.001687726806748252e-01
-3.598974062685438881e-03
-9.998362374810378927e-01
-3.639771158521324379e-01
-3.849394558160766922e-01
9.999465722074637464e-01
-7.994525827430075671e-01
-8.131706873400248448e-01
-6.000459702749315616e-01
-3.126669504021603041e-01
-1.000146493656203450e+00
2.152225056179254692e-01
1.000669009984473529e-01
-6.001040532845255404e-01
-6.956284687609418094e-02
9.999299147386072617e-01
1.861820976218284962e-01
1.997546392591772191e-01
6.195998904727813283e-02
-4.122369665882315015e-01
-2.834486302245217693e-01
-3.967300360333393949e-01
3.999535205091428458e-01
-2.687093777905339986e-01
9.998617196122969730e-01
9.999747751239679294e-01
3.774859496681937793e-02
2.122777546304350227e-01
1.928682914306737439e-01
6.698812292927397785e-03
-3.526248995433854949e-01
-6.000130473761351446e-01
-9.999139522046380790e-01
1.907160108376363961e-01
-7.093688986541911434e-02
