-6.000357120631141239e-01
-5.999637305454462721e-01
9.998761399227812374e-01
4.880842114127491305e-02
-9.998884275916912756e-01
-7.995555713416208077e-01
-5.999031127042853129e-01
-7.372659935677981780e-02
-7.954962360447379588e-01
-2.268044450651943156e-01
9.989655533803447340e-02
-9.998422824573117706e-01
2.066398091743808785e-01
2.848804350567885838e-03
1.892884980509081938e-01
3.897787232456107476e-01
5.738087355463075689e-02
-9.999944695392364302e-01
2.152970244966998237e-01
-1.804562341664683531e-02
4.083436837928953733e-01
3.921125592365961032e-01
-3.215343183625452572e-01
-7.925495250229710464e-01
-9.998751902184059848e-01
3.975541866698354965e-01
-3.103805795591222938e-01
-6.000094072697600422e-01
-3.459018465555993016e-01
1.000477931676825999e-01
-9.997551250089515840e-01
-8.016952762476262651e-01
-7.890540816522618739e-01
-9.999850981022060381e-01
2.487493496556639205e-02
9.998427497644357675e-01
-1.000198049725856686e+00
9.999167001139271926e-01
4.099084114997241790e-01
-5.997693129210233121e-01
9.999115572050989442e-01
-8.056038791596993320e-01
-3.316934214442156525e-01
1.001924869369029136e-01
-2.803757638968822907e-01
4.109830256488056222e-01
9.999418628772314965e-02
9.986865162572221288e-02
9.996198190527495753e-02
1.854181065278562024e-01
-1.000035061792571067e+00
-7.997409886140460777e-01
3.995084103609508053e-01
4.111192585551163847e-01
-2.806932384017235549e-01
-9.999299494555250467e-01
-8.118838914005938046e-01
3.924076366250671688e-01
9.165388682380361252e-02
-9.999905072429300379e-01
8.255203050913550999e-02
3.995789883420199362e-01
-1.000019852318157598e+00
-2.823687382789924483e-01
-1.000085766934548204e+00
9.994129124895731464e-02
-9.999926280801729739e-01
4.119145052896115017e-02
-7.964610275374908177e-01
4.172865319826386532e-01
-5.999643604254301099e-01
-3.372129956262486239e-01
1.000328754583887231e-01
-4.830772308551584127e-02
2.150740747356766347e-01
1.000394639361287530e-01
1.879495780815934602e-01
9.999921250469411271e-01
5.804487697958637948e-02
-8.132103235689096543e-01
4.101052781230663524e-01
3.940321054408354451e-01
2.020525047204520530e-01
1.961322086077025850e-01
9.999931598437439284e-01
3.859219648193166208e-01
-9.999433330387964558e-01
-5.998560160872729030e-01
-9.999812062858757233e-01
6.899200624582764452e-02
-9.998794163688540237e-01
9.988930626873698815e-02
1.000376859663234946e-01
-6.001508055037901856e-01
-1.302455707658103229e-02
-7.879612796175649025e-01
-7.926498010395680582e-01
-2.280015643611502663e-01
3.812938464999433563e-01
-3.220720903424701409e-01
3.968810761629978923e-01
-7.933837957132795493e-01
-3.332395186113398799e-01
1.001694631985368539e-01
1.001211427016601152e-01
9.999568556572985267e-01
-3.016601505169293554e-02
3.970191257895415160e-01
9.975235392019930758e-02
-2.644286862979789432e-01
2.022861576930272132e-01
-2.077628531084642627e-01
-6.000570858877589675e-01
1.000053320443699656e+00
3.976550187047911966e-01
2.002082509874867633e-01
1.000037679808324503e-01
1.000067848472763643e+00
-9.998660441545588196e-01
4.042298808703687629e-01
1.000192815840534655e+00
3.873086149094721042e-01
9.990610119117979138e-02
4.113426649330162999e-01
-6.000176685658349385e-01
4.022032356353443805e-01
-3.745401330938566420e-01
3.960073306741375698e-01
1.000042064973867495e+00
9.997958249019971433e-01
9.999551729193530136e-02
2.123317424182407931e-01
4.019644640005161640e-01
-7.976918663530893072e-01
9.999955659391593366e-02
1.000021152175143868e+00
1.000043567688329027e+00
-9.999051196198652791e-01
-6.000686394449945560e-01
3.939052925019149165e-01
5.425053607573812608e-02
4.106136231789781488e-01
9.999999065815347310e-02
4.052227036258361226e-01
-1.278603176546900567e-02
-2.989285040485646916e-01
-6.000497767969382723e-01
2.007389011499952636e-01
1.000033766892925335e+00
-1.000080339153461839e+00
-8.011746775382312391e-01
9.998619177576737460e-01
4.014238995781604924e-01
-5.999670651011904665e-01
1.001013367390857917e-01
-1.429915468362392451e-02
-2.394139038696820043e-01
-8.134850599333157684e-01
2.116139687865819519e-01
9.997917302201002332e-02
1.000111494662770717e+00
1.994379169498647353e-01
2.180925919072856933e-01
-3.003218351624359905e-01
-1.000023600401209523e+00
-3.357677009337375895e-02
3.784961777741503441e-01
-8.088944268218107858e-01
1.995795843015921167e-01
9.999859398241992547e-01
-8.081316819386646921e-01
-6.000313285266729579e-01
-1.000055238708585703e+00
-2.282534046249207194e-02
-3.473998637459218553e-01
-6.000508012866727636e-01
-3.062437540280155135e-02
2.098984815958281902e-01
-9.999732722063464641e-01
1.000008803436318594e+00
-7.881495173135597554e-01
4.066450047057699746e-01
-3.853682168736941582e-01
9.999894005926519558e-01
-9.999089261537712492e-01
4.892350824064569531e-02
2.107475876089375810e-01
9.983706997386404547e-02
-8.210688216733039724e-01
-2.873272203174209727e-01
4.866018293512558435e-02
-2.615071534530997721e-01
1.869807627036983166e-01
-4.615115724220413690e-02
-5.999939264075858647e-01
-6.000043845831815048e-01
4.125666724584101663e-01
9.997174457246343904e-01
9.998046468525546848e-02
-2.347754888588040600e-01
2.062568494858577628e-01
1.001572585656785586e-01
9.987874442798641561e-02
-7.930877002288063693e-01
-6.000705764323690516e-01
-6.000701095330743806e-01
9.999301443566038783e-01
-5.999927166547880386e-01
-5.999967361102009900e-01
9.999967417070042552e-01
2.024355551192013047e-01
-8.189429846533123891e-01
4.111727208800236011e-01
-5.660006274178831787e-02
2.181322681465186208e-01
-7.884610887480935082e-01
-9.998461461972267816e-01
-7.944142730529111240e-01
-1.000017037072175707e+00
1.000076066056202029e+00
1.000025796690408475e+00
-8.138678625327668836e-01
-3.236276545678783978e-01
2.790587385297456022e-03
-7.974491299932267019e-01
9.999303258980797304e-01
-5.999505913008880142e-01
1.000193576861127531e-01
-1.000016009326754718e+00
3.925490151702002439e-01
2.027638587487919919e-01
9.997929889330066100e-01
-5.999124672949668335e-01
-6.000364391503920647e-01
-3.367434182143671517e-01
9.999908794093668174e-01
9.985199952096192322e-02
9.999973690754497824e-01
9.999535604762712637e-01
-9.998787444930840040e-01
3.994678543401918858e-01
9.997406311335046980e-02
3.907671873963565745e-01
9.999769036277501855e-02
2.481948201852350253e-02
-9.935524050972764469e-04
2.024606850738199237e-01
4.087804866665011860e-01
-8.020980618377390181e-01
-6.001088223445217862e-01
4.043243731406874764e-01
1.000020845820985604e+00
-3.711966004555661280e-02
-8.086847432670594138e-01
4.101922715158863308e-01
-8.320918657640392077e-04
2.104772427754796338e-01
-9.999510087201268771e-01
-2.799968662474862091e-01
4.036541771689001745e-01
2.002412256579146899e-01
3.419586057742923096e-02
1.000008752033181958e+00
9.999308510336926137e-01
1.000180830880694538e+00
9.990314648316839241e-02
5.982965984101702717e-02
-1.000057523963538531e+00
-2.723927327760085615e-01
-3.001762560315410222e-01
1.000091006426071072e+00
-8.014322443576801236e-01
-8.070678015479221257e-01
-6.001184757181685647e-01
-1.799975772714081379e-01
-9.997833787609863299e-01
1.913214292808944617e-01
1.000322232529071570e-01
-5.998446154740566527e-01
-9.284676012732270833e-02
1.000040984330488270e+00
1.835893425668681245e-01
2.013210898509218971e-01
3.715289546208115634e-02
-2.584199452228478910e-01
-3.014595833784934897e-01
-2.440373793784386403e-01
3.935226374365022872e-01
-3.324844254529062959e-01
9.998798600546459081e-01
9.999398747494697703e-01
3.621962707009809823e-02
1.945008459233126263e-01
2.070907452299740326e-01
-8.062705854160984176e-02
-2.797966837364661563e-01
-6.000873271515960727e-01
-1.000121871297855680e+00
2.123996844222073577e-01
2.611016405855364278e-02
