-6.000116395551066129e-01
-6.001135157697673472e-01
9.998688927309014041e-01
-1.203165079153123984e-01
-9.999054581745877579e-01
-8.149480641409265758e-01
-5.999166320495286087e-01
-1.121198592015396067e-02
-7.974910682659497319e-01
-3.123108146224039539e-01
9.990823637245874189e-02
-9.999990786720309721e-01
1.959488109992072735e-01
-5.024338229081137114e-02
1.921238625569882119e-01
3.973762268838926248e-01
-7.293145303249780331e-02
-9.998904582162516652e-01
1.951984386481794009e-01
-1.820683747046387014e-03
3.966857852527482242e-01
4.179014271537497827e-01
-3.431259790426931522e-01
-7.942175766179375707e-01
-1.000054743436522342e+00
4.102973701803606099e-01
-2.568988218927016898e-01
-6.000633933588138680e-01
-3.757505018541041353e-01
9.998705682925954075e-02
-9.999872220865396732e-01
-7.820599225764846008e-01
-8.046916830353418870e-01
-9.999747088129041783e-01
5.317370042587447193e-02
9.999398374439496529e-01
-9.999541175226408507e-01
1.000050023495442808e+00
4.170943601641688980e-01
-6.000062679268969301e-01
1.000025195406728518e+00
-7.894002807127763477e-01
-3.766154576167096146e-01
9.999087707653979418e-02
-3.071954069248684083e-01
4.022277133611609212e-01
9.999044481059309042e-02
9.984921141554059520e-02
9.999037659644577358e-02
1.799684062662001427e-01
-1.000147995848788218e+00
-8.234669801225672492e-01
3.855902833877779545e-01
3.993639539098606250e-01
-2.378800293748738470e-01
-1.000144801944576001e+00
-7.894405221308987697e-01
3.954055200020059058e-01
7.764114726567743381e-03
-1.000106859514045654e+00
1.442328719863746750e-02
4.064107753709295112e-01
-9.998813861513148327e-01
-2.730011626182050066e-01
-9.999486240846520158e-01
9.981171671102354037e-02
-9.999540251607799135e-01
5.145181948732753530e-02
-8.006203688159202470e-01
4.026087252716541443e-01
-6.000102447175401643e-01
-3.767787970931052444e-01
9.993640683019508475e-02
-3.176336985395725176e-02
1.898398987385185588e-01
9.995705429868788350e-02
2.036842683002621501e-01
1.000023641609121494e+00
-1.894061560018076994e-04
-7.961295081047827793e-01
3.981260501358196424e-01
4.059303151052762737e-01
1.918024920954657375e-01
2.065631505117627165e-01
1.000135877158819797e+00
3.813072240871633878e-01
-9.999638806908016653e-01
-5.999672172258636582e-01
-9.999205258896773918e-01
-1.918850815190269177e-03
-1.000000735575863553e+00
1.001052727911206919e-01
9.997768436584203444e-02
-5.999635463596025842e-01
-7.904008494450968578e-03
-8.073359498904896236e-01
-7.901693406431844480e-01
-2.895954567931230406e-01
4.044368640251107538e-01
-2.685309914198499848e-01
3.986250676149267202e-01
-7.707956221998755186e-01
-3.159508928139427852e-01
9.991807878666360276e-02
9.984521448791489062e-02
1.000033060698749754e+00
-5.979077255843304878e-02
3.976198513857588934e-01
9.986566858539974723e-02
-2.570763046460569634e-01
2.004876077128339151e-01
-2.755192207092189705e-01
-6.000230644651941558e-01
1.000004260631415232e+00
4.053022230539399251e-01
2.010872184080381708e-01
9.984490720062959290e-02
9.999101837562827111e-01
-9.998627293830418816e-01
4.086383224999138863e-01
1.000059691023537756e+00
3.751648009861001665e-01
9.998188995006693225e-02
3.936015464331549807e-01
-5.998408271782612600e-01
3.998301313940350044e-01
-3.181189940526669702e-01
4.281178421323441619e-01
1.000117637173463248e+00
1.000090050955023235e+00
9.988946994606540120e-02
2.121592625203379545e-01
4.009080410885933476e-01
-7.984107766056045552e-01
9.993098317655679796e-02
1.000075627224592978e+00
1.000058637819377427e+00
-1.000083109578628671e+00
-5.999338902428829057e-01
3.983692657641550450e-01
-6.851588053719036286e-02
3.897935724919174838e-01
1.000003696204358472e-01
3.901424806570638615e-01
-1.023683512471581201e-02
-2.195742496498148122e-01
-6.001689881225835688e-01
2.099684622832279912e-01
9.998837921644176951e-01
-1.000131149726517066e+00
-7.859261292359587259e-01
1.000094441433342585e+00
4.048795975651093837e-01
-5.999833163409837855e-01
9.989534457834531311e-02
-1.052798464283658114e-01
-2.172925572707016251e-01
-8.215398452336504231e-01
2.062655959743626699e-01
9.997121805481135048e-02
1.000010591619796108e+00
2.064004511758603666e-01
2.063094861324125395e-01
-3.551930282725033194e-01
-9.999605562922746493e-01
4.151906876295229781e-02
3.870972673720231017e-01
-8.006846551673898471e-01
1.942393136625430727e-01
9.999551033881818318e-01
-8.031476210302777030e-01
-5.999848900397175555e-01
-9.999684992994618549e-01
-8.885553185053236824e-02
-3.268974285808214919e-01
-5.999132409393627130e-01
-1.096098423019042575e-02
1.989688592315526638e-01
-1.000076035830298693e+00
1.000027563045981838e+00
-7.952449529874815459e-01
3.980581950403758729e-01
-3.293111352791275870e-01
1.000038878077026405e+00
-9.998791802064839196e-01
6.474280700405343758e-02
1.958510327626853120e-01
9.996474928656538805e-02
-7.868077794315267992e-01
-2.665402211813914790e-01
6.375647674969696366e-03
-2.581590635226632124e-01
1.987419628913146274e-01
-1.008706450984654321e-02
-6.000018136365782295e-01
-5.998805539095095618e-01
4.067574740625536367e-01
1.000115081383842419e+00
1.001010157275212947e-01
-3.734797689494783191e-01
1.967254015917211940e-01
9.985207694425117519e-02
1.000411262206739038e-01
-7.981392598501758640e-01
-5.999508819993991660e-01
-6.000994367449627998e-01
9.999521644098288142e-01
-5.999083598183120314e-01
-6.000313221917030759e-01
9.999392566968521301e-01
1.956585361070634077e-01
-8.008607292646049425e-01
4.235465827210871392e-01
2.151781056852629034e-02
1.842871119309930084e-01
-7.859091157254033400e-01
-1.000040684817209646e+00
-8.023009625996675442e-01
-1.000163559885593356e+00
9.998915944678364864e-01
1.000074265847730626e+00
-8.041705857118396361e-01
-2.928904432356604914e-01
-4.366961980795271148e-02
-7.846721805331517974e-01
9.999418654859101308e-01
-6.001855051987029510e-01
1.000499506071462624e-01
-9.999926101519577282e-01
3.951417673575037814e-01
2.158509307859715898e-01
1.000054891692684800e+00
-6.000760226000945163e-01
-6.000874383140696322e-01
-2.480892384325356914e-01
1.000066015505656658e+00
1.000507567885912941e-01
9.999169960637052101e-01
9.999030505441669492e-01
-1.000088804317367019e+00
3.996254154186306695e-01
9.988323395888056011e-02
3.979342488923443555e-01
9.998199504947305472e-02
-1.403835303144890072e-02
4.739792640236231008e-02
1.951773302943015098e-01
3.903025429613835029e-01
-8.015908192714340519e-01
-6.000179106136145357e-01
4.116738937319270319e-01
9.999482756755291302e-01
-5.057190250160401718e-02
-8.113688138925081450e-01
3.988690323490390877e-01
4.231553466038347894e-02
2.010437378730065006e-01
-1.000009421025996659e+00
-2.531686066572887972e-01
3.910938225931500645e-01
1.815842311225340511e-01
-2.268251802100033562e-02
9.999805808857602507e-01
1.000057585847404340e+00
1.000050936593043449e+00
9.981231363074201390e-02
8.448134179277703298e-03
-1.000191980208775533e+00
-3.003510350353439384e-01
-1.869969837764801635e-01
9.999896201588975853e-01
-8.111494766223112940e-01
-8.054651050638340637e-01
-6.000481811390186992e-01
-2.281682591264439508e-01
-9.999942322169447229e-01
2.043820242057714787e-01
1.000925609486182505e-01
-6.000217209142489905e-01
-2.216885464888919410e-02
1.000224332735631272e+00
1.947838780451789653e-01
1.976226099712874162e-01
-1.280079739856408022e-02
-3.005527969486934681e-01
-3.018288754222903658e-01
-3.219915163399216240e-01
3.959210828622180545e-01
-3.218522208332467160e-01
9.999882805164812538e-01
1.000080698957766412e+00
-2.388745972465810760e-02
1.939251732165183928e-01
1.817338703081082252e-01
1.111339362005875006e-02
-2.004556610628837054e-01
-6.000172205160225758e-01
-1.000049049882113295e+00
2.030248277736058926e-01
-2.559251996000834473e-02
