-5.998887943831130443e-01
-6.001009844951550321e-01
1.000067805374354801e+00
6.398478124831546987e-02
-9.999175806970219682e-01
-8.010491277996798498e-01
-6.000348356525440074e-01
7.247429843084095269e-02
-7.988349672266863433e-01
-3.335970464713621242e-01
9.997628438812534990e-02
-9.998606838200672087e-01
1.797189941949124681e-01
-8.708301642121957925e-03
2.257548367027878700e-01
4.028205679185606347e-01
4.346245643272105691e-02
-9.999838006981131011e-01
2.031148552685355657e-01
-5.723911045602147335e-02
4.001274822324436542e-01
4.015526706212333985e-01
-2.923351893378792199e-01
-7.905924087495624919e-01
-9.998514033790322220e-01
4.211219272747258602e-01
-2.505692979436806023e-01
-5.999922749469721595e-01
-2.432066097397758142e-01
1.000877906104211956e-01
-1.000042087266003632e+00
-8.148673514957062158e-01
-7.648009733092420159e-01
-1.000048543173436055e+00
-2.326386631748669775e-02
9.997728445124514085e-01
-9.999988220182098875e-01
1.000088856643001511e+00
4.072719121872808712e-01
-6.000871732937794745e-01
1.000054888588542967e+00
-7.937531960703004819e-01
-2.515910948676178815e-01
9.984511497422100812e-02
-3.726623100892671459e-01
4.079320302170497681e-01
1.000803084266455867e-01
1.001075238635744796e-01
1.001268781283504161e-01
1.981043695851269493e-01
-9.998434890943547204e-01
-8.000778444327387717e-01
3.793831254659126850e-01
4.002857210357902429e-01
-3.449762973642421793e-01
-1.000084503889916654e+00
-7.905963186596449699e-01
3.955025087274007256e-01
3.793987463785033348e-02
-1.000007969871131497e+00
-1.468640326350003668e-03
3.720262406788389375e-01
-1.000145360349031121e+00
-2.777460804159994634e-01
-1.000045433335319700e+00
9.993899098410785609e-02
-1.000078520112402947e+00
-2.569804709456157896e-02
-7.958904850093739825e-01
3.916296186208643726e-01
-5.999634509793442261e-01
-3.478601056054425600e-01
1.000189930447934611e-01
-5.542298000541904385e-02
2.188396160655137479e-01
9.991992661453881486e-02
2.195435127028922961e-01
1.000085587523954267e+00
2.236824786692941103e-02
-7.953625096337570977e-01
3.867919542637680563e-01
4.286248677200405477e-01
2.000503537265710952e-01
1.966667618716727850e-01
9.999821682969178838e-01
3.889910357852914835e-01
-9.997937690236964325e-01
-5.999719803331837742e-01
-9.999414260074231953e-01
-7.871221714485657217e-02
-1.000116925604082274e+00
9.990904205946384009e-02
1.000179331026581631e-01
-5.998160372227171466e-01
1.267300821164071660e-02
-8.159691846602585841e-01
-7.953244180713229250e-01
-2.703512950677034454e-01
3.979562437184637758e-01
-3.093486829275864936e-01
3.964194908569881881e-01
-8.069425506795988579e-01
-2.282862156903815443e-01
9.986650556554453606e-02
9.993559217012261409e-02
1.000104209406976530e+00
2.091090676871644547e-03
3.911942753458916289e-01
9.993753750899614374e-02
-3.321636192505257323e-01
2.093817873272789398e-01
-2.771608574944183778e-01
-5.999488648250380640e-01
1.000068013544741952e+00
4.125179472720004181e-01
2.023392740831630454e-01
1.001234778132362030e-01
1.000034416934252102e+00
-1.000045105427390224e+00
4.043933797797710228e-01
1.000224033577765903e+00
3.886635555923395602e-01
9.999721982983432456e-02
4.163705740636180486e-01
-6.000666607721059087e-01
3.853767764394157580e-01
-2.897023172996488483e-01
4.156267087736438826e-01
9.998897431419526693e-01
9.999936083634428652e-01
1.000364612377736828e-01
2.007643355824301201e-01
4.012945244490926933e-01
-7.907103555660278671e-01
1.000658799699172957e-01
1.000005322653307660e+00
9.999852482480027227e-01
-9.999486208894885486e-01
-5.998924311857961600e-01
4.071646601893574857e-01
1.348239964025989002e-01
3.916574069227864996e-01
1.000107883552147497e-01
4.095718308091221838e-01
-5.069353681917469073e-02
-2.990621225891206270e-01
-6.001475378553495776e-01
2.213017021173351584e-01
1.000116195981541667e+00
-9.998457330257550790e-01
-7.910638582306942501e-01
9.999824888155974811e-01
3.913503886824241662e-01
-5.999368425544245875e-01
9.997410045003460310e-02
8.468235649590649672e-02
-3.250368877517868516e-01
-8.079869867538189698e-01
1.954195345382746252e-01
1.000138912629460058e-01
9.998936091807932858e-01
2.010614927613801339e-01
1.909885318009824640e-01
-3.019752896525054187e-01
-9.999805183181317281e-01
3.330456530704828584e-04
4.222945023842311074e-01
-8.022048917164177340e-01
2.105977470671364926e-01
1.000227344427102372e+00
-7.897296854742309469e-01
-5.999651625861420756e-01
-1.000135266954012669e+00
5.195860432704240556e-02
-2.002197518758478956e-01
-6.000324799642759999e-01
2.486074435068180016e-02
2.148241124138371982e-01
-1.000164149273080394e+00
9.999040457779945212e-01
-7.927375014388232666e-01
4.082608739524009600e-01
-3.404439568568984331e-01
9.999943362225065524e-01
-1.000066790101966419e+00
-4.318245170487967910e-02
2.036854169070289322e-01
9.992253962488920060e-02
-7.982412131496253727e-01
-3.261674155074831272e-01
2.164675730295859482e-02
-2.798674485907358123e-01
1.757320389762100088e-01
1.562485640000981424e-04
-5.999200873429384462e-01
-5.999051569903844916e-01
3.809984801499043394e-01
1.000004290070685808e+00
9.992939292453556499e-02
-2.716401550662090325e-01
1.961215698069753988e-01
9.986226733077528672e-02
1.000021926795361810e-01
-8.052168377298997148e-01
-6.000075370719890611e-01
-5.999024718395598033e-01
9.998549428027598829e-01
-5.999731465858095802e-01
-5.999540783859775850e-01
1.000124203322503291e+00
2.072400231456213160e-01
-7.808429029088826967e-01
4.020753455010389055e-01
-8.324816285580483033e-02
1.894329811096366611e-01
-7.989996874265170579e-01
-9.999764401015756032e-01
-7.823409038064372822e-01
-1.000135012655242406e+00
9.998800303912674936e-01
9.999898165948986062e-01
-8.128130480034678751e-01
-3.020827788076969611e-01
-8.145035150929175183e-02
-7.999584689622054601e-01
1.000005258922062046e+00
-6.001908016571382287e-01
1.000903588626331636e-01
-1.000068745757259459e+00
3.880395353697456140e-01
2.040200897647435618e-01
1.000089028819494130e+00
-6.000748635436928824e-01
-5.999610327672054710e-01
-2.704805248889961544e-01
9.999190230874789309e-01
1.000877016800459790e-01
9.999132542822821712e-01
1.000051900067628452e+00
-9.999915408667232608e-01
3.982539988108791396e-01
1.001379001865010526e-01
4.036374102544696973e-01
9.977464105754775547e-02
-4.115858307520101761e-02
7.535386398708313060e-02
1.840465328233814590e-01
3.942486609440602474e-01
-8.091016522542090472e-01
-5.999961071042603233e-01
4.132932513339306335e-01
9.999769735647338065e-01
4.279645987096011156e-02
-7.991279108313230628e-01
4.016697355869718877e-01
1.162010934158858901e-02
1.867083023702012234e-01
-1.000036242797515573e+00
-2.776406694027937494e-01
4.014593637166563034e-01
1.924374400218785974e-01
2.436546560055652746e-02
1.000000376531805069e+00
9.999702719237896220e-01
9.999725658026930031e-01
9.985101980004044975e-02
-2.802168758183047441e-03
-9.998847083216553244e-01
-2.039613129826106097e-01
-3.012592823357070349e-01
1.000069071054468406e+00
-7.808040435945893254e-01
-7.977565424908883429e-01
-6.000977876067215000e-01
-2.307262873654594704e-01
-9.998361529839413508e-01
1.985367277056582225e-01
1.001545251271250825e-01
-5.998742089549807810e-01
-5.606598566554282098e-02
9.997925305760015924e-01
2.081020716333615850e-01
1.962212679425759942e-01
-4.300757197988777647e-02
-1.879337871389616388e-01
-3.776165760192673471e-01
-2.470135833225569899e-01
3.982714900282877668e-01
-3.265983523803720479e-01
1.000052373053975430e+00
9.997757065369256013e-01
5.259437543168720558e-02
2.087133361928001363e-01
1.894423090255556441e-01
-9.014163090068200157e-02
-2.074765003257182383e-01
-6.000233375032523186e-01
-1.000074541552516516e+00
2.032176284435253943e-01
-4.652992485316058413e-02
