-6.000493824253206876e-01
-5.999757877870965928e-01
9.998284142247382267e-01
-1.025904950485095335e-01
-9.998865145464028714e-01
-7.850393209755462953e-01
-6.000528146648693717e-01
-1.209647152812297864e-02
-7.931727942118216301e-01
-2.360930871316235802e-01
9.979913594706363300e-02
-9.998985860535328785e-01
1.911975553105326187e-01
-8.673680782736922779e-02
2.054513073699258396e-01
4.090285844171119289e-01
-3.412482888378676193e-02
-9.998773244065294330e-01
1.931981162125612494e-01
5.408869377661462696e-02
4.070080464825920341e-01
4.011206420801872730e-01
-3.000425855722332336e-01
-7.967860116472950116e-01
-9.998257485527254351e-01
3.956261804312964370e-01
-2.809329287832842970e-01
-5.999883147791039706e-01
-2.278103772129123628e-01
9.993250512698723109e-02
-9.999098632694314315e-01
-8.190513513491264330e-01
-8.027674177026966618e-01
-1.000051961858553939e+00
5.909772729285809462e-03
1.000004748313500835e+00
-1.000100140456630982e+00
9.999673355837961353e-01
3.982046422528157104e-01
-6.000523772347077234e-01
9.999713084126462537e-01
-8.127355389975730038e-01
-2.429927106367698597e-01
1.000405535651373717e-01
-2.686716101587124372e-01
4.014976170764805175e-01
1.001529493414602123e-01
1.000919195609209916e-01
1.000038878013892463e-01
2.006258300084629853e-01
-1.000013285249224504e+00
-7.884914808743168635e-01
4.013291528507255124e-01
3.917283513605275269e-01
-2.999033741515496621e-01
-1.000108414234840648e+00
-8.039524510417811465e-01
4.099102241340842889e-01
-1.639512946192303242e-02
-1.000121299807386954e+00
9.606748318847974089e-03
3.947859949398350721e-01
-9.999389533127177598e-01
-2.340135733504979387e-01
-1.000010034716952267e+00
9.992621967814932504e-02
-1.000039076172625885e+00
-2.219901888808481494e-02
-8.073903297694305925e-01
3.933737530527523507e-01
-5.999844953549422488e-01
-3.316416592262246832e-01
1.000388500374098655e-01
7.241636467626175189e-02
1.988335409137484688e-01
9.991463873912279081e-02
2.107986213982515900e-01
1.000022056123319292e+00
4.109261907639449179e-02
-8.022375201151614732e-01
3.880815552883385422e-01
4.062063775459261450e-01
2.104826209733467179e-01
2.008960477061878525e-01
1.000042906251304986e+00
4.036693107442906325e-01
-1.000162053909795290e+00
-5.999032466764349092e-01
-1.000046365168741014e+00
2.619119337445956555e-02
-9.999104693073501693e-01
9.988185658549110502e-02
9.977785157825329321e-02
-6.000158911825894670e-01
4.989432057091092165e-02
-7.985152029602324841e-01
-8.275446558987212820e-01
-3.406875230482762640e-01
4.029675784637697933e-01
-3.110979160589969483e-01
4.103935904099082488e-01
-8.076043725313732935e-01
-2.618751539565914443e-01
1.001665305431425484e-01
9.998725197086069660e-02
9.998191878838914581e-01
-1.421176743441020587e-02
4.038029315108822015e-01
9.995698343194824032e-02
-3.033900639610886962e-01
1.973276260608362587e-01
-2.634924877461862214e-01
-6.001077267735829279e-01
9.998199139879984099e-01
3.890063467318464752e-01
2.172031998594021740e-01
9.992110491889678869e-02
9.999090888104196218e-01
-1.000075889772454873e+00
4.092537356762473433e-01
1.000116253296136737e+00
3.884728590006373272e-01
9.997789778020438334e-02
3.890948505931512424e-01
-6.001150015989462627e-01
3.959366604548101298e-01
-2.818151494164045090e-01
4.100700099002771992e-01
9.999055221485524392e-01
1.000002510177931514e+00
1.000038375343880459e-01
1.883854936506646205e-01
3.932293312094843896e-01
-8.090657905363398683e-01
9.986449034527525304e-02
1.000126712642313676e+00
1.000001726789316425e+00
-9.999108610192184443e-01
-6.001200257695938900e-01
4.000562981881668478e-01
-3.876809847462389658e-02
4.087236730095054615e-01
1.000405846915644881e-01
3.942567868167494716e-01
-2.991958979667361240e-02
-3.473523517156842377e-01
-5.999989293053159534e-01
1.875400847360373935e-01
1.000054214422588350e+00
-9.999017349535039845e-01
-8.030440298271038779e-01
1.000133022522457837e+00
4.203764296601759654e-01
-5.999656055134113819e-01
9.988930919086752569e-02
2.371836920491802309e-02
-3.272196886382363612e-01
-7.827106989253026503e-01
2.049409270955491746e-01
1.000657852392792813e-01
1.000027853779004161e+00
1.985224004410856835e-01
2.131346581116762284e-01
-3.174380987066966475e-01
-9.997313032723490478e-01
-7.284056228156422785e-02
3.902498237024925598e-01
-7.989260488505661728e-01
2.027025539762048745e-01
1.000049113519610122e+00
-8.067238280274681150e-01
-5.998588454826542238e-01
-9.999374507583264071e-01
3.142801744717495932e-02
-2.755110535845953224e-01
-5.999004968352978917e-01
-4.466327104687509847e-02
2.092371059904495345e-01
-9.999161126991179538e-01
1.000059736353002160e+00
-8.026633393515608672e-01
3.662146409661320434e-01
-2.912483247759699023e-01
9.999182749496635658e-01
-1.000101940488136831e+00
4.561481688427748704e-02
2.107993742447857033e-01
1.000152779227720390e-01
-8.160258043801752459e-01
-2.390380091674450536e-01
3.198753095402979280e-02
-2.819435868090314767e-01
1.864116592054161636e-01
-7.042115870712863622e-03
-6.000676437402491237e-01
-6.000642295226796818e-01
3.952761675299544808e-01
1.000150252198875878e+00
9.993487376167875524e-02
-2.728808440018106185e-01
1.930739211308259151e-01
9.998608929455024552e-02
1.000042149792679386e-01
-7.894956690589884918e-01
-6.000771217463815033e-01
-6.000882344911024902e-01
1.000030201303666599e+00
-6.000446803221113345e-01
-6.001119482880385991e-01
9.999272448561707938e-01
2.019075642674142412e-01
-7.904949901857648564e-01
4.097378442727219183e-01
-4.802704041009275837e-02
1.979578096275315113e-01
-7.980496693955170251e-01
-9.999901350339964745e-01
-8.005987177124646026e-01
-1.000079042792472395e+00
9.998774539003549844e-01
9.998992058776897673e-01
-8.103585275232448870e-01
-3.266551066235272582e-01
-1.083207010392762959e-01
-8.072328813500290190e-01
1.000068896076271585e+00
-5.999620155430958057e-01
9.996649646232116937e-02
-9.999763886638153298e-01
4.136388124816833822e-01
1.978979379496341451e-01
9.998151020521724996e-01
-5.998330249860434060e-01
-6.000828396800949038e-01
-2.227123038902971697e-01
9.998858194882473960e-01
9.990843788715211837e-02
1.000073968431142601e+00
1.000154480892472941e+00
-1.000021613178903701e+00
3.906827999045599520e-01
9.989165835678048833e-02
4.131256486080896462e-01
1.000220721161905885e-01
-9.520849964264746501e-02
-1.187613724887005145e-01
1.967354998511551545e-01
3.871380793212777505e-01
-8.074928984202329740e-01
-6.000868627582623960e-01
3.944876579225593538e-01
9.998057474855898130e-01
-9.355326797781976511e-03
-7.962779933180813563e-01
3.931374100586377263e-01
7.907529892055147058e-02
2.077300119469655537e-01
-9.998270147987021739e-01
-3.317130089739434018e-01
4.100847670159453173e-01
2.000297300575075710e-01
-2.938587723185761072e-02
9.998596840053822765e-01
1.000168627137135058e+00
1.000125959192972758e+00
9.993932280239854749e-02
7.128720900811071418e-03
-1.000046852461178970e+00
-4.565098840825020376e-01
-3.249586261929486297e-01
9.998237715019931970e-01
-7.783603130225388300e-01
-8.005184925658233031e-01
-5.999652191596380746e-01
-2.352001687724246670e-01
-9.999680157199587471e-01
2.033950446559266434e-01
1.000630648441838549e-01
-6.000036826534126400e-01
1.552858133551076464e-02
9.999430081961229178e-01
1.945438655605829237e-01
2.017339506056043674e-01
-1.859484698908314346e-02
-3.182310084052280552e-01
-3.107978155429119149e-01
-2.910144221462412362e-01
4.013953264225683659e-01
-2.746800227111655945e-01
1.000021875971565555e+00
1.000073531169852536e+00
-1.188180901056487965e-01
1.984563518992010500e-01
2.168869490557561175e-01
1.337591113102257201e-01
-3.182732182746358940e-01
-5.999116601955173378e-01
-9.999890774463402465e-01
1.953213038182388117e-01
-2.784440383265178801e-02
