-5.998661391511698193e-01
-6.000658743473948897e-01
1.000006781189851646e+00
5.990278484689681715e-02
-9.998868101770037597e-01
-8.055073029712994659e-01
-6.000658197138588612e-01
4.622200122512847009e-02
-8.085936659115680047e-01
-2.624023355619331532e-01
9.988721150866500254e-02
-1.000151379688919207e+00
2.043229575863034220e-01
1.867920099053952884e-02
1.973987779435197876e-01
4.014566765641248147e-01
-5.325252809641808915e-02
-9.999765180321933400e-01
2.101437717394614157e-01
2.270855556363775632e-02
3.968777302885868608e-01
4.133765057392925213e-01
-3.202468636060660234e-01
-7.986711419684574542e-01
-1.000079789115352114e+00
3.940277720941693373e-01
-3.773169036238864238e-01
-6.000744476162823693e-01
-3.034291056281485099e-01
9.994205414057123760e-02
-9.999823814514262610e-01
-7.994136685342915216e-01
-8.060077925687958444e-01
-9.998750989745334161e-01
-1.160471737593910500e-02
1.000026991572094959e+00
-1.000103419270185423e+00
1.000018437702214325e+00
3.980758423515498579e-01
-6.000600568663664314e-01
1.000138364730277063e+00
-8.122465328172394639e-01
-2.952946143284192471e-01
9.996201716686782535e-02
-3.185176362154330532e-01
4.096144974688064044e-01
1.000336456601365887e-01
9.986292512880486083e-02
1.000222499757668637e-01
1.994367980783441907e-01
-9.998697892770718187e-01
-8.075165043726690861e-01
3.904113084660513211e-01
3.957476531909227546e-01
-3.278492241120183892e-01
-9.999198210108510843e-01
-7.994848200969942864e-01
4.021336461707857302e-01
9.204278939086618649e-02
-9.997353146861249762e-01
1.509235368099295926e-02
4.201890597122495685e-01
-9.999685324380520601e-01
-3.019197777992567167e-01
-1.000057730477102780e+00
9.995307728532841496e-02
-1.000106997339065940e+00
2.839419183592632127e-03
-8.077450720698183817e-01
3.973726721925331384e-01
-6.001770956908875077e-01
-2.560798264677462410e-01
9.995653604963272709e-02
-1.113454276895528561e-02
1.872996570116658988e-01
9.995761805337353978e-02
2.133934792880901599e-01
9.999544790949643769e-01
3.058204243514421605e-02
-7.977044248402624937e-01
4.123337933998598159e-01
3.856826417174128441e-01
2.194843870710503908e-01
1.762450014564906631e-01
9.999748985229885978e-01
4.058284973620106539e-01
-9.997220630612609904e-01
-6.000847904896651208e-01
-9.999402487270587780e-01
-1.237916715218156070e-02
-9.999445464383853732e-01
9.988368135815926807e-02
9.995044296427618713e-02
-6.000627545600415447e-01
9.142705470359963754e-03
-7.815752342671549169e-01
-8.005029442360966918e-01
-2.825746466881551844e-01
3.960388199578741553e-01
-2.624664363538311007e-01
3.845686811289393825e-01
-8.094899761847723640e-01
-1.961578776089968890e-01
9.987961438415639270e-02
1.000057755457160191e-01
1.000162858765847096e+00
-3.455716242020749618e-02
3.994892578971688257e-01
9.999883745904424026e-02
-2.886727359616058641e-01
2.101630306768972334e-01
-3.816838054433340233e-01
-5.998559508420976405e-01
9.999189676172784980e-01
3.984642655880724083e-01
1.847743648475456690e-01
9.993743035677832287e-02
9.999456900673528992e-01
-9.999523517147709262e-01
4.015237989264419660e-01
1.000048608033575759e+00
4.074823499929626225e-01
1.001420290618423720e-01
4.102637423526384608e-01
-6.000764770418541838e-01
4.080223886557086121e-01
-2.885504196393001708e-01
3.960670470230878704e-01
1.000009700875361451e+00
1.000016450128101697e+00
1.000354493739929740e-01
1.972957357854431826e-01
3.909646381848703722e-01
-8.069889239724185037e-01
1.000300639164606459e-01
1.000083351393467712e+00
1.000040242979720162e+00
-1.000132939075853100e+00
-6.002142811248496468e-01
3.885915639206866112e-01
-2.137800047988751978e-02
3.816905916662229892e-01
1.000313905692395838e-01
4.286296002310908682e-01
-4.047797958320013129e-02
-2.928430389503596798e-01
-6.000724647874318141e-01
1.976509881324911566e-01
1.000122191698505469e+00
-1.000174151752332818e+00
-8.027710236802376720e-01
9.998230759194758344e-01
4.187822933524350533e-01
-5.998985695696820164e-01
9.993786423426072318e-02
-7.707874382174437688e-04
-3.073096326297904968e-01
-8.070376748710247350e-01
2.041242529794850546e-01
1.002336616153286786e-01
9.999505655925234882e-01
2.084083932329816313e-01
1.978632010618671944e-01
-2.708857735647992038e-01
-9.998723784830587658e-01
-5.371130972691288280e-02
4.023749820863222193e-01
-7.909376779192600626e-01
1.984546956962947306e-01
9.998570927737413516e-01
-7.986769098519542753e-01
-6.002026952748769073e-01
-1.000060898993735625e+00
-7.348397249228143246e-02
-2.761683022451087988e-01
-5.999627467262431679e-01
-7.192116966362599451e-02
1.986406439181747086e-01
-9.999405622654329306e-01
9.999770073832620065e-01
-7.930446462125178009e-01
4.109063157133535094e-01
-1.905591864214748743e-01
1.000022546866137896e+00
-1.000050428585594009e+00
-1.733157562971842855e-02
1.911738179952324479e-01
9.991748167139280490e-02
-7.955707445390229893e-01
-3.817973315584121674e-01
-3.603864348256826527e-02
-2.687683455450350367e-01
2.152706595802709455e-01
7.936266026686233932e-02
-5.999390656292454826e-01
-5.999199633414280530e-01
3.928805032038170109e-01
1.000135657787550425e+00
1.000447539005346331e-01
-3.594430617878975331e-01
1.861422959539286159e-01
9.991582904737120185e-02
9.999462935117198192e-02
-7.882883771589196398e-01
-5.998252877939234118e-01
-5.998817473293586167e-01
9.999531061832830359e-01
-6.000777326155385394e-01
-5.998233474742658000e-01
9.999699905141579137e-01
1.885479517455879994e-01
-7.943440058703271633e-01
3.984386107564168444e-01
-2.429798296684708425e-02
2.027471167121842055e-01
-7.952893029149982196e-01
-1.000136868902600895e+00
-8.074416974940139546e-01
-9.998926047912899406e-01
1.000023622389202727e+00
9.998347035889411094e-01
-7.944841283823275147e-01
-2.649848540545082787e-01
-2.428090489785936570e-02
-8.087407847479892720e-01
9.999299032751424177e-01
-6.000775867496238591e-01
1.000958973122195450e-01
-9.999184762024729833e-01
3.957449518361653151e-01
1.954668499456279906e-01
9.999978838341172516e-01
-5.998053829368509282e-01
-5.999490950949938339e-01
-3.119340768106969586e-01
9.997851936628043834e-01
9.997355613669518803e-02
9.998853039829064260e-01
9.998237839867043508e-01
-9.999876618157660380e-01
4.230842175548038542e-01
9.980594419826438468e-02
3.932764568928321935e-01
1.001485060278253097e-01
-1.864404691854240279e-02
3.482688859656821179e-02
2.003633693708907759e-01
3.923204102352781941e-01
-8.072535304751112806e-01
-5.998347110771325985e-01
3.910285755836870880e-01
1.000006551571289704e+00
-1.571099873518937585e-03
-7.802283114356612925e-01
4.025819295873931947e-01
-2.311541751647067100e-02
1.960246626700035411e-01
-9.998878357216508528e-01
-3.045696719990955703e-01
4.135930728525261113e-01
2.101801358630441263e-01
-2.528081655072824882e-02
1.000202679403321859e+00
1.000073030713083178e+00
1.000115564495637654e+00
1.001998126221638891e-01
7.975818634023437020e-03
-1.000041149970282373e+00
-3.674561369018116697e-01
-3.106730359410507791e-01
1.000126003345839454e+00
-7.855318355544794739e-01
-7.921697701631652544e-01
-6.001359636068432923e-01
-3.335221230995726871e-01
-1.000074008082046273e+00
2.147030144415691955e-01
9.998917740663229581e-02
-6.000091913588521120e-01
-2.778819323795445745e-02
1.000128600684322855e+00
1.839384126020783272e-01
1.881644149759173767e-01
-5.503758620403259583e-02
-2.629108411465191364e-01
-2.951423619338553461e-01
-2.981620243173100371e-01
3.857605096029503300e-01
-3.176476877685719957e-01
1.000065658624269549e+00
9.997875258037663970e-01
-4.477333098581047846e-03
2.076935484334416770e-01
2.010521174165401381e-01
3.847413937827560276e-02
-3.349520873468138649e-01
-6.000275336632991952e-01
-1.000055472268815304e+00
2.028871380081863907e-01
-9.941453214096096502e-02
