-6.002805878540263818e-01
-6.001168057772398035e-01
9.998055848900999631e-01
1.207988824954118745e-01
-1.000005118114894120e+00
-8.029729618650357503e-01
-5.999326544510411585e-01
3.182117398762663446e-02
-7.996463178340116329e-01
-2.832299901499542583e-01
9.994988554336811659e-02
-9.999855632718508414e-01
1.935900637162667748e-01
1.520086534492658473e-02
1.815086399776258963e-01
3.887633711913739409e-01
8.793828857967665724e-03
-1.000036759986511203e+00
2.153821216286771201e-01
-1.626657608793148982e-02
4.143213601569679660e-01
4.194986575072553459e-01
-3.715863816644173201e-01
-7.913230374395917588e-01
-1.000162518763839881e+00
3.893798726604978389e-01
-2.397749130310105059e-01
-5.999947348303743544e-01
-3.455925360555769377e-01
1.001829468999353850e-01
-9.998876279820916313e-01
-7.906429204118509135e-01
-8.126018045854789262e-01
-1.000008845561446202e+00
1.977191541464552726e-02
1.000102013203046702e+00
-9.997370480673797299e-01
9.999668520416920003e-01
3.929083347396304382e-01
-5.999562101173419038e-01
1.000082572915510726e+00
-7.836557303126570062e-01
-3.075793432419461348e-01
9.987252483056521801e-02
-3.078818471533317225e-01
3.965854310731093957e-01
1.000579406563660984e-01
1.000053574659921507e-01
9.994606021545129892e-02
1.965146617375156390e-01
-9.999876412493837741e-01
-7.870880718776275264e-01
3.940882489875663919e-01
3.961504095425548710e-01
-1.860422750340368359e-01
-1.000097865685314114e+00
-8.043864864939921366e-01
3.999064723256826603e-01
-1.185659451835984757e-01
-1.000027020781286247e+00
4.901077651915151934e-02
3.980642782821715575e-01
-1.000056111466678166e+00
-2.475033658974963580e-01
-9.999632268762199683e-01
9.998315358691066412e-02
-9.999452956632122191e-01
-5.456704821546305706e-02
-7.849237015125066774e-01
4.191381735377347484e-01
-5.999458150273834223e-01
-3.464068742345935981e-01
9.997179790905894037e-02
-2.590133530614994323e-02
1.964066657221164025e-01
9.998678341137996750e-02
1.932097639998426875e-01
9.998569277399786959e-01
2.197046300176952460e-02
-8.002136049248184113e-01
4.036757501459252162e-01
4.083984677083431492e-01
2.234469903567579685e-01
2.021723934890763963e-01
9.999149381549637949e-01
3.790332290475597055e-01
-9.999686135231803386e-01
-6.000515790111106140e-01
-9.999231620342395876e-01
1.177220271780344239e-02
-1.000023640963393801e+00
9.994749489938065112e-02
1.000214696645471968e-01
-6.000067541441850283e-01
4.300166136941521722e-02
-7.926376576334229762e-01
-7.930318351155660750e-01
-3.112563598178872404e-01
3.857785941182884648e-01
-3.098824024704152635e-01
4.109399488411039081e-01
-7.973671863395634940e-01
-3.069234367533356655e-01
1.000789942341243771e-01
9.986560613896544591e-02
9.999012863367505721e-01
5.559063322588708722e-02
3.879753348582684613e-01
1.001448700383669038e-01
-3.312664198714140862e-01
2.153323321863549467e-01
-2.541523746332738365e-01
-5.999128312411652342e-01
1.000088010929317539e+00
3.898087029403236037e-01
2.007979477481647845e-01
9.997001307608714693e-02
9.999158693168167522e-01
-1.000060632153971563e+00
3.836759082019224332e-01
9.999599464230732870e-01
3.886841707018487413e-01
1.000711076655064619e-01
3.999729436128108273e-01
-6.001053911838865051e-01
3.917077336692893486e-01
-3.335658746168899125e-01
4.004585115510907456e-01
9.999162887459230875e-01
1.000010490842253574e+00
1.001028543759425321e-01
1.701711218802038073e-01
4.003845672117851695e-01
-7.860777363997173417e-01
9.981084389985893368e-02
9.999588143294989573e-01
1.000054766407885154e+00
-1.000154850987603705e+00
-6.000710244950858696e-01
3.993740327804088941e-01
-7.952314968035621712e-02
3.857742250278591856e-01
1.000540638605147831e-01
3.785390335869808220e-01
2.891405648704925557e-02
-2.887097611342034909e-01
-5.998892006784340980e-01
1.981463746878923404e-01
9.999866839177994349e-01
-9.998883555742099638e-01
-8.152492972422459294e-01
9.999274962812159107e-01
3.893898334046037579e-01
-5.998850669849307149e-01
9.994578527100234089e-02
-1.280394183666609155e-02
-1.930884889687554673e-01
-8.116087516793576428e-01
1.949927816169649830e-01
1.000305919025709367e-01
1.000042434203402442e+00
2.051779570681685483e-01
1.982291247659399291e-01
-2.869031267676662167e-01
-9.999968237914340641e-01
-1.052057941902131109e-02
3.979268164938141172e-01
-7.834648271042496948e-01
1.975004116433463353e-01
1.000293754881803165e+00
-7.869932622625339658e-01
-5.998689200290860946e-01
-9.999581455701841426e-01
-1.424992410138856830e-03
-3.166963194918359648e-01
-6.000188904189430739e-01
6.196670415014426253e-02
1.944003169495130134e-01
-9.999872323286631559e-01
1.000068806895754836e+00
-7.998893909697003535e-01
4.000848825064002856e-01
-2.679374935304698613e-01
9.999975685736206543e-01
-9.998481533323081427e-01
-5.431986197338889433e-02
1.912537147346826949e-01
9.988205572979698410e-02
-8.099382050894359253e-01
-4.794969794114997685e-01
-8.163583433423535207e-02
-3.122984603802305692e-01
1.821319284182162379e-01
-1.357132859681269010e-02
-5.999581186162530333e-01
-6.000165424706460637e-01
3.959650039141723310e-01
1.000148324136442390e+00
9.990911554038157949e-02
-3.715877775215693513e-01
2.079210380405230318e-01
1.000407149953608799e-01
9.999521189322628512e-02
-7.781087592292094124e-01
-6.000901700557276230e-01
-6.002408018133709167e-01
1.000104883733527572e+00
-6.000290171981972343e-01
-5.998164738843958510e-01
9.998922726866141808e-01
2.168838539786636099e-01
-7.987272920289461009e-01
3.970342360028543682e-01
5.135313864786061194e-02
2.050711558707028481e-01
-8.033688088822978912e-01
-1.000084747455535661e+00
-8.041957924898986976e-01
-9.999350116604469596e-01
9.998792700490307661e-01
1.000033611919573406e+00
-8.059940315245813780e-01
-3.057822893524070884e-01
4.289186497747290300e-02
-8.013217889285532136e-01
1.000027156341811274e+00
-5.999600623939075339e-01
9.990595088136200452e-02
-9.999708665989662792e-01
4.205613525989096990e-01
2.042260071854418990e-01
1.000192903791410792e+00
-6.001522929395619599e-01
-5.999615759078146260e-01
-2.952274323396738565e-01
1.000035554111789571e+00
9.988033954072980669e-02
1.000009468697456549e+00
1.000090074736429191e+00
-9.999146485032293086e-01
3.938863647468676676e-01
9.999766438652343825e-02
4.044076971879322913e-01
9.990307066856683738e-02
-7.455941066633752119e-03
-1.527320047204167378e-02
1.986134190705856617e-01
3.896606203319646355e-01
-7.914412018886093358e-01
-5.999878826789486475e-01
3.969982175526468593e-01
9.999432916135971849e-01
5.653765017228962186e-02
-7.940103547744240542e-01
4.037674593394735001e-01
-9.145024065670005753e-03
2.184154302181471607e-01
-9.999418614821719009e-01
-2.896222581363162019e-01
3.900006484703012477e-01
2.166302493915926997e-01
-9.085026477492186281e-02
1.000127946673043944e+00
9.998544555768072994e-01
1.000013191517046929e+00
1.000438627305803296e-01
-1.098711358173270342e-02
-1.000081253175205243e+00
-3.350791765811764744e-01
-2.895907991601578968e-01
9.999947359501452082e-01
-8.105771176588202342e-01
-8.026614454008631494e-01
-6.001422737152908304e-01
-3.151063509835758669e-01
-1.000283155262842838e+00
2.005405902731589307e-01
9.996133593451678179e-02
-6.000212952631929220e-01
8.087405125215313406e-02
9.999632422889919159e-01
1.843198400420394678e-01
2.061660723718007071e-01
1.027883155576431347e-02
-3.232589510330847737e-01
-2.436142160190152284e-01
-2.984008212560278483e-01
3.930606950470493244e-01
-2.574575846385310784e-01
9.999578093857005578e-01
9.998768297079551060e-01
-6.387877885648336924e-03
1.876411842998985113e-01
1.932147387254844195e-01
-1.572229135815560175e-02
-3.046831430314044242e-01
-5.999829245490027052e-01
-1.000011416074911397e+00
2.043098095287913252e-01
9.035603094192780002e-03
