-6.001390809548158289e-01
-5.999755173390126650e-01
9.999707554806521737e-01
5.948165270653883729e-02
-9.998805328950097771e-01
-8.120141803326923480e-01
-6.003242598498990112e-01
6.026304829024234366e-02
-7.901597945456998451e-01
-2.431036093115054864e-01
1.001321460892431597e-01
-1.000151091057151165e+00
2.150722471944511993e-01
1.520663532370583326e-01
1.899570605399845402e-01
4.002535497245606200e-01
1.245711116851068272e-02
-9.998310505381906577e-01
1.945037509425657785e-01
8.579251347201012276e-03
3.990635651336890688e-01
3.911532617439334447e-01
-2.667698605926079880e-01
-8.025552630052041891e-01
-9.999140209771844034e-01
3.931171901127784585e-01
-2.830799927391594584e-01
-6.000625056438855243e-01
-3.503947115626387943e-01
1.001471853734353795e-01
-9.999727377764559000e-01
-7.933442859579052930e-01
-8.009832157623352211e-01
-1.000121478377982820e+00
-6.333640072376901797e-02
1.000060288989792712e+00
-9.998561685718685421e-01
9.999129921560809819e-01
4.179955543409228369e-01
-5.999878445905912905e-01
1.000097537074666532e+00
-8.085685067664352133e-01
-2.503487801894548337e-01
9.997086770953353407e-02
-3.081372087073753763e-01
4.132423769911699463e-01
1.001213119771257598e-01
1.000511939954864815e-01
9.992663901537844617e-02
2.035443595245425008e-01
-1.000050521310582141e+00
-8.008838494259903351e-01
4.042689648755861676e-01
4.173378465214336308e-01
-2.011249722588683841e-01
-1.000071637278114212e+00
-7.989652480533607770e-01
4.011967646206938132e-01
6.709894574415224688e-02
-9.996593384868814880e-01
3.669065650324411076e-03
3.934230408850512006e-01
-1.000001412807244527e+00
-2.947723306885320360e-01
-1.000014015697140435e+00
9.998670716468734121e-02
-1.000023382836372265e+00
-7.074305113761350516e-02
-8.154346590007810480e-01
3.971146310715911176e-01
-5.998556716410294865e-01
-3.015814031733741740e-01
9.987634251825400211e-02
7.038827533470375097e-02
2.021375181460088877e-01
9.993793329351392807e-02
2.027398400665467171e-01
9.998944310591602047e-01
-3.823835556626551530e-03
-8.167840448651960683e-01
3.913146519170163096e-01
3.877917348722060287e-01
2.047554675158290427e-01
1.931585442659511098e-01
1.000043293967759483e+00
4.009163431031874114e-01
-1.000088951441193030e+00
-6.000129430278413611e-01
-1.000009396792736371e+00
-7.843581276905549349e-02
-1.000106984446483160e+00
9.989542089730463204e-02
1.000191623251408951e-01
-5.999273399864303302e-01
-4.536086587901131360e-03
-7.919638246365303669e-01
-8.013543093483707080e-01
-3.277151249444413272e-01
3.860333398165302077e-01
-2.070872070441651669e-01
4.065438040909605810e-01
-7.921270756629447130e-01
-3.449433705437946474e-01
1.000891975181911614e-01
1.000575377037765945e-01
1.000078457415253474e+00
-1.507734428371583849e-02
3.952146078513077976e-01
9.984060258277757671e-02
-3.435190051914339682e-01
2.008094983227551034e-01
-3.284634906459377168e-01
-5.998339868386646234e-01
1.000003191641553935e+00
3.988742916963363694e-01
2.192610156536476118e-01
1.001077699556320033e-01
1.000029373446040593e+00
-9.999329734827803184e-01
3.980897766390619208e-01
9.999994469170702116e-01
3.899561827027832606e-01
9.989438925752960885e-02
3.966220128421472646e-01
-6.000718537398511687e-01
3.931429280310322905e-01
-2.836458434819790764e-01
3.973054251303863027e-01
1.000097160384626260e+00
9.999939929133189187e-01
1.001319003267506225e-01
1.938207491202935950e-01
3.994085944658553600e-01
-8.085550575246045479e-01
1.000281447395545698e-01
9.998770342342220285e-01
9.999983420129313627e-01
-9.999410566939747058e-01
-6.000555010054187122e-01
4.012626119378977507e-01
1.085905980078079314e-01
3.931671928841684038e-01
9.992630006352379302e-02
4.028799423135727698e-01
-4.228720111282526645e-03
-3.308322630596997049e-01
-5.998974514421093751e-01
2.053905765449086929e-01
9.998107210454746374e-01
-1.000121686777744046e+00
-8.150702207963607115e-01
9.999123566514169781e-01
3.924711837194080899e-01
-6.000041500497577118e-01
9.991136768099710685e-02
4.643942768811878952e-02
-2.676125388321239362e-01
-7.972777664504535622e-01
1.922483069831571467e-01
1.000532007703495152e-01
1.000009483750414541e+00
2.217675472817300930e-01
2.001854596495567240e-01
-2.770714282345900226e-01
-1.000031985404389978e+00
1.898898944071920197e-02
3.947328746224684770e-01
-7.838301672134323494e-01
2.015775255899951990e-01
1.000021772949982957e+00
-7.782170101917369465e-01
-6.000486091510104369e-01
-9.999703400158931332e-01
-1.572130792598630186e-02
-3.621172129394640837e-01
-5.999229756674812064e-01
-1.337769641014510159e-02
1.946745551940429475e-01
-1.000000845261761473e+00
9.998722986754499109e-01
-8.049830847914763998e-01
3.921394973135893802e-01
-3.594322866150178597e-01
9.999375015649041298e-01
-1.000268831738426734e+00
-1.021225647118867014e-01
1.864077946322451884e-01
9.994984474854924639e-02
-8.032795018600425996e-01
-2.167255712414997149e-01
6.053348834699123771e-02
-1.468225655544646291e-01
2.169733770865138189e-01
-9.750658714744031151e-05
-5.998488975929813227e-01
-5.999329931367527458e-01
3.984361375092684843e-01
9.999429124900143240e-01
9.996953738917999099e-02
-2.057279804530960932e-01
2.138981743430048710e-01
9.997238672734501397e-02
9.997105498958740177e-02
-8.006012033472972300e-01
-5.998429008951057240e-01
-6.000487551262746466e-01
1.000050442469305079e+00
-6.001412888636630250e-01
-5.999715647919764416e-01
9.999480907097589855e-01
2.122474943355322774e-01
-8.087487903495264030e-01
3.882969280487725272e-01
5.444767661635035311e-02
2.142115944059591048e-01
-8.074005268233799271e-01
-9.999895381899903679e-01
-8.022616237357637070e-01
-1.000164906193591774e+00
1.000073247290045764e+00
9.999409217523053117e-01
-7.960788911293149583e-01
-2.519840049825274875e-01
-7.768237468973565596e-02
-7.971737273926969847e-01
1.000023609604847596e+00
-5.999518180620578844e-01
9.998624824195889715e-02
-1.000046970471093033e+00
4.053422228866159216e-01
1.973007112470964164e-01
9.999722495496738972e-01
-6.001012001522169070e-01
-6.000322654384750987e-01
-2.250313550909978644e-01
1.000051274077365493e+00
9.990017725089393730e-02
9.998658767067345465e-01
9.999708630907693241e-01
-1.000018132147566075e+00
3.924174430989341156e-01
9.988447433051345081e-02
4.218152699189323118e-01
1.000499520660713820e-01
1.056072358445734188e-01
9.205797882037028423e-02
1.949892314114307357e-01
4.061939287177884217e-01
-8.050054052419823858e-01
-5.997767808932799039e-01
4.051610013354047246e-01
1.000095563950715860e+00
-6.223980496872849599e-02
-7.898562547755549890e-01
3.915649281517604163e-01
1.719216245753806688e-02
2.101658321326995149e-01
-9.997971580502749145e-01
-3.333748496675568718e-01
3.966299569322269680e-01
2.146548996859784786e-01
1.708554324837219989e-03
1.000095717761641634e+00
1.000069373878655687e+00
9.999951622115860195e-01
1.001026891037349320e-01
3.444488551256977976e-02
-1.000085911986753784e+00
-2.430894215706542183e-01
-2.950514393425690551e-01
9.999361898599642418e-01
-7.858752502327404077e-01
-8.008467320005069334e-01
-6.001249639936361291e-01
-3.202063289227371490e-01
-1.000047605720927102e+00
2.067963499255354443e-01
1.001485795792545208e-01
-5.999908336054801117e-01
3.417235138595167004e-02
9.998924847151589024e-01
1.862083756345652152e-01
2.007097367785877495e-01
-9.955022798724036392e-02
-3.115844031996794494e-01
-3.091082474367720101e-01
-3.557529415466926248e-01
3.932985323592994575e-01
-3.323394738793766789e-01
1.000010437570197475e+00
1.000031116852253765e+00
2.926803618509014188e-02
2.096210007056333868e-01
1.903928503973401909e-01
5.513387107617660071e-02
-2.925135349363419124e-01
-6.001693568228733122e-01
-1.000015575146893099e+00
1.860186392875834427e-01
-5.223474419618611558e-02
