-5.999944301994105667e-01
-6.000144207607348568e-01
1.000131950734605368e+00
-1.032510953576128154e-03
-1.000053448973324821e+00
-7.922508307325075716e-01
-6.000761377745705838e-01
6.795675295915369618e-02
-7.961884114378977584e-01
-3.302766382630580866e-01
1.001303719859725216e-01
-1.000090741727574173e+00
1.954125639779727142e-01
-1.623135792107185602e-02
2.055021789337479199e-01
4.038842512319816280e-01
-2.086969275578952690e-02
-9.999734937997822870e-01
1.859902833674165756e-01
-1.120648958134605466e-02
4.126233481683329596e-01
4.237593566630885045e-01
-2.659508862018439834e-01
-7.812154805671542857e-01
-1.000032072523349136e+00
4.035359314849874535e-01
-2.808640713328541261e-01
-6.000242166629190521e-01
-3.520965837869169945e-01
1.001017814425833596e-01
-1.000071446392132968e+00
-8.026882754682904686e-01
-7.996715866383513616e-01
-9.999294021094881080e-01
-3.550419563947437157e-02
9.999511494620776375e-01
-9.998820770000854674e-01
9.999771052072722322e-01
3.905330968363889266e-01
-6.000179440919972684e-01
1.000019742427152414e+00
-8.014889787621065631e-01
-3.300187295947801247e-01
1.000795784309574527e-01
-2.553774719513167146e-01
4.197887878978144860e-01
1.000939644268798723e-01
9.995937082116120032e-02
9.989810049557110161e-02
1.976884736383873187e-01
-9.999396629566108530e-01
-7.958470427159943794e-01
4.214548625969600226e-01
4.042846235892333939e-01
-2.570081767187987198e-01
-9.998975950225776899e-01
-7.983717310052386162e-01
4.147141721557007776e-01
-2.790332540187440147e-02
-9.999836410574080015e-01
-4.953503780370566503e-03
4.027908185670285302e-01
-9.999911884577228349e-01
-3.065596815920550999e-01
-1.000031123732253002e+00
9.994755423968518238e-02
-1.000003627682689356e+00
-4.319802487799227070e-02
-7.870349894542736369e-01
3.788434455640278253e-01
-5.999661249452161726e-01
-3.354328395233912019e-01
1.000742557051708115e-01
5.443659380194910968e-02
1.878429771446308572e-01
9.984270679737217158e-02
1.997892882623688582e-01
9.999735682422181693e-01
9.096895933602672235e-02
-8.096619258225219440e-01
3.747184712233332937e-01
3.841876020028183181e-01
2.036045760781704239e-01
2.160636908574380677e-01
1.000189669574671703e+00
4.054356338178719543e-01
-1.000099004764837263e+00
-6.000985140475982860e-01
-9.998736297618645574e-01
-1.422475486071621831e-01
-9.999367473889239077e-01
9.996255099788728393e-02
1.000534002619059559e-01
-5.999652643566609767e-01
-2.175268422298091975e-02
-7.998755596372636445e-01
-7.856022906155089025e-01
-2.591275941011702000e-01
3.897480874844036491e-01
-2.903427677737279722e-01
3.902307268801190610e-01
-8.162184149917323106e-01
-3.858042432396192045e-01
9.995357357196654746e-02
1.000367812307407789e-01
9.997668968853868909e-01
2.193220993163043624e-03
3.898272747456091869e-01
1.001071825567846629e-01
-2.888896233114525147e-01
1.928238104822813381e-01
-2.592345755257373097e-01
-6.001002834472650704e-01
9.999099021382126251e-01
4.314928711857443089e-01
2.032626136222610014e-01
1.001584765401093424e-01
9.997852750913848174e-01
-9.998484219753914770e-01
4.064305823859871714e-01
1.000082391440378027e+00
4.072270106105906340e-01
9.996155265347514418e-02
4.088030795429815067e-01
-5.997745348225451689e-01
3.913401246183886295e-01
-2.911306544152633125e-01
4.100315833831807977e-01
9.999723872040671147e-01
1.000105689176470358e+00
1.000889737166849591e-01
2.036318489174794022e-01
3.785159422660376860e-01
-7.947694124187409948e-01
1.000431488937168073e-01
1.000162310486763406e+00
9.999622880607317299e-01
-1.000157566464368264e+00
-6.000252752033417014e-01
4.114967721473807294e-01
-2.171761747820407165e-02
4.016867432938305837e-01
1.000754541059022534e-01
4.156522487427495305e-01
-2.164389761949112381e-02
-3.025241446424131175e-01
-5.996807276275344378e-01
1.969416453310949555e-01
9.999182274349454058e-01
-9.999675108116705680e-01
-8.049933797482995423e-01
1.000127555434418225e+00
3.948187125886523652e-01
-5.997230604268041221e-01
9.992377499119414752e-02
-9.398268826589367686e-02
-3.361669831432829714e-01
-8.041633450620730983e-01
2.076431846370316858e-01
9.999197963202016703e-02
1.000097878958309261e+00
2.020685889459416795e-01
2.077712267033381410e-01
-2.692095879971463379e-01
-9.997745103889383866e-01
-3.040878465502001166e-02
4.140858359329913085e-01
-7.969534575368378837e-01
2.058609079949136889e-01
1.000153262381121344e+00
-8.065440985679793728e-01
-5.998990582276167993e-01
-1.000006300919446867e+00
1.129147572256564841e-02
-2.098656646391033886e-01
-6.000733810274153646e-01
-6.267339719830999911e-02
2.050921253946259293e-01
-9.999204877265166491e-01
1.000081884855520187e+00
-8.062552549730183094e-01
3.955694078718018369e-01
-2.733321169609159162e-01
1.000190948692319726e+00
-9.999912653532531115e-01
3.939932245255089831e-03
1.946286252611625911e-01
1.000482896896234125e-01
-8.170314190077313521e-01
-3.004334830774429421e-01
-2.268015385815457668e-03
-2.621657734058966405e-01
2.087479586624617633e-01
-6.193647389701006922e-02
-5.998798725413427846e-01
-5.997909289333306360e-01
4.073860832123139541e-01
1.000105799827996966e+00
9.994423566218116339e-02
-3.552363218077206342e-01
2.056134671349160448e-01
1.001246702397105559e-01
9.995865797657380036e-02
-8.039998388298954524e-01
-5.998916720919980072e-01
-6.000237783565268712e-01
1.000109423849591783e+00
-5.999772193735432024e-01
-6.000387569340236427e-01
1.000142325204246063e+00
2.027384901036321796e-01
-7.953190112028076797e-01
4.009792491655605473e-01
3.867255288805527668e-03
1.985064730680939360e-01
-8.096116597016251859e-01
-9.999698110911028337e-01
-8.120390616526265148e-01
-9.998924962892811186e-01
1.000054182852251561e+00
1.000006612327710487e+00
-7.998250476006172338e-01
-3.068773677593461535e-01
7.936510339359370558e-02
-7.986499180529236241e-01
1.000007919100858844e+00
-6.001481810487288016e-01
1.000674195922230947e-01
-1.000012046560684098e+00
4.115175733360996735e-01
1.993686648535957229e-01
9.998182578345904403e-01
-6.000803598876234268e-01
-5.999793874915602121e-01
-2.554207997824303189e-01
9.999911895702666698e-01
9.996655836740517276e-02
1.000087463662742371e+00
9.999568628673609627e-01
-1.000033390354597262e+00
3.893511458438777550e-01
9.988294604572590940e-02
3.944614984348873699e-01
1.001020810494662600e-01
4.955740251171032729e-02
-4.206737982273774795e-02
2.010554859292300878e-01
4.208082433017938939e-01
-8.229566495454624375e-01
-6.000971699101036450e-01
3.829964322231639295e-01
1.000101641535939168e+00
-1.797963725689787420e-02
-8.179167651970030706e-01
4.000773680693666123e-01
-6.500938136859388261e-02
2.063916615635049134e-01
-9.999410127019749961e-01
-3.078233801997954933e-01
3.925012008301209110e-01
1.751350888282371676e-01
-4.861037566881253047e-02
1.000023574128449333e+00
1.000183772490655931e+00
1.000003448174895393e+00
9.997225448244329016e-02
6.483632115771535698e-02
-1.000051141656523201e+00
-3.007717718362591386e-01
-2.546608046959668581e-01
9.998338423923330831e-01
-7.990639936749271977e-01
-8.127526501857122998e-01
-6.001269094429769746e-01
-2.351461383546949169e-01
-9.998584846576969998e-01
2.062244026858219281e-01
9.984849233654795320e-02
-6.001266433496126318e-01
-3.449565767552288664e-02
9.999135621003356622e-01
2.115448971286543467e-01
2.018550978895003456e-01
6.889637549880203715e-02
-2.320038922152785621e-01
-3.276317118539985862e-01
-2.811200533483071418e-01
3.996924527165032770e-01
-2.398677527518072172e-01
1.000036911599780254e+00
9.999724424527852706e-01
-6.372031818688508875e-02
2.136779877149340423e-01
2.051544524051870655e-01
2.675460768835862327e-02
-3.004838077246231864e-01
-6.000511195860863678e-01
-9.997214299371903756e-01
1.964722380118049672e-01
2.182607877731880183e-02
