-6.000558729988627604e-01
-6.000288617715743289e-01
9.999651384005993071e-01
7.435117535591016791e-02
-1.000093546848223935e+00
-7.918923182250133808e-01
-6.000959873149261936e-01
1.080300911361100624e-01
-8.059439699989486838e-01
-2.977896914521162008e-01
9.986781347420982391e-02
-1.000182870588942841e+00
2.150141637748021473e-01
2.673564533700756307e-02
2.182741276669010744e-01
3.876432843892763103e-01
-1.085644135939026755e-01
-1.000129833064786533e+00
2.161651231835541864e-01
3.364853269790243212e-02
4.149756199084819741e-01
4.005107646688080281e-01
-3.415541160541296639e-01
-7.955032561473150965e-01
-9.998026213034013621e-01
4.048062231161785318e-01
-2.512998190929630060e-01
-6.002388623776111487e-01
-3.374100010138318950e-01
9.996280908710659940e-02
-9.999276733665661832e-01
-7.888265716527153026e-01
-7.838920625064550451e-01
-1.000028444103428615e+00
2.904462942869517547e-02
9.998963732844622365e-01
-1.000023325476838254e+00
9.998801901408737036e-01
3.970131941935555742e-01
-5.998830095538405516e-01
9.999460445027598121e-01
-8.095531798167687754e-01
-2.992545010203661593e-01
9.986701271582058836e-02
-3.009128333219768248e-01
3.951436904831615582e-01
1.001326667618063632e-01
9.984633231983830459e-02
1.000789452142046287e-01
1.891787259718569481e-01
-9.999546515419753812e-01
-8.024062225850725483e-01
4.135373765658637013e-01
3.971871580189029194e-01
-3.368616205748096726e-01
-1.000109965216764207e+00
-7.825210175200102425e-01
3.941818613266675486e-01
-1.782018902748038966e-02
-9.998467120041845124e-01
-4.895624251842410624e-02
3.915726766906857392e-01
-9.998392316824157300e-01
-3.402444242740375602e-01
-1.000169750950239189e+00
1.000640192360786884e-01
-9.999857768109019496e-01
3.567388394317280026e-02
-7.933407120479154528e-01
4.205202060247075768e-01
-5.998967016066754088e-01
-3.379938006899569358e-01
1.001477574510503815e-01
7.842345625916125051e-02
1.996657549976157686e-01
9.986330872196641506e-02
2.044698805684676823e-01
9.998545230692152952e-01
-5.145839226470703270e-02
-7.914218164924845533e-01
4.059250129983834610e-01
4.210709274660177637e-01
1.981837787835317999e-01
1.985193430697455852e-01
9.999186138121254341e-01
4.106534788392467439e-01
-9.999275663647489987e-01
-5.999616777186139727e-01
-9.998818301525953522e-01
1.221057196456541705e-02
-1.000030084637564487e+00
1.000532374092410054e-01
9.988723572637876746e-02
-5.998317422111202335e-01
3.437404764749871916e-02
-7.960071490904488956e-01
-7.992547924933672832e-01
-2.329466565733344097e-01
3.949402195352297862e-01
-3.327016591667832923e-01
3.871652710142010623e-01
-7.880695754939121001e-01
-4.283347471284273400e-01
9.993405682819787861e-02
9.992671282215286055e-02
9.999595837139362287e-01
-5.517349214178682987e-02
4.015128283355112182e-01
1.000166119820606464e-01
-2.683270121866976332e-01
1.886483084412187428e-01
-3.279783873892988533e-01
-6.000652099858614363e-01
9.998859371038886223e-01
3.982650084260287993e-01
2.000653974477004660e-01
9.989138800781073579e-02
9.998166230282089506e-01
-1.000153183471556906e+00
3.932618773285596614e-01
1.000012861914681528e+00
3.781579485040338917e-01
9.986316883291802837e-02
3.943848507772549916e-01
-5.996959090239173396e-01
3.931752691131626398e-01
-3.909504332310493324e-01
4.186632409426046530e-01
9.999734296648635778e-01
9.998698916176917972e-01
9.979113782383666753e-02
2.067436592725402089e-01
4.057392121807656959e-01
-8.033745986203236766e-01
9.998663266152126028e-02
1.000029484564221915e+00
1.000105009377738385e+00
-1.000091226329331784e+00
-5.998971155312196046e-01
4.163810446053413661e-01
-3.637241202035600834e-02
4.039619216272724578e-01
9.989247826699515498e-02
4.152904476650589594e-01
2.135913708641794251e-02
-3.445693530142949212e-01
-5.999594475745285704e-01
1.838710818974541861e-01
9.999850508801885196e-01
-9.999574476296865244e-01
-7.786628391816604600e-01
9.999365251791277887e-01
4.029588099088453057e-01
-6.000053804099845234e-01
9.985719694959176163e-02
1.722011073069983425e-02
-3.237442270169151870e-01
-7.937430880527869270e-01
1.935421406821920542e-01
1.000255936407942331e-01
1.000015848720573253e+00
1.924850831718752375e-01
2.114288850765040639e-01
-2.574921209109187759e-01
-9.999847027885354622e-01
-1.467738299594263662e-02
3.973638165666589783e-01
-7.884921712242732861e-01
2.013321928501564939e-01
9.999185547978088895e-01
-8.148121023649989025e-01
-6.001200850163442846e-01
-9.998855059595853634e-01
4.609281700851601375e-03
-2.999418277425268675e-01
-6.000459789060056393e-01
-2.474077215337536911e-02
2.009655907365384686e-01
-1.000094456231971574e+00
9.999846532736804683e-01
-8.021838893796541248e-01
3.927167887970130500e-01
-2.935618727577029019e-01
1.000048267453147677e+00
-9.999373203666278576e-01
-9.292975437137925010e-02
2.048228460446188948e-01
9.994620443809401622e-02
-7.948082583383808686e-01
-3.145246552613417124e-01
7.512867524418080645e-02
-2.940588986021840934e-01
2.039911469685641576e-01
-5.524106540022175049e-02
-5.999842485356704502e-01
-6.000222085944757477e-01
4.079075606181593039e-01
1.000175661511811809e+00
1.000109640295030189e-01
-2.879791852342791225e-01
2.002012637362843017e-01
1.002221359110311155e-01
1.000271381428809309e-01
-8.063610210042282400e-01
-6.000214253380287133e-01
-6.001424823029171129e-01
1.000154872950203222e+00
-6.000438146542352857e-01
-6.000896930533835549e-01
9.999420638722273935e-01
2.145464978012149582e-01
-7.907348039119984628e-01
3.876145520537563338e-01
6.578329039719395255e-03
2.015757291426737430e-01
-7.928831844686251573e-01
-9.999488697104857993e-01
-7.730656865733864791e-01
-1.000126672828500318e+00
9.998518169939369926e-01
1.000130462776327223e+00
-7.957461173595727910e-01
-3.412940363096301222e-01
4.896894177217842037e-02
-8.090729450899996067e-01
1.000128981215261170e+00
-6.000643091341366642e-01
1.002402418618878605e-01
-1.000079012765100472e+00
4.025820781882414878e-01
1.820163485328059605e-01
1.000191059450207254e+00
-5.999926603303379347e-01
-5.999915524679093615e-01
-2.946795786868379730e-01
1.000115439906126724e+00
9.992546001916766119e-02
9.998853587242437779e-01
1.000033182393375020e+00
-1.000022210157846425e+00
3.998573839791820794e-01
9.999356103035997312e-02
3.857914973144471182e-01
1.000683541243689023e-01
-3.284161535717516206e-02
-1.284856237073326961e-02
2.122708003942241073e-01
3.987731829142533435e-01
-8.116941466225688906e-01
-5.999151345238424859e-01
3.884190562515651424e-01
1.000112336674501501e+00
6.167971141925946560e-02
-8.003869556064049373e-01
3.995592447359845312e-01
-2.005602671657435391e-03
1.934178465585299489e-01
-9.999704843533382403e-01
-2.266428164865849637e-01
3.985880854786231775e-01
2.118712259450974689e-01
1.425281683848357052e-02
9.998675954736899740e-01
1.000064570725948787e+00
1.000135806551806228e+00
1.000600558019158481e-01
-9.331289328573867670e-02
-1.000064053229644534e+00
-2.736671786415034724e-01
-3.949581536187682929e-01
9.999670068540158496e-01
-8.032923850058558690e-01
-7.907338028332289159e-01
-6.003161244360657456e-01
-3.041206434262334057e-01
-1.000154692272002821e+00
1.861558500760316925e-01
9.994807983096264115e-02
-5.997965974118646404e-01
-4.075171279025543297e-02
9.999305235702704575e-01
2.028134723803766137e-01
1.824451366005092334e-01
2.156179649540441220e-03
-3.463671051808464574e-01
-3.099494307908847723e-01
-3.172019829618185627e-01
4.069145111513000623e-01
-3.413781884886020745e-01
1.000083785731187724e+00
1.000179906722735712e+00
9.161614897128406501e-03
2.109409995983082819e-01
2.009268535768277686e-01
-3.815014098905485096e-02
-3.112713997489831574e-01
-5.999729233124848626e-01
-1.000140887820450963e+00
1.790121757789189527e-01
3.926882416232703454e-02
