-6.001704912060762398e-01
-5.999792284067408943e-01
9.998438702737066919e-01
2.187253050077180017e-02
-9.998765985090788400e-01
-8.204596977051817897e-01
-5.999010126824310118e-01
3.207745442798569380e-02
-7.985181339107988441e-01
-3.101485482752991407e-01
9.993566960580869962e-02
-9.999827285664797394e-01
2.133098876098755425e-01
-4.136505702850418881e-02
2.171208095216157485e-01
4.035654875341811998e-01
5.788955315054122169e-02
-1.000142856902717314e+00
1.977315154335954894e-01
7.622506068651069451e-03
3.913330417303426678e-01
3.867113852650910233e-01
-2.932711194500383645e-01
-7.939830361108736190e-01
-1.000061928407362188e+00
3.906580983539161833e-01
-3.925763333951570733e-01
-5.999766908629767803e-01
-2.678628695061721077e-01
1.000787909257411928e-01
-1.000080258727207072e+00
-7.879719229907359290e-01
-7.988005921518811503e-01
-1.000103838054344552e+00
2.355745135795164411e-02
1.000083954723629986e+00
-1.000007617201445820e+00
9.999995945545931963e-01
3.967794901839814536e-01
-5.999793200829135476e-01
9.999561410236849079e-01
-8.062796620066364772e-01
-2.931514115828882105e-01
9.991284847860767981e-02
-3.161988304057150589e-01
3.847027778256754127e-01
9.995243762953272271e-02
9.986632575158679859e-02
9.998346613685872575e-02
1.949778734115294732e-01
-9.999276557890154349e-01
-8.059157770096382345e-01
4.117470845366417720e-01
4.132776340762608358e-01
-3.087215804894036797e-01
-9.999958893194198506e-01
-8.054140074211105782e-01
3.886158754858131670e-01
-9.294345389516876776e-02
-9.999853227141523027e-01
6.739828009369351614e-02
4.126578338570574545e-01
-1.000122009736448270e+00
-2.762536934798583421e-01
-1.000006451263298235e+00
1.000408958711908047e-01
-9.999653964177903642e-01
-3.807079423212741953e-02
-7.860386729714589071e-01
3.996280657699514127e-01
-6.000720207639738124e-01
-3.619182087296679007e-01
9.997210812919338219e-02
-7.601875745289932151e-02
2.128465371122550687e-01
9.994504924240146804e-02
1.959857522688208398e-01
9.999610306280486416e-01
-2.833072351699703062e-03
-7.790308026988962409e-01
4.017247216482184302e-01
4.153409251835851190e-01
2.037914793971661864e-01
1.889387676729520904e-01
1.000173544542365622e+00
4.134019387210006169e-01
-1.000114142092044078e+00
-6.002119345808727413e-01
-9.998931439988242298e-01
-5.296734687651275669e-02
-1.000016837221323396e+00
9.999521577878568712e-02
9.991946232410375828e-02
-5.999761121088382776e-01
-2.506196989643660542e-02
-7.877960045093989061e-01
-8.078449947232329009e-01
-3.463461481369439765e-01
3.961408656896102665e-01
-2.696256167954729221e-01
4.216898040911749024e-01
-8.067943032554046878e-01
-3.681017442560158281e-01
1.000124959260876023e-01
9.984897588845430272e-02
9.999830852291149430e-01
3.770586347114757153e-02
3.999968755877914006e-01
9.993937294442761798e-02
-1.814547612105704144e-01
1.928649355748148497e-01
-3.166656721561003085e-01
-6.000689129281462364e-01
1.000186531596515271e+00
3.970607767911347175e-01
2.159768639439368088e-01
9.990886833964254810e-02
1.000181740625955218e+00
-9.999532359068986631e-01
4.031439016252936214e-01
1.000238731783191337e+00
4.005647473364015165e-01
9.982817674131437558e-02
4.116845080112068733e-01
-6.001500910071787542e-01
4.083231293992320987e-01
-2.997713150018008754e-01
4.050891409424403622e-01
1.000029174403569421e+00
1.000250817590923491e+00
9.992795443388644006e-02
2.140652566288000769e-01
3.849584714932985374e-01
-7.860458425370583369e-01
1.000726240872282374e-01
1.000050227228308497e+00
9.998347470919256574e-01
-1.000238586472046221e+00
-5.999149283056877113e-01
3.892513263457899053e-01
5.296907776896810083e-02
3.975514056597926338e-01
1.001431961918403390e-01
4.047621040914488044e-01
-3.746493244018579000e-02
-3.044325779736274384e-01
-6.000993973131671932e-01
1.946139104003053732e-01
1.000092722378033594e+00
-1.000020186679045908e+00
-8.082926779804574524e-01
9.998687483154068412e-01
4.068944482950336283e-01
-6.001216954428107986e-01
1.001242909494214489e-01
9.783277786957643093e-04
-3.384691796972638667e-01
-7.934644843253498836e-01
2.091910575309762765e-01
1.000557465305196708e-01
1.000067143403516434e+00
2.173493436751373908e-01
2.031766862280929009e-01
-2.222764705736486324e-01
-9.999444071598234673e-01
5.668874534926060527e-02
4.124908818485977791e-01
-8.061094269561777104e-01
1.980726336824321920e-01
9.998949161987813472e-01
-8.079503053243626276e-01
-5.999925035154038966e-01
-1.000095595911364876e+00
1.152933810200047759e-02
-2.555136060538693021e-01
-5.999439468896872185e-01
-9.071116336999513960e-03
2.111587405172781207e-01
-1.000105962906022716e+00
9.999719462649792057e-01
-8.099376593482615627e-01
3.872450723487361191e-01
-2.568375743191662064e-01
9.999131825928085915e-01
-1.000030606574645153e+00
6.833492442051058990e-02
2.091164990005710544e-01
9.994115318876103937e-02
-8.018012763432144085e-01
-3.435040286351691563e-01
4.010261224824374082e-02
-2.707556350866274775e-01
2.070806848315081272e-01
-3.229982193602855267e-03
-6.001850164237539920e-01
-6.001005950313860193e-01
4.161273922703680461e-01
9.999396162810266775e-01
9.996964756471560243e-02
-3.025609868169883421e-01
2.079869847812791384e-01
9.998668887711963105e-02
9.987384813108167447e-02
-7.946510894887508503e-01
-5.999481054079935927e-01
-5.998704903988373305e-01
9.999148481719716264e-01
-5.999132910880871083e-01
-5.999481380799540631e-01
1.000014192176951866e+00
2.121446860315079619e-01
-8.066958993509779630e-01
3.991602937443246568e-01
-3.490724152133350966e-02
1.891094957354068351e-01
-7.926891814434712247e-01
-1.000116670171371958e+00
-8.050365237496405202e-01
-1.000189931163508072e+00
9.997911517036958129e-01
1.000013766577595886e+00
-8.080352386108738960e-01
-3.290343795386047598e-01
5.582160168364982966e-02
-7.878784467352062393e-01
1.000043067994516477e+00
-5.999988450512387939e-01
9.995658933093228005e-02
-1.000138643529930205e+00
3.960799252944074422e-01
1.920202051942415666e-01
9.998849095610845561e-01
-5.999937636141612352e-01
-6.000127405010615700e-01
-2.772176028675139570e-01
9.998672860944182172e-01
9.992141774968045509e-02
1.000008596428478835e+00
9.999252878944904221e-01
-1.000020284183749553e+00
3.980677922077191511e-01
9.999413878614027418e-02
4.088170033986626706e-01
9.990082561264444772e-02
-4.678325498649590040e-03
1.355061978417192170e-02
1.893558577555152223e-01
4.083622233772085108e-01
-7.854525763297115493e-01
-6.000450761702369462e-01
4.140115613463324906e-01
1.000037018245827136e+00
-2.449943785702226456e-02
-8.120760571465160949e-01
4.117002627060798448e-01
-1.828442425729822837e-02
2.127208722123308249e-01
-1.000157358954544273e+00
-2.573605059387449878e-01
4.134429194364385163e-01
1.943624896356117571e-01
-7.132843647304069890e-02
1.000124722015428569e+00
1.000069135076297799e+00
1.000173578114285089e+00
1.000547361718956696e-01
1.745945274368216477e-02
-1.000128869787129560e+00
-2.879709027675389499e-01
-3.081175174477391310e-01
1.000026233099408524e+00
-7.958187516924277727e-01
-7.999858203149782243e-01
-5.998204921791004951e-01
-3.368549347337250754e-01
-9.999249643354344297e-01
1.923796607910221723e-01
1.000784131841785246e-01
-5.999793073531622944e-01
1.825905573099480261e-02
1.000024596551202460e+00
1.841351293757874374e-01
2.102098162726865893e-01
9.851175703991481292e-02
-2.921147872714813243e-01
-3.650882844932950011e-01
-2.556812808940056025e-01
3.946796984227330385e-01
-2.816298451090961663e-01
1.000011831420190234e+00
1.000110144924241329e+00
6.647335287410631455e-02
2.131806217473509735e-01
1.854514954807632288e-01
-5.459180915928078109e-02
-2.774455082826750574e-01
-6.000117595953299299e-01
-1.000101558175644278e+00
1.948557018270732077e-01
-5.953127858026861091e-02
