-6.000922346845438682e-01
-6.002085993119861129e-01
1.000000187961757936e+00
-1.492125964903731443e-02
-9.999550376103419902e-01
-8.071039880397266053e-01
-5.999749106471826687e-01
-1.204750855822825373e-02
-7.982562277890948854e-01
-3.175356412198553913e-01
1.000177945921717215e-01
-9.998840392665696575e-01
2.001069899172347455e-01
3.574236481824893258e-02
2.025030656541908780e-01
3.923221130728181683e-01
6.580955764702942079e-02
-1.000018132882146249e+00
2.054047856277695649e-01
-6.850699538221768914e-02
4.116333661415254586e-01
3.961971187159117891e-01
-3.005827140351983173e-01
-7.965477463754011556e-01
-1.000053345512720293e+00
3.857017773471854705e-01
-3.259979852163835679e-01
-5.998914807060501397e-01
-3.167946877633832092e-01
9.987563149210446078e-02
-1.000043605470271713e+00
-8.066603209760666582e-01
-8.242387121477554590e-01
-1.000205211654806803e+00
1.751182827023520239e-02
9.999296924859868430e-01
-1.000060947615322826e+00
1.000048370630816752e+00
4.069837905514996357e-01
-5.999918949591329653e-01
9.999355908263286574e-01
-8.095199616116585117e-01
-2.839922475036116278e-01
9.995141098198911944e-02
-3.274346048830102940e-01
4.000690592014538582e-01
9.989917847257752392e-02
9.988358441503186747e-02
1.000057769089021803e-01
1.920842485752179418e-01
-1.000022358102062192e+00
-8.186613379458067552e-01
3.958433000529278378e-01
4.251476090240647876e-01
-1.750612900653842063e-01
-9.999744206899744414e-01
-8.059797206347254495e-01
4.233792257149228133e-01
-2.103747789337052920e-02
-9.999529581171739956e-01
2.981287796890956868e-02
4.054829952669045112e-01
-9.999395489681121019e-01
-3.189213751059774560e-01
-1.000068848649679376e+00
1.000575308447922002e-01
-1.000097029128331538e+00
9.479800698833722172e-02
-8.034783025872426210e-01
3.983237812515288412e-01
-5.999336295689885468e-01
-3.027208655288796124e-01
1.000257770760272086e-01
6.027809814059788274e-02
1.910037787802797982e-01
9.992430825449082066e-02
2.003594275691633064e-01
9.998512203936849030e-01
2.741949414147848429e-03
-7.923258057040059033e-01
3.789406047429292879e-01
4.254175255396154820e-01
2.039698428815951148e-01
2.001860988035857047e-01
1.000091329799985385e+00
4.027637716827979775e-01
-1.000039673273112495e+00
-5.998896659294464806e-01
-9.999843568225242896e-01
-6.246483676101938914e-03
-9.999161903144891950e-01
9.988797467036954203e-02
9.993442562572228682e-02
-6.002249863077845360e-01
-8.080224644139646570e-03
-7.923493668143924973e-01
-8.037126756832760899e-01
-2.947214987802022068e-01
3.968821500862296792e-01
-4.113509760466226295e-01
4.048916352397087248e-01
-7.905427820411733419e-01
-2.916251220256740329e-01
1.000330169925305601e-01
1.000696924716706626e-01
9.999852444599389711e-01
-4.679144078705638893e-02
4.035348925640288020e-01
9.998315320662351513e-02
-3.174069410375739975e-01
1.910395811716114056e-01
-2.533778008018900962e-01
-6.000874516820910998e-01
9.998616322266670187e-01
4.005976982089234917e-01
1.956572716875061568e-01
1.000892749509250806e-01
1.000142174912461712e+00
-1.000091309001978512e+00
4.108415660589700980e-01
1.000007464239685673e+00
4.069595518671435541e-01
9.990179385085246055e-02
4.105169069306849883e-01
-5.998004410202159020e-01
4.006166255999519255e-01
-2.236741025189155074e-01
3.925511820271329055e-01
9.999524181384714661e-01
9.999085483678201713e-01
1.000631449133691508e-01
2.076758712419126407e-01
3.950787094554803480e-01
-8.005613127761830317e-01
9.988572567979611683e-02
1.000177639588407885e+00
1.000265688677163922e+00
-9.999915688681065840e-01
-5.999580024099816500e-01
4.025868002620211494e-01
1.349551393266912140e-02
4.217955166955717483e-01
1.000608808601157890e-01
3.993588876967170131e-01
-5.608805666674670370e-02
-3.669343358747108041e-01
-6.001099378700390785e-01
2.167871698011408499e-01
9.999241667848971504e-01
-9.999776830249729187e-01
-8.183137110744397313e-01
1.000015377586617848e+00
4.159931227148210842e-01
-5.999779059031425943e-01
9.987073045781014180e-02
1.811145018126324993e-03
-3.299740749304886922e-01
-8.003548519213019574e-01
1.882518862882781308e-01
9.997095271372874459e-02
1.000166831858464445e+00
2.087837791628856243e-01
1.833160421037979271e-01
-3.074007177365673527e-01
-9.999312595626821398e-01
-7.649352942374867959e-02
3.971071719155122026e-01
-8.049448692814485939e-01
2.043761851888778458e-01
1.000063409488202382e+00
-7.972629647100453187e-01
-5.998867671324816797e-01
-1.000019216841753877e+00
1.052130284088333978e-01
-3.615248212051628829e-01
-5.997249498059044059e-01
-2.135234746434682904e-02
2.003351960028418588e-01
-9.999351019863350620e-01
9.999828008401098201e-01
-8.187966688299729290e-01
4.051997188309064968e-01
-2.202867212009614883e-01
1.000025815415275909e+00
-9.999805254458417059e-01
1.433351800725398695e-01
2.030832706209107774e-01
1.000642100536992957e-01
-8.035247380442187559e-01
-3.592547398725178254e-01
-7.275943525911419962e-02
-2.487334028111497231e-01
1.943529108467535738e-01
2.324906439681144812e-02
-5.997831971552176622e-01
-5.999949471789095545e-01
4.005271871451099863e-01
1.000032445860537189e+00
9.997772195303723797e-02
-3.006536979910723884e-01
2.034720698914448400e-01
1.000030476621673881e-01
1.000033734328103358e-01
-8.036201990277204166e-01
-6.000962994811941398e-01
-6.001359037043610956e-01
1.000024020924359158e+00
-5.998574253552482194e-01
-5.999956858179018582e-01
9.999026007672883187e-01
1.906656384829018835e-01
-7.881308599448327845e-01
3.987160882651190064e-01
-1.642869242832410356e-02
2.035834342030136135e-01
-7.834171311026025819e-01
-9.999138282364657959e-01
-7.730404111566543390e-01
-9.999474447647273001e-01
9.999651115722478778e-01
9.999934878903715685e-01
-7.781218903861196745e-01
-3.211499351972602612e-01
3.235331889056957538e-02
-8.113626093387725779e-01
1.000100988961745152e+00
-6.001702366882104567e-01
9.986211832499869434e-02
-1.000105783061078002e+00
4.043588988310162780e-01
1.926375394927671292e-01
9.999841681154620909e-01
-5.999333784745443099e-01
-5.999719359755826265e-01
-3.320819313923081828e-01
1.000057456506131537e+00
9.996125488233913170e-02
9.999607188486246967e-01
9.999863088904126229e-01
-1.000109101135954193e+00
4.048712864537234446e-01
9.998783481722522959e-02
3.902737176844393030e-01
1.000551680191520826e-01
2.697882473167168005e-02
-2.579212182396992820e-02
2.205617689918684121e-01
3.910590236006379894e-01
-8.052287432993202598e-01
-5.997746242969390629e-01
4.034004550213302620e-01
9.999943668728227264e-01
-3.090809778087843032e-02
-7.997015931614843698e-01
4.137210204275908465e-01
-5.664241197371441827e-02
1.933478433382983808e-01
-9.997518499718262008e-01
-3.083982214719774295e-01
4.023142463003212543e-01
1.934224096511559521e-01
5.146376028192461288e-02
1.000263364376982045e+00
9.999872805650340535e-01
1.000080925351385597e+00
9.986923266934011334e-02
-3.787544381713915664e-02
-9.999304885787214658e-01
-3.547284967346502338e-01
-3.204220336132392322e-01
9.999382917871624255e-01
-8.232330875245793544e-01
-7.955145274256939514e-01
-6.001315380774282504e-01
-3.309071282629608146e-01
-1.000010131746238429e+00
2.155181953108137594e-01
9.990467500635701048e-02
-5.998692540761393355e-01
2.138622976406534884e-02
1.000135563749116496e+00
1.841326428462954079e-01
2.060694160720778212e-01
4.571304311887225240e-03
-2.110012937993209770e-01
-3.466860719699176308e-01
-3.182563420076022220e-01
3.976434511595444699e-01
-3.112478317124458549e-01
1.000108539637309502e+00
9.999315314170010849e-01
-2.994737501345183517e-02
2.067006829727125738e-01
2.063486351140790265e-01
5.146238025071662309e-02
-3.010523839168638416e-01
-5.999616936868876760e-01
-1.000224640356301320e+00
2.072553975635421653e-01
7.488830162992576867e-02
