-5.999894861280868907e-01
-6.000350097365086954e-01
9.999630236215264478e-01
-1.234287089958338232e-02
-9.999966001521077841e-01
-8.028763027666003804e-01
-5.999867819661293122e-01
-5.953693731619567192e-02
-8.009357611368111973e-01
-2.892099139439424094e-01
1.000992511130242985e-01
-1.000022047529102842e+00
1.929254211883614512e-01
-8.211733933412952713e-02
1.899561569646579517e-01
4.058370408374832872e-01
-1.225836230612766843e-02
-1.000157695383463441e+00
1.902688187228282202e-01
-9.585451040542337930e-02
4.034476122560278211e-01
4.120499829979061834e-01
-3.862099920100193207e-01
-8.018111563609456871e-01
-9.998383638504824145e-01
3.947833485674609455e-01
-3.802911804561660558e-01
-6.000605321841846473e-01
-3.831338669210501702e-01
1.001089041414513492e-01
-1.000092651116725184e+00
-7.952034788873755256e-01
-7.969705018284318765e-01
-9.999016725267407812e-01
1.652193740519607851e-02
9.999991334685323086e-01
-1.000087675142418808e+00
9.999907342860847592e-01
4.110015308615820318e-01
-6.000219745994695986e-01
1.000020104635702456e+00
-8.092095803742338500e-01
-2.656388098183663504e-01
9.999310568407697442e-02
-3.225760852675911838e-01
4.086289236200111863e-01
9.988111748495037689e-02
9.979522899115716994e-02
1.000597146057990300e-01
1.914725431147508150e-01
-9.999456108837838642e-01
-8.138050814730822813e-01
4.062794219223443415e-01
4.038382738839250141e-01
-2.531608488963180692e-01
-1.000066525768413817e+00
-7.924120559513539996e-01
4.046637447619912953e-01
-1.415991922797010588e-03
-9.999850448548367465e-01
3.596066786403667725e-02
4.071666808630475254e-01
-9.999674878840043579e-01
-2.340358810597388817e-01
-1.000005829171196625e+00
9.990031418410807995e-02
-1.000088361337297727e+00
3.816597801718633453e-03
-7.899772899845133312e-01
3.985644344900030611e-01
-5.999581968806867449e-01
-3.281806585040069058e-01
9.993284071764520216e-02
5.136394201360026252e-02
1.768154066841895466e-01
9.987576312164174464e-02
2.105711639327053908e-01
9.999893022490531358e-01
5.429179320185318486e-03
-8.046751670491003594e-01
4.127954620587380719e-01
3.861381608479368954e-01
2.045937454890964791e-01
1.902730980463777921e-01
1.000084373347643441e+00
3.821841009631159469e-01
-9.999786577478924077e-01
-5.999613776480228200e-01
-1.000039873655732547e+00
4.173630946197295910e-02
-1.000086940006272851e+00
9.990682866360335590e-02
9.996142096898684437e-02
-6.002256442550164550e-01
4.471950581064546015e-02
-8.021044964160350954e-01
-8.048312091907792176e-01
-3.693868400152791054e-01
4.013406432890367359e-01
-2.419512640489489830e-01
3.968632004048245343e-01
-8.138747363706289040e-01
-2.803243004641278180e-01
1.000420661638026509e-01
9.991755472123856063e-02
9.998624483334356272e-01
-1.488176613283951309e-03
4.061879798806553588e-01
1.000077212129894533e-01
-3.631534662859031704e-01
2.068545899469810267e-01
-3.985832207530741189e-01
-6.000349301740729446e-01
1.000173605476180727e+00
3.896020816971290102e-01
1.866284892798989181e-01
1.001060624322249598e-01
9.999201251182338046e-01
-1.000046612119848133e+00
3.872199732312005538e-01
9.998963828942786236e-01
4.219212844582240218e-01
9.997306228258034944e-02
3.833730123742258300e-01
-6.001639695261674623e-01
4.017533249418164254e-01
-3.136790239045545992e-01
3.962437558236054369e-01
1.000124395865464422e+00
9.997813045259822395e-01
9.999906720380356828e-02
1.923805082308209236e-01
4.117186677468305245e-01
-7.998701671309366157e-01
9.988183679586432051e-02
1.000017373113149644e+00
9.999960205939447677e-01
-1.000102920105045312e+00
-6.001207552929809230e-01
3.903144602892855697e-01
1.599123293530786694e-02
4.010407141841133560e-01
9.990405715699825218e-02
3.858845288035879229e-01
4.264394884294888527e-02
-4.001444822002672708e-01
-5.999435839672673243e-01
2.192918785347491295e-01
1.000194605975536888e+00
-9.999288747479495587e-01
-8.183534112905028746e-01
1.000059184896768150e+00
3.874345239682364106e-01
-6.002222483874866121e-01
1.001567695772738742e-01
3.935102684868393985e-02
-2.240475217330442637e-01
-8.019537815614175003e-01
2.028954158898574611e-01
1.000489646465409499e-01
9.999013966566787648e-01
1.929518182034723472e-01
2.105806973061156717e-01
-3.242856639763777582e-01
-1.000005544185510464e+00
-2.710332330281769661e-02
3.954984572208785076e-01
-7.966400406891999131e-01
1.899015062748114768e-01
1.000072543110864798e+00
-7.954026551068366091e-01
-6.001324556034897117e-01
-1.000068437178653236e+00
-3.806358455500213900e-02
-2.988530371088314874e-01
-5.998837732910059506e-01
-3.572888271675920407e-02
1.885780754841610840e-01
-9.999567466523470172e-01
9.999554219416078027e-01
-8.112564386036432706e-01
3.843002119881377410e-01
-3.444904896057002786e-01
1.000100368641472670e+00
-1.000018227473034482e+00
3.426915826589669450e-02
1.903038008631081079e-01
1.000301116520241479e-01
-7.963927586833848826e-01
-2.334973944674061663e-01
2.791649814158680791e-03
-2.274863686707312427e-01
1.920404642497874070e-01
1.035198843492509888e-02
-6.000543088899823463e-01
-6.001344360816261991e-01
3.987841610668518277e-01
9.998892880050811449e-01
1.001430841587137993e-01
-2.663993168340134110e-01
2.011365506442557016e-01
1.000652351436376875e-01
1.001632972605513983e-01
-7.947061465692512039e-01
-5.998290349863321103e-01
-5.999983437358252791e-01
9.999072770950008238e-01
-6.000170144815749618e-01
-5.999763298253085742e-01
1.000075563586527272e+00
1.789524740579518380e-01
-7.874163787969363781e-01
4.105006596919414386e-01
2.163168269751575279e-02
1.930412304040319826e-01
-8.065454597873692455e-01
-1.000031771732945662e+00
-8.001525611379251002e-01
-1.000113654581331168e+00
1.000074540810692802e+00
9.997606426014539194e-01
-8.065399234775377790e-01
-2.187554307525800823e-01
-2.041836412946365642e-02
-7.948613866770332104e-01
9.998906445977238100e-01
-5.999445632340416612e-01
1.000846793625100317e-01
-1.000005598490248726e+00
3.781920167964740176e-01
1.916733676878477621e-01
9.999083838142134306e-01
-6.001973710912138493e-01
-5.999423484533221718e-01
-2.632502959521368369e-01
9.999091259326912118e-01
1.001873094137165632e-01
1.000095586239160950e+00
9.999136790844759259e-01
-9.999697576156681977e-01
3.950723058647025998e-01
1.001680125951478206e-01
4.064508749599238246e-01
9.992464319202370993e-02
-6.210883638911904314e-02
-1.726915300664442002e-02
1.877244935677381266e-01
4.013477355910847200e-01
-7.914413259441208659e-01
-6.000511324538984059e-01
3.862277618927109635e-01
1.000133759958126589e+00
-6.560392516017531615e-03
-7.888802022531485880e-01
4.043366457238526390e-01
-1.917138299270115809e-02
1.983072888143520562e-01
-1.000077867799185727e+00
-2.848041240984113265e-01
3.907702921174709410e-01
2.048610039865936261e-01
-2.991592976548380304e-03
1.000024439816969979e+00
1.000107328549664221e+00
1.000189870835505257e+00
9.992659400341173670e-02
-2.699266492217663668e-02
-1.000061269591680180e+00
-2.302029348888585125e-01
-3.360794418124717908e-01
1.000186653488085664e+00
-7.673962502535702779e-01
-7.868375322443023068e-01
-5.999640716344787350e-01
-2.945063043687024540e-01
-9.998957094234611764e-01
1.800998261793793909e-01
9.989075628879581781e-02
-5.999131520272351636e-01
-1.986448660884290035e-02
1.000103303217603212e+00
1.821631257057833575e-01
2.019117658171017959e-01
-3.971120778679979035e-02
-3.062481824020037435e-01
-2.281806545742905978e-01
-2.754405491682715423e-01
3.942431988248817354e-01
-2.901896161362333970e-01
9.998826562145896046e-01
1.000224305628672372e+00
-6.639827858427842233e-02
1.971497240585598221e-01
2.059890701693498916e-01
2.799113063255257577e-02
-3.069064239334873267e-01
-6.000838733669056069e-01
-1.000005153914711453e+00
1.951472922078188732e-01
2.920861882874534188e-02
