-6.001300944950344052e-01
-6.001132698351144823e-01
1.000011494997540495e+00
-3.130004521740349308e-03
-1.000107365600102050e+00
-8.103723812001384363e-01
-5.998231089341833355e-01
2.437481799052047121e-02
-7.929350519470814707e-01
-2.400476743662822432e-01
1.001004328104683899e-01
-1.000158675161593846e+00
1.937821925150311764e-01
-1.072254557166160832e-01
1.867093162387167826e-01
4.089324285828159211e-01
3.126960601446361707e-03
-1.000093110813010666e+00
1.871057656860959650e-01
5.699386181552584113e-02
3.940229033385096447e-01
4.013047437571368170e-01
-2.738549770664656657e-01
-8.038141837946227719e-01
-1.000042116287408911e+00
4.040563341216194537e-01
-3.074791834462718421e-01
-6.000625094252265423e-01
-2.559130877668369108e-01
9.999204823767193773e-02
-1.000007243933947354e+00
-8.114962414646331723e-01
-8.009801738348401035e-01
-9.999733541273322368e-01
-4.222378183554402475e-02
9.999821221822920991e-01
-9.999799141857222962e-01
9.999975653973881551e-01
3.944563941925965378e-01
-6.000362993933140432e-01
1.000006705558318609e+00
-7.924427334992458771e-01
-2.957205385482881699e-01
1.001126085797023335e-01
-2.323592954702586866e-01
3.850896153408724931e-01
1.000623758451150980e-01
1.001298016882452568e-01
1.001383555369101952e-01
2.153520228944412751e-01
-1.000097105654133900e+00
-7.936863522808679239e-01
4.037784467690246903e-01
4.197342418097393391e-01
-2.654110974975989468e-01
-1.000152847616812446e+00
-7.961436451552719173e-01
3.954592349922077532e-01
4.741482235955196689e-02
-1.000001768799022583e+00
7.334055832729562130e-02
3.729169138331285271e-01
-1.000037533323074213e+00
-3.359175663378269894e-01
-9.999586154523257830e-01
1.001052025154909597e-01
-9.999647851393002052e-01
-4.032876493331073037e-02
-7.970261191188112715e-01
4.078521131193718063e-01
-5.998151009781529375e-01
-2.990473644516428720e-01
9.990010237661282877e-02
2.499373028184229129e-02
2.012855195679844611e-01
9.995477983155859336e-02
1.973170285321173001e-01
9.999349444966659783e-01
4.192049383438698103e-03
-7.873525851662223074e-01
4.146052033091096045e-01
4.125700994533689769e-01
1.896898023794247323e-01
2.177703651648943417e-01
1.000030479436401887e+00
4.075860909204916949e-01
-1.000050227896163380e+00
-6.001076680244653572e-01
-1.000008179329746616e+00
1.496339315430192211e-02
-1.000060826380596568e+00
1.000002874057537711e-01
9.986496957075897962e-02
-5.999699121001031976e-01
-9.082929020265083885e-04
-8.026432229706602639e-01
-8.017622691412991109e-01
-3.109748524328082020e-01
3.978780686884033635e-01
-2.911054988765741092e-01
4.139257107271710479e-01
-8.103394881224439406e-01
-3.223546980455632704e-01
1.001584283252374280e-01
9.993806896549031760e-02
1.000040865350395602e+00
-8.725402550621405573e-02
4.067379161094064610e-01
9.997174092598283546e-02
-2.556683629538069602e-01
2.010057834251015585e-01
-3.334124307990045111e-01
-6.000672584218268435e-01
9.999423391886516077e-01
3.827194799880614950e-01
2.063124651625654060e-01
9.999163394597210264e-02
9.999403457611526491e-01
-1.000011878474211358e+00
3.974070154765900198e-01
9.999151594823719735e-01
3.934242650387669293e-01
9.994954754879885328e-02
3.967909529086821596e-01
-5.998464908977367838e-01
3.974931741752837921e-01
-2.643450524781557065e-01
4.017395070438429250e-01
1.000206539207031842e+00
9.999507161493319529e-01
1.000309611116629860e-01
2.029345047496491361e-01
4.021913969417428847e-01
-8.067482437337690770e-01
1.000825757238804903e-01
1.000103480643329101e+00
1.000120118655436263e+00
-9.998820617845034509e-01
-5.998223610331131495e-01
4.122310103625657640e-01
-3.026057357557108973e-02
3.880777410051062803e-01
1.001731248263841023e-01
4.139559743809868020e-01
2.952430879845188705e-03
-2.427725789544508683e-01
-6.000156879208358163e-01
2.000259100090006625e-01
9.999347941606592238e-01
-1.000053337519599461e+00
-7.921047811958912277e-01
9.999202089503945734e-01
3.903169279420479754e-01
-5.998930912545239469e-01
1.000467481832199995e-01
3.776969771436248374e-02
-2.820212396223268914e-01
-8.085912855216451645e-01
1.877406778813199839e-01
9.997388965354883639e-02
9.998489782480884935e-01
2.118139439392472678e-01
2.017761489775164174e-01
-2.790617393750289277e-01
-1.000001088208034794e+00
-2.206673142688181377e-02
4.018711982963241724e-01
-8.009790229102340398e-01
2.145376779608940132e-01
1.000070053785386825e+00
-8.094111613286818496e-01
-6.000255147489844676e-01
-1.000066010691254004e+00
6.998686444542165722e-03
-1.790725460659610135e-01
-5.999092710953504159e-01
5.316059638075591037e-02
2.016841735653600309e-01
-9.996297229979068666e-01
1.000172259952890608e+00
-7.934344406762894319e-01
3.971915203179893772e-01
-3.159467692754466817e-01
1.000095093451372374e+00
-1.000145031564606990e+00
6.902545960833177119e-02
1.987140300213891542e-01
9.976227527687524244e-02
-7.725638265935631521e-01
-2.868588793293468386e-01
1.520022999983636908e-02
-2.826381398255138899e-01
2.157247765639494774e-01
2.573122537312318159e-02
-5.999673872101282113e-01
-6.002047570787009123e-01
4.001527819056552859e-01
1.000025250099845220e+00
9.983872871605092847e-02
-3.216694297278864800e-01
2.064923932137658069e-01
1.000576679613405379e-01
9.990070339763267027e-02
-8.318483149946543920e-01
-6.001188455991953719e-01
-6.000710988882029806e-01
9.999595837078494309e-01
-6.000221302747089647e-01
-5.999223503342421271e-01
9.999619938134085562e-01
1.947894533108829596e-01
-8.021790123308661924e-01
4.114147915105724751e-01
-5.999590382837649560e-02
1.908502313524547966e-01
-7.928328566581055448e-01
-1.000169288244228794e+00
-8.124313672938316966e-01
-9.997571519035731713e-01
1.000058555803281068e+00
9.999917355656580131e-01
-7.836175225796558896e-01
-2.534957267315525176e-01
2.193228093203359805e-02
-8.017378728913648889e-01
1.000026035548444048e+00
-5.997244292501873186e-01
1.001380969028882878e-01
-1.000107893252879743e+00
3.965679338501302831e-01
1.979510058060454103e-01
9.999971247585688339e-01
-6.001315495636834196e-01
-5.999879751102211722e-01
-3.234852225314177598e-01
9.999079869816924759e-01
9.997322066715914890e-02
9.999341389557915294e-01
9.999454765310854532e-01
-9.999361869625061905e-01
4.129137274555066961e-01
1.002059701934501085e-01
3.886042318907099724e-01
9.985673559753127648e-02
-5.613000286780762960e-02
-3.648312946824028378e-03
1.962783280460178026e-01
4.087836818967087171e-01
-7.976942774492354893e-01
-6.000510309485747040e-01
3.840050617408583000e-01
1.000022479910951612e+00
3.072853639577457704e-02
-7.972579980080747308e-01
4.132011530860427717e-01
-6.847305344364958135e-03
2.181298495062977683e-01
-9.999423551290751444e-01
-3.206821127319553488e-01
3.888001139630269387e-01
2.074627379102253755e-01
5.772242117580353438e-02
1.000064085727086161e+00
1.000145666305060299e+00
1.000065903985650539e+00
1.000000025623501293e-01
1.627518180251369059e-02
-9.998633247113808409e-01
-2.811248876317093970e-01
-2.058033252110680056e-01
9.997559331903190794e-01
-7.969844404450187048e-01
-8.080663286302014470e-01
-6.000781589151407136e-01
-3.407903705827142193e-01
-9.998920808836796459e-01
1.881388758086727231e-01
1.000286793342771707e-01
-5.999576571489523280e-01
-9.313353778289290563e-02
9.998200145667631711e-01
1.975650849383441265e-01
1.984350513576330910e-01
4.923745763510376655e-02
-3.148223927593351013e-01
-3.172878383423595738e-01
-2.790406885246682345e-01
3.884201056222076898e-01
-3.093260616173773569e-01
9.999719842902733413e-01
1.000094651416150171e+00
5.906970758412315864e-02
2.062997757340192251e-01
2.134726515615049391e-01
-4.621572898091641513e-02
-3.127807161139665171e-01
-5.999599089106446570e-01
-1.000254256469445213e+00
2.139019344192021332e-01
1.429850636068744421e-02
