-6.000737779130654870e-01
-6.000533852603957552e-01
1.000131392313242662e+00
1.858389136370456468e-02
-9.999310104095346929e-01
-7.827157999959040158e-01
-6.001027835791568066e-01
-2.593308401403359928e-02
-7.896137050829582504e-01
-2.903663454902176699e-01
1.000695003629502311e-01
-9.999790469783572666e-01
1.926231502872471357e-01
-1.152044841480565351e-01
2.082198362360428157e-01
4.124735769275814090e-01
-1.050367672931086932e-01
-1.000049281092509013e+00
1.986073005812388215e-01
1.336161829841493731e-01
3.990066777101491935e-01
4.036811312513327032e-01
-2.613802462075724975e-01
-8.197019182420121064e-01
-9.999803058157552549e-01
3.874491947296129779e-01
-1.709209316922582211e-01
-5.999188171314643325e-01
-3.104045118211060661e-01
1.002142435335591913e-01
-1.000020897425715649e+00
-8.062616650410763253e-01
-8.105212806572008599e-01
-1.000083925588900025e+00
1.075877298347600042e-01
9.999345780041279941e-01
-9.998269706584305139e-01
1.000132242127356186e+00
3.961948848742916085e-01
-5.999811617416113130e-01
9.999579978457489027e-01
-8.033369521401039215e-01
-2.731678758998289380e-01
1.000376800843985337e-01
-2.085237578109319090e-01
3.959687102426706629e-01
1.000791934722582988e-01
9.988158341674141516e-02
9.992563633254021582e-02
2.248747273927976797e-01
-9.999418050387071100e-01
-7.865722074433167954e-01
3.851661708861299216e-01
4.111574736876691949e-01
-3.044169191960912069e-01
-1.000040098845453862e+00
-7.958725282974828952e-01
3.977693979064182983e-01
3.207151357201269704e-02
-9.999355883195254480e-01
-3.480896160696347191e-02
3.924378349544050404e-01
-9.999461580320995191e-01
-3.457146512062433952e-01
-1.000031471021674001e+00
1.000555288896768369e-01
-1.000041175157719398e+00
-1.707876513207847932e-02
-7.974030961812149654e-01
3.967469886933476797e-01
-5.999420611995235353e-01
-3.066259937390642953e-01
1.001272986183477653e-01
-5.498761451290563873e-02
1.929488774456791511e-01
9.996099287618795404e-02
2.073024577693018677e-01
1.000136990922064539e+00
9.698607132857368918e-02
-8.162862735707168138e-01
3.988331726268235511e-01
4.178307384483698206e-01
1.970563583594756585e-01
2.110871336575975699e-01
1.000009109522828510e+00
4.133666227136425508e-01
-1.000094810826286373e+00
-5.999231109328513334e-01
-1.000173188937589552e+00
-4.240452854209185440e-02
-1.000030818914354080e+00
1.000514824735747044e-01
1.002738393623479607e-01
-6.000979817778142600e-01
5.094323406735412271e-03
-8.076073931351465118e-01
-8.054182201686218567e-01
-3.418122862193428424e-01
4.072102256998804126e-01
-3.389795087152680519e-01
4.193225506808915815e-01
-7.925356891521038172e-01
-3.090233930708888854e-01
9.999315737922548353e-02
9.978886814073341383e-02
9.999774293517375012e-01
-9.801948411284505669e-02
3.836791353045267972e-01
9.993488808647037203e-02
-3.600938420230674897e-01
2.013708796391939782e-01
-4.100931631776184028e-01
-6.000415154168136089e-01
1.000174783619242280e+00
4.047406010253047359e-01
2.096903294326812051e-01
9.993902654419060949e-02
9.998789900568779698e-01
-9.999658146881520437e-01
3.855463174254946113e-01
1.000123900414110256e+00
3.897162982275403920e-01
1.000985206898515750e-01
3.949261169370879010e-01
-6.000619191541919362e-01
3.925077412974812274e-01
-2.602884177909227104e-01
4.005862557256508194e-01
9.998305986105477938e-01
1.000017250473391517e+00
1.001492498016493676e-01
1.974953579099746337e-01
4.028356586690381436e-01
-7.920900935450152502e-01
9.993816185259780938e-02
1.000148661098658742e+00
1.000072266249933506e+00
-9.998171552663391859e-01
-6.001110255445341046e-01
3.971513572339632758e-01
2.215620939569183309e-02
3.893660303790164035e-01
9.995617895689801191e-02
3.998209057636974983e-01
-9.559409393403628385e-02
-3.147543451148836491e-01
-5.996603519733081367e-01
1.948650230733211530e-01
1.000062291328898345e+00
-1.000096547966712546e+00
-7.969580381608640796e-01
1.000092486743904052e+00
3.981318376971864637e-01
-6.000024700692995205e-01
1.001412199958461591e-01
-2.302170703296987919e-02
-2.790717260479680939e-01
-7.878001367852196513e-01
1.877032560702530384e-01
1.000014654222858429e-01
1.000071070851797916e+00
2.205899996645706573e-01
1.855295390180885795e-01
-2.139958133243587968e-01
-1.000320623395502651e+00
-5.040543119351308804e-02
3.870374052317594460e-01
-8.037864537257907172e-01
1.993303070250465603e-01
1.000065144824197283e+00
-7.989136201632907053e-01
-5.999856737652424776e-01
-9.999766773709634071e-01
-3.242079627670131723e-03
-3.216594091234931119e-01
-6.000046301438448637e-01
-4.186864424860821388e-02
1.945959552981559315e-01
-1.000033810718710559e+00
9.999981427751772900e-01
-8.058450354567597840e-01
4.077078464686179071e-01
-3.525489558039601179e-01
9.999163047649251013e-01
-9.999316514088963936e-01
2.546566479677239703e-02
2.095391390610129856e-01
9.997641152757402727e-02
-8.064308560059213482e-01
-3.244908746844168412e-01
-4.925446887455049716e-02
-4.179720516427831156e-01
1.919364580261750108e-01
5.306675403895208532e-02
-6.001207137290169857e-01
-6.000603342085537584e-01
3.892797465573941129e-01
9.999471864425785173e-01
1.000951762651236671e-01
-2.996991851766195314e-01
2.136166575061611839e-01
1.000357993697340991e-01
9.992588075859948349e-02
-7.905829474169270288e-01
-6.000323416225755713e-01
-6.000976995147265791e-01
1.000089749603348288e+00
-6.001764494079457890e-01
-5.999364731337799572e-01
9.999585498640907177e-01
2.008897814772693802e-01
-7.991056166127846749e-01
3.972899654835885253e-01
4.818639531384679743e-03
1.937941100045664500e-01
-8.005477996451941802e-01
-1.000172115122907490e+00
-8.019321282233945469e-01
-9.999550433139217098e-01
1.000068851255492719e+00
9.999770715190235970e-01
-8.086231138169567290e-01
-3.703829457911766987e-01
-4.415231009365642306e-02
-8.083221486655054466e-01
1.000027500308050987e+00
-6.000295884774130561e-01
9.996743702273222509e-02
-1.000081845609317011e+00
4.044697242953691485e-01
2.017203739688960273e-01
1.000029532000720200e+00
-6.000657234245001526e-01
-5.999044530806540987e-01
-3.035736023991351118e-01
1.000099620689834268e+00
1.000985538190561214e-01
9.999885253235752947e-01
9.999055855028532447e-01
-9.999779448228620637e-01
3.926280736473491406e-01
1.001558474445408270e-01
4.065785782541795346e-01
1.000455914782204664e-01
-6.039014058726858286e-02
-3.093591415336068018e-02
1.882793441718710048e-01
4.032053723338614448e-01
-7.763815348084662782e-01
-6.000889175880096404e-01
3.790377448745771427e-01
1.000116573470672288e+00
9.633871866779133292e-03
-8.033863147876068034e-01
4.182166168886360946e-01
-7.623048616718620940e-02
1.853439972482918141e-01
-1.000201996613864441e+00
-2.775189983269096827e-01
4.083374530906250244e-01
1.925486496387820434e-01
3.053876371015748492e-02
9.998536408163213318e-01
1.000216198639897636e+00
9.999057634202791478e-01
9.997920059275121341e-02
-3.964379430214112765e-02
-1.000167157179958632e+00
-2.582295894650789014e-01
-2.267566553205376811e-01
9.999049646723572327e-01
-8.141079645550433064e-01
-7.847824892355459436e-01
-6.000513857807767693e-01
-3.388010354062153118e-01
-9.999512688637217650e-01
2.059787373198083693e-01
9.999509131719906685e-02
-5.998541043169911546e-01
2.675341540601468629e-02
9.998861017457832956e-01
1.830202122275699506e-01
2.026184216571511876e-01
-3.102407269295487553e-03
-2.945912671057396848e-01
-3.583174031534266391e-01
-2.419535613208683156e-01
4.057666409200966773e-01
-2.746738572211613882e-01
1.000298595525579204e+00
9.999755879005501891e-01
5.638615984842078321e-02
1.983686099723854790e-01
2.040998177547020120e-01
-1.099817762129700477e-02
-2.868604392939976822e-01
-6.000043860480759328e-01
-9.999932821621140278e-01
1.895839071839202639e-01
-1.967188246388305861e-02
