-5.998208713632999789e-01
-5.999831372966633047e-01
1.000153799631190887e+00
-4.710882293657400743e-02
-1.000087083213702321e+00
-7.989240234831058718e-01
-5.999354076788759871e-01
-2.707904399395321196e-02
-7.987770106776824752e-01
-3.269517893032314326e-01
1.001051003193140915e-01
-9.999160902387438377e-01
1.977911280479935363e-01
-4.007313947419031269e-02
2.054910604045350753e-01
3.975398930643751494e-01
-6.752200981467885131e-03
-9.999550787063401502e-01
1.927234538685556053e-01
-7.222838657344778091e-03
3.791156736576604680e-01
4.083175218486488345e-01
-3.175429021267568985e-01
-8.075725757285022732e-01
-1.000054401825591466e+00
3.875566079562500765e-01
-3.607081656078353626e-01
-5.999363740620428098e-01
-3.746855259273713101e-01
1.001389394839323765e-01
-1.000058906974879758e+00
-7.884299804231502673e-01
-8.028644552294174064e-01
-9.999602364175914637e-01
2.750264894591818512e-02
1.000225039296578133e+00
-9.999532331903950855e-01
9.998819864432216820e-01
4.008670232220792329e-01
-5.999440718270957484e-01
9.998143814634615767e-01
-8.155724412531327738e-01
-3.355255575782217781e-01
9.990938048888695078e-02
-2.388581599840245984e-01
4.080075158240806799e-01
9.986865909384061435e-02
1.001063740354471709e-01
1.002278065732345180e-01
1.989162394774348919e-01
-9.997604410705994704e-01
-8.078914895373792149e-01
3.896621560104301940e-01
4.114799148977216769e-01
-2.572103449830935862e-01
-1.000217093368020782e+00
-8.010584789919660276e-01
4.077990102921643101e-01
1.709863473717217544e-02
-1.000145354290472577e+00
-6.833617209859219055e-02
3.957444874262328605e-01
-1.000123054414740587e+00
-3.408678054166817128e-01
-1.000018912253347381e+00
9.989913693589039245e-02
-1.000041411925520318e+00
1.335981908440585578e-02
-8.140968955903106208e-01
3.952757243150479827e-01
-5.998971611294305895e-01
-2.937656561484572326e-01
1.000792227172228321e-01
3.182384239061562120e-03
2.142780166207409742e-01
9.984854189177951034e-02
1.962349023530902958e-01
9.998828452091221841e-01
-1.824597848495848953e-02
-7.921403543339501363e-01
4.056187812553099237e-01
3.946282681855539654e-01
2.176553623829874384e-01
1.954137681245131652e-01
1.000025824654126705e+00
4.166974790340519652e-01
-9.999160680008679636e-01
-6.000114519322489182e-01
-9.999417990533367995e-01
-3.168197337745948944e-02
-1.000058987850614978e+00
1.000694255152136392e-01
9.999832631176082398e-02
-6.000498193775640754e-01
-8.026930112587461752e-02
-7.954370996250313963e-01
-8.183756511751398843e-01
-2.915329591382337937e-01
3.828563039560172743e-01
-2.415257463260562787e-01
4.090748666763819874e-01
-7.753729421983509562e-01
-2.370470688843239471e-01
9.992956393971257067e-02
9.983203868146944826e-02
9.999741168147683323e-01
3.973836093220319693e-02
4.126098645053333236e-01
1.000204984241649803e-01
-3.644266895446417465e-01
2.124615062480623706e-01
-2.551162609052339825e-01
-5.998273670775802202e-01
1.000079596293321771e+00
4.016831524843554879e-01
1.860163578397718842e-01
1.002239419294578687e-01
1.000008575929785204e+00
-1.000024574125027099e+00
4.006227362292315020e-01
9.999876597585659610e-01
3.896882336871388963e-01
1.001759493265028944e-01
3.923690973479951327e-01
-5.999261473866017713e-01
3.917186193021445217e-01
-2.463963200665140740e-01
3.868389817069095571e-01
9.999186542916020937e-01
1.000050490083185695e+00
1.000560908549638361e-01
1.814194543169241336e-01
3.906118639544500226e-01
-7.991882881333103317e-01
9.989839249787758890e-02
9.999206053617653023e-01
1.000088630212939478e+00
-9.999547452207373510e-01
-5.999764228047501646e-01
4.157246523995999921e-01
-1.210114829937651050e-02
3.925869170070334091e-01
1.000215095812452826e-01
4.026080733610298834e-01
-4.957020735320280536e-02
-3.144418125069124992e-01
-5.999930728303874972e-01
1.924206098306586454e-01
9.999391573955097590e-01
-1.000218508502358050e+00
-8.132568058756578511e-01
1.000021011168418461e+00
3.831701352761118784e-01
-6.001389422883683933e-01
9.991678045864144098e-02
-5.173700473028100544e-02
-2.700159646125640522e-01
-8.109574783623560990e-01
1.965485322630559084e-01
1.001519444133765757e-01
1.000074114508926915e+00
1.921740965218012576e-01
1.878740887463149489e-01
-2.572971809760316031e-01
-1.000011772468939464e+00
2.693877368888093066e-02
4.050796610489118543e-01
-8.057293402504926982e-01
1.917712038051951062e-01
9.997428304869248050e-01
-8.059012328027550520e-01
-6.000319039370882734e-01
-1.000080774313546472e+00
-1.844297154504312766e-02
-2.038387971023547240e-01
-6.001768925116884867e-01
-2.088811627107519872e-02
1.988613807471908135e-01
-1.000066634636511020e+00
1.000046413963433967e+00
-8.094280104607841642e-01
4.081780006627189761e-01
-3.390660456916806953e-01
9.998879554719496410e-01
-9.999783331407913201e-01
-4.710593817014105400e-02
2.077792896766924025e-01
9.991288467158521147e-02
-8.061620548543378950e-01
-2.296362093395917792e-01
-2.255447926383129936e-02
-3.705911772662160431e-01
2.129817888136693038e-01
3.740196318655722441e-02
-5.999785093166067895e-01
-6.001103162667267288e-01
4.060054087946406987e-01
1.000078892837969136e+00
9.989394060633875749e-02
-2.858029893909325714e-01
1.965696782420961741e-01
9.998198545530048720e-02
1.000121059522224576e-01
-8.090854622426737475e-01
-6.000951029363198463e-01
-6.000765977879353175e-01
1.000140150724176280e+00
-6.001401141535104289e-01
-6.000612384705001912e-01
1.000141388534331988e+00
2.013100726216324743e-01
-7.859549318641578797e-01
4.063834116319278156e-01
1.289945491447810205e-02
1.869547812183245672e-01
-8.049515178129035275e-01
-9.999475990456201391e-01
-8.189910611166503207e-01
-1.000065922801650409e+00
1.000100834751743273e+00
9.999575810469560899e-01
-7.878732033155977366e-01
-3.600404362811292502e-01
3.599040052703265241e-02
-7.961168982783296544e-01
1.000115974098518157e+00
-5.998681197335823390e-01
9.977356035168169490e-02
-9.999625958832606409e-01
4.186819244523699024e-01
1.968521941011305287e-01
9.999637881008430762e-01
-6.000916254624966140e-01
-6.000740753560640517e-01
-4.133461422828094700e-01
9.999946851234907674e-01
9.999115214163159515e-02
9.999054584800735057e-01
1.000001757147099379e+00
-9.999499639873231649e-01
3.956072192304561641e-01
1.000391404082109914e-01
4.061810405303906135e-01
1.000028598577667044e-01
-6.188642784702613059e-02
-9.341088630867980247e-02
2.114820972515245312e-01
4.045402490674742113e-01
-8.220554222412368439e-01
-6.000205553971261763e-01
3.970282345828864412e-01
1.000092714028418150e+00
3.847555700849294991e-02
-8.190129766681287782e-01
4.098035940401089650e-01
9.136650441797655731e-02
2.012731262204390248e-01
-1.000106959683197738e+00
-2.439700959779834699e-01
4.014919046276376746e-01
1.988197022349649512e-01
1.588059096847007495e-02
1.000041194859772498e+00
1.000008504127687603e+00
1.000030100539640143e+00
9.990496930703286760e-02
-1.396811687082860111e-02
-1.000098033454085433e+00
-2.583327650675903420e-01
-2.843740034471217704e-01
1.000008532821408780e+00
-7.805049126332430642e-01
-8.098841919729847794e-01
-6.000712026208749883e-01
-3.282744029686677778e-01
-9.999525507933773039e-01
2.076802314201945110e-01
9.997652628003282638e-02
-5.999746885223004034e-01
-1.634179086566893771e-02
9.999889390039692350e-01
1.929067612054333747e-01
1.954043682284921923e-01
8.808606801251289697e-02
-2.499751582261601213e-01
-2.594543512944473829e-01
-2.677422914610541049e-01
4.031681064015463778e-01
-3.339370359960507906e-01
1.000109029315608078e+00
9.998521235134593121e-01
2.898569121206301044e-02
1.906616623479542583e-01
2.213004814519054231e-01
-1.226732328044607100e-02
-2.457786389961120754e-01
-6.000496306204698982e-01
-9.996924842705717795e-01
2.259099425037561226e-01
-2.458764473684163163e-02
