-5.999546039862895253e-01
-5.998775987202868976e-01
9.998585050991171119e-01
3.720832216092095218e-02
-9.999563946831215855e-01
-8.008825884392163363e-01
-5.999173608007186687e-01
2.721491389402402872e-02
-8.055362840437915173e-01
-2.297996831552457375e-01
9.992860907777866009e-02
-9.999256713432825849e-01
2.020920804784182845e-01
-3.669457766486373257e-02
1.953412678873941155e-01
3.927839763440740817e-01
-7.170308865453074720e-02
-1.000033935439170740e+00
1.895473695672098002e-01
-3.541356449110517890e-02
4.039359113268222168e-01
3.998929971360829505e-01
-2.247571329625568937e-01
-7.976284131665103416e-01
-9.999071440807374422e-01
4.005693553365256010e-01
-3.621974551454333335e-01
-5.999793698123717656e-01
-2.991927610863210907e-01
1.000623979913683181e-01
-9.999966335757657365e-01
-8.041754411179048434e-01
-7.939023808967041740e-01
-9.998571551735634388e-01
1.331265241346228992e-02
1.000201534476851339e+00
-1.000146474520415163e+00
9.999144778945948664e-01
4.035921205539397816e-01
-5.999830144458934145e-01
1.000029207346880167e+00
-7.963881616782588768e-01
-2.981459987791545418e-01
1.000396163088885515e-01
-3.041674957033079774e-01
3.935775602570141252e-01
1.001051380702471794e-01
9.997925858049665215e-02
9.998357409288570474e-02
1.954415374145889173e-01
-1.000002783432025533e+00
-8.110856154859054090e-01
3.984723719556254040e-01
4.145659006355258969e-01
-1.953999251529502379e-01
-9.998708567686830362e-01
-7.951900678240786391e-01
4.010403812921041755e-01
2.670388916495085307e-02
-1.000069933019663404e+00
-1.454800800667856511e-02
4.028006420219580885e-01
-9.998861441153237273e-01
-2.168775241943187437e-01
-1.000122016036142814e+00
9.997574753056188979e-02
-9.999971162032319505e-01
6.186978905916271781e-02
-7.809725481455069840e-01
4.093331696949016885e-01
-6.000441255120039230e-01
-3.299611671021268622e-01
9.992604285468013881e-02
-1.221375398287647407e-01
1.967907155348259107e-01
9.996635140473041081e-02
2.026623258856419529e-01
9.999759391576582557e-01
-5.494909588359692121e-02
-8.187302758357452026e-01
4.039084681124938681e-01
3.999496764477851740e-01
2.129853414713398507e-01
2.025649861217933834e-01
9.999870380896707101e-01
4.029880394712185288e-01
-9.999250095084537548e-01
-5.998922204617823661e-01
-9.998952581866366041e-01
5.239536605456565632e-02
-9.999695434367683600e-01
9.995010457859315744e-02
9.992106092750556445e-02
-5.999748851521216064e-01
7.192922718412413097e-02
-8.076813975552997737e-01
-8.021484024275518099e-01
-1.947496209483410845e-01
3.919376686710581703e-01
-3.624235100845339952e-01
3.954498820699469674e-01
-7.885818792055293569e-01
-3.236156245424328670e-01
1.000112761673395551e-01
9.995143499568294454e-02
1.000090699520541637e+00
4.313150949041651139e-02
3.818207106946609475e-01
1.000372401956940299e-01
-3.387974146217332949e-01
2.187558017802506138e-01
-3.546156775217221835e-01
-5.999806102422653442e-01
1.000207017426093747e+00
3.855474352001979632e-01
1.985659420632347461e-01
1.001250098814904649e-01
1.000114959431061878e+00
-9.999134737751185220e-01
4.061780514647110318e-01
1.000153502558721819e+00
4.123203949483523201e-01
9.993449111853207334e-02
4.022708853368861526e-01
-5.999572420703546127e-01
3.899349077361766724e-01
-3.373598823561171356e-01
4.079218351763453376e-01
9.999306116537500788e-01
9.999342957584952396e-01
9.992120344627383743e-02
2.059858518422429952e-01
3.940552356593815531e-01
-8.095247176952259371e-01
9.985523093649380233e-02
9.999883115123547883e-01
1.000156928776679166e+00
-1.000313263853450874e+00
-6.000115104852586922e-01
4.053036819664151413e-01
-3.147423804638813105e-02
3.836523069288263477e-01
9.987021455597841491e-02
3.936284882854097500e-01
2.118012396382372778e-02
-3.365354181082107488e-01
-5.999104597752979995e-01
1.931857217655909564e-01
9.999410790800942195e-01
-1.000126602587865232e+00
-7.957551482952285316e-01
1.000147831837227219e+00
3.912778192617337725e-01
-5.998460372667638874e-01
9.995539358124751195e-02
1.154124263578014398e-02
-2.790292480608982384e-01
-8.045910484456548772e-01
2.005312977354646864e-01
9.993515252700421736e-02
1.000012926781348233e+00
2.034334048380237736e-01
2.041204710790562871e-01
-2.764153886186779818e-01
-1.000043274078895150e+00
3.701787501902881888e-03
4.063705159126775879e-01
-7.917264858103256753e-01
2.059758974535085829e-01
1.000077094655234200e+00
-8.105901602956889773e-01
-6.001744769675547708e-01
-9.998586447981387959e-01
5.246995885686404210e-02
-2.533245607090512941e-01
-6.001418658971946485e-01
5.292517338676852590e-02
2.012776146676850952e-01
-1.000155398628076009e+00
1.000119124994985009e+00
-8.016167196964043562e-01
4.019476681647837779e-01
-4.049053433995476459e-01
1.000025281070047845e+00
-1.000028250882803782e+00
-8.637751427775236177e-03
1.911987359783810236e-01
9.976355562033033253e-02
-7.924608649107851566e-01
-3.362861693465184487e-01
4.562820681357585006e-02
-3.805042981896733512e-01
1.930076231778765916e-01
1.704109733258928495e-03
-6.000262095459436562e-01
-5.999841965409659084e-01
3.999745203354437284e-01
9.998631085611259239e-01
1.001546691655958304e-01
-3.217750105091940482e-01
2.026253440296048314e-01
1.000928805236396407e-01
1.000348515757725626e-01
-7.949782271647255483e-01
-6.000936956279881995e-01
-6.000258797669928423e-01
9.999682498180717527e-01
-6.002190456431113486e-01
-5.997058686281802053e-01
1.000055437827223059e+00
2.125387596203583696e-01
-8.071304448351416250e-01
3.993177473819462531e-01
1.796563940343103710e-02
2.014154011443061998e-01
-7.899133368741073635e-01
-9.999332782846418466e-01
-7.975526164369002302e-01
-1.000011920872648341e+00
9.999251695126705197e-01
1.000028550525716708e+00
-8.018968857828733254e-01
-3.912745847116883557e-01
-1.879418303695232694e-03
-8.195735638464682893e-01
1.000002469933856997e+00
-5.998627097911174433e-01
9.988416514952426495e-02
-9.998824384931684905e-01
4.197845347364044244e-01
2.067395922457020141e-01
9.999986019227803391e-01
-5.999976790223590095e-01
-6.001297302242433185e-01
-3.902732434271670159e-01
1.000009563924860956e+00
1.001483637204466787e-01
9.998856852781243809e-01
9.997970802806153134e-01
-9.999281785258764543e-01
4.043049796003326257e-01
9.993890442505584670e-02
4.153166188970401351e-01
9.986855901010158187e-02
5.104379631132843070e-02
-5.348637710466519479e-02
2.134733457745988661e-01
4.021212549649846313e-01
-8.048158566225345201e-01
-5.999695467279416716e-01
3.977978501285772128e-01
9.999726507434124612e-01
8.851333329087014007e-03
-7.887497809182969499e-01
4.113525387758668050e-01
9.100620354608773832e-02
2.028640427814092650e-01
-9.999344759416919359e-01
-2.974967270646971529e-01
4.128567632825215217e-01
2.080222915867052658e-01
1.230656878370512547e-02
9.999792023325708712e-01
9.999747042766418126e-01
9.998550654556582762e-01
1.000145491301555056e-01
7.491788237142306753e-03
-1.000025652020602784e+00
-2.605713726093577542e-01
-3.457562064901902876e-01
9.999593717157392314e-01
-7.939002163216155594e-01
-8.061385715309499211e-01
-5.998879791148533647e-01
-3.251319365208303891e-01
-1.000031276714995920e+00
1.935829693735076351e-01
9.996310789139496722e-02
-6.001035695151452076e-01
3.469555935329565050e-02
9.998988942713086248e-01
1.916784662195123168e-01
2.122325010087927621e-01
-5.827387079836494899e-02
-2.542899275259775105e-01
-3.888961262711724820e-01
-2.054793636447082850e-01
4.054549448057830907e-01
-3.422679852190031458e-01
1.000057558488441245e+00
1.000066087673841864e+00
2.232246431049588614e-02
1.861845193220486583e-01
2.152249767914373169e-01
-2.241551520245752341e-02
-2.543518237358498024e-01
-5.998424604109829916e-01
-9.999914451661591208e-01
1.842219983137787787e-01
-2.330294707176049085e-02
