-5.999699392364854500e-01
-6.000715400051909176e-01
9.999300485363793456e-01
3.316637444384289840e-02
-9.998891563375542635e-01
-8.037990711275427858e-01
-6.000483381280478090e-01
1.670281496561008133e-02
-7.930486711623805363e-01
-2.502777821365262945e-01
9.992961660419626135e-02
-9.999313076213497409e-01
1.999212380019549373e-01
-2.425684253093862014e-02
1.768932095819717998e-01
3.992178371612178367e-01
6.442522147847286329e-02
-9.999471600412952466e-01
1.889205713696663069e-01
4.235254656679576790e-02
3.941779633254886561e-01
4.075550576374106226e-01
-2.745146943005608020e-01
-7.982085715378846036e-01
-9.999859187857982334e-01
4.105402415453077158e-01
-3.585519234532924537e-01
-6.000041249720831082e-01
-3.027277933725162073e-01
1.000314750825700844e-01
-9.999928378364569825e-01
-7.905491609958693600e-01
-8.083953089674313919e-01
-1.000051416827386408e+00
2.084366212986935030e-02
1.000034684642954197e+00
-9.999048782165556037e-01
9.999406145372800037e-01
3.759846941532581921e-01
-5.998756287704136714e-01
1.000047099374116621e+00
-7.963913292119271237e-01
-3.017767479304228062e-01
9.998086259259612862e-02
-3.571415765877224979e-01
3.933003265535716664e-01
1.000970104205857192e-01
1.001010532124179953e-01
1.002038719190913030e-01
2.045499347080155794e-01
-1.000145251085595044e+00
-8.033792847437752904e-01
3.980925694655594316e-01
3.908632390539870105e-01
-3.109369532203593023e-01
-9.999328094091488595e-01
-8.104069083670268903e-01
3.888995264727064249e-01
1.124820729930699204e-02
-1.000129553421515993e+00
-2.254180428435939229e-02
3.942844332830251486e-01
-9.998671936579069941e-01
-3.279591924847889972e-01
-9.999115301983947379e-01
1.001321754575808659e-01
-1.000082199016687490e+00
3.308321716181914646e-02
-7.922768851263101153e-01
3.937476905400008054e-01
-5.999828747520365990e-01
-3.254041012518774090e-01
9.985988841685980444e-02
-4.183860925664893704e-02
1.983821336824207193e-01
1.000072395825551408e-01
1.880906297307236297e-01
9.999427823237403423e-01
3.194489732771432083e-02
-8.026285276597300289e-01
3.928681434502339642e-01
3.803538641139212473e-01
2.034764271312973216e-01
2.035240343993561241e-01
1.000067112051149065e+00
3.996297152034402611e-01
-9.998857621741552570e-01
-5.999675114789141395e-01
-9.999529750519089433e-01
-6.628578252710633223e-02
-9.999619780417858816e-01
9.979019269736749687e-02
1.000090043234531517e-01
-5.999934386438293688e-01
-6.633503534594224760e-02
-8.107921145022325415e-01
-8.002691121269893682e-01
-3.466879773035443923e-01
4.096456450380395742e-01
-2.960798634994970535e-01
4.079996103893639425e-01
-8.095725707455320164e-01
-3.440144040186909336e-01
1.000101524531433750e-01
9.999220586254883858e-02
1.000057472250361235e+00
4.601771082514267280e-02
4.058458347635907626e-01
1.000450488855134518e-01
-3.221209464135801892e-01
1.980445418524615919e-01
-3.323768411359141473e-01
-6.001973989652183983e-01
1.000103524922326903e+00
4.130712191783074139e-01
1.865190953053656175e-01
1.002132661963852922e-01
1.000025470679340778e+00
-1.000105968766644038e+00
4.025635042917318773e-01
9.998984968205704149e-01
3.912844846602298032e-01
9.997014369100154507e-02
4.068646983752178259e-01
-5.998507483283506136e-01
3.978767356776033992e-01
-2.576369183848772337e-01
3.943071856342583725e-01
9.999242712856830639e-01
9.999750762670540638e-01
1.000990914607905458e-01
2.072183712785065635e-01
4.026228899376433912e-01
-8.078828867836159722e-01
1.000405950027150326e-01
9.998945028946991664e-01
1.000115457958723475e+00
-1.000188196085231684e+00
-6.000891344226910729e-01
4.005339828422971871e-01
6.458316136767705551e-02
4.181244108027662998e-01
9.987924454762110715e-02
4.142002624341100669e-01
-2.240132001978267437e-02
-3.039234678893486530e-01
-5.999763067617999157e-01
1.945365479367838490e-01
1.000039901446844182e+00
-1.000008420389634223e+00
-8.059420637455680936e-01
1.000036055861748929e+00
3.897603090981472396e-01
-6.000809356069658485e-01
1.000130275084002568e-01
4.261828450684657099e-02
-3.176359884603889849e-01
-7.791436129116677822e-01
1.916946590357019031e-01
9.977301342037687981e-02
1.000064814021610404e+00
2.013378093666456925e-01
2.014491291533051232e-01
-3.724982708207931204e-01
-9.998942093188648572e-01
-5.441069393891182632e-02
4.066669761581431786e-01
-7.941130234072408811e-01
1.929828422118367859e-01
1.000034466738815686e+00
-8.124224715282913900e-01
-5.999416987120634870e-01
-9.999409415454180161e-01
-8.297853959263233603e-02
-2.696378474828582394e-01
-6.001037538323464871e-01
2.948989485469668756e-02
2.082318149984122291e-01
-1.000191232502865457e+00
9.999848591975545320e-01
-7.957363764911381532e-01
3.983385040840206059e-01
-2.947924631240210203e-01
1.000301603589999422e+00
-9.998909473180174201e-01
3.887151402211308678e-03
1.878849861620933981e-01
1.000898103615803364e-01
-8.040221659859410064e-01
-3.054719274294167564e-01
6.194887595067292800e-03
-2.829143625782696292e-01
2.005747172359435559e-01
-5.619873888260754763e-02
-5.998753219874867204e-01
-6.000866197732258600e-01
3.863675706912444996e-01
1.000018730001686951e+00
1.000483664643824072e-01
-2.700316139452000330e-01
2.132333302527460450e-01
1.000119227397985033e-01
1.001737528715102299e-01
-8.060285684502612735e-01
-6.001493193714149132e-01
-5.999997198557533995e-01
1.000082724641970788e+00
-6.001457486890068305e-01
-6.000045243196261424e-01
9.999927045310839091e-01
2.164829019602619864e-01
-8.176447224333737163e-01
4.158678673078564647e-01
-1.084389597764403163e-01
1.888664367241796038e-01
-8.036859729097299843e-01
-9.999357923093994405e-01
-8.022668119888288762e-01
-1.000020840727488425e+00
1.000109579889486122e+00
1.000065971343495175e+00
-8.024475681894921442e-01
-2.632760614480300632e-01
-4.219804856666511776e-03
-7.908527334303205869e-01
9.999310176493384494e-01
-5.998115331154092456e-01
1.000727935579939498e-01
-9.998019994228038998e-01
4.055532304003792166e-01
2.097096080850707756e-01
9.998619887863120503e-01
-5.997936502651365354e-01
-6.000868806489798590e-01
-3.956332674397529670e-01
1.000111757836227078e+00
9.984292348452217247e-02
9.999944582030777518e-01
9.999741951392291384e-01
-9.999606482882145153e-01
4.047275804749979056e-01
9.998957050182991080e-02
4.141362562337009279e-01
1.000272305146432811e-01
6.394605038768301497e-02
-2.121244029298422732e-04
2.016055864047276158e-01
3.976179381829448856e-01
-7.911691847722196469e-01
-6.000309580536453691e-01
4.085207520440626294e-01
1.000038013868147502e+00
2.212032943256843007e-02
-7.935488976157935026e-01
4.140637487567698227e-01
-6.817890244790046628e-02
2.055079201839629388e-01
-1.000196899511846205e+00
-3.070289214244542597e-01
3.867028508720856683e-01
2.148668713484777892e-01
-5.711999699003366543e-02
1.000014391477721309e+00
9.998653317310987054e-01
9.999955344038929939e-01
9.984404235097392444e-02
4.073044792412829074e-02
-1.000080820302858386e+00
-4.342094239408917922e-01
-3.103989189852787156e-01
9.999495855553256485e-01
-7.795712008209119137e-01
-8.002260921482360345e-01
-5.999859695447584684e-01
-2.693128147558079832e-01
-9.999381512676303041e-01
1.955511528483696582e-01
9.997084103555899104e-02
-6.001432768958462338e-01
3.186698389814378307e-02
9.999680123634280271e-01
2.161595267220555727e-01
1.794767936867129599e-01
2.338882328469285565e-02
-3.261597190348071162e-01
-2.846540447136543528e-01
-3.143788921698487115e-01
4.028227889554937269e-01
-2.174926997836747478e-01
9.999196270138573928e-01
1.000064537998947900e+00
5.028197523393698742e-02
1.979538921058007495e-01
1.879609690350062812e-01
4.652333362795958716e-02
-2.748712571094280577e-01
-6.001876253254866400e-01
-9.999973515623975517e-01
2.035964302613008370e-01
5.410034920831177652e-02
