-6.002327734702035400e-01
-5.998211745767478842e-01
9.999472985555276638e-01
6.365310650879800469e-02
-9.998419242792209172e-01
-8.172899926951190386e-01
-5.998872755392399281e-01
9.771991117157288048e-03
-7.939712864846756313e-01
-2.728008893399694879e-01
1.000050100782223644e-01
-9.999268829209915221e-01
2.173713335262006385e-01
-5.756522951783112421e-03
2.091293375285762646e-01
4.165455712666870092e-01
-4.099362634340469880e-02
-9.999398306220448340e-01
2.015241762295881811e-01
-2.651095375353622677e-02
4.016012843461513881e-01
4.022822091746850459e-01
-3.448022129101407929e-01
-8.149917655115581638e-01
-1.000117837400753773e+00
3.929501201627113582e-01
-2.588747200809476401e-01
-6.000102077390465638e-01
-3.222031354422211780e-01
1.000100082418194647e-01
-9.998902589424504272e-01
-8.100288900741686726e-01
-7.928236606453666901e-01
-1.000117057563838507e+00
2.933967459848053211e-02
1.000105971581516373e+00
-9.999503592029318488e-01
9.999225199353937166e-01
3.881707502352844674e-01
-6.000049776563786130e-01
9.999058748545466280e-01
-7.815897595474412540e-01
-2.762793477328865377e-01
9.993844549034175406e-02
-2.579570253489124054e-01
4.069147769787747060e-01
9.987191789839879041e-02
9.989266508833016811e-02
1.000889374484758565e-01
2.092401605979893886e-01
-9.999777944626165871e-01
-7.948161458585346617e-01
3.992231159411808172e-01
3.846678815054451195e-01
-3.788993059522047790e-01
-1.000004479400342872e+00
-8.119074592575619143e-01
3.892111617231720500e-01
1.861110610481098800e-04
-1.000041911170309827e+00
-8.963593363281223414e-02
4.208822656283214281e-01
-1.000071631363904201e+00
-3.641858427609391824e-01
-9.999033743445494560e-01
1.001309515147264656e-01
-9.998526007376316027e-01
-4.251888669549974686e-02
-8.099103457041308962e-01
4.002475576300455473e-01
-5.998241432230686510e-01
-2.357897417472303025e-01
9.991739023446941093e-02
5.329359832345001435e-02
1.962260432936631660e-01
9.980772883323330014e-02
1.952549414772927483e-01
9.999710010648351632e-01
-5.275689148373541304e-02
-7.976651245569168491e-01
3.983397055995585578e-01
3.983135115993933217e-01
2.011061032790051328e-01
2.018166488912848389e-01
1.000062127836361503e+00
4.096901071411857553e-01
-1.000007327280310498e+00
-6.001176314403462442e-01
-1.000096821460951357e+00
-4.873047629043643358e-02
-1.000024980174019529e+00
9.997259470351202437e-02
9.996829089024843185e-02
-6.001741495316498254e-01
-7.282914252831337865e-02
-7.991065779001805813e-01
-7.979398141499270958e-01
-3.337386813486638570e-01
4.161277454383491836e-01
-2.736954964527302248e-01
3.914202446932771862e-01
-7.980146307510634918e-01
-3.320544800359607751e-01
1.000149431214228252e-01
1.000275923805900719e-01
1.000068052685479714e+00
2.081959389351738243e-02
3.914585088458392703e-01
1.000927621543232782e-01
-2.951041053622885380e-01
2.090338918706522997e-01
-3.239194717942315838e-01
-6.001321782204098731e-01
1.000202392321872580e+00
4.073410324563452867e-01
1.835608136905101662e-01
9.984844869534563461e-02
1.000064904849909508e+00
-9.999367780164325481e-01
3.973285577895854792e-01
1.000142720129407747e+00
3.976259162952825443e-01
1.000327077080485766e-01
4.005842319980569832e-01
-5.998614521589895610e-01
3.939158316063418042e-01
-3.768806053229630249e-01
4.112531841167003654e-01
9.998320502332160853e-01
9.999642656330112178e-01
9.995726965920692653e-02
1.970486336304611841e-01
4.057206462584151963e-01
-7.854318660827266374e-01
1.000434394110112923e-01
9.998909242259184094e-01
9.998321882594337628e-01
-1.000048810892520512e+00
-6.000086205451015120e-01
3.916591032347526702e-01
-1.067572917708621144e-01
3.923328736609517642e-01
9.994360116257908211e-02
3.841975705981548472e-01
-1.006591155576874730e-01
-3.571444710120362798e-01
-6.000041233562614096e-01
2.021515500414872435e-01
9.999379788002303870e-01
-1.000060761541912147e+00
-7.930843427123281941e-01
9.998748823484188142e-01
3.929262655732496112e-01
-5.999288491909056109e-01
1.000647656398403890e-01
8.149311445766267703e-02
-3.011430307217314306e-01
-7.994198959788124670e-01
1.955856403532691690e-01
1.000591926519932007e-01
1.000162451985714629e+00
2.136000846876638659e-01
2.019537959122574555e-01
-2.699758965595700499e-01
-9.998146860749590470e-01
-6.940486775133296315e-02
4.128655012574847238e-01
-8.010525211922608912e-01
2.109487395174738933e-01
9.999042958066129971e-01
-7.994373189562349324e-01
-5.998608046552588169e-01
-1.000162014417830481e+00
-9.475364425449152306e-02
-4.018924021270836588e-01
-5.999553935065943255e-01
-5.812061939542197131e-02
2.154997245104146031e-01
-1.000058533962177254e+00
9.998273589148667373e-01
-7.957928164221335088e-01
3.966902901707152762e-01
-3.195614745019604297e-01
1.000034828729302605e+00
-1.000014570537317349e+00
2.264066103091807655e-02
2.133997098371420709e-01
1.000352236803865452e-01
-7.891460927290112615e-01
-3.451585455862186125e-01
5.554773985013267135e-02
-2.545677582413896634e-01
1.972240311909922439e-01
-1.609246643615934447e-01
-5.999756342733260084e-01
-6.000206993050232196e-01
3.985737693356588007e-01
9.998645724282114733e-01
9.990314553429535671e-02
-2.793043952401582652e-01
1.841132870004686117e-01
9.986134045630261358e-02
9.999531268707381737e-02
-7.941124970413496742e-01
-5.998120887762439235e-01
-6.000197707183145823e-01
1.000015423988175334e+00
-5.999420541011984964e-01
-6.000296339097528353e-01
9.999376288237310506e-01
2.049282099502809096e-01
-7.946744143532830096e-01
3.789884820808567256e-01
-2.993205639430102788e-02
1.950641747594665520e-01
-8.006773336716359601e-01
-9.999526388143269440e-01
-7.988637549610734245e-01
-1.000037793420461396e+00
9.997703558436975557e-01
1.000093770088121170e+00
-7.990787571428432656e-01
-3.259305820908892648e-01
-2.163570255926913419e-03
-8.054763922525993713e-01
9.998794148405573123e-01
-5.998615658852514132e-01
1.000605123712404315e-01
-1.000008072183266705e+00
3.816355600969565387e-01
2.044690244284847191e-01
9.998765792980995881e-01
-5.999917117565376490e-01
-5.999920020686622113e-01
-2.729731686884701580e-01
1.000196997213150585e+00
9.985538931834807286e-02
1.000197326414612897e+00
1.000162067176316727e+00
-1.000102980144687903e+00
4.050803835287316024e-01
9.999388330699911231e-02
4.095826510763498907e-01
1.000959816482492465e-01
2.209863556556780628e-02
-1.973021344679126710e-02
2.048041320210928218e-01
3.955679430216140213e-01
-7.934803314070568714e-01
-6.000038712046055212e-01
4.151062995034172642e-01
9.999503680933168326e-01
-3.380509608828775187e-02
-8.204641125042149152e-01
4.090195975459328115e-01
2.317805954592949691e-02
2.048858484508002120e-01
-9.999648669942228230e-01
-2.325884876514144051e-01
4.063662650950545796e-01
2.085197928880543894e-01
-5.673934765581117867e-04
9.999511522526882690e-01
9.999598090085806135e-01
9.999647305953737186e-01
1.001093347807319872e-01
-2.645543671997004076e-02
-1.000104155310048482e+00
-2.556917937038820643e-01
-2.039653634252476255e-01
9.998186041325509699e-01
-8.072718627308006489e-01
-7.947437591088845066e-01
-5.998618902852772550e-01
-3.317539664099864449e-01
-1.000124603300467374e+00
2.088756237954219330e-01
9.995853305408543277e-02
-6.000539192046383530e-01
-5.565708694805829998e-02
1.000040587745254062e+00
1.928931877406006301e-01
2.061012367022020675e-01
1.346027389803085283e-02
-3.127180421920764397e-01
-3.552074141762415760e-01
-2.803764331912163565e-01
3.861528530102619761e-01
-2.846946746503768444e-01
9.998674544165604416e-01
1.000053251945970390e+00
1.457955532084924226e-02
1.979991971697890041e-01
2.110587634460501794e-01
6.368021545313844178e-02
-2.852220817526968655e-01
-5.999901170886202673e-01
-9.999720426800782214e-01
2.117397619305022571e-01
1.199007516881593627e-02
