-6.000531516038881685e-01
-5.998661449356854636e-01
1.000018510019074158e+00
-8.417128798329991113e-02
-1.000101963014606188e+00
-7.953213387987270178e-01
-6.001319586560402985e-01
-3.274386979453974139e-02
-8.059877912607382733e-01
-3.749398419701942542e-01
1.000081785645901417e-01
-1.000036222384999673e+00
2.010694000983720420e-01
-3.324074460944143744e-02
2.150582951805306842e-01
3.833649784313110653e-01
-2.958581795937495137e-02
-9.999747447296425396e-01
1.953933524400529309e-01
2.967688399080178549e-02
3.993367286159235641e-01
4.154728575300289384e-01
-3.406046929118824451e-01
-8.029635070287753917e-01
-9.997582043763412196e-01
3.831312144970321354e-01
-1.541560354475715044e-01
-5.999815879156593645e-01
-2.826216709019090390e-01
1.000604884964660518e-01
-9.998569448797766102e-01
-7.884837056146896117e-01
-8.010952287793401405e-01
-9.999562247114700542e-01
-9.944879412770050997e-02
9.997691547676954560e-01
-1.000121732165045518e+00
1.000013459589248921e+00
4.033973125437466667e-01
-5.997232189534767999e-01
9.999875968894569311e-01
-7.932174744741690153e-01
-2.557373650785654817e-01
9.999707801340991520e-02
-2.955706391847238157e-01
3.916916887152827598e-01
1.001321797648437456e-01
1.002653096508402536e-01
9.988704352078350834e-02
1.981585255779269306e-01
-9.999676286925579527e-01
-7.976353087391859775e-01
3.817931071398320553e-01
4.072961630546634848e-01
-3.153869280343924997e-01
-9.999643060140830375e-01
-7.980211663055954974e-01
4.115083763671845141e-01
-9.573587437404584843e-02
-1.000174119481050505e+00
-9.369091111069055566e-02
4.037692654927769742e-01
-1.000021844108492930e+00
-2.466796098822762462e-01
-9.999741898632545922e-01
9.995060862306480443e-02
-1.000160764697436422e+00
3.801380387967426278e-02
-7.974733201063665122e-01
4.072939502179401816e-01
-6.001180403140071729e-01
-2.609056517732865066e-01
1.000087357174020697e-01
4.246678182534195656e-02
1.920636263933495347e-01
1.000617079886342020e-01
2.175160504012887963e-01
9.998636698217788776e-01
8.558910121531482880e-04
-7.900063512341507499e-01
4.158870238335076186e-01
4.022639765249406141e-01
1.950503821870336330e-01
2.026695118374752524e-01
9.999443804233749677e-01
3.977898476114468118e-01
-9.999401049953536846e-01
-5.999218029221237147e-01
-1.000154616352911141e+00
3.024709920321391396e-02
-1.000035593978495729e+00
1.000818830184516256e-01
9.992288216511927001e-02
-6.000088796449775108e-01
-2.540985878734610195e-02
-8.033940664296098655e-01
-7.940088180337316892e-01
-3.055236747617013360e-01
4.086585139857965010e-01
-3.574007248926655000e-01
4.022829391079248418e-01
-8.162870875194124798e-01
-3.131377211949754047e-01
9.975368953385817250e-02
9.989899343867054970e-02
1.000112803118562654e+00
4.514267039289284605e-02
3.848623649417851622e-01
1.000350272836132565e-01
-2.887044180887273215e-01
2.058065131594030150e-01
-2.295823986219103496e-01
-5.999547491858598924e-01
9.998148586986522757e-01
3.929915419980740676e-01
1.877639045144503804e-01
1.000084716204234225e-01
9.999555481205619767e-01
-9.999463622179067812e-01
3.934738672038943785e-01
9.999179755821208104e-01
4.079128650820840751e-01
1.001247633763573536e-01
3.896607911651551737e-01
-6.000306041405686353e-01
3.962213635428806224e-01
-3.035126874404883712e-01
4.063452158657764879e-01
1.000135093793919516e+00
1.000081029102779739e+00
9.997539776206532114e-02
2.081765743346937758e-01
4.114498172132919906e-01
-7.916223732702072358e-01
9.997930603958811446e-02
1.000030213130280732e+00
9.999297052914996042e-01
-1.000064462229877105e+00
-6.000845473630638249e-01
3.969870492977913834e-01
1.014169597354438361e-03
4.250840904076378379e-01
9.996271683318236345e-02
4.041546803340245742e-01
-6.613024818039762998e-02
-3.480852206290987461e-01
-6.001618731461109135e-01
1.928584873998441807e-01
9.999217678582219548e-01
-1.000001583895135271e+00
-8.022713313347455966e-01
1.000051623689518943e+00
3.966568670365538951e-01
-5.998829985150473387e-01
1.000278414685915607e-01
6.547756883608400746e-02
-2.677485303229387159e-01
-8.116491479699420308e-01
2.193543268601902685e-01
9.997825375942051562e-02
9.999259912798033056e-01
2.111907903783381002e-01
2.046134388864676024e-01
-2.270530276561905092e-01
-9.998862534034691496e-01
7.867088473291194983e-02
4.110807486387491605e-01
-8.094892268756842535e-01
2.169058694544784838e-01
9.999585391650941402e-01
-8.017331061098995626e-01
-6.000394133993572909e-01
-1.000023650722020818e+00
-2.166678592768039521e-02
-2.651354961618942463e-01
-5.999984829086948412e-01
-2.010928427555037576e-02
1.753830224439292540e-01
-1.000055800362478431e+00
9.999622161980713519e-01
-7.859299143086951878e-01
4.138029949617335057e-01
-2.691294644221343679e-01
9.999708180439860206e-01
-9.998838795437695603e-01
-2.994021276894115111e-02
1.950817174477250115e-01
1.000496054401203150e-01
-7.926097132357431407e-01
-3.266566601574078521e-01
4.434765554211102939e-02
-2.399410700655775774e-01
1.973580287887890250e-01
3.474122429556488617e-02
-5.999767806694719097e-01
-6.000757864005840103e-01
3.995433035265050781e-01
1.000101322005955140e+00
9.983097016847757021e-02
-2.936117901521779761e-01
2.046860456494838942e-01
9.999017307121974008e-02
9.985931153667167159e-02
-8.073264874716492567e-01
-6.000070167656268438e-01
-6.000137251023582863e-01
1.000201976133758830e+00
-5.999123610912004967e-01
-5.998822783553396931e-01
1.000058767008828786e+00
2.077962602221575528e-01
-7.959015073548850738e-01
3.876002842319883901e-01
4.345445260677798655e-02
1.998260952038503901e-01
-7.918962286383671723e-01
-1.000109121039688187e+00
-8.103964260744538350e-01
-1.000093492513030702e+00
9.998952211870724138e-01
9.999462113351729187e-01
-8.084242412918413168e-01
-2.947878057571027277e-01
3.055334408320860631e-02
-7.892106551624991084e-01
9.998737560459720619e-01
-5.999436156669782916e-01
9.983749548965208109e-02
-9.997789441821435252e-01
4.067345574652558859e-01
1.950951681424996087e-01
9.998187256329315042e-01
-5.998648746688466371e-01
-6.000239262303682652e-01
-2.967680063783674216e-01
1.000075873685067229e+00
9.977911027557648249e-02
9.999249634873859094e-01
1.000080811640132517e+00
-1.000070206236430614e+00
4.002732682629520089e-01
1.001137220735530409e-01
4.203606796433235204e-01
9.996910778143409948e-02
-1.778178634681542442e-02
-4.450642886327994818e-02
1.894221017546243724e-01
4.141063751278733496e-01
-7.900966794906066903e-01
-5.999908183104085690e-01
4.035994145293503310e-01
9.998459635640450927e-01
-9.093666649023407489e-02
-8.114488983105651032e-01
3.946278579444991719e-01
4.643064048276339222e-03
2.016060578991074881e-01
-9.999487566406267680e-01
-2.556288206642285399e-01
4.098612545753885228e-01
1.918689979259509126e-01
-2.506953579693820336e-02
9.998968311651882379e-01
9.998449116738190590e-01
9.998582987802763222e-01
9.995952384629164245e-02
-3.150931036343503772e-02
-1.000070198852895498e+00
-3.444973376204986670e-01
-2.260186670000031983e-01
1.000113403684404156e+00
-8.117082192667303131e-01
-8.071798393735002408e-01
-6.000994775003780646e-01
-2.930098779159259759e-01
-9.999413001350919705e-01
2.115732399298853317e-01
1.000113452996784225e-01
-6.000847388304710872e-01
-6.838541312453354703e-04
1.000030010495164490e+00
1.857931730011880833e-01
2.298410623806941278e-01
9.742471849364960079e-02
-2.925111240825484238e-01
-2.097037024220867463e-01
-2.967918483947461494e-01
4.027413354742668261e-01
-2.996472687840954774e-01
9.998666153843579485e-01
9.999416148819914030e-01
-2.210287954542985989e-02
2.075182772412627885e-01
2.063698018674120505e-01
-3.449958796006823147e-02
-2.825679047539759181e-01
-5.998878955745993169e-01
-9.997648418548168436e-01
2.024177292899705105e-01
-8.679989184251017675e-02
