-6.000706766742092135e-01
-6.000630770902625200e-01
1.000064457460854594e+00
2.434813139296579127e-03
-1.000080504990817687e+00
-8.083862654911282419e-01
-6.000885802315686357e-01
-6.484127770153248760e-02
-8.052947828903292971e-01
-3.274368035315338155e-01
9.992983354968749954e-02
-9.999742947475740440e-01
2.007642599179477738e-01
-3.106927374528526548e-02
1.893731627172902388e-01
4.047497373065577220e-01
-1.212281049569676611e-02
-9.999294475869630050e-01
2.004552556016424292e-01
9.549507200612722402e-02
3.985368558324141608e-01
4.098514577906562928e-01
-2.390292052734298567e-01
-7.917368162520673769e-01
-9.999926739266653541e-01
4.022133745089195855e-01
-2.747405957570708823e-01
-6.001204513243543204e-01
-3.055203537262506375e-01
9.987175266125328243e-02
-1.000043395178649153e+00
-7.880963347963749754e-01
-7.972615907086579856e-01
-9.999457920728223037e-01
-5.069965182683838778e-02
9.999754028852655408e-01
-1.000022405013845095e+00
1.000140794842168335e+00
3.821599293498645911e-01
-5.998149910862577983e-01
9.999831996160459813e-01
-7.824007280480442805e-01
-3.018309396508223608e-01
9.993680777273489246e-02
-3.255681016433857877e-01
4.046814337507659842e-01
1.001387067893018956e-01
9.991193703385184421e-02
1.001413944125316979e-01
1.935500384205846580e-01
-9.999409514063696269e-01
-7.989654358375467558e-01
4.100657130507362469e-01
4.249154055013522613e-01
-2.669011007086093956e-01
-9.998449790225391043e-01
-8.053895131179780176e-01
4.087382079968753246e-01
2.602935472856152815e-02
-9.998946294834987203e-01
-3.190079003736451951e-02
4.068209803570831951e-01
-1.000073433336247986e+00
-3.475568338176986960e-01
-9.999555098031226441e-01
9.986372843516569398e-02
-1.000004431060710131e+00
-6.511947362264255967e-02
-7.933487930701342838e-01
4.033269327348944500e-01
-5.999539628327839047e-01
-2.385206174526167677e-01
9.992765534328415522e-02
2.033858928058949328e-02
1.947865475654486922e-01
1.001350891313022157e-01
2.202097396416120012e-01
9.998742773259774452e-01
4.062951570758017300e-02
-7.980931395216107616e-01
4.046035125439834679e-01
3.970399489302544604e-01
1.858577007823618843e-01
1.912236231700401023e-01
9.998805278031435151e-01
3.877791538458171816e-01
-1.000006330169359803e+00
-5.999569999471640047e-01
-1.000101126279657304e+00
5.425154420536287825e-02
-1.000007895599418051e+00
9.990022881666316135e-02
9.999838474753984519e-02
-6.000975180330824221e-01
-1.652167653751098961e-02
-7.922511982866301539e-01
-7.816231222238101406e-01
-4.034182378729846974e-01
3.967739323617961444e-01
-3.207780950164239586e-01
3.977821680858357190e-01
-8.018194398385108945e-01
-2.716446388664262579e-01
1.000850251758607923e-01
9.997432795426505758e-02
1.000012498931656779e+00
4.244769960634312694e-02
4.018646104321644263e-01
1.001240950822498282e-01
-3.571392609128085094e-01
2.058709077228696727e-01
-3.602589889786523836e-01
-6.000792895471926958e-01
9.999041301468338805e-01
4.115268697257057906e-01
2.169070974470616031e-01
1.001020297533159048e-01
1.000067251190815076e+00
-9.999260125823017376e-01
4.116079504454542848e-01
1.000026529120452645e+00
3.997809707226274156e-01
9.978863159516182524e-02
3.973286252423733345e-01
-5.998856102597853734e-01
4.017232982059837365e-01
-2.457384207832017664e-01
3.972804862912043822e-01
1.000031230784725889e+00
9.999412512322702895e-01
9.985532272695014921e-02
2.086083923160857445e-01
3.964993892386631247e-01
-8.022101399048368053e-01
9.990621342116069725e-02
1.000016224773307982e+00
9.997964646754765594e-01
-1.000021508292593619e+00
-6.001025791717182756e-01
4.128041976356329745e-01
-3.988935391436615463e-02
3.888670567071327300e-01
1.000264066284969749e-01
3.870223323112587099e-01
5.224014624142798990e-02
-2.942797857633789316e-01
-6.001167201746677726e-01
1.914839131355867696e-01
1.000111757160758508e+00
-9.999710071511939136e-01
-7.976151081400425502e-01
9.998865709497641863e-01
3.972294272476291077e-01
-6.000686785794318023e-01
1.000340257302366476e-01
-4.191462796619296882e-02
-2.043004493223602447e-01
-7.916866958233650386e-01
1.976972232263785600e-01
1.000614129554044940e-01
9.999380787037606133e-01
2.128691592745415029e-01
2.122683428104707448e-01
-2.855518880211960764e-01
-1.000007833613603347e+00
-1.089405444370922932e-01
4.062904555840435861e-01
-7.994840964382136095e-01
2.146654021420626446e-01
9.997933056952635900e-01
-8.146903319742252458e-01
-6.000103229526961846e-01
-9.999872619329409629e-01
-1.190804808733175561e-02
-2.342923557545152080e-01
-6.000148802218902011e-01
-2.201737443896326085e-02
2.059103386401935631e-01
-1.000090662584464996e+00
1.000042189857377473e+00
-7.915067017444199493e-01
4.078713042516520226e-01
-4.287722558637000470e-01
9.999843624077421333e-01
-1.000018404888987966e+00
-6.705938060139259027e-02
1.919348730636416811e-01
9.997832456865850259e-02
-8.034294588062106390e-01
-2.829974905441857147e-01
4.061913446557031265e-02
-2.945970281101775723e-01
1.998018152147285342e-01
8.476189461175838435e-02
-5.999264513986576342e-01
-5.999825925669408644e-01
3.928788113188498299e-01
9.998696793962035256e-01
9.991835704149351627e-02
-2.952179415802477225e-01
1.808827511331415616e-01
9.987945611739401652e-02
1.001092659078603869e-01
-7.944673347952377895e-01
-5.999706004662327397e-01
-6.002543769931297790e-01
9.999938911322293622e-01
-6.001105822676729984e-01
-6.000971993869941290e-01
9.999837345504604125e-01
2.034198575118666419e-01
-7.873780045465360589e-01
4.005329787158887767e-01
3.231758366215635447e-02
1.985397630121965851e-01
-8.186055696911628266e-01
-1.000009154854085258e+00
-7.863300591678098472e-01
-1.000041711551981516e+00
9.999566862162009295e-01
1.000074512617583178e+00
-7.927726438629526529e-01
-3.737591667596048550e-01
-2.691701678943120984e-02
-7.997186144336846381e-01
1.000024956844413060e+00
-5.998850973313960555e-01
1.000435903516924546e-01
-1.000027598146870478e+00
3.948489282809614087e-01
1.911315677962042991e-01
1.000008417866068866e+00
-6.000634527552197728e-01
-5.999439661457650619e-01
-2.750792902762417280e-01
1.000024157761188137e+00
1.000304262216493573e-01
9.996746859892692294e-01
1.000221462014982965e+00
-1.000030221147189868e+00
3.994616948370262599e-01
9.996242358630538782e-02
3.981136357524399094e-01
9.990932100515056979e-02
5.888871601455367144e-02
4.102599603792085603e-02
1.979351645362449619e-01
4.065842801493678160e-01
-8.102159409969238446e-01
-5.999687619539855188e-01
4.006691951061853163e-01
9.999070579587471252e-01
-6.837510180223192735e-02
-8.039201108062529189e-01
3.935434221872511351e-01
2.222720728617274058e-02
1.930909071747365646e-01
-9.998759275884063769e-01
-2.712953684828987022e-01
3.946147606782050010e-01
1.945885477258866292e-01
-5.464165332445774376e-02
1.000024957554652483e+00
9.999843289394790835e-01
1.000023152924949255e+00
1.000721181031845181e-01
-3.907665200861822757e-02
-1.000029524765615019e+00
-3.135189478960841436e-01
-2.581126462118603082e-01
9.999458162002881068e-01
-8.130920126189123964e-01
-8.169439619134338804e-01
-6.000773160690995311e-01
-3.084283526976196455e-01
-9.998439497928032216e-01
1.998284822296669816e-01
1.000610853900283786e-01
-6.000028290819975352e-01
-4.806684122258252090e-02
9.999753557888028110e-01
2.058138078412202754e-01
2.057838673202506685e-01
2.582489817706720356e-02
-2.340276034866197175e-01
-2.819165737259404780e-01
-3.822955213566551214e-01
4.098925664263218804e-01
-3.313688567426057441e-01
9.998755394339022828e-01
1.000009599548105310e+00
-7.060764611595631013e-02
2.106219978011511507e-01
2.084322163385148863e-01
2.134421161976104639e-02
-3.136734344527815632e-01
-6.000269763398625722e-01
-9.999727697435470963e-01
2.094204985212957115e-01
3.124860641053579715e-03
