-5.999894568656823912e-01
-5.999641922110973136e-01
9.999699785605157265e-01
-8.781163328726324102e-02
-9.999023769626231850e-01
-8.112877959741162659e-01
-5.999970070522337995e-01
4.058974287027820871e-02
-8.189692467716647162e-01
-2.894189924899925326e-01
9.998708465893980935e-02
-1.000095473767536491e+00
2.207027956421751813e-01
2.344034202759678887e-02
2.086277521551035130e-01
3.934846752731412933e-01
1.192386503334756480e-02
-1.000004981028195461e+00
1.822984468181987616e-01
3.919980472374912095e-02
3.916526735424156747e-01
3.967166433707223772e-01
-2.427803605026422340e-01
-7.821616795759990248e-01
-9.998225119316481724e-01
4.078475740299485897e-01
-3.003333663562298139e-01
-6.001785910934207546e-01
-2.783722726033880379e-01
9.985087846895311647e-02
-1.000040840376768214e+00
-7.920032483707440951e-01
-7.902943835581157650e-01
-1.000109864157367801e+00
4.486392325112384394e-02
1.000052512380470882e+00
-1.000197355180114434e+00
1.000066160987295616e+00
3.868244442539423567e-01
-6.000078459390065788e-01
1.000063104000738834e+00
-8.112693241672322975e-01
-3.117302246125566167e-01
9.992289788518651794e-02
-2.168984349464722627e-01
4.016743860883674744e-01
9.993414080099786989e-02
9.991915940498678761e-02
9.996860344831741407e-02
2.130974686700635168e-01
-1.000112552133160193e+00
-7.941496849716963569e-01
4.033075414839011330e-01
3.952917029699302698e-01
-3.053986716590916251e-01
-9.999519759123247642e-01
-7.908576869772884210e-01
4.151508541986008716e-01
-6.793746885591019601e-03
-1.000117445666959703e+00
6.218752984040825521e-02
4.104336978878789233e-01
-9.999926720914484868e-01
-2.723933958392771304e-01
-9.998838822168223395e-01
9.993394898106047752e-02
-1.000235598617555066e+00
-5.462895768359349313e-02
-8.002919929752115857e-01
4.113589037408036941e-01
-6.000591068766568670e-01
-3.449227124041899795e-01
1.000393161245721613e-01
-1.886723599614764657e-02
1.960754026031083785e-01
9.987486899468241142e-02
1.992157386607511516e-01
9.999274954547460181e-01
2.003387924745486659e-02
-7.810654336088529437e-01
3.945348078022192784e-01
3.959961632166925649e-01
1.981589386939734965e-01
1.869646149009484559e-01
9.999972869647131279e-01
3.959119392805101056e-01
-1.000122706904060799e+00
-5.998281961778695326e-01
-9.999956727455345806e-01
6.239537489108862300e-02
-9.999868743153912387e-01
9.992212369485847789e-02
9.991615550905215415e-02
-5.999051835818843825e-01
-4.309154853380213479e-02
-7.918345959278418889e-01
-7.858067670856085929e-01
-2.616345659994580020e-01
4.082389888674890499e-01
-1.876467791145458586e-01
3.957099112838856070e-01
-7.963791402722506518e-01
-3.529295537979796893e-01
1.000930088384659883e-01
1.001267795918560632e-01
1.000006344997562024e+00
8.726618928642846870e-03
4.177041209770921970e-01
1.000836532554507385e-01
-3.699757980656874778e-01
2.079300920412510134e-01
-3.281448309545247910e-01
-6.000010580079602196e-01
1.000075711251000810e+00
4.079722813821288208e-01
1.911119599204020858e-01
1.001204055484735539e-01
9.999338246441276112e-01
-9.999328342223767763e-01
4.095015929697616852e-01
9.999360338469662768e-01
3.927393210858085570e-01
1.000070449482400869e-01
4.016854672211425670e-01
-5.998156757171382303e-01
3.980689183734825720e-01
-2.452278218374558394e-01
4.030855517705932423e-01
1.000071503019392516e+00
1.000286083391154213e+00
9.986350447358345594e-02
2.135989901524042722e-01
4.087527969052618948e-01
-8.059425314997141765e-01
1.000379504382437335e-01
9.998810912655506922e-01
9.999636739321360324e-01
-1.000126747499970437e+00
-5.998992677584239486e-01
4.052625293910457893e-01
-1.076018417489248702e-01
3.976754805009467542e-01
1.000298279752706437e-01
3.988966821858086487e-01
1.845875690491851143e-02
-2.743246107837470360e-01
-6.000505246437867202e-01
2.115555085911680899e-01
9.998523158036188851e-01
-1.000038799068375006e+00
-7.897931099481310113e-01
1.000068000777351696e+00
4.090273283026786277e-01
-6.000807621874814091e-01
9.994318290228602908e-02
-8.219437782178978802e-02
-3.209723069861845079e-01
-8.032665615568019835e-01
2.084852168771955949e-01
9.998779606553781507e-02
1.000058473819498417e+00
1.815521214314719245e-01
1.955516172081950832e-01
-2.898494230107013236e-01
-1.000072620679753665e+00
7.290837426727246606e-02
3.884941529958398920e-01
-8.035381161570938069e-01
1.960582680310529735e-01
1.000057615358689755e+00
-8.197091260954554315e-01
-6.001131172458452623e-01
-1.000141792644940519e+00
-4.336336341277703677e-03
-3.584815513130190645e-01
-5.998231867712771059e-01
3.798788259212806939e-02
2.072674858683812016e-01
-9.999149813719806490e-01
9.997953178411239650e-01
-8.034336902314048734e-01
4.108838890974062519e-01
-3.533592564900059907e-01
9.999446098020723372e-01
-1.000001395116310476e+00
-8.930350617885721848e-03
1.952340716616119132e-01
9.992877866282229293e-02
-8.110890179092474783e-01
-3.175981013406870002e-01
-4.076520691855559791e-02
-3.236614421876475300e-01
1.934078149059552665e-01
5.837088768079963822e-04
-5.999264481883546107e-01
-5.997629307835128376e-01
3.866280685611377943e-01
9.998803950552186404e-01
9.984605067951220214e-02
-3.109683005796570754e-01
1.852007412527271746e-01
9.987384365742511816e-02
1.000105124789532618e-01
-8.122023369764757028e-01
-6.001355448277749804e-01
-5.998353764236984409e-01
1.000077722400910973e+00
-5.999971778242229048e-01
-6.000693250003903412e-01
1.000010559353414985e+00
2.041394045455815487e-01
-7.873011599685930673e-01
3.867141249385576685e-01
1.587188247884543588e-02
2.094605644820631551e-01
-7.998392802562767079e-01
-9.999434776266497016e-01
-8.061032727824649635e-01
-1.000019597898515578e+00
1.000199070669100410e+00
1.000078991103406256e+00
-7.960090988566013159e-01
-3.128023182977802685e-01
-6.090301488969222105e-02
-8.085595442930985088e-01
1.000040958640403543e+00
-5.999493972896172700e-01
1.000590679747316580e-01
-9.998764223475590240e-01
3.918619392073115493e-01
2.139667662094774658e-01
9.999512223664882571e-01
-5.999674236193355270e-01
-5.998637217858558968e-01
-3.415149876086435721e-01
9.999731058088493496e-01
1.002392885754277013e-01
9.999384887782686304e-01
9.999288544349482777e-01
-9.999642180879354525e-01
3.937227711681654529e-01
1.001992741225079114e-01
4.155220676703481053e-01
1.000694462593486739e-01
1.536995516967853276e-02
1.907303457299507760e-02
2.142419411654810646e-01
4.001711987418977157e-01
-7.989452816852862238e-01
-5.999046021971623510e-01
4.094044510215290589e-01
1.000112781605013934e+00
8.242169538338436907e-02
-7.917855377788519666e-01
4.039184245636212589e-01
-7.007239583866897714e-02
1.983095680232249136e-01
-1.000034839217695870e+00
-3.123641565359768779e-01
3.941855332745449192e-01
2.062308093153254474e-01
1.237179263776203020e-02
9.999575680281446166e-01
1.000065506095793921e+00
9.999822828784012962e-01
1.000038961082672651e-01
1.584084980855869325e-03
-9.999012558308284504e-01
-2.413139754657561975e-01
-2.928344339653729533e-01
1.000009849503477488e+00
-8.009179872921676768e-01
-8.062707961402111323e-01
-5.997965420854537433e-01
-3.626697858066794122e-01
-1.000139656145691225e+00
2.206453735294641727e-01
9.993360814676539861e-02
-5.999159541287996111e-01
2.600315465926907044e-03
1.000016181282971317e+00
2.045372130993952375e-01
2.047913383441948010e-01
-1.400395048867016969e-02
-3.256377995173845852e-01
-2.855494973834330485e-01
-2.606091636465804884e-01
3.892120634065212026e-01
-2.541059604857879295e-01
9.999616735687542057e-01
1.000065218368970887e+00
-2.000298970255769485e-02
1.824055137357955270e-01
2.071433812958042020e-01
-3.802139062543397063e-02
-2.401896736487039996e-01
-5.999438926949569595e-01
-1.000066422311698400e+00
2.001730915221674179e-01
-3.852091254225607775e-03
