-6.000718520235942544e-01
-6.000569595718709959e-01
9.999813665472330193e-01
6.348421472243390151e-03
-1.000152934657497994e+00
-8.251258080873983269e-01
-6.001203286443628215e-01
-4.734649131975427611e-02
-8.145917387520020814e-01
-3.390145493930767917e-01
1.000865048942260332e-01
-1.000020531589974837e+00
2.006120946907452574e-01
1.154322902456984763e-04
2.232275029499855568e-01
4.040858555963356968e-01
-3.556660943687490334e-02
-1.000108134114799263e+00
2.021710738998800105e-01
2.918822801163212244e-02
3.989187820708250953e-01
3.978385084278306949e-01
-2.938224105695532717e-01
-8.121578669182786259e-01
-9.999697434778036520e-01
3.983847705198960698e-01
-2.888490661209348609e-01
-6.000438631266147294e-01
-4.238845364319717146e-01
9.992366400197823240e-02
-1.000062740708575593e+00
-7.958087607591330936e-01
-8.152180776747006696e-01
-9.999479166829193799e-01
-9.611328658147308412e-02
9.999593318983355239e-01
-9.999452547718727935e-01
1.000044362248565744e+00
4.060867557901589597e-01
-5.998824969956145781e-01
9.997922558937585302e-01
-8.021811978820082567e-01
-4.089627528459321981e-01
1.000074127648416383e-01
-2.450243982226902317e-01
4.124970412198690206e-01
9.997703706142790914e-02
1.001326092072856722e-01
1.000284052834334719e-01
1.902658239249420680e-01
-9.999811295557382573e-01
-7.985316696079920451e-01
4.047837910838489872e-01
4.124565383235074267e-01
-3.837906222014029201e-01
-9.999340222229012864e-01
-8.048091321916241991e-01
4.128721601091216997e-01
-5.238191102694400580e-02
-9.999567983682279282e-01
-2.425201234416467667e-03
4.123210330564836545e-01
-1.000144295427861207e+00
-3.055644493624938840e-01
-9.999532868710447886e-01
9.994829463997662033e-02
-9.997777202673676644e-01
-5.195907625357857468e-02
-8.029622859507250521e-01
3.977209968580180943e-01
-6.000354190899762630e-01
-2.415861108744046526e-01
9.988221406372944922e-02
-2.151945959532498148e-02
2.001358142346885138e-01
1.001425227676208535e-01
2.166125405777660773e-01
1.000073525649876949e+00
2.178383461119228967e-02
-8.159366552995023225e-01
3.829803564404454796e-01
3.903712634983049767e-01
2.094379159162710058e-01
1.851411186660947006e-01
1.000072987054715146e+00
4.159272431984156193e-01
-1.000012877075866280e+00
-6.000046959200425745e-01
-1.000171470361856274e+00
-3.125206701919111540e-03
-1.000021711608877206e+00
1.001030540612073000e-01
9.999193566732485217e-02
-6.002307568396787474e-01
9.840517034309761643e-03
-7.808501442225063149e-01
-8.167894658009321462e-01
-3.714422667216714102e-01
3.936264623155081854e-01
-3.147410928048968159e-01
4.077592606970974476e-01
-8.220893731421525796e-01
-2.788934127574934085e-01
1.000611075923753396e-01
1.000018253266199697e-01
9.998937924311791514e-01
7.293059907280883408e-03
4.029223829219479303e-01
9.999698933785937383e-02
-3.183225641612820733e-01
1.959722847915083555e-01
-2.952040304731601839e-01
-6.000871640053599965e-01
1.000196920943605683e+00
3.782787739457514342e-01
2.014683075054444494e-01
9.997355124098443457e-02
1.000099247013126469e+00
-1.000062106117433958e+00
4.057842587101484488e-01
9.999366083363847579e-01
3.899852404146902929e-01
1.000590195252944736e-01
3.803282146525255869e-01
-5.998377452112969577e-01
3.969786129008415210e-01
-2.084039086522664896e-01
4.057209465456956266e-01
9.998933362520061596e-01
1.000100200543954099e+00
1.000000088018913186e-01
2.154923127390382664e-01
4.185981668417564361e-01
-8.010389593411084697e-01
9.990550553270138856e-02
9.998985905742913127e-01
9.999797450644570818e-01
-9.997628061717936943e-01
-5.999972613880039107e-01
4.023300613154956462e-01
-2.689347561029781231e-02
4.198885289779762942e-01
1.000860189679079887e-01
4.268583798845564936e-01
2.734762759164438561e-02
-3.420637768368812726e-01
-6.000197350740708035e-01
2.096549139124290750e-01
9.998998334440765134e-01
-1.000158649813790879e+00
-7.787447922818877544e-01
9.998612046851642621e-01
4.055527411578728203e-01
-6.001118801646839751e-01
1.000460592737251048e-01
6.419076341228337201e-02
-2.606685906964789079e-01
-8.037475593974565680e-01
2.001255398839640320e-01
9.999086221317578238e-02
1.000089614396558080e+00
2.119241685799335972e-01
1.973037003407242251e-01
-3.030110294832316087e-01
-1.000097936361286299e+00
-5.495026963457340374e-02
4.072305901893613078e-01
-8.070525703256945516e-01
1.995271173718719537e-01
1.000121580712743041e+00
-7.940601261923329046e-01
-6.000366254096268781e-01
-1.000030576205849453e+00
6.561510567002922477e-03
-3.412544432188684973e-01
-6.000147386129267568e-01
-1.350044158810097608e-02
1.896935751672889359e-01
-9.998721912554238145e-01
9.998241133181199336e-01
-7.995870577091870324e-01
3.921204079648740737e-01
-3.941888295227149452e-01
1.000073810475078595e+00
-9.999826616073748120e-01
-4.677366562292763902e-02
2.208691607496555687e-01
9.992888812141871580e-02
-8.089161609191457547e-01
-3.523578133083899999e-01
-5.191438745089596574e-02
-2.973806747374978521e-01
2.013717491538077331e-01
-8.211511185782954456e-03
-6.000016696556732532e-01
-6.000002346253487939e-01
4.106287640302361264e-01
9.999806268782152063e-01
9.991928176367340098e-02
-2.569495139358144997e-01
1.950471093546488066e-01
9.998149555557120371e-02
9.984696271679610602e-02
-8.176885391296976335e-01
-6.000888509826781680e-01
-5.999317532949067777e-01
1.000019814075549407e+00
-6.001407343659203031e-01
-6.000304026576689376e-01
9.999609966950980811e-01
2.034288651977263496e-01
-7.903529928373149716e-01
4.120036637517160982e-01
-3.592288416636194720e-02
1.968625221614017373e-01
-7.977552890492969340e-01
-1.000042605725483646e+00
-7.914427164293640349e-01
-9.999505932841038502e-01
1.000074619704531154e+00
9.999723034279971445e-01
-7.971357435288101145e-01
-3.199426879639024612e-01
1.124962419892779238e-02
-7.772544950199401503e-01
9.998386230062500379e-01
-6.000813290974360559e-01
9.999308033795632766e-02
-9.999766643449190529e-01
3.916044823250684481e-01
2.073095181864130221e-01
9.999383502066616636e-01
-5.999649557045261261e-01
-5.999652907934351909e-01
-3.766156527425933986e-01
9.999016304094022756e-01
1.000297288964544090e-01
1.000103603914322070e+00
1.000060098130759023e+00
-1.000104774908381122e+00
3.895774077988448658e-01
9.992437023969719112e-02
4.059335502568105492e-01
1.000085376161550244e-01
-1.095620902034708521e-01
-3.814617020121095076e-02
2.099013126008932861e-01
4.005643897986407853e-01
-7.916215079571713442e-01
-6.001510154397463603e-01
4.122282090857173897e-01
1.000104831998237298e+00
-5.034044380168498090e-02
-8.090321745908339857e-01
3.749735027783032693e-01
4.482903844140151417e-02
2.073259955855142611e-01
-9.999485241086524256e-01
-2.842119759449491800e-01
4.045366853467238233e-01
1.884731819002985476e-01
2.558173850065455224e-02
9.999566974990679036e-01
1.000027327949152944e+00
9.997522583714218980e-01
1.002716893392958802e-01
-2.729221443167147935e-03
-9.999137121649038784e-01
-2.717061014988975121e-01
-2.531085348414335856e-01
9.999938805510518725e-01
-7.971890467206469433e-01
-7.988098788214370582e-01
-6.000697063832891587e-01
-2.571536095238002861e-01
-1.000195549490759728e+00
1.989411478603145267e-01
1.000205476345225331e-01
-5.999499885444793401e-01
-3.923612191071230298e-02
9.999843902699590004e-01
2.042270734201678539e-01
2.060041225326124659e-01
-9.532647082664810756e-03
-2.802117689577827142e-01
-3.184466592277461761e-01
-2.521460784408753875e-01
3.983130277771909644e-01
-2.233040382791470213e-01
9.999821831825437268e-01
9.997624420565289771e-01
-6.554286442625499587e-02
2.048573478988768570e-01
1.950739411144947200e-01
4.542308799844932410e-02
-2.764171410089388270e-01
-5.999538858666240149e-01
-1.000016487907559704e+00
2.101345561265099138e-01
-3.228178777958251588e-02
