-6.000539033571801184e-01
-6.000865086212113786e-01
1.000011151218558547e+00
1.225851706772661115e-01
-1.000024976897434081e+00
-8.262396622880578967e-01
-5.999329335749247205e-01
6.837574961087931891e-02
-8.157839009082712423e-01
-2.537723656320090559e-01
1.000524398368415196e-01
-1.000035681381582942e+00
1.926852408438466668e-01
3.570665661821388615e-02
1.824915924003633338e-01
4.012737310795005397e-01
-7.007394699528751887e-03
-1.000210848313278111e+00
1.809745051387171566e-01
-8.482742197105469506e-02
4.014929307936654923e-01
3.909047914938157398e-01
-3.113010951898274592e-01
-7.936793374201359663e-01
-9.999249558123751713e-01
4.075047388734506781e-01
-2.821575688023078565e-01
-6.000354320516905204e-01
-2.522560325021106498e-01
9.991178925312821368e-02
-9.998919870786514563e-01
-7.984151439934830119e-01
-8.011890426488910144e-01
-9.998650639196614565e-01
-1.702833280284129711e-02
1.000088446320841706e+00
-9.997842899717207521e-01
1.000012606203332322e+00
3.999185633239222826e-01
-5.999606190300910136e-01
1.000087989514804265e+00
-8.045564806010240266e-01
-3.009274365976470911e-01
9.996215300531550996e-02
-2.857570626291666693e-01
3.994226125988292186e-01
1.000345407771636164e-01
9.992785805450371539e-02
9.991026206614206373e-02
2.099190576607034564e-01
-9.998685004827690959e-01
-8.157317893059128355e-01
3.927893957240761180e-01
4.008626391172703807e-01
-2.867386841493095306e-01
-9.999461665644117092e-01
-7.979827213182354440e-01
3.864885046025862136e-01
2.749468882449771640e-02
-1.000087800364495516e+00
-1.148993176411090486e-02
4.098773232251198273e-01
-1.000084842460778889e+00
-3.341585197339305147e-01
-1.000077928207118827e+00
9.992105477084252396e-02
-1.000160688194145608e+00
-8.424397892500806728e-02
-8.063297432328402348e-01
3.968198703800049354e-01
-5.999979939023986075e-01
-3.025657233396586987e-01
9.987558032922820572e-02
-6.859318465087504979e-02
1.927288590102077814e-01
1.002034622094942484e-01
2.026100105057864753e-01
9.999871291851438748e-01
-4.281911671403097058e-02
-7.724290163792901787e-01
4.103028324050685405e-01
4.138238793346174504e-01
2.098880580448123367e-01
1.989976306826929664e-01
1.000006678159823581e+00
3.894827583205353050e-01
-9.999970390104572227e-01
-6.000603713593135602e-01
-1.000049380563833745e+00
6.515053469963271240e-03
-9.999206030840026571e-01
1.002902397404006746e-01
9.987661363891151001e-02
-5.999881957778396835e-01
3.821039861792482895e-02
-8.118394697128836768e-01
-8.021454221207308111e-01
-2.636625046971463604e-01
4.105640769027823489e-01
-2.795162406452167403e-01
4.057520224718676460e-01
-7.914931346143087021e-01
-2.930760036487901621e-01
1.000838885036649528e-01
1.000231779329466275e-01
9.999177579511371317e-01
-2.313951421322637224e-03
4.053648033206364576e-01
9.997392691004892973e-02
-3.157026115306497682e-01
2.117891292074591536e-01
-2.608836127674006300e-01
-5.999916803877692884e-01
1.000114626126629824e+00
4.116425686313479604e-01
1.988799857106972602e-01
9.994864277453251178e-02
9.998327796927284350e-01
-9.999810221578291358e-01
4.006325816684293550e-01
9.999833944014977494e-01
4.013706177401791808e-01
9.994009296247112484e-02
4.058150850774418505e-01
-6.000898042783051611e-01
4.054302013880867195e-01
-1.627424443783722918e-01
3.987751464481982255e-01
9.997867283965456986e-01
9.998976359077867970e-01
9.995847431836860086e-02
2.018362909881364353e-01
4.036767669976710771e-01
-7.851322944068057641e-01
9.995337020689334939e-02
9.998505091206939532e-01
9.999306204587531388e-01
-9.999743697285642385e-01
-5.999636634724664352e-01
4.129932359746994464e-01
-8.320245149618373665e-03
4.179242062907211896e-01
1.001537217009876302e-01
3.925238650031729892e-01
6.163429490598132388e-02
-2.249215310874974616e-01
-5.998461067038097783e-01
1.876277480109000140e-01
9.998360920937987562e-01
-1.000137222893110467e+00
-8.052736496389349963e-01
1.000039605032581269e+00
4.124784678360493007e-01
-5.999264738841512123e-01
9.974593502816979373e-02
1.167041520569868547e-02
-2.781419968330163250e-01
-7.921590361172973216e-01
1.986477522323070455e-01
9.977285222614475091e-02
9.999031222307620537e-01
2.055105294290401063e-01
2.134103865316457627e-01
-3.320934990548739529e-01
-9.998794198076593753e-01
-8.360996404983005170e-02
4.125960805420793576e-01
-8.054987685400745168e-01
2.088657948371511475e-01
1.000093800768123042e+00
-7.934795683234217023e-01
-6.000916417029262817e-01
-9.999865597621682145e-01
6.701010080479907760e-02
-3.266190400530244453e-01
-6.000242492091140134e-01
-5.156839278128472204e-02
2.104202719304792413e-01
-9.997659070009499160e-01
9.999749503963324404e-01
-8.025760396526288032e-01
4.030999809823867519e-01
-3.765553855073165423e-01
1.000024817921498999e+00
-9.997950608241957804e-01
1.932649036070495721e-02
2.067592484681091691e-01
1.001081982495942851e-01
-7.974825892665391436e-01
-2.643389561231123119e-01
1.347091299347258180e-02
-3.350235697089347098e-01
1.841841689423872053e-01
6.447256653203267684e-03
-5.999811580381712028e-01
-6.000043589778668585e-01
4.032085025371350273e-01
9.999618794733166061e-01
9.994167540874372702e-02
-2.936590200051271138e-01
1.938453517143974847e-01
1.000236197273546290e-01
9.986214923329711501e-02
-7.872565820113019974e-01
-6.001543647638611922e-01
-6.000447051275135113e-01
9.999159809139934740e-01
-5.999835394352353024e-01
-6.001583153234962831e-01
1.000034851257791679e+00
2.063492246678690634e-01
-7.987821733941411484e-01
3.946553285684513690e-01
-3.269942013070391978e-02
2.051846716828477635e-01
-7.975784480493472994e-01
-9.999847919129408735e-01
-8.075922373537531840e-01
-1.000031476945903330e+00
9.999306683894600978e-01
9.999029670174082174e-01
-8.110609300733579996e-01
-1.923705874344059652e-01
9.412570148065876885e-02
-8.126312951698140274e-01
9.999622636041320956e-01
-6.001907489171863785e-01
1.000471400870829308e-01
-9.999185066103363217e-01
4.081496409677847770e-01
1.864107630725971021e-01
1.000016758263325256e+00
-5.997601505384391185e-01
-5.999373775331966474e-01
-3.945649766779251721e-01
9.999126714346030509e-01
9.998729481187204615e-02
1.000034407091947131e+00
9.999191547319467022e-01
-1.000002262580017787e+00
3.966331564115206931e-01
9.982075047363005160e-02
3.978555319659056178e-01
9.999901458366361462e-02
1.203073900194816942e-02
-7.002629578612429469e-03
2.022673253699623919e-01
3.960577488282508440e-01
-8.081915737452560755e-01
-6.000547960027351468e-01
3.988195895586947870e-01
9.998793963649496019e-01
-4.700312583548979864e-03
-8.116881067533689986e-01
3.851861150447074555e-01
3.051888847237889391e-02
1.838215025392289648e-01
-9.999119233141537944e-01
-2.232665076115772085e-01
3.956823444886051200e-01
1.899422315875542999e-01
1.773686972880014409e-02
9.998802920704120689e-01
1.000162269091022127e+00
1.000064286313079753e+00
9.988240467198906958e-02
9.115896291446469457e-03
-9.999489340492924150e-01
-1.397461069455490645e-01
-3.980080381118671351e-01
9.999620865657957713e-01
-8.030446795463942466e-01
-8.189271689174973945e-01
-6.000923005396513465e-01
-3.803166157546167825e-01
-1.000158496648547723e+00
2.042937877242611278e-01
1.001136818549557550e-01
-5.999682920848447010e-01
1.994722925151176662e-02
9.999831387934384752e-01
1.922182558579954015e-01
1.934309916467145951e-01
1.623473031502644520e-02
-2.747039864168446810e-01
-3.232954326381318744e-01
-3.761470144971565399e-01
3.813463016442849574e-01
-3.293625758716736684e-01
9.999409951550893849e-01
1.000051770339698054e+00
-6.904450646360725530e-02
1.950919832364957085e-01
2.040685440854483612e-01
1.951045479391128393e-02
-2.695109976255384843e-01
-5.998816807837029641e-01
-1.000017624669655270e+00
1.947531337278492758e-01
1.310266343184023352e-01
