-5.999573137652174371e-01
-6.001066256603616589e-01
1.000075475628883215e+00
-2.531196770551860653e-02
-9.999763112840850399e-01
-7.907862074866891522e-01
-6.000518944026377310e-01
2.324845602886049453e-02
-8.070447785555817655e-01
-2.299348585351205232e-01
9.991448433456405487e-02
-1.000040064233552295e+00
2.086398551236613996e-01
9.797560568723087671e-02
1.956037921177794237e-01
4.072015176965325667e-01
3.233923885591228481e-02
-1.000206291923521951e+00
2.203255656004461382e-01
3.649407600319794914e-02
4.026136020973659080e-01
4.033618870924643995e-01
-3.170054977139864505e-01
-8.023399689362779030e-01
-9.998952018669770014e-01
4.005105196521327460e-01
-2.232242643234658153e-01
-5.999598594785751082e-01
-3.462660633675496147e-01
1.000234055292137658e-01
-1.000061952756361894e+00
-7.956661100578896750e-01
-7.950696029790591535e-01
-1.000011249826617821e+00
6.903125399973811249e-02
1.000050609274124813e+00
-1.000257853987574164e+00
9.998300581220241900e-01
3.955985220611041298e-01
-6.002403931281417027e-01
9.998845167353357377e-01
-7.914084731219938051e-01
-2.471830143204097607e-01
9.970542512239422006e-02
-3.649231638090641439e-01
3.847429112247729988e-01
9.972770625156719693e-02
9.998850797221583986e-02
1.000325477655585188e-01
1.939966177913392542e-01
-1.000127054883339861e+00
-8.074296798160504052e-01
3.936107030880666713e-01
3.949722371713099700e-01
-2.888580117493949051e-01
-1.000003488924545270e+00
-7.909190945027017028e-01
3.970032585994133223e-01
1.823929779609425456e-02
-9.997626382456551442e-01
-2.032726749681000936e-02
3.944683283736297730e-01
-1.000011376834284871e+00
-3.010888625564149823e-01
-9.999550669345274034e-01
9.997318637279346831e-02
-1.000100516237899084e+00
5.476008722973862292e-03
-8.035678810286145390e-01
4.184322914436064966e-01
-5.999476695877892229e-01
-2.933905571739297002e-01
9.992269257393873727e-02
6.323955367236913649e-02
1.873784063134455724e-01
9.998829807959935811e-02
1.942966933321580991e-01
1.000236936784897335e+00
-3.007036239365948327e-02
-7.971606984775505556e-01
4.035611809182103604e-01
4.016136452305903437e-01
2.049455468915236944e-01
2.032498122587126366e-01
1.000099498224522598e+00
4.121451628173791182e-01
-1.000003798746792683e+00
-5.999716823507109664e-01
-1.000038859122564627e+00
2.039473267640755892e-03
-9.999201508785865444e-01
1.000223405016946038e-01
1.001654089364087397e-01
-5.998237284271755732e-01
-2.686135682759472482e-02
-8.017412606713323342e-01
-8.030203499081787211e-01
-3.526022927763179382e-01
4.045847784873721764e-01
-2.922632089413494394e-01
4.051448157604908840e-01
-7.893206220004043150e-01
-2.464067586469057547e-01
9.994994991988315203e-02
9.989412757438666246e-02
9.999937000945996468e-01
-8.857001231279203191e-02
3.974827590920124720e-01
9.997356012684079085e-02
-2.856315480739365920e-01
2.098670862237271839e-01
-3.558935872389934474e-01
-5.998638401023271838e-01
9.999450517139190087e-01
3.974592834437782884e-01
1.831452317677779162e-01
9.998084919181446373e-02
1.000074885885117171e+00
-1.000046943450197512e+00
4.146431940566643326e-01
1.000141650602452081e+00
3.947519644231741731e-01
9.988257322448031161e-02
3.986054358744921533e-01
-6.001358053781979951e-01
4.106339885338898266e-01
-3.558721480300774953e-01
4.070720598963466497e-01
1.000135987753936861e+00
9.998820311068672417e-01
1.001944427579933156e-01
1.946297093701236935e-01
4.018654024612656750e-01
-8.047701365453550082e-01
1.000779351434037817e-01
9.998727974005334751e-01
9.999790588027466232e-01
-1.000140823494907405e+00
-5.998072057266553569e-01
3.903600558233692452e-01
-1.880857142264224374e-02
3.911473612887251816e-01
9.991552129675294880e-02
4.021001543180790505e-01
3.293722294730335592e-02
-2.763644958815368868e-01
-6.000931224486062421e-01
1.916637137772649324e-01
1.000166310739160735e+00
-1.000110977890975583e+00
-8.213903469766775656e-01
1.000026011383711833e+00
4.113589633637937393e-01
-6.000278276993639137e-01
1.001522354071428117e-01
-1.873578353209109579e-02
-2.992426374815810308e-01
-7.988813447153527703e-01
1.903603684182698930e-01
9.989184657511473997e-02
1.000086373963734676e+00
1.991315838150683470e-01
1.952712905683099132e-01
-2.180760723197944784e-01
-9.999424831684706749e-01
-3.888286107785333262e-02
3.847631583774470676e-01
-8.066152083167167364e-01
2.047770762576577863e-01
9.997643959371256273e-01
-8.163214262578473157e-01
-6.000804577450080668e-01
-1.000038357185085491e+00
4.539201811993204098e-03
-2.819612066111572557e-01
-5.998788025338197549e-01
-5.397056577770732722e-02
2.176849286762524982e-01
-1.000107034674711626e+00
1.000071552673977404e+00
-8.059211226492660751e-01
3.802731461893090192e-01
-2.577760164196658543e-01
9.999180353872911819e-01
-9.998164311438355600e-01
-8.148569694477361680e-02
2.148344244526543823e-01
9.996704399583740408e-02
-7.964680040665760297e-01
-2.681851437489521928e-01
5.235719792413454088e-03
-3.191596037869455782e-01
1.912001840759312288e-01
6.594878146276839104e-02
-5.998121502855446874e-01
-5.998424092643818151e-01
3.976585066704205196e-01
1.000142657076573904e+00
1.001985420398057020e-01
-3.416347733864632530e-01
1.928755339859766771e-01
9.989068939483194964e-02
9.994516034338223054e-02
-8.195393037594876917e-01
-5.999455153893507031e-01
-6.001522961556426949e-01
9.999610655348832866e-01
-5.999304668923531869e-01
-6.000486446622858017e-01
9.999639684168409870e-01
2.042553475144567587e-01
-7.971998338964028097e-01
3.809945468618130548e-01
2.664153963968029018e-02
1.833393972647573145e-01
-8.010662358718747544e-01
-9.998261311747710378e-01
-8.264122344208562065e-01
-9.999481762613343649e-01
9.998841899498395192e-01
9.999980128337612184e-01
-8.058510841421780979e-01
-2.867656699951990906e-01
-3.936374082911653360e-02
-8.034119779265519457e-01
1.000042146775144136e+00
-5.999192898733495261e-01
9.992378148017369566e-02
-1.000085315945302256e+00
3.832142617704145104e-01
2.151947840014792890e-01
1.000195944311502716e+00
-6.001193787073837438e-01
-5.999069185606143995e-01
-2.970764737583934667e-01
1.000020574582276334e+00
1.000674317065047142e-01
1.000214582843264477e+00
1.000196722272868932e+00
-9.999233842991582799e-01
3.959734359773094403e-01
1.000078335764353205e-01
3.744277347463111916e-01
9.999971007781202625e-02
-9.224750436841689868e-03
2.943364805725028066e-02
1.950596545056347275e-01
3.937007328946393603e-01
-7.933641061427354479e-01
-5.998419452269989627e-01
4.048422036268200519e-01
1.000121274331258414e+00
2.921415453090978054e-02
-8.202793853672915025e-01
4.008832271469768282e-01
-7.476235098066937729e-03
1.787794301020623200e-01
-1.000021929574126833e+00
-2.295796842749272260e-01
3.931658240241963642e-01
2.027731756337071423e-01
-6.013776272857193628e-02
9.999368168599368500e-01
1.000044972903406215e+00
1.000108725237478291e+00
9.997016027967924046e-02
8.795595546321029190e-02
-1.000035622818562064e+00
-2.976548187466260820e-01
-3.356918284398784369e-01
9.999759249766621005e-01
-8.092636517608425839e-01
-8.062998228887396923e-01
-5.999235505380409172e-01
-2.496226514153196407e-01
-9.999913016468995330e-01
1.912841940758474857e-01
9.995948547694795405e-02
-5.999341830864869385e-01
2.234805324985846692e-02
9.998238887554130594e-01
2.074281308096431464e-01
1.915546651317933113e-01
-3.784396265339729643e-02
-2.621447229963978498e-01
-3.324373882857971085e-01
-4.032894620048941281e-01
3.927665155769720084e-01
-3.394644107543259293e-01
9.999278892658469697e-01
1.000091184439734437e+00
-4.541304975321708293e-02
2.041775466189576504e-01
1.891532443645853878e-01
2.215670707961276895e-02
-2.083885728492014255e-01
-5.999888462673731437e-01
-9.998611631028415658e-01
2.228306666025061111e-01
8.532375018266970257e-02
