-6.000695675647911287e-01
-5.999836958561397537e-01
1.000062659867340109e+00
2.467616547710671862e-02
-9.999681000442378620e-01
-7.897138053325909457e-01
-6.001554282312633326e-01
6.224723097725731041e-02
-8.071013844723415875e-01
-2.831804118344100063e-01
9.981419132560762075e-02
-1.000071686218523048e+00
1.959185950120483355e-01
3.092641699846350803e-02
2.009989538404478582e-01
4.074278792810777095e-01
-6.487385273357760065e-03
-1.000018815900605151e+00
1.709245209298913271e-01
6.025052526963978888e-02
4.100844164133225500e-01
3.994025786443770043e-01
-2.770757824053705631e-01
-7.996326482611501030e-01
-9.999194294221733781e-01
3.879190353558152893e-01
-3.619408486833729510e-01
-5.998669347050702427e-01
-2.659628596709270876e-01
9.996159240081795017e-02
-1.000025483825014216e+00
-8.024374468289492413e-01
-7.809594651706445179e-01
-1.000123621286583830e+00
4.814757426479326224e-02
1.000140080302369450e+00
-1.000204411677032112e+00
1.000078346089140036e+00
3.992158065635628694e-01
-6.000103986525396893e-01
1.000109659843353427e+00
-8.032446243270706665e-01
-2.459839350639517475e-01
1.001848868128638048e-01
-2.887140273587734396e-01
3.848757899523468362e-01
9.998288140863283158e-02
9.996342198276962632e-02
1.000086016543072359e-01
1.898137365879593863e-01
-1.000098023064154296e+00
-8.049982467966199096e-01
4.057809979924400512e-01
3.823058929391237037e-01
-3.178916128753781489e-01
-9.999943140787592721e-01
-7.865411068191262567e-01
3.930980217354136386e-01
-2.045886620801293850e-03
-1.000047371058133683e+00
-3.693342495481265197e-02
3.991557038210045705e-01
-1.000030485131265801e+00
-2.688749341290476158e-01
-9.999198804570528232e-01
9.993162585256927521e-02
-1.000017837535182030e+00
-2.894895380402826707e-02
-8.170728271998722869e-01
4.082748607049648815e-01
-5.999529484672868618e-01
-2.909893803500926412e-01
1.000199128559091655e-01
-1.183120122441715244e-01
2.093860855399318210e-01
1.000967941149525642e-01
1.932654806789574631e-01
1.000067325962646692e+00
1.025824198121942643e-02
-7.956210195410785557e-01
3.943573810239253685e-01
3.835124674519848065e-01
1.911446260021010812e-01
1.950573049020304928e-01
1.000059800821682110e+00
3.979831971910003374e-01
-1.000025677676481539e+00
-6.000223296506196347e-01
-1.000086352648092758e+00
1.820122670906000606e-02
-1.000072803455920090e+00
1.000179610330306779e-01
1.000796946577454383e-01
-6.001376225212360360e-01
-5.557028295914839822e-02
-7.919863134130499249e-01
-7.930930263696591709e-01
-2.137357831684871257e-01
3.990442797696561739e-01
-2.944417261165231392e-01
4.044289114532995666e-01
-7.973602122727919683e-01
-2.757395540545823920e-01
9.995369867187688107e-02
9.996860103434863920e-02
1.000181815429499910e+00
-8.215189830642771751e-02
3.846535444277012217e-01
1.001811026640760938e-01
-3.255034231041429305e-01
1.963097204122833950e-01
-2.330858078193217553e-01
-6.000613657134022949e-01
1.000085326854865508e+00
3.957250383333527077e-01
1.885386121496364087e-01
1.001407796363824876e-01
9.999958203290874037e-01
-9.999496503257445656e-01
3.841845785672968194e-01
9.999588746165647413e-01
3.980069953941137162e-01
9.987605932857072932e-02
3.964053408507139387e-01
-6.000511282940373947e-01
4.038883516854342992e-01
-2.480618313407231268e-01
4.183304344594850344e-01
1.000107208324196195e+00
9.998769396407162224e-01
1.001308590450679104e-01
2.098716148520651525e-01
3.923443286231871885e-01
-8.056672990737191453e-01
1.000646666350269304e-01
9.999093748330647458e-01
1.000041173758553503e+00
-1.000282912816405245e+00
-5.999578048539049302e-01
3.847396480812708131e-01
-5.185898501311948794e-02
4.059446692462860828e-01
9.998246925696262222e-02
4.051243504636997672e-01
-1.301411019653721940e-02
-3.232964154723763084e-01
-6.000248986110994220e-01
2.056475505520270197e-01
1.000033040700563758e+00
-1.000195781269126227e+00
-7.985556911310867090e-01
1.000094859939905323e+00
4.123689416154521781e-01
-6.001217549912577498e-01
1.000552781544171432e-01
3.321833748128182398e-03
-2.493150020275896050e-01
-8.306445306289979014e-01
1.947770314904695987e-01
1.000654529282197086e-01
1.000026323754195090e+00
2.215789869556585856e-01
2.087777619676774998e-01
-2.524521773941438840e-01
-1.000064945186582399e+00
3.205619258757282791e-02
4.103437009550462977e-01
-7.859141811353176355e-01
1.910496944950231535e-01
9.999898374994388162e-01
-7.864927630454985330e-01
-5.999972039789923661e-01
-1.000034621666648915e+00
-2.456841802686625387e-02
-3.420841647050608114e-01
-6.000329508444840476e-01
-8.985976836528469444e-03
1.944685782512018957e-01
-1.000027604595758124e+00
1.000040667463905075e+00
-7.972913615196666193e-01
4.141160223093658388e-01
-3.103096126042860781e-01
1.000056604705888974e+00
-1.000115354354784714e+00
-1.627664401452500950e-02
1.930264963218258356e-01
1.001114606718253586e-01
-7.959938418992402731e-01
-2.874581082256129627e-01
4.779255867377382033e-02
-2.787665501399644308e-01
1.835277284604982517e-01
7.600925605283755104e-03
-5.998827241316452286e-01
-5.999766990083735818e-01
4.090729258223763098e-01
9.999331268235993608e-01
9.995473277692547287e-02
-3.126666092159213761e-01
2.150019700051730154e-01
1.000898337975436314e-01
9.983519922608849462e-02
-8.119992045487989252e-01
-5.998589899108952572e-01
-5.998187742473836126e-01
1.000192092258294085e+00
-5.999418538264685852e-01
-5.999800936739232426e-01
9.998875297961324904e-01
1.881658293031529816e-01
-7.830596441532846619e-01
3.879207440880046431e-01
5.129800668035627148e-02
1.928478812368711603e-01
-8.054958137221425174e-01
-1.000085383110147053e+00
-8.127210754294883488e-01
-1.000046742001483357e+00
1.000074530540526752e+00
9.999275490987813431e-01
-7.989529900517347016e-01
-2.218328776876913044e-01
1.905684124615472652e-02
-8.088849922050713737e-01
1.000068712368503698e+00
-6.000150754480435555e-01
1.000134571346605744e-01
-9.999667474921066779e-01
3.873821140646787065e-01
2.001350587343935783e-01
9.999818924844160462e-01
-6.002068772253232876e-01
-6.001359925748879220e-01
-3.002207813123625724e-01
9.999911877212105393e-01
9.996626751998313742e-02
1.000069519806064733e+00
9.998895366898975512e-01
-9.999902604400787709e-01
4.042638831333671967e-01
1.000382110166241761e-01
3.761784223911565639e-01
9.990783633486306770e-02
1.194891641169941801e-02
1.709378934187536685e-03
1.844621654009569733e-01
3.992496516929152084e-01
-7.977069648437214999e-01
-5.999265569543608123e-01
3.990781952883612482e-01
9.999817423704672192e-01
-3.646774075698671486e-02
-7.916555504764638540e-01
4.014834388351392613e-01
2.837232325467972313e-02
2.117703367610377641e-01
-1.000024994838245584e+00
-3.188712774158455332e-01
3.967220314826233052e-01
1.975284134643340017e-01
6.773226530899920106e-02
9.999630740517989613e-01
9.998608533231949647e-01
1.000009823591256453e+00
1.001191377041925901e-01
8.838019618619647605e-03
-9.999014780492239129e-01
-2.453724166536931928e-01
-3.488017735494738369e-01
9.997249407157240420e-01
-8.056500242064577044e-01
-7.998369343461604331e-01
-5.999808223363934934e-01
-3.194740362851176130e-01
-1.000058357205554138e+00
1.929410189518378227e-01
9.986322299910249667e-02
-5.999866210485451656e-01
-1.970283143443690363e-02
9.999759039172861907e-01
2.086699550529382274e-01
1.973030225996217635e-01
3.021057463229753770e-02
-2.998660925913607112e-01
-3.082735589954301303e-01
-3.128449589754943028e-01
4.044776889559082433e-01
-2.404320518993447453e-01
9.999818569004041979e-01
9.999234636520037967e-01
1.238020501180955857e-02
2.058191318143502979e-01
1.987108399627484367e-01
5.478145994066925539e-02
-3.938704794794610775e-01
-5.999841800653756829e-01
-1.000100988259807977e+00
1.960172801684251787e-01
-1.207393294112988312e-02
