-5.998211202142833542e-01
-5.998949612067429049e-01
1.000001043584689997e+00
4.348372455906437950e-02
-9.998979070049606177e-01
-8.087439444286635970e-01
-5.999428969980525883e-01
-6.938625176887538992e-02
-7.754897404430342034e-01
-3.403205258789965271e-01
1.000989956944333820e-01
-1.000159946829500823e+00
2.143500107106285912e-01
-8.412828634493790814e-02
1.961132879289855524e-01
3.998328003743528702e-01
2.755358713233181569e-03
-1.000148340577121431e+00
2.203686269234693129e-01
-5.546831463901568532e-02
3.919954299696679634e-01
3.874536510351225260e-01
-2.588118633893347620e-01
-8.056429402947853369e-01
-1.000060208681599505e+00
4.193410069660880590e-01
-2.826976607139589648e-01
-6.000055377672846024e-01
-3.118141208011759313e-01
1.000832297657738984e-01
-1.000062574323433040e+00
-8.010120870899535284e-01
-8.071138404240576492e-01
-1.000026151182567435e+00
3.840793108043448478e-02
1.000026788838235703e+00
-9.999022480447785632e-01
1.000016650595825229e+00
3.817407844784999615e-01
-6.000780955262868810e-01
1.000031154141467038e+00
-7.983734101734422106e-01
-3.146743403523180604e-01
1.000567366642290401e-01
-2.887127065273887849e-01
3.945330432699645229e-01
9.990379676725960612e-02
1.000793286172601132e-01
1.000078810398647017e-01
2.023516088528874435e-01
-1.000142245777780436e+00
-7.911785377484912285e-01
3.936925450442731456e-01
4.054237062248658985e-01
-2.612993804454367686e-01
-9.999869923996850263e-01
-8.170471078412585575e-01
3.889339613663262973e-01
-3.336602094325110540e-02
-1.000083315298383457e+00
-1.913545337621452846e-02
4.092247752527740645e-01
-1.000069394169298631e+00
-2.534599828865984894e-01
-1.000045043621152097e+00
9.998032647703751497e-02
-1.000113291148217343e+00
1.767064206033045707e-03
-7.903212575351595826e-01
4.055346343589502078e-01
-5.998744212002659060e-01
-2.913151657936097760e-01
9.993238941020636534e-02
-1.648809974425075389e-02
2.135473484153182500e-01
1.003068728660698045e-01
2.043982356745315254e-01
9.998986149618998009e-01
2.018525599504263773e-02
-7.975024431457623519e-01
3.771431611014272600e-01
3.844331165855041643e-01
1.922578618134619388e-01
1.742438328647770429e-01
9.997257974811697423e-01
3.851949581866751515e-01
-1.000099632280941231e+00
-6.000392484806902349e-01
-1.000011875983414678e+00
1.304510246883627822e-02
-1.000202318941020518e+00
1.000194113381124850e-01
1.000561734469662817e-01
-5.999960430653413779e-01
3.827289713187514986e-02
-7.818098025446028609e-01
-7.809709767692887272e-01
-2.944955703320051299e-01
3.834436964080232824e-01
-2.553952549125453886e-01
4.114121908318092991e-01
-7.999614412291110588e-01
-3.000667561233792413e-01
9.991637218122033370e-02
9.977846995673032848e-02
1.000045010056621164e+00
-9.860391259039244516e-02
3.872544195849210169e-01
1.001792871289267917e-01
-2.457352870422822300e-01
2.030876195430471598e-01
-3.903647774687798999e-01
-5.999101716092634096e-01
9.999861487275113481e-01
3.901837110458760693e-01
2.070925565560747528e-01
1.000880431920284364e-01
9.998850239591254851e-01
-9.999676630610023764e-01
3.815092888192900267e-01
9.998893623271178921e-01
3.890226883398739122e-01
9.975521528137439031e-02
3.956377021830446150e-01
-6.000729392762299552e-01
3.912644741217157218e-01
-2.879785065724259074e-01
3.870933558622437487e-01
9.999701386320121177e-01
1.000068810500527983e+00
1.000083893951598246e-01
2.053304389076588965e-01
3.888958106690974525e-01
-7.897711272691699813e-01
9.987243772266184150e-02
9.999762115723725975e-01
9.999956688536948413e-01
-1.000215696802324139e+00
-5.998515928736669611e-01
4.102455591788674027e-01
6.040784022744748877e-02
3.973643881996499760e-01
1.000225908717991413e-01
3.972749004646413118e-01
-3.621288491917245417e-02
-2.975376487398539993e-01
-5.998933507357178119e-01
1.947511252437502671e-01
1.000063184753092749e+00
-9.999331881972427505e-01
-8.015047793577506630e-01
9.999796025521913156e-01
4.058465889551495787e-01
-5.998777882425163632e-01
1.000399969743648448e-01
-1.503455532503589903e-02
-2.832919010535241977e-01
-8.014391104008202760e-01
2.024332840038212955e-01
1.000144103907654181e-01
1.000035870093986201e+00
1.877552563627855331e-01
1.997536760996998506e-01
-2.301068689665828337e-01
-1.000088084462022575e+00
-3.062407278715667189e-02
4.036614237190167542e-01
-8.003907477626384104e-01
1.988417992446453175e-01
1.000009274138433657e+00
-8.101552522484014585e-01
-5.999676173864373352e-01
-9.999179685367053372e-01
1.014528097235450760e-01
-3.286101159611197753e-01
-5.999953799981891933e-01
3.254491212973216474e-02
1.992819962445736004e-01
-1.000147009327323699e+00
1.000009648653628291e+00
-8.129082567437359019e-01
4.101299989488044750e-01
-2.988299716326399125e-01
1.000192638869812800e+00
-9.999658595499643088e-01
1.204211573626052904e-02
2.010641502593008278e-01
1.001656077749571716e-01
-8.111333884513250991e-01
-3.192164117975596072e-01
-3.181295513345300946e-02
-3.308210323750559456e-01
2.235229162724720331e-01
-7.543767103890060451e-03
-5.999562064535812755e-01
-6.000810392911045676e-01
4.141067821318656916e-01
1.000002091506056345e+00
9.995629214642084981e-02
-2.150831202302191936e-01
2.030787786843224474e-01
1.000424806007268880e-01
9.998855576674364753e-02
-8.074272598400501488e-01
-5.998645442232378722e-01
-6.002078730421879227e-01
9.999926332281849906e-01
-5.999982420296421370e-01
-5.998598882250401054e-01
1.000072301817839682e+00
1.971344831605110204e-01
-8.074494155800280293e-01
4.127546282369323749e-01
-6.712672331982950068e-03
2.134393537165676924e-01
-7.983012201893238124e-01
-9.998591157216694114e-01
-7.980836287343271440e-01
-1.000087720685235881e+00
9.999240084724555500e-01
9.998904546452572761e-01
-8.065058941856632080e-01
-2.970299279334175924e-01
-2.064979383499541618e-02
-8.016746807889837401e-01
9.998074401485632645e-01
-5.999323796858014868e-01
9.993980485492892640e-02
-9.998897095592670370e-01
3.899446788975386990e-01
1.924038592665605341e-01
1.000075406120814581e+00
-6.000732979507158449e-01
-5.998028267121540136e-01
-2.980576495155360384e-01
1.000232322481685587e+00
9.988906696320996870e-02
1.000089791463045552e+00
9.998904499142057256e-01
-9.999418542477646055e-01
4.205403190179726192e-01
9.991988233091149418e-02
3.874405860404934732e-01
1.001816216210731220e-01
9.429960383848681738e-02
-3.314634711912899101e-02
2.113008777183733589e-01
3.860020739954235225e-01
-7.991673609677781842e-01
-6.000618792042604621e-01
3.903995080044566079e-01
9.999954296052623315e-01
1.493593190165170420e-02
-8.015184043819159054e-01
4.030350538895277612e-01
-5.202092368775539794e-02
2.074615779078156086e-01
-9.998060933480011903e-01
-2.585062035151188264e-01
4.053932639555690720e-01
1.929969412452894328e-01
4.452353340174975901e-03
1.000101333334631359e+00
1.000062841798222690e+00
9.999377642796091203e-01
1.000382219571777781e-01
4.467925765332843996e-02
-9.999163847286858253e-01
-3.468427871231111181e-01
-3.503978985260034484e-01
1.000121897153576578e+00
-7.969787964747276909e-01
-8.174113951699387703e-01
-6.001021645450864694e-01
-2.931503093248795100e-01
-1.000036020674196946e+00
2.032526436826116722e-01
1.000172491226646171e-01
-5.998875583674466716e-01
1.301917805447123412e-02
1.000079315306962258e+00
2.037276148132726727e-01
1.902495560454192380e-01
9.630137245629426246e-02
-3.313104205388551216e-01
-3.122725539946338835e-01
-3.049952773761563374e-01
4.044636797716527621e-01
-4.232935440643895153e-01
1.000137468587526168e+00
1.000118386470623344e+00
2.374238336400310775e-02
1.918059658178244142e-01
1.860813010708387560e-01
4.964326052427724123e-02
-2.781441083683595106e-01
-6.000969587284187279e-01
-1.000032733529436335e+00
1.958642873085010838e-01
-1.978704755363027215e-02
