-5.999774018296338829e-01
-6.001354279622356236e-01
9.999749523860967937e-01
5.773381220266759345e-02
-1.000096590979551836e+00
-7.944667316578891691e-01
-5.999310394188995810e-01
-9.827423945127986005e-02
-8.018799026923320028e-01
-3.323829025180800034e-01
9.998389962237903827e-02
-1.000248007069475475e+00
1.945003102660754490e-01
-5.930307347568582188e-02
1.871386645728556619e-01
4.060933269233280574e-01
2.218084962327814685e-02
-9.999228919152514106e-01
1.907450052879740843e-01
9.390156385538560302e-02
4.105479206536251646e-01
4.197676237462388271e-01
-3.181024032829390391e-01
-7.968217860754004400e-01
-9.999018777649325562e-01
4.073639868551759413e-01
-2.798719850633728523e-01
-5.997755185641919784e-01
-3.163424171647167826e-01
1.000309944071178236e-01
-9.999799645236975287e-01
-7.935425819017022375e-01
-8.050683695712422816e-01
-1.000040713512968304e+00
-1.441212539691348604e-02
9.997673211470522459e-01
-1.000093992400681753e+00
9.998059384931577975e-01
3.902020124816107383e-01
-5.998537840466604543e-01
9.998959621611979154e-01
-7.717061812409612420e-01
-2.824634083240029070e-01
9.989634789220754041e-02
-2.941380821260047851e-01
4.076539486252160338e-01
1.000693072478844314e-01
9.989539428860805259e-02
9.987300720077217642e-02
2.011201059267035685e-01
-9.999377985105878386e-01
-7.970865388794478035e-01
4.063318524923206776e-01
4.155640680375691787e-01
-2.992392875531231233e-01
-1.000041613464867307e+00
-8.085812628999775598e-01
3.983944290723159809e-01
7.564166092917697613e-03
-9.999964909374464694e-01
3.804565528766107492e-03
3.997861104871302529e-01
-9.999711168945841777e-01
-3.196517481305513053e-01
-9.998909267451324689e-01
1.001649197852137879e-01
-1.000171624835451523e+00
-6.852272940993156536e-02
-8.045190154193559984e-01
4.058791699598304770e-01
-5.999890326630074044e-01
-3.044667186146171600e-01
1.000202400588510315e-01
3.249316111002472501e-02
1.988398456133228798e-01
9.977411625120914673e-02
2.008471305659783601e-01
1.000235497774842219e+00
-5.883715420215249181e-02
-7.970461158815372871e-01
3.997382714484449262e-01
3.986411686120452380e-01
1.990276023479402023e-01
2.167461612113296965e-01
9.999041926767863186e-01
4.039431760540220795e-01
-1.000167973282563905e+00
-6.000802103751788907e-01
-1.000165040761738400e+00
6.853837541711352288e-02
-9.999128783161053136e-01
1.000722536473142299e-01
9.982471689328581421e-02
-6.001272458592245007e-01
2.852112131460112984e-02
-7.907690263533285746e-01
-8.139481927143270568e-01
-2.413678043124045103e-01
3.991398686763497072e-01
-2.373444927859202913e-01
3.976155683976870803e-01
-8.003532714469220322e-01
-3.085491544159331689e-01
1.000421689206072440e-01
1.000543754177620481e-01
9.997535176771906729e-01
-9.737685796016245371e-03
4.148378871237927701e-01
1.002199899437341141e-01
-2.200734251888689097e-01
1.980583850116720279e-01
-2.996165057778665264e-01
-6.000623739042154625e-01
9.998635745293641408e-01
4.051485689243698451e-01
2.084053216836780353e-01
9.994667689295193280e-02
1.000026576760528085e+00
-9.998961406934824270e-01
4.023792659186753995e-01
1.000062005643965524e+00
3.911391332599751802e-01
1.002635207397743755e-01
3.820219844490720940e-01
-6.000066882522926415e-01
3.802489226243407350e-01
-3.141055976252608573e-01
4.077206218891558653e-01
1.000057034575153825e+00
9.999875831203978160e-01
9.994951756092847195e-02
1.984112843053544573e-01
3.962688590090082674e-01
-7.900198824620127125e-01
9.998655875372007562e-02
9.999517293207702551e-01
9.998155954182992300e-01
-1.000044479518151785e+00
-6.000506236401034199e-01
4.275590727597787799e-01
7.299692340219068182e-03
3.847081406651070568e-01
1.000500402909541425e-01
3.932000559443271648e-01
-4.210381935128724995e-02
-2.007990429228921903e-01
-6.000780902449706078e-01
1.995901047063768918e-01
9.999318826359476775e-01
-9.998990699701237883e-01
-7.889462229063540777e-01
1.000038000461912713e+00
3.921979894981236225e-01
-6.001298179715354175e-01
1.001662647647229565e-01
3.150874792901310270e-03
-2.500785372720029098e-01
-8.076545221582980272e-01
2.196725357318197736e-01
9.994015058609120872e-02
1.000091391610649971e+00
2.003209416317799640e-01
1.934963325339981721e-01
-2.607511826717768266e-01
-9.999650215320819990e-01
-2.846940417379856259e-02
4.017861013163589456e-01
-7.957929045149602088e-01
1.691557147515898030e-01
9.999398366469712807e-01
-7.818629064901819747e-01
-6.000644273339619250e-01
-1.000090994573998637e+00
-5.748854211114166196e-02
-2.433817784396578032e-01
-6.000069468676696438e-01
4.889580383176378442e-02
1.822517962881675946e-01
-1.000007121143516198e+00
1.000007915305667572e+00
-7.956488555471169510e-01
4.039854909375475978e-01
-3.409303720253227254e-01
1.000012842557336912e+00
-9.999452016984520242e-01
3.162776575000734308e-02
2.117960097566393973e-01
1.000181772685389686e-01
-8.083347195453014500e-01
-2.934134052734743703e-01
-2.990673536991601475e-03
-2.499946204475091416e-01
1.882204960002898941e-01
6.296020263863172373e-02
-6.000232229588358113e-01
-6.000261111494830102e-01
3.917578328826789025e-01
1.000124336775416678e+00
9.997956592548423727e-02
-2.578894299607775720e-01
1.799338127746084592e-01
1.001071877774377394e-01
9.999858067784653248e-02
-8.115864332354022492e-01
-5.999813150830021202e-01
-6.001984273446827611e-01
9.999260170475802179e-01
-5.999892262516628438e-01
-6.000075211177668955e-01
1.000000915163458126e+00
2.055378688270699250e-01
-8.040165105329395434e-01
3.836551655572607578e-01
-4.318590966845850532e-02
1.961800349608594229e-01
-7.904284732386803736e-01
-9.999621042399741144e-01
-7.885541923379292273e-01
-1.000184082747225256e+00
9.998735600508531496e-01
1.000101803962534230e+00
-7.876124631875693893e-01
-3.055332748200081938e-01
-3.236589228110299532e-02
-7.880280364967757745e-01
9.999496767700787325e-01
-6.000980431231358603e-01
1.001405416958061345e-01
-1.000079615850585135e+00
3.942545880667499558e-01
2.065903974000475873e-01
1.000090700188307258e+00
-5.999079517458371091e-01
-5.999613856722568750e-01
-3.328272854747507115e-01
1.000059765603050099e+00
1.000013509141276236e-01
1.000036018298302132e+00
9.999570892475601047e-01
-1.000055697974799207e+00
3.961941017462882186e-01
9.996945113440434960e-02
3.985071100891863227e-01
1.000108555201485866e-01
-4.124142264213191689e-02
1.195436075624155617e-02
1.974988415828802246e-01
4.017625002877699969e-01
-8.005070921001595785e-01
-6.000447698500366300e-01
3.991054262575576272e-01
9.999050459820658654e-01
-6.031812165341654541e-02
-7.981702799305850915e-01
3.864740864070722592e-01
5.613635212220931259e-02
1.956321940348337562e-01
-1.000017603588395643e+00
-3.315627725698632733e-01
4.079499197708315594e-01
1.956284110207037741e-01
7.332605998083001342e-02
1.000023780632453674e+00
9.999550624627037143e-01
9.999592975995353905e-01
1.000036589940152959e-01
-4.410449997090137852e-02
-1.000125075925552665e+00
-2.211327201463708647e-01
-3.059108918747887595e-01
1.000125613709830663e+00
-7.970617451760579897e-01
-8.073152248154887856e-01
-6.000140304531190738e-01
-3.380465327782689045e-01
-9.999909853417040528e-01
2.049993511814334479e-01
9.983536625882544202e-02
-5.999983817478251602e-01
-1.835610788774078364e-02
9.998596367594058121e-01
1.999631012747063452e-01
2.118500989943604695e-01
-4.885308435937704696e-02
-3.418268845560937241e-01
-3.340281657653116354e-01
-3.256024445267428069e-01
3.982289417275481913e-01
-3.536242440492053385e-01
9.999918208807121456e-01
1.000072923655520807e+00
-3.977876459299874157e-02
2.165685451203173406e-01
1.939817395793466681e-01
2.749843437883063568e-02
-2.982847532217670627e-01
-5.999446028446275836e-01
-1.000131088016391612e+00
1.885381058698657464e-01
-5.282320199261601040e-02
