-6.000525867595591922e-01
-5.999719045433093978e-01
9.998924241476339070e-01
2.938375220094286994e-03
-1.000088178399707983e+00
-7.972555644775340955e-01
-5.999485250845466577e-01
4.701306919429746461e-02
-8.110927965039951282e-01
-2.682675480591162898e-01
9.998931835476014551e-02
-1.000058572098321275e+00
2.123849840560568525e-01
2.015193799008072398e-02
2.094531194605322999e-01
4.004994722523798623e-01
-1.157203423431093191e-02
-9.998810261415891354e-01
1.912106001279171019e-01
-6.822006369543109038e-03
3.937340216424395911e-01
3.940849726433599542e-01
-1.743492554988129439e-01
-8.015743026137402971e-01
-1.000002680238440300e+00
4.027301955451883519e-01
-2.781385562161161062e-01
-5.999111588960263086e-01
-2.819117521913229729e-01
9.983707619118689647e-02
-1.000119926291090922e+00
-8.096852568416204043e-01
-7.898519839508019169e-01
-9.999370648908283421e-01
-4.723246760017136420e-02
1.000118004960180773e+00
-9.997592670283500516e-01
1.000008256789507666e+00
4.059686037152165916e-01
-6.000398487158586924e-01
9.999553925560873413e-01
-8.042675184336198768e-01
-2.928612325835824315e-01
9.997972486702245976e-02
-3.129271144177133146e-01
4.074067770452148296e-01
9.994242969776548358e-02
9.998999285061453690e-02
9.981458487008487701e-02
2.142618299449992603e-01
-9.999042529165821369e-01
-8.112068734160871042e-01
4.030687189555994809e-01
3.977257028838491193e-01
-2.524087109823764385e-01
-9.998543339766269300e-01
-8.030338201223106154e-01
3.819788010761920871e-01
-1.259181866852577582e-02
-9.999975480353038293e-01
-1.463712617554133004e-02
4.086603650250633657e-01
-9.997836573164525786e-01
-3.770163793835230037e-01
-1.000004263744517896e+00
1.000498789355435680e-01
-9.999404133970923869e-01
-8.921058685141486019e-03
-8.037028789683827723e-01
4.009827930998401402e-01
-5.999618603253150662e-01
-3.785076178321410412e-01
9.977555960479804475e-02
4.696706059439577363e-02
1.870545402438022198e-01
9.998488645669902086e-02
1.753867884941107125e-01
9.999813083538929837e-01
-1.152019869812377119e-02
-8.048810737425410311e-01
4.086552556537670911e-01
3.873826405923971872e-01
1.833626033972261815e-01
2.074058815064191708e-01
1.000079669383835190e+00
3.863164774286152459e-01
-1.000149759568950802e+00
-6.001889836946567858e-01
-1.000134530904616570e+00
1.403982786000352971e-02
-1.000088104946682099e+00
1.002136457914466483e-01
9.997726386831676249e-02
-6.000574186381554265e-01
-2.743204363514606392e-02
-7.964386206874282115e-01
-8.202637406045775181e-01
-2.736894626828219601e-01
4.038769732137204582e-01
-3.398292745549136296e-01
3.978462246119613965e-01
-8.072454984114234566e-01
-3.680788871700045872e-01
1.000553154398408501e-01
9.994540033997011130e-02
1.000036870630359287e+00
-4.996279265775842998e-02
3.898433532577413874e-01
1.000614747274476274e-01
-2.459955912760823371e-01
1.968077462900690022e-01
-2.360847608049291280e-01
-6.000221755147281399e-01
1.000157780271356822e+00
4.015600741751589875e-01
2.147331481860208502e-01
1.001707119358501291e-01
9.998067485984717395e-01
-1.000112613935812522e+00
3.755010487390166851e-01
9.999275835385502686e-01
3.853372050084612477e-01
9.990996511347909059e-02
4.133156864245350892e-01
-6.000085237477955635e-01
4.032285721356098085e-01
-3.472010001213959862e-01
4.121347326069789707e-01
9.999280877088778663e-01
1.000032199220604490e+00
9.998536142699557261e-02
1.929624759911209853e-01
3.969269232260037028e-01
-8.121593960169259940e-01
1.000605704367457660e-01
9.999261827155849769e-01
1.000125436599858642e+00
-9.998812312886878884e-01
-6.001389635832572456e-01
3.825813109631838183e-01
-7.466710492588314596e-02
3.989849936523139351e-01
9.991471102515733782e-02
4.091602592895155488e-01
1.789978243354725662e-02
-2.586345499309009033e-01
-6.000080966070876487e-01
1.993997630873106941e-01
9.999956967252977558e-01
-9.998002730898092327e-01
-7.911254740367937854e-01
1.000118652965526822e+00
3.936356195863119356e-01
-5.999006908797093196e-01
9.985490687657402886e-02
-5.564078660229689575e-03
-2.773731175545461336e-01
-7.970082301603956809e-01
2.051399351733500798e-01
1.000857001741084357e-01
9.999045039948598612e-01
1.889301901721830990e-01
2.106849985522059598e-01
-2.321634075877124781e-01
-9.999401307390756166e-01
-2.118643153347911368e-02
3.963724612965719984e-01
-8.010670619878197396e-01
1.914092716017994356e-01
9.998196450320159245e-01
-8.078370144178085299e-01
-5.999872642331205430e-01
-9.998704294209033172e-01
-6.582934141940397291e-03
-3.429147208709745209e-01
-5.999871472680495810e-01
5.173384197182519240e-02
1.765308695768803560e-01
-9.999314218250862085e-01
1.000060534136941293e+00
-7.958383626870897398e-01
4.012690143382697250e-01
-2.843707211415972269e-01
1.000061726090612169e+00
-1.000027721069089992e+00
-1.430429242429217575e-02
1.865007595436441734e-01
1.000182302861457040e-01
-8.009779765195939039e-01
-2.678230339321517883e-01
-5.450032206594086076e-03
-2.305915647806046631e-01
1.890195346959240297e-01
-1.502055617841797398e-02
-5.999286797468571519e-01
-5.998501308169917889e-01
3.995724409630413421e-01
9.999523129518428366e-01
1.000708137254209956e-01
-2.879071926298638617e-01
1.980194351700513833e-01
1.000503648154010550e-01
9.994662248854509212e-02
-7.984337951230848773e-01
-5.999327256319539892e-01
-6.000447441642304813e-01
9.999800004720630353e-01
-6.000437333254108330e-01
-6.000237628574855986e-01
1.000081249491797442e+00
1.870797876171855501e-01
-7.910405097741429747e-01
3.945986438511982497e-01
-7.067703643468079000e-03
2.010450528322913488e-01
-7.975578005697429029e-01
-1.000122508106787711e+00
-7.984737028810138249e-01
-1.000075280814137324e+00
1.000019743719242404e+00
9.999444674475557182e-01
-7.991279119188466895e-01
-2.894846209099541934e-01
2.597442252712935454e-02
-8.002726895920997396e-01
9.998851898860624532e-01
-5.999592533461040045e-01
9.997710739921457368e-02
-1.000091798073423188e+00
3.975579131188124449e-01
1.941257484964093727e-01
1.000074364026206419e+00
-6.000665001878503491e-01
-5.999066593712450990e-01
-3.400583614222265627e-01
9.999327999459119987e-01
1.000562858713437975e-01
9.999169157149813136e-01
9.998839091143567614e-01
-9.999788799591431410e-01
3.959892158431925213e-01
1.000218795976101221e-01
4.009061340717324229e-01
1.000583331116066677e-01
1.352764928673583916e-02
-8.847860717400118924e-02
1.802914908380641723e-01
4.054664510908254638e-01
-7.950552816895947172e-01
-5.998781000068185154e-01
4.004856999828964592e-01
9.998706213090488015e-01
4.042775374813366990e-02
-8.005700237739075131e-01
3.927279261460417947e-01
2.225650741329898707e-02
2.030689826780432972e-01
-1.000195432495458503e+00
-3.147447431832196552e-01
3.994113583232460907e-01
2.074399254579767093e-01
-6.086517339516811509e-02
9.998989930556420047e-01
9.998483104176010272e-01
1.000008397591634957e+00
9.992574352998541409e-02
1.910718404806726611e-01
-9.999541722110431019e-01
-3.678634761969187261e-01
-2.560146218171146515e-01
9.999370825136467689e-01
-7.962906493888030068e-01
-7.994326502390705080e-01
-5.999333969507880671e-01
-2.715890627119464940e-01
-1.000090309124800125e+00
2.042410048459615823e-01
1.000321865422449802e-01
-5.999294053626073042e-01
-7.906862268195213872e-02
1.000058996974413361e+00
2.118349239363635506e-01
2.063731042041636876e-01
-9.202783457553570523e-03
-3.008770921740340221e-01
-3.626878757357304139e-01
-3.895949781949835100e-01
3.967727418131728467e-01
-3.658160790111318894e-01
1.000029251703075106e+00
9.999465579963244810e-01
1.102316920787697017e-02
1.938348725822837126e-01
2.211548919039662831e-01
-1.027222868940504963e-01
-2.800987587968011838e-01
-6.001380754645017079e-01
-9.999825881577598663e-01
2.007984594734137651e-01
-1.061315938545343528e-02
