-6.000362284139383329e-01
-5.999508703428588774e-01
9.999622803866954346e-01
1.802935923912794836e-02
-9.999718685544006780e-01
-7.972678569708385732e-01
-5.999941388042793200e-01
-7.988845979083791793e-02
-7.847991938786688104e-01
-3.073335789192963574e-01
1.001310541325825809e-01
-1.000017537552157609e+00
2.100229028520093910e-01
7.628985199990341581e-02
1.786238968542703254e-01
4.047991015974253259e-01
-1.619944098080091863e-02
-1.000092740125143154e+00
1.992357693777350447e-01
5.410464798962894006e-02
4.032580202873199959e-01
4.068723828370667817e-01
-2.226929773869368023e-01
-7.927898727001030377e-01
-9.998991198955571313e-01
3.951908273844033648e-01
-2.880282455383511020e-01
-6.001596069012573587e-01
-2.924963183038988279e-01
1.002244621791552881e-01
-9.999079080182460277e-01
-7.971280038961496839e-01
-8.121767018606461663e-01
-1.000070920994849732e+00
-6.225081338359612915e-02
1.000094828777735811e+00
-1.000061169603120748e+00
9.999804368744205085e-01
4.046230761058019487e-01
-6.000279032724780137e-01
1.000198812591916564e+00
-7.995125048718516592e-01
-2.221802791492838436e-01
1.000547110004192941e-01
-3.738862403384342614e-01
3.893173400444867038e-01
9.997200463893149425e-02
9.996639867970398552e-02
9.996744012749833597e-02
2.095712346111522628e-01
-9.997073841837278430e-01
-8.127652974263409602e-01
3.897372494768228113e-01
3.809576909776895004e-01
-3.767539947240584608e-01
-9.999747037233487346e-01
-8.019322722069769371e-01
4.031954968261063366e-01
1.211736610136101150e-01
-1.000067906257456007e+00
2.486156664728748911e-02
3.843482853938268717e-01
-1.000012032115252358e+00
-3.873341496808386242e-01
-1.000095197982419526e+00
9.995529445004741609e-02
-9.998931337284766574e-01
-4.496373056691296138e-02
-8.070949151807891297e-01
4.024897521157837499e-01
-5.998604465229726568e-01
-2.587977969443789883e-01
1.001000979347889397e-01
-1.040216350989277561e-01
2.114423353882509682e-01
9.987868650398558368e-02
1.899800525255850858e-01
1.000191000616289960e+00
7.348289813088233757e-02
-7.931920018209938084e-01
4.099553714428936790e-01
4.042317937579831266e-01
2.073055673049020442e-01
1.904184273990316145e-01
1.000005189620623680e+00
3.842027187180428460e-01
-9.999747595621315543e-01
-5.998677527581138813e-01
-1.000248126184034358e+00
4.115386420705424708e-02
-1.000054503859246102e+00
1.001168580940419439e-01
9.984626606229218826e-02
-6.000774857507481519e-01
-2.555906275794311497e-02
-8.080941841660477243e-01
-8.038937529021847883e-01
-2.776643557104543358e-01
4.053380159372185210e-01
-3.325597616265815182e-01
4.079326922003687073e-01
-8.120135335522629116e-01
-2.648395270462140516e-01
9.987573920796154192e-02
9.990035744758138381e-02
1.000068417149212463e+00
-5.207715984739807319e-02
3.882545928913900823e-01
9.996569044128400527e-02
-2.101450734025473444e-01
1.952959374773294565e-01
-3.353969981573013959e-01
-6.000528199835971632e-01
1.000142702913040971e+00
3.962918134799209291e-01
2.004252131798695546e-01
1.001053278319098405e-01
9.999902467956800489e-01
-9.999616484737200439e-01
3.958749327075021807e-01
1.000027277462938624e+00
4.129163906215572721e-01
1.001752651240101349e-01
4.001353634047787322e-01
-5.998472228420677066e-01
4.085390616793115326e-01
-2.748445721339987102e-01
3.979728905769680525e-01
9.999347892743881694e-01
9.998795155436955850e-01
9.991967558288937512e-02
2.179073806342761987e-01
4.061309398011205274e-01
-8.158072622905983007e-01
1.000311360255041193e-01
9.999391451188299751e-01
9.999891973317970306e-01
-9.999645285143665685e-01
-5.999586557088897321e-01
3.973272476160344957e-01
-4.498569980792695329e-03
3.873980653152848674e-01
1.000211233171039715e-01
4.125086639975140135e-01
-6.405751125829196868e-02
-3.064215973971945450e-01
-6.000832566777903887e-01
1.866609052730966167e-01
9.999108338884664660e-01
-1.000134520183478593e+00
-8.014141507707892575e-01
9.999153032998808754e-01
3.887717988888159670e-01
-5.999154667265106378e-01
1.000796383154243518e-01
-1.511174645948857665e-03
-2.042815363821174346e-01
-7.966582876689024539e-01
1.821507556797832827e-01
1.001311842972572030e-01
1.000059896369163148e+00
2.061834169057639998e-01
2.078844865779411188e-01
-3.413352046133942830e-01
-1.000115656061598024e+00
-2.915855953409377671e-02
3.999790488889696793e-01
-8.080387152645538418e-01
1.885978957801325295e-01
1.000039345710797001e+00
-7.890182362989138776e-01
-5.999378522573173278e-01
-9.999696268254520959e-01
-2.814716160322917882e-02
-3.785563146760494435e-01
-5.999903919877529468e-01
-5.168650824575032193e-02
2.057797152850276701e-01
-1.000006046518304492e+00
1.000132952086538074e+00
-8.089263832497820550e-01
4.067044321875081803e-01
-3.859745866968235517e-01
1.000110837587191437e+00
-9.998374184508114215e-01
-5.139652271773288532e-03
1.958446176706996333e-01
9.992262375591895451e-02
-7.957305277253164943e-01
-3.225221471430166909e-01
1.287667393759634599e-02
-2.866202422164015329e-01
2.010277610558459382e-01
-3.945846684534075333e-02
-5.999876791866946002e-01
-5.998259751343052448e-01
4.092811358519103937e-01
9.999773290946452065e-01
9.987175133271769534e-02
-2.306452965858304394e-01
1.992701962041567021e-01
1.000284557158922921e-01
9.996620115460258527e-02
-8.037029290172851281e-01
-6.002213250346436491e-01
-6.000292961297776229e-01
1.000229294081130593e+00
-6.000619200097193628e-01
-6.001135767993879266e-01
9.998899779972409974e-01
1.736527227657143624e-01
-8.112926751202649278e-01
3.983365567396304208e-01
2.482267838742110641e-02
1.985987232707062400e-01
-8.000720421456005704e-01
-1.000179761379309529e+00
-7.777611686456367135e-01
-1.000015950057542513e+00
1.000048317849029811e+00
1.000004512688448477e+00
-8.127552861848493793e-01
-3.448427774572070392e-01
2.650075357053547492e-02
-7.881300457365968404e-01
9.998399478482218328e-01
-5.998892195134397642e-01
9.992377971401431025e-02
-9.997684962603335945e-01
3.753291381046470754e-01
2.090755441360704625e-01
1.000027200445664066e+00
-6.001493326805668049e-01
-5.999912627903446483e-01
-3.289809647497094480e-01
1.000029813762447262e+00
1.000216693834441312e-01
1.000141599151801008e+00
9.998366565551948248e-01
-1.000012387726598284e+00
4.055887441559509199e-01
1.000893429890004627e-01
3.911565515477760102e-01
9.992893903718269577e-02
-8.387261141985545565e-02
-1.905868820392784060e-02
2.069543236903499117e-01
4.022933156379637221e-01
-8.034729483697731212e-01
-6.000755430691893100e-01
3.931593395741450614e-01
9.999402161229841157e-01
7.676846256885770658e-03
-7.898035961632273727e-01
3.780364328001878937e-01
-7.734888022144129072e-02
1.809196093325901866e-01
-1.000041664317774304e+00
-2.764848692188255352e-01
3.881719101497704272e-01
2.164653012044554514e-01
4.005889107936455584e-02
1.000064579471560577e+00
1.000100491333058894e+00
9.999152304961158588e-01
9.991805712587067956e-02
-1.128387299616788637e-02
-1.000207792982594768e+00
-2.217762843046508781e-01
-3.418085341488727447e-01
1.000056936820273856e+00
-7.954730492237738204e-01
-7.892945500170664985e-01
-5.999441047796999493e-01
-3.432634975449028736e-01
-1.000002047750319978e+00
2.054537685154735616e-01
1.001418619038956237e-01
-6.001185334624797862e-01
-4.365392445356986589e-02
1.000205002093875750e+00
1.975331461662415133e-01
2.032459743539883346e-01
6.767721947290786244e-02
-2.328393938720786094e-01
-2.687816844804543082e-01
-2.981457121835045521e-01
4.154082844621381221e-01
-4.071781973545351985e-01
1.000046992741851382e+00
9.998128741305466471e-01
-6.175833338916393578e-03
2.015284287778881522e-01
2.087605216147280229e-01
-1.953461235136658494e-02
-3.252125739580837838e-01
-6.000081322380719229e-01
-1.000028740009554884e+00
1.999551300740379234e-01
1.232859744957033321e-01
