-5.998593499471985835e-01
-6.001850285194476609e-01
1.000061257480518995e+00
8.334765874394424109e-03
-9.999137205613003454e-01
-7.870952858325089840e-01
-6.000756899164610969e-01
-5.764836403269815723e-03
-8.165336953383447449e-01
-2.360014809998236818e-01
1.001187265436101897e-01
-9.998848556956196898e-01
1.994908240892183937e-01
2.273276723987908976e-02
2.052160716030270449e-01
4.119861022684387919e-01
-9.073645430269665357e-02
-1.000105664874972211e+00
1.864188508382908227e-01
2.115306868424600070e-02
3.987624459697775015e-01
3.905900525283154123e-01
-3.303701528879203764e-01
-7.965691230576491533e-01
-1.000208151797548517e+00
4.127514312379108596e-01
-2.874106830493194376e-01
-6.000315283202957151e-01
-2.985095315475876920e-01
1.001437944152512305e-01
-9.999929441124836282e-01
-8.020558451136432510e-01
-8.093763672514728835e-01
-1.000111950721497278e+00
1.514646143303352913e-02
9.999824523107949670e-01
-1.000088618941152641e+00
1.000123788304555505e+00
4.008807414676512915e-01
-6.000137828082143798e-01
9.999863883593229641e-01
-8.105072881703137000e-01
-2.198875324173883428e-01
9.998809349789919421e-02
-2.891543271161103323e-01
4.146225929999452497e-01
1.000313473765300221e-01
1.001227572570331792e-01
1.001064861106943232e-01
2.061474833223942982e-01
-1.000042470208001966e+00
-8.099295508507459163e-01
3.835784533231416105e-01
3.996932443975586557e-01
-2.995490579739780723e-01
-1.000011295007733780e+00
-8.015298046804042453e-01
4.143331347326059122e-01
-4.279814726899458521e-02
-1.000195650208901110e+00
1.216377046112500360e-01
4.008383746792542057e-01
-9.998992235324128952e-01
-2.726326049948268881e-01
-1.000128009662973660e+00
1.000646041380863493e-01
-9.999418734303531231e-01
2.107040056587436774e-02
-7.840159310159765527e-01
4.000928984181862935e-01
-5.999713097135269679e-01
-2.717433561040924483e-01
1.001257402800304064e-01
4.031729691844072871e-02
1.969793281720823575e-01
1.000505874689715247e-01
1.873431375731137716e-01
1.000167525773520749e+00
-4.388340173937631261e-02
-8.032205423815724776e-01
4.001583204536867111e-01
3.950469385631233399e-01
2.033647046310719519e-01
2.063478300362622808e-01
1.000089501164776351e+00
3.880054033594447227e-01
-9.999250429840231824e-01
-6.000530944206853290e-01
-1.000084038675363773e+00
-3.370412814317457796e-03
-9.999609040118139225e-01
9.991693481865332460e-02
9.992224193025674162e-02
-6.000870545093730524e-01
1.345476052195905547e-02
-7.738166792862953836e-01
-8.088945536758410659e-01
-3.129530309624976026e-01
4.013648192352937683e-01
-3.221832209633717636e-01
4.035548653060020419e-01
-7.991747137267410928e-01
-3.792773959806512440e-01
9.992174120196135878e-02
9.982793893346635083e-02
9.998452478500654550e-01
-6.309195758445804289e-04
4.163652484039531698e-01
1.000849287406238991e-01
-3.054769675352662639e-01
2.055977247914589079e-01
-2.730380978530796976e-01
-6.001104159460368681e-01
1.000093248321416439e+00
3.964573261211735145e-01
1.991139488430442028e-01
9.993774847492309377e-02
9.999656679227573175e-01
-9.999786901904634817e-01
4.067404130323654110e-01
9.999362377776666033e-01
4.161531021032097155e-01
9.997519815256676601e-02
3.984448815433205837e-01
-5.999317145154100528e-01
3.941263455506863744e-01
-4.389038749795582950e-01
4.119893476160302326e-01
9.998449706288878858e-01
1.000070849334336209e+00
9.985813645108808367e-02
1.875214878204413405e-01
3.918254486898669620e-01
-8.111182395830280889e-01
9.989373239869653309e-02
1.000229165411236520e+00
1.000019548188505025e+00
-9.998251593006500793e-01
-5.999625766727334497e-01
4.008262627533989431e-01
-2.277248311281666535e-02
4.059904719978315590e-01
1.001657978352554351e-01
4.030683831487920088e-01
7.502942981112721565e-02
-3.265004001101221576e-01
-6.000903221807786236e-01
2.146913464122617299e-01
1.000053862616406830e+00
-9.999249946176388404e-01
-7.932865931749241151e-01
1.000017343791581803e+00
3.874188419504881464e-01
-6.000019143179606829e-01
1.000799562765271600e-01
-5.960790006762002602e-02
-2.561647208150676924e-01
-8.044552331187582173e-01
2.116585622925808707e-01
9.999369515545462883e-02
1.000008116161764216e+00
2.065272080385849029e-01
1.954233385358013220e-01
-2.569280034770423660e-01
-1.000216558234998221e+00
4.020214255620927629e-02
3.918295995662468001e-01
-8.003751312884227476e-01
2.108851974701670129e-01
9.999885497522473798e-01
-8.191075861124123003e-01
-5.999750417362184063e-01
-9.999522526177235804e-01
5.315245910768259807e-02
-2.829105462483523792e-01
-5.998701225916023283e-01
-4.539792873743764908e-04
2.143173372960556766e-01
-9.999458498321330824e-01
1.000151196433355816e+00
-8.041596787488152209e-01
3.903762115903630647e-01
-3.653734989748088080e-01
9.999718036638608476e-01
-9.999227197702978964e-01
7.662560816337823932e-02
1.940375224028888235e-01
9.993665776553253832e-02
-7.905541844909631521e-01
-2.959026006405032216e-01
-2.176255365478049417e-02
-3.784362711827277126e-01
2.085936591086274827e-01
-2.999065624573757013e-02
-5.999940506319515476e-01
-5.998975731700771918e-01
4.102087876476293582e-01
9.999551036321113751e-01
9.994754068579896067e-02
-3.103682508875873491e-01
1.857131067375881461e-01
9.993807923967976126e-02
9.987255736812826468e-02
-8.038014714127068583e-01
-5.999080175308583174e-01
-5.998357092206971775e-01
9.998732312170846015e-01
-5.999818595220811623e-01
-6.001564155442318249e-01
1.000017014907787605e+00
2.033029043006064907e-01
-8.039161059704865719e-01
4.045175120515462353e-01
6.804289263530181008e-03
1.962374712844000002e-01
-8.066716749015305776e-01
-1.000015415941980734e+00
-8.000270942540386176e-01
-1.000063542532291239e+00
1.000013096254406930e+00
1.000065839194299144e+00
-7.874546585074289062e-01
-3.065039804595233175e-01
6.822490292027622028e-02
-7.944257066180012705e-01
1.000087025382933703e+00
-6.000598304258581983e-01
1.000783577617550407e-01
-1.000019728194944335e+00
4.108610396092186590e-01
2.182571529201386418e-01
1.000076777498732916e+00
-6.000853176065061856e-01
-5.999062244971539171e-01
-3.698127763823451652e-01
9.998458559030597437e-01
9.988519933804669571e-02
9.999967425693147005e-01
9.999440313862384411e-01
-1.000296207056108777e+00
3.931987653629122059e-01
1.000452498486827657e-01
4.024290505396212470e-01
1.000747480018524815e-01
-7.787272811118477189e-02
-1.089885076095576007e-02
2.059633096931156593e-01
3.965083954566167579e-01
-7.894418354961386664e-01
-6.000013570349727043e-01
3.971667055908385535e-01
1.000126742806949576e+00
4.260674109208326121e-02
-7.974383217290433867e-01
3.953108875897111130e-01
5.117208587008781340e-02
2.099496601195419421e-01
-1.000067530333758281e+00
-3.791116246533917100e-01
4.001476834116042824e-01
1.957333679849399821e-01
3.206834548583738231e-02
9.999182730650770790e-01
9.999704336407283511e-01
1.000105012542808813e+00
9.999888384441751876e-02
7.581373104346955660e-02
-9.999666648216840592e-01
-2.954270091863251402e-01
-2.121465233995352140e-01
9.999792398664254511e-01
-7.912565393743294928e-01
-7.860796625114230274e-01
-5.999360732813310282e-01
-3.141176379396362628e-01
-9.998004883240284579e-01
1.973218495252372084e-01
1.000465088724856871e-01
-5.999763990504032307e-01
3.897613406807606817e-02
1.000012655277209284e+00
1.985834286694577178e-01
2.001889801205032904e-01
-4.546153973274768417e-02
-3.329548170964997666e-01
-3.292611273390467774e-01
-3.891563036700540490e-01
4.040054988168312877e-01
-3.558294163055861770e-01
9.998685709621571993e-01
9.998164771700573938e-01
-2.025958613030624800e-02
1.970336695677546435e-01
2.044062368038699895e-01
1.465167634322888518e-02
-2.867909256470677071e-01
-5.999757740038220710e-01
-9.999114234463640782e-01
2.051446757332104076e-01
4.262612208430240773e-02
