-6.001001206691281009e-01
-5.999918237587595904e-01
9.998587329312682570e-01
2.796199299043283445e-02
-1.000183815458686620e+00
-7.956794380084631912e-01
-5.999962254006060425e-01
1.128265544138292165e-01
-7.824273185152629262e-01
-2.938838969995131167e-01
9.989364168652069276e-02
-1.000122737860586586e+00
2.001710246254090331e-01
2.289881971022118823e-02
2.012690755781370577e-01
4.025334202220330893e-01
5.653848142991904635e-02
-1.000021639213043434e+00
2.031119624162477100e-01
-4.284254264183265382e-02
3.872376486835535370e-01
3.985664610877376335e-01
-3.130930235305403042e-01
-7.902248844103541003e-01
-1.000016486700403995e+00
4.070429955730046623e-01
-2.419290098060530025e-01
-6.001021129081836047e-01
-3.384357111581511868e-01
1.000101126300499965e-01
-9.998127324303500707e-01
-8.152893861905505801e-01
-8.078652177273917268e-01
-9.998721081921949638e-01
-2.775033387831889534e-02
1.000062331473678290e+00
-1.000200600992836586e+00
9.998185988369736599e-01
3.981594992751951723e-01
-6.000645809136264663e-01
1.000019017220020068e+00
-8.036919475965232929e-01
-2.708589821831052236e-01
1.000000834140526845e-01
-3.477874209038449016e-01
3.997571897957416520e-01
1.000129967397534458e-01
1.000156455642144115e-01
9.981191390674921948e-02
2.078979276286797295e-01
-1.000054951465516595e+00
-8.034468157094895036e-01
4.081596495381345502e-01
4.069500065886239026e-01
-2.363022545462729052e-01
-1.000035598088838462e+00
-7.845663361191620444e-01
3.816195037959070890e-01
-1.870346727052801111e-02
-9.999412187527203510e-01
3.605049007062820221e-02
4.078725151037758123e-01
-9.999739490465661129e-01
-3.386793526290413636e-01
-9.999458541433444703e-01
9.997004363584499620e-02
-1.000092144844600517e+00
3.494002648389187698e-02
-7.913520249452371536e-01
4.032936722682914366e-01
-5.998359868939412420e-01
-2.650200720408071864e-01
9.981679301295881546e-02
1.822482297449310243e-02
2.038106002990405785e-01
1.000941939077728549e-01
1.946318716947503802e-01
9.998430577628463212e-01
2.976413197395165466e-02
-7.791687445960844283e-01
4.113370570732985398e-01
3.949030262133395031e-01
2.082964472145407697e-01
1.838206673336330865e-01
9.998755400881541577e-01
3.977948318900954572e-01
-1.000101399695936477e+00
-5.999329229895047355e-01
-9.998572460419127284e-01
3.776326567058374550e-02
-1.000115934378036586e+00
9.990538738721853329e-02
9.999023409107039850e-02
-6.000614364312730764e-01
-4.252801000021406985e-02
-8.080777274653584419e-01
-7.854406278643315531e-01
-3.262873400414118552e-01
3.886315108971039600e-01
-2.977038935876845649e-01
4.043407486636893533e-01
-8.040823333874163037e-01
-2.341239786451406735e-01
1.000670170927708963e-01
9.995983908653853500e-02
1.000100254574388003e+00
1.782083160026815341e-02
4.163322010497539361e-01
9.998634253761599922e-02
-3.002156190700903671e-01
2.006633874932425010e-01
-2.595744728231252352e-01
-5.999190473252252742e-01
9.998710969380611990e-01
4.017161314665378957e-01
1.993018856435371244e-01
9.988529453388647616e-02
1.000016502782764327e+00
-9.999671879098694927e-01
4.159457382573678585e-01
9.999903638168744502e-01
4.001294473313324884e-01
1.001328785646544706e-01
3.900102878287274311e-01
-5.999495013982273361e-01
3.957251544679797894e-01
-2.686566782909858841e-01
4.043102609141674963e-01
1.000157835298446596e+00
9.998994421636128171e-01
1.000925156305791375e-01
2.047926393202402773e-01
4.157110526358107072e-01
-8.122585954838540401e-01
9.999031623621100484e-02
1.000092253032525358e+00
9.999724367062766683e-01
-1.000045620476768260e+00
-6.001814349279103178e-01
3.898591428386246616e-01
1.131750185304014611e-02
3.914633260258447156e-01
9.990996824760690898e-02
3.905655062846363768e-01
8.924079226130718356e-02
-3.352969532514147311e-01
-6.000243155894318114e-01
2.066309825428979952e-01
1.000064196640380931e+00
-9.999682538846400570e-01
-8.012174755814009952e-01
1.000014080670910355e+00
4.023876438476326478e-01
-5.999054938797717673e-01
9.992186559935939405e-02
8.201682657799891016e-03
-2.505318044169784764e-01
-7.959698891734831028e-01
2.134502225549184673e-01
9.988580817730786932e-02
9.999103235203908868e-01
1.883862950265558223e-01
1.890906078224921794e-01
-2.594067750400521066e-01
-9.999886673053474118e-01
-2.086238869106993646e-02
4.049877406492448650e-01
-7.935301100957086184e-01
1.996429673375896274e-01
1.000001103275873993e+00
-7.951878273985723000e-01
-5.999111281585111088e-01
-9.999318743110733321e-01
8.599287727585348817e-02
-3.468981999433534691e-01
-6.001476914466592483e-01
2.267128360027463596e-02
1.914877440883986925e-01
-1.000095791336780948e+00
9.999084864268451556e-01
-7.904702231550706504e-01
4.013415245874513149e-01
-2.517683327014267336e-01
1.000086053663163277e+00
-9.999918689099442926e-01
1.198832234924134127e-01
2.072473521651360950e-01
9.997583638645489434e-02
-7.934762038756945079e-01
-2.126006605765688173e-01
1.842991660669574677e-02
-3.228315134585235668e-01
1.927503033797353105e-01
-6.130084322763009949e-03
-6.001517819820492150e-01
-6.000169411894868965e-01
3.934496475911796742e-01
9.999153980342404546e-01
9.998880470286398980e-02
-3.403991299641686563e-01
2.144813314001498272e-01
1.000558904522229481e-01
9.994120645835927186e-02
-8.118234098630893181e-01
-6.000204868535763403e-01
-6.000237169493367606e-01
1.000006607522508251e+00
-6.000715979051590709e-01
-5.999328649742676767e-01
1.000078830728732049e+00
2.075819707936632230e-01
-7.943603279254290994e-01
4.056367832774438464e-01
5.194575061463144877e-02
1.895389063463984447e-01
-8.091881201604729235e-01
-9.997565331341478068e-01
-8.033603003933396103e-01
-9.999284643484703805e-01
9.999907376244502322e-01
1.000143526909475389e+00
-7.941968859021031335e-01
-3.293160899968917699e-01
-2.057921383761904255e-02
-8.105657754444107743e-01
9.998470003396481287e-01
-5.999842861479703915e-01
1.000070380941155412e-01
-9.998967360227931644e-01
3.977595627920559318e-01
2.017854688774929905e-01
1.000046934954276434e+00
-6.000528935249247464e-01
-5.998816803293706146e-01
-2.925109303839266706e-01
9.999509882572452657e-01
9.988058814222078308e-02
9.999277205692599368e-01
9.998710823189284058e-01
-1.000020175327667182e+00
3.913690238929441456e-01
9.993714875524076224e-02
4.264295229102096352e-01
9.996574578562679447e-02
9.096753339213795031e-03
2.453181823210998438e-02
2.205179179564631942e-01
4.116597990730430645e-01
-7.939775809643723203e-01
-5.999557070237639955e-01
3.958338130345461781e-01
9.999773076362349356e-01
-7.757730912105908171e-03
-7.915213644663445791e-01
3.947690525128908501e-01
5.931508014762915983e-03
1.945735570065002251e-01
-1.000041892380516551e+00
-2.854776365086901802e-01
3.968282404413743247e-01
2.085633330824691878e-01
4.189405287374368958e-02
1.000091415483408852e+00
1.000036436769627057e+00
9.999511593119820851e-01
9.985877987656743837e-02
5.153245657688848569e-02
-1.000235544714216829e+00
-3.388681962671435399e-01
-2.927340972534013264e-01
9.998034932953240306e-01
-7.831216186420970615e-01
-7.801673233417092401e-01
-5.999768237859604003e-01
-3.656537112038451554e-01
-1.000062230593010471e+00
2.039328667406668238e-01
9.989012792280040076e-02
-5.998621313769646468e-01
2.289478398256243954e-02
1.000148507808217735e+00
1.961505389075129668e-01
1.953128625789156414e-01
2.087134012112508777e-02
-2.947174639688806552e-01
-2.922044049140312127e-01
-3.289030608871834627e-01
4.058092980994251198e-01
-3.766876631609286652e-01
1.000027491304105842e+00
9.998834596951865494e-01
-1.300329327025454354e-02
1.894889938337617763e-01
1.979961615079264270e-01
2.623696163272139226e-02
-2.710577364692539626e-01
-5.998384288730620462e-01
-9.999435250867509950e-01
2.046287890248024710e-01
4.169272711563492065e-04
