-6.000757239170958490e-01
-6.000136154563172619e-01
9.999253561061731688e-01
3.742584745415868802e-02
-9.998103729233048798e-01
-7.984545895001987637e-01
-6.000258949965903144e-01
8.417789935066344320e-02
-7.858804436154214201e-01
-3.011038171189978074e-01
9.988027649890839077e-02
-1.000045759470328033e+00
1.923452156733272966e-01
-8.952208632836083577e-03
2.113554063343532907e-01
4.027609526638105675e-01
2.577861501651696613e-04
-1.000076265465473346e+00
1.984422980287129101e-01
6.127877856299077108e-03
4.007618122019475648e-01
3.958599328733078404e-01
-3.771741966873413121e-01
-7.984267562639129068e-01
-1.000112493376901668e+00
3.975290065839168774e-01
-2.754504071579966795e-01
-5.999492252496848588e-01
-2.874994191864867488e-01
1.001129567207159204e-01
-9.999485543563837453e-01
-8.042253512422515849e-01
-7.882313207475361017e-01
-9.999686747344456172e-01
-1.233784982828906723e-02
9.999012534246043415e-01
-9.998820201565307153e-01
1.000024414933406103e+00
4.048727654530702158e-01
-5.999217629044626410e-01
9.998451558422741803e-01
-8.146251863089079004e-01
-2.915691286046270259e-01
1.000796111006649058e-01
-3.218244575169008082e-01
4.023809829955117268e-01
1.000194432054261340e-01
1.002454180059801497e-01
9.984466526105990891e-02
1.847093406718105790e-01
-1.000006782771615699e+00
-8.160282636028167724e-01
4.162991763021417491e-01
3.992706352953100390e-01
-2.728824933286228549e-01
-9.999149414749812781e-01
-8.195970406320353119e-01
4.034218435030725858e-01
2.831509422143279123e-02
-1.000109829489345126e+00
8.683174542185173594e-02
3.965645651993170984e-01
-9.999664781425826598e-01
-3.160162784223955468e-01
-9.999656067367975742e-01
9.999838838764311955e-02
-1.000013078843562386e+00
-8.043554151585703693e-03
-7.932984634910178467e-01
3.923311389830611007e-01
-6.001142021991161535e-01
-3.229617331496910104e-01
1.000044737105965365e-01
-1.493298201996583197e-02
1.729500523571793069e-01
9.993564896492883320e-02
1.945280590203600779e-01
9.999995328482138568e-01
1.516702531515277431e-02
-8.063062464812060792e-01
4.135837003254762556e-01
4.025814909975379274e-01
2.100882340948445892e-01
2.038366156578348409e-01
9.999682445374290518e-01
3.898888314102568198e-01
-9.999615363477416530e-01
-6.000394566447401212e-01
-1.000214752027133169e+00
6.704161435739871416e-03
-1.000015257086783960e+00
1.000463560891654835e-01
1.000582315247991461e-01
-5.999509424091687970e-01
8.210304885708022415e-03
-8.112246219720752327e-01
-8.185027440561005729e-01
-3.149670327096230071e-01
3.949200144596998197e-01
-2.537299962188837021e-01
3.931272824281988321e-01
-8.098147211204945739e-01
-3.414135973416269620e-01
9.999332484068169935e-02
1.000939905393942869e-01
1.000134195687514271e+00
9.360253683344285473e-04
4.211989287862418219e-01
9.984917789988172199e-02
-2.700982850695401449e-01
2.065340834077832310e-01
-3.182224636195906120e-01
-5.999373596650846574e-01
9.999164344003123039e-01
3.920675821674181050e-01
1.880763128948305385e-01
1.000582341361102579e-01
1.000038307007574234e+00
-9.998556381775832724e-01
4.011750775867340413e-01
9.998991685010595321e-01
4.011683105177760167e-01
9.981331228503148578e-02
4.060719578078804126e-01
-6.001705233881191592e-01
3.986553190856645945e-01
-3.098429622578548481e-01
3.995035791170156725e-01
9.999343584568479715e-01
1.000042996733150780e+00
1.000941061504023039e-01
1.954544916067479099e-01
3.948778807486449938e-01
-7.878535949927266691e-01
1.000352208116064706e-01
9.999205490909151006e-01
9.999023511235646255e-01
-9.999552163564415785e-01
-5.999759827249582234e-01
4.003313470394769813e-01
-8.096944071427353284e-02
3.980322023651569618e-01
9.993160917806667709e-02
3.972916149746606451e-01
-1.521796059822581870e-02
-3.032974729866141916e-01
-6.000391615307845150e-01
1.936968785168633744e-01
9.999902401032143562e-01
-9.999397147507627093e-01
-7.975440601617359571e-01
1.000105024064355197e+00
3.863035302298321594e-01
-5.999489475726347276e-01
1.000826870916088907e-01
3.528858644845899069e-03
-2.634772994977372940e-01
-7.934920491299444212e-01
1.811248816605450507e-01
9.986540651764806709e-02
1.000073308605751610e+00
2.072769697103514497e-01
2.109666842262905018e-01
-3.000223574657670533e-01
-9.999933853602741562e-01
-5.756982137059401400e-02
3.932219566674557409e-01
-8.101108876901340627e-01
1.968400964007939735e-01
1.000029690760915191e+00
-7.978909426520263137e-01
-6.000377251886978014e-01
-9.999441760018797920e-01
3.644335284047440365e-02
-2.914967132096283886e-01
-5.999355473523482196e-01
9.247098986193010017e-02
2.002229194508381160e-01
-9.999454230201297866e-01
1.000111794109627583e+00
-7.982986480614563396e-01
4.121203821007858870e-01
-3.256267501927124774e-01
1.000078458920895086e+00
-1.000159101348544910e+00
-7.987913343275586039e-03
1.977850767833691514e-01
9.972225840961994325e-02
-7.854130044731153504e-01
-3.494038632060867955e-01
5.670020194530844826e-02
-3.291788551838094046e-01
1.952481654375130549e-01
1.066609034373571484e-02
-6.000216809501137671e-01
-5.998946601689421065e-01
4.035156464062558124e-01
1.000215444238977014e+00
9.997826232798585899e-02
-3.409701562580967904e-01
2.024475666471269586e-01
9.992041031542910068e-02
1.000679273583679335e-01
-7.932623991406683173e-01
-6.000408149697212812e-01
-5.999698246270787072e-01
9.999257604534645960e-01
-6.000262992017922903e-01
-6.000293244013231719e-01
1.000066308255417979e+00
1.930649978407631973e-01
-7.894903335190687210e-01
3.866510768374066265e-01
-6.282629787363556984e-02
2.109947850754535226e-01
-7.964093025359896272e-01
-1.000107232747255326e+00
-7.982642773449909468e-01
-9.998819282345834392e-01
1.000165676550551552e+00
1.000055466871693666e+00
-7.824424355130956688e-01
-3.710988028098418101e-01
2.421863321898196433e-02
-7.979420474097455029e-01
9.999858681286579731e-01
-6.000429668502259561e-01
9.998952348697109915e-02
-1.000080371364191478e+00
4.105680094339509423e-01
2.211572468669317504e-01
1.000097833411633275e+00
-6.000069656021030928e-01
-6.000487450748491769e-01
-3.179926501726194621e-01
9.999789499268860737e-01
1.001137925470466927e-01
1.000010641051277460e+00
9.998818552901873602e-01
-9.998216417636126563e-01
3.924480101196184401e-01
9.995607918415672088e-02
3.915539458165807618e-01
1.000146051648502926e-01
-1.308268124053834497e-02
1.546094786363504461e-02
1.877128197987935621e-01
3.991303459081048666e-01
-7.952303556333170098e-01
-5.999989946311433675e-01
3.945908698441085716e-01
1.000002709322804328e+00
-3.829250709152731691e-02
-7.815415404642727104e-01
3.956867329101200204e-01
6.216396917462711086e-02
2.042981385969456776e-01
-9.999697611791716900e-01
-2.689398368876009249e-01
4.046181202774690178e-01
2.127884053314216817e-01
5.269240268420857798e-02
1.000199179353123080e+00
1.000102318061901752e+00
1.000060213096138684e+00
9.999010367693682289e-02
1.826654984580573793e-02
-9.999263499443070691e-01
-3.415936290012433485e-01
-3.262721651103859255e-01
9.999825790525098679e-01
-8.122362074224186435e-01
-7.984452310337473158e-01
-5.999628779635274300e-01
-2.523157704963479575e-01
-1.000021467708108069e+00
1.964435462350846706e-01
9.992254775198848582e-02
-6.001460160343203842e-01
3.861008779528438128e-02
1.000005709507165053e+00
1.854457903625498505e-01
2.156685794322610317e-01
-5.075538156436242704e-02
-3.085653118786210181e-01
-2.792760555343473672e-01
-4.670294992771590881e-01
4.168925044610530262e-01
-2.241231713925447289e-01
9.999980412213925751e-01
9.999555131013779796e-01
3.110975284912762418e-03
1.925339652502415233e-01
2.114462578037182294e-01
-6.161110940450537088e-02
-3.308337179103223447e-01
-6.000562063122109047e-01
-9.998853613435911836e-01
2.172773677374260637e-01
7.675494190941456463e-02
