-5.998856413661167730e-01
-6.000897957176952735e-01
1.000069412129957369e+00
-1.193587643449732782e-01
-1.000091510581840204e+00
-7.974556535650150213e-01
-5.999898922798940770e-01
-3.376602803988980328e-02
-7.806223244418276641e-01
-2.528345977648600029e-01
1.000832778228954029e-01
-9.999306190518761905e-01
1.939458296729483777e-01
4.986574032261725797e-02
2.086544719837767625e-01
3.966310111227290269e-01
-6.120205927013375180e-02
-1.000140580912215693e+00
2.098107538930488736e-01
7.322631447122955606e-02
4.034039501111802428e-01
3.950490064601669404e-01
-3.676989158072332398e-01
-7.870233950077025753e-01
-9.999273082735382623e-01
3.936428221647947368e-01
-3.567759195583797838e-01
-6.000968043522232342e-01
-2.851431247883911557e-01
1.001554929714983527e-01
-1.000065015548038394e+00
-8.048720507518821732e-01
-7.934419516144107787e-01
-1.000057173374750308e+00
7.103935098193530154e-03
9.999978103686372188e-01
-1.000016563407157166e+00
1.000008382483212221e+00
3.902588196038078161e-01
-6.000035259621822048e-01
9.998748246074213863e-01
-8.014527330668466121e-01
-2.818253024087122860e-01
9.983484498858082035e-02
-3.378482249698820938e-01
4.073475316807223523e-01
9.999293487414002979e-02
9.992297144500711381e-02
9.999839273072270995e-02
1.874497461316059210e-01
-9.998898552501245263e-01
-7.954308614018718027e-01
3.963712815472956730e-01
4.004300310960990927e-01
-3.878725008183369072e-01
-1.000184780888853098e+00
-8.082219274817311616e-01
3.906625439879890527e-01
-4.656877899396091869e-02
-1.000022386394894935e+00
-1.014962659872473312e-02
3.982842076592243430e-01
-9.999662342501799417e-01
-3.569834593749995344e-01
-9.999720254107132833e-01
1.000836294877008176e-01
-9.999618181459906108e-01
3.313238546039858762e-02
-7.894780277152291248e-01
4.101498298850483892e-01
-6.000938229924073219e-01
-2.930053870972384455e-01
9.983321515407792002e-02
2.454937140495714112e-02
2.011473825649582881e-01
9.979054221619991505e-02
1.998226730799205764e-01
9.999761815905107154e-01
-2.967410958429204937e-02
-8.012009308276901720e-01
3.956115274199724641e-01
4.013200020849594929e-01
1.920878216927220661e-01
2.054795033486059852e-01
1.000227140073178367e+00
3.950506754819690935e-01
-9.999982481648385102e-01
-5.999770144887190959e-01
-9.999490080865462982e-01
2.446252676207261167e-02
-9.999743487006299558e-01
1.000001093505990812e-01
1.001526505488150726e-01
-6.000485518428223530e-01
1.758407089467002235e-02
-8.073917857848199597e-01
-7.933589552073835316e-01
-2.840766664503857619e-01
3.883893122167205725e-01
-3.922148814880153100e-01
3.977055096132177114e-01
-8.010625506090089942e-01
-2.641607154454835849e-01
9.992398126399114344e-02
9.996781698196159638e-02
9.999971189039673636e-01
-2.261713918878043364e-02
4.054333203817908626e-01
1.000238472284404739e-01
-2.619213545031376378e-01
1.759686953008575139e-01
-2.210638729944408021e-01
-5.998753482976328932e-01
1.000025764227389313e+00
3.893852326897270233e-01
1.849474285163957843e-01
9.985659028297029505e-02
9.998181243958195186e-01
-9.999249896753618083e-01
4.115722114167592038e-01
1.000048547862253834e+00
4.087987161915668244e-01
9.994955623200711681e-02
3.939278667529071409e-01
-5.999643157450367248e-01
3.932438022314147519e-01
-3.006872094038924859e-01
4.012540772640514342e-01
1.000060927260787436e+00
1.000047220429312045e+00
1.000156812406077234e-01
1.944611143583846458e-01
4.071076888309299036e-01
-7.950119772829353781e-01
9.997630705887336489e-02
9.998963906701059390e-01
1.000194957936845430e+00
-9.999687883271535238e-01
-5.998591427296728895e-01
3.821442461709179117e-01
7.002457002939076192e-02
4.088190602995102063e-01
1.000051564306507490e-01
4.028160130940934280e-01
-3.268880282281450000e-02
-2.878340152955792819e-01
-6.000543124317490040e-01
1.907157986966137586e-01
9.999312138952879403e-01
-1.000075461144952937e+00
-7.891045684637184587e-01
9.998913618086253674e-01
3.993148789375706720e-01
-5.999899325016269103e-01
1.000055937320157989e-01
2.962647489790806374e-02
-2.504037498913870285e-01
-8.075876000461083004e-01
1.847379012037513313e-01
1.001457081768871438e-01
9.999995614551229206e-01
2.011249945965436492e-01
2.110947477905251723e-01
-3.288576409988324123e-01
-1.000008787057444781e+00
-2.697382532672833524e-02
3.979266156458071135e-01
-8.027708081683163632e-01
2.027059793842827806e-01
1.000128024164621987e+00
-7.986301074924195831e-01
-6.000370967540097356e-01
-9.999285137072195795e-01
-3.417706004049110569e-02
-3.599727510063946423e-01
-5.999247679513374232e-01
-4.879015719558994074e-02
2.039568216289153191e-01
-1.000114587925013954e+00
9.999429028442837764e-01
-7.980021847412502867e-01
4.021051203992571099e-01
-2.121203039883300667e-01
1.000145790456790751e+00
-9.999440184963924727e-01
4.888513681011812800e-02
1.976867712446075398e-01
1.000529943563577273e-01
-7.979290194364955235e-01
-2.552257653780264368e-01
3.074608846581216789e-02
-2.839694982303645476e-01
2.072133663016770544e-01
3.458567817071080998e-03
-5.999765145190579796e-01
-5.998912340831231704e-01
3.877296712266780632e-01
9.999558613180608013e-01
1.000052687930606116e-01
-2.935099313416338340e-01
1.998773779911488246e-01
1.000633217501194355e-01
9.996250080095366031e-02
-8.033309841025374487e-01
-5.998514101899391493e-01
-5.999126421474619830e-01
1.000123327628229974e+00
-6.000291374996877813e-01
-5.999208144043329805e-01
1.000044151755068667e+00
2.104293703557760242e-01
-7.960501625373158641e-01
3.883497527706476493e-01
-1.743061019898278774e-02
1.825618486657864803e-01
-8.136214872773791518e-01
-9.999178099468956082e-01
-8.255727554863988571e-01
-9.997783124578559777e-01
1.000000960152414464e+00
1.000042456877629826e+00
-7.970621643012786306e-01
-2.829237324550512023e-01
-1.959496568932529020e-02
-8.059902962720086883e-01
9.999226785043009436e-01
-5.998604686375210715e-01
1.000939880722050979e-01
-1.000063465220167647e+00
3.923974745963096367e-01
1.967869877000964496e-01
9.998672087171320833e-01
-6.000404830453397453e-01
-6.000157453241945493e-01
-3.663759052036063002e-01
1.000167092562413096e+00
9.997387775258043119e-02
9.999856134129804230e-01
9.998817597348482744e-01
-9.999204069769115355e-01
4.032664939502115242e-01
1.000063449022037809e-01
3.916485822411827078e-01
1.000558023742463415e-01
2.228179857950589315e-02
-2.892678048568317339e-02
1.843993775377547883e-01
4.049853881093491981e-01
-8.132264170875908027e-01
-6.000068279538907090e-01
3.890737100680745630e-01
9.999939926141689917e-01
3.538629417918265352e-02
-8.062240796554958067e-01
4.179900157056559706e-01
-1.320855750167134468e-01
1.844008122271935946e-01
-1.000116726130035660e+00
-2.229190780830075380e-01
3.992351219532779272e-01
1.974181503642699342e-01
-3.519902500466556838e-02
1.000044304831323450e+00
9.998524592905525532e-01
9.999608342871718625e-01
9.988915331383557694e-02
-7.079661607487494623e-02
-9.997587259441511609e-01
-3.817151586939300234e-01
-2.554926442563439926e-01
9.999339301404588376e-01
-7.956378697459061122e-01
-8.141736162245014619e-01
-6.000683452566448750e-01
-2.596878730885636699e-01
-1.000013947325176122e+00
1.660393803468004914e-01
9.983676366131961910e-02
-6.000731645275571013e-01
-4.325913982227279353e-02
1.000022783168347473e+00
1.921496006177551841e-01
1.989176194345569360e-01
-8.295710445619124476e-03
-3.705125820193925223e-01
-2.563762529389866374e-01
-3.328572123401177252e-01
4.207280313124033833e-01
-2.353893416023514762e-01
9.998688451872781435e-01
9.999976944724984218e-01
5.415168969985786895e-02
1.838447337855957375e-01
2.163204332534937324e-01
-2.337079254922559343e-02
-3.550601774887466866e-01
-5.999343117177863283e-01
-1.000051984403496297e+00
2.099728414437873336e-01
-6.415848389750140879e-02
