-6.000250046438621032e-01
-5.998439957468379991e-01
9.999858441057600800e-01
-4.582100279801104570e-02
-9.999582771114423618e-01
-8.020747913056788247e-01
-6.000030752498548559e-01
8.270517582153203914e-03
-8.117503289235107333e-01
-3.141009348251533329e-01
1.001181336633522323e-01
-9.999123459972110162e-01
1.925917429640315315e-01
-1.418631453791381440e-02
2.050347680925447558e-01
3.922967318128670611e-01
-4.342150996823171405e-02
-9.998721441761106998e-01
2.142146649905768419e-01
-5.776878671596411691e-02
3.983406848231969000e-01
3.952407543067718021e-01
-3.175241910821069991e-01
-8.091248709408046524e-01
-1.000050638143762827e+00
4.051573222939860441e-01
-3.345713837800207147e-01
-6.000052557141974940e-01
-3.012228859993336672e-01
9.994340021484800218e-02
-1.000074447663405586e+00
-7.991926695154688565e-01
-7.895830201253932756e-01
-1.000002907103298311e+00
3.573155561338777625e-02
1.000099956957461345e+00
-9.999799211398993082e-01
9.999724088065961025e-01
3.962912953740883037e-01
-6.000337107247197821e-01
9.999939264824037055e-01
-8.130229572560030427e-01
-3.073870036897021207e-01
9.984747686662991117e-02
-3.212412309504786290e-01
4.010658545617384330e-01
9.989467904466201031e-02
1.002655900451258492e-01
9.985724368147472219e-02
2.020730072437999514e-01
-9.998898281084103168e-01
-8.023011545752525286e-01
3.993261200969344671e-01
3.811900580928863080e-01
-3.255966270990236500e-01
-9.997873836525148494e-01
-8.137394343303143707e-01
3.788220503764310187e-01
-5.040329690550036067e-03
-1.000027565450027911e+00
-1.936293471993874582e-02
3.948477128726959329e-01
-9.998511541183856544e-01
-2.847366035196651768e-01
-1.000047407178842329e+00
1.000120270854385485e-01
-1.000052726945175552e+00
-7.607063635759839237e-02
-8.137892333695846414e-01
4.033525340285504801e-01
-6.000320535890873996e-01
-2.179246880976801748e-01
9.984147689704968298e-02
1.591324064161172766e-02
2.022168531184500850e-01
1.000567109191298903e-01
1.975456265356135555e-01
1.000194337929205091e+00
8.232155224146418988e-04
-7.816095476680002818e-01
4.029703065696372821e-01
4.219199341616757803e-01
1.936354144207162176e-01
2.010193169554027603e-01
9.998750080084903846e-01
3.959198346064235485e-01
-1.000079670289715006e+00
-6.000918374344084150e-01
-1.000095266882661926e+00
-5.096538875679157421e-02
-1.000096949258648227e+00
9.992678833417406592e-02
1.001438784327313425e-01
-6.000607636941974743e-01
-4.669937569462762755e-02
-8.141611806162046827e-01
-8.038961120703063123e-01
-2.544545473544634340e-01
4.167080894001375380e-01
-2.960021275420668951e-01
3.986980788279415044e-01
-7.934897221434205061e-01
-3.765610859890483608e-01
9.995540694786551883e-02
9.992848097705310517e-02
9.999184049220415371e-01
-4.971294961244715482e-02
4.065383058184625642e-01
9.991053982846025139e-02
-2.658498093780527483e-01
2.151442718100836926e-01
-2.675203348677793747e-01
-5.998615224667278589e-01
9.998708489951305678e-01
4.122316775128943012e-01
1.890325943468283421e-01
9.993377173988426954e-02
9.997957675789344023e-01
-9.999433546466172107e-01
4.159204406891175432e-01
9.999990508576006576e-01
3.802485335220668894e-01
9.997438327286867210e-02
3.978941931157135015e-01
-5.999453938272225617e-01
4.034771131177101733e-01
-3.203654667238275966e-01
4.049361278548702092e-01
1.000035792383605182e+00
1.000006084115966365e+00
1.001193752490339567e-01
2.012656340018905698e-01
3.965117896058502622e-01
-7.998869841268622105e-01
9.995901100256002203e-02
1.000058242115473339e+00
1.000098273194091503e+00
-9.999377912148421643e-01
-6.000154276347788862e-01
3.946871944646417885e-01
-1.359474139444609778e-03
3.997971045088248854e-01
1.001655745634033451e-01
4.080601453699254644e-01
-4.223807765119728941e-02
-2.508243357660170925e-01
-5.999807014153976104e-01
1.913777248198149372e-01
1.000000327537143630e+00
-1.000089243770225123e+00
-8.092076914915682373e-01
9.999482740344793896e-01
4.099306993838074953e-01
-6.001001059016215500e-01
9.979768533557084598e-02
-1.047620886720837877e-02
-2.819842602728265812e-01
-8.095090207121994341e-01
2.014383957629015676e-01
9.983577771897467201e-02
1.000063130601488437e+00
2.084773220664849214e-01
2.035755946994995680e-01
-2.773153901085720352e-01
-9.998941717900328152e-01
7.295225681381914407e-02
3.947714143927261721e-01
-7.830812704273466540e-01
2.068966495052803611e-01
9.999360214320227591e-01
-7.973796372187880177e-01
-6.001245843795685042e-01
-1.000031928798493563e+00
3.295934984348134617e-02
-2.054021831703819745e-01
-6.000812393834633607e-01
-7.451436820129740679e-02
1.993041181046402988e-01
-1.000051603638071329e+00
1.000010188088733765e+00
-8.097749461559626827e-01
4.002673259724086052e-01
-3.418773767724985202e-01
1.000099270786032779e+00
-1.000115380785749686e+00
-4.987654255132824808e-03
2.008044857285709306e-01
1.001101316124413110e-01
-7.871645650685057394e-01
-3.410427018343505368e-01
9.335910047815935975e-02
-3.924042576001400273e-01
1.960000184376788912e-01
-4.812437353132786866e-02
-6.001548479038197881e-01
-5.999857504068535352e-01
3.946777683017522187e-01
1.000108912589964927e+00
9.988686747313227365e-02
-2.156820730491772475e-01
2.127938963222013868e-01
9.992887907519369672e-02
9.994269003113498417e-02
-7.954331053100363036e-01
-6.000496564597188609e-01
-5.997827617557917046e-01
9.999834235177544883e-01
-5.998928907821848844e-01
-5.999110615110183620e-01
9.997520740502691128e-01
2.036275811521409684e-01
-7.903899618755105827e-01
3.980132349323456387e-01
-8.438962686696788174e-02
1.906157468636785479e-01
-7.923357330144787936e-01
-9.999433620036095594e-01
-8.181458360092157545e-01
-1.000000547859950295e+00
9.998874140251455822e-01
1.000008971487216902e+00
-8.009584124803580396e-01
-2.965465194390287662e-01
-8.918862018150730542e-02
-7.892172595574681315e-01
9.999368216730661896e-01
-5.999408026401714666e-01
9.998932490356191027e-02
-1.000102879242186216e+00
4.155808514512933094e-01
2.056563180320841733e-01
1.000079440213907933e+00
-6.000738309509031643e-01
-6.000700080433577499e-01
-2.778398875819678704e-01
1.000049731634813144e+00
1.001547056408828573e-01
9.999843711528660917e-01
9.999434685872123918e-01
-1.000201021053922945e+00
3.848147331199224808e-01
9.983221519139227895e-02
4.175298261769779806e-01
9.987655169565948232e-02
-5.499442028057487802e-02
-2.360564159628046610e-02
2.041365057249980852e-01
3.962540181212987345e-01
-8.004508327893630204e-01
-5.999493984458047491e-01
3.915454522350012012e-01
9.999868594315810544e-01
-1.105405717205309862e-01
-8.004258468882506916e-01
3.916538233282947368e-01
3.183608739943714211e-02
1.970255186571279182e-01
-1.000016144810734975e+00
-3.014286396119590927e-01
3.930988747177447395e-01
1.918109816769760778e-01
-1.004794780924990055e-01
9.999499620401901545e-01
1.000011376836999366e+00
1.000025649726175025e+00
9.990436178700164149e-02
-4.203737142579128117e-02
-9.999393093956476797e-01
-2.922919417819522803e-01
-2.819384003668804484e-01
9.998717994066625980e-01
-8.005912152517090652e-01
-7.999563872141601806e-01
-5.999277999725426413e-01
-2.974404197382589654e-01
-1.000097649782944353e+00
1.999131310223908053e-01
9.986009474425391885e-02
-6.000979022859539436e-01
-2.656184663490661693e-02
1.000039920819547401e+00
2.144457331357044472e-01
2.124601839851759932e-01
-4.818517493274127039e-02
-3.927277022998063027e-01
-2.884823269010891034e-01
-3.261978962817138616e-01
3.994791676751978660e-01
-3.229929679288534583e-01
9.998965700267434809e-01
1.000045111084178151e+00
1.872048198345251796e-02
2.017738566605532802e-01
1.928940554239275962e-01
4.101479309972862197e-02
-2.411753580597176816e-01
-6.001077586843268641e-01
-9.998892683034641404e-01
1.864900367785124469e-01
3.529174330547433375e-02
