-6.002018822047414659e-01
-5.998948185196385507e-01
9.998821203818931691e-01
-2.170472848375421676e-02
-9.998274230577350874e-01
-7.976349934820402554e-01
-5.998859309385696781e-01
1.402165441247361401e-02
-7.841797951919724508e-01
-2.251175450695429014e-01
9.988576838919019374e-02
-1.000264387752957784e+00
2.136003802277907371e-01
4.477772156527398684e-02
1.927001764811310802e-01
3.988319130125621004e-01
1.665228572437407739e-02
-9.999806170788949622e-01
2.031532915615300583e-01
-3.201070904132605893e-03
4.149134588452577099e-01
4.160866842157430745e-01
-4.070674178784181585e-01
-7.844477376251327572e-01
-1.000127989682662699e+00
3.925893698281981981e-01
-3.418315370966449329e-01
-6.001168861955906708e-01
-3.323126719760822745e-01
9.999390771792490695e-02
-9.999838693734375283e-01
-8.129427442295147355e-01
-7.960762584799725428e-01
-1.000036424862720930e+00
-3.635192922207465538e-02
1.000041977798614035e+00
-9.999425281212626082e-01
9.999152751148470131e-01
3.928784734572038917e-01
-5.999923263190988232e-01
9.999785968879474352e-01
-8.033688075625645686e-01
-3.022857230234725634e-01
1.000842081898514618e-01
-3.054324701705806722e-01
4.030213925497311833e-01
9.994434103405858139e-02
9.992817852990158733e-02
1.001150092673601943e-01
2.126355350104290887e-01
-1.000131381790515750e+00
-8.081411833169565018e-01
4.006247803571214017e-01
4.102246512190968475e-01
-2.618151594787180292e-01
-9.999302589985020751e-01
-7.810043541545752532e-01
4.024430018324713365e-01
-4.437350069005503023e-02
-9.999596787676479082e-01
-3.725671643627434526e-02
4.036907318668189193e-01
-1.000082972270118997e+00
-3.855041202503084463e-01
-1.000026517952272931e+00
1.002599658894287454e-01
-1.000079986562166567e+00
2.460368779377240453e-02
-8.112247755633706925e-01
4.012861794090932244e-01
-5.999719020161822236e-01
-2.982752072903688823e-01
9.992417317965211765e-02
9.156153353483431970e-03
1.965682251093623378e-01
9.998789094196132432e-02
1.909071964404414623e-01
1.000101369806355889e+00
1.450187085993600300e-01
-8.151878603437675563e-01
4.071500643045821710e-01
4.113893746198206136e-01
1.930959416093417924e-01
2.088012361291123331e-01
9.999901170076593848e-01
4.039631188551756069e-01
-1.000076154273411344e+00
-6.001121379102941633e-01
-1.000035329776174819e+00
-7.787373562984170779e-03
-9.999928408901884724e-01
1.000079981406962470e-01
9.993762109371855107e-02
-5.999133619315956123e-01
-5.904333089634429543e-02
-8.031380292929619635e-01
-7.946036401395423221e-01
-3.328015739038716059e-01
4.070009084329090920e-01
-3.718715358636716650e-01
3.940673040253891979e-01
-8.004779995667534731e-01
-3.461739798688364123e-01
9.989098187542241880e-02
1.000740506698878096e-01
9.999439345230696219e-01
-8.307946640507867311e-03
3.850906753369697788e-01
1.000031622573886864e-01
-3.803253111961027444e-01
2.025137540414534143e-01
-2.234405993074875252e-01
-6.000119704935537035e-01
1.000086533754354301e+00
4.037253674852970819e-01
1.983038990150534364e-01
1.000129803343925566e-01
9.999860785970554611e-01
-9.998109906254183388e-01
3.973776584416487401e-01
1.000009875793828718e+00
4.002451063472572956e-01
9.998364030791570545e-02
4.089661442301582017e-01
-6.000819855824326421e-01
3.999352515248676410e-01
-3.345427224589869741e-01
4.094512518203333173e-01
1.000034649636997841e+00
1.000015025192382279e+00
1.001084582043376414e-01
2.091512532703946325e-01
4.119553812276806615e-01
-7.970796010880463189e-01
9.988447994254782969e-02
9.999189994335330178e-01
9.999412393367363983e-01
-1.000052439844582919e+00
-6.000032216009052455e-01
3.960263286901155033e-01
-1.110151047073291639e-03
3.859768705830692315e-01
1.000872920861462928e-01
3.992356154081294073e-01
-3.507393964822572846e-02
-2.376519979636191049e-01
-5.999467217572697075e-01
1.864685144218182766e-01
1.000048792671327069e+00
-1.000073512158915490e+00
-8.058761723046995451e-01
9.999339740483845773e-01
3.858345700148514967e-01
-5.998703408941248316e-01
9.996573691637063164e-02
4.105411083324189692e-02
-3.606130300119136933e-01
-8.001748932622807509e-01
2.158009796024130122e-01
1.001855521799339538e-01
1.000080402163168847e+00
1.912551307423035196e-01
1.945221788534120255e-01
-2.647583977000874111e-01
-1.000017110395795550e+00
4.002278854779092732e-02
3.923055465140998233e-01
-7.826144348278257779e-01
2.149310797111405047e-01
1.000107112130274034e+00
-8.058474946203824096e-01
-6.000981832820581063e-01
-9.999729377202144498e-01
7.444634673807896952e-02
-3.091171732872290967e-01
-6.001164865518614500e-01
5.475011731183874325e-02
1.895631195017469517e-01
-9.998245770691233103e-01
9.999659929658116786e-01
-7.979177756043859260e-01
4.064144314120290979e-01
-2.872590489271119596e-01
1.000002302743788096e+00
-1.000054634181358315e+00
-3.326374820403403629e-03
2.147762424520674451e-01
1.000422474124694067e-01
-8.033382666587142173e-01
-3.530194727194064241e-01
1.363325893114410506e-02
-2.856834272197404379e-01
2.157725638424199122e-01
-1.926381360596243764e-02
-5.998769286894605202e-01
-6.001394746215196196e-01
4.053146862692600383e-01
9.998918286070984651e-01
9.997017672227036245e-02
-2.138570930071693188e-01
2.012650263957374008e-01
1.000459054740659298e-01
1.000417722235544538e-01
-8.042682244298843264e-01
-5.999170244264011576e-01
-5.999933859473540743e-01
9.999617612698744606e-01
-5.999260703484247115e-01
-5.999369658038775643e-01
1.000001954650685310e+00
2.076512975525989790e-01
-7.880890478702452517e-01
3.842522016918026306e-01
-2.606206621145246843e-02
2.009508696627443358e-01
-7.906844894689429859e-01
-1.000066218508270044e+00
-8.228075944704617006e-01
-1.000023757627644505e+00
1.000158961788242040e+00
9.999841486606757535e-01
-7.942508310530281834e-01
-2.946164471142059260e-01
5.815224839505137716e-02
-8.143758663799350872e-01
1.000058806769067443e+00
-6.001489272950056852e-01
9.996851001837130102e-02
-9.999391983771717118e-01
3.934637066577152398e-01
1.970681432714605219e-01
9.999165430971330704e-01
-6.000043570609157051e-01
-5.999626390487217131e-01
-3.413054001321580988e-01
9.999542705986749214e-01
9.995478072821523119e-02
9.999812990396191870e-01
1.000088378593699145e+00
-9.999419225391174004e-01
3.946522309390696481e-01
1.000080265705549226e-01
4.049944357397085026e-01
1.002640583862052515e-01
-9.289699253093964409e-03
-8.780522233038595692e-02
1.800079155652526131e-01
3.906914667129761654e-01
-8.028770602570329817e-01
-6.002131854231723684e-01
4.017216047682558022e-01
9.998864238264170146e-01
-2.623912983542410482e-02
-7.963768346002360055e-01
3.928629536738151296e-01
-4.798177638249446347e-02
1.975961766011165299e-01
-1.000056178378255334e+00
-2.645094363394879800e-01
3.988655169454044525e-01
2.094487254100675933e-01
2.861646297087363025e-02
1.000082555426681008e+00
9.999950872562027859e-01
9.999306772996965353e-01
9.995025369188939579e-02
-1.452865461985109602e-02
-9.999599467964259691e-01
-3.859018256360716714e-01
-3.523562659042984158e-01
9.999793643281127409e-01
-8.006520463705441015e-01
-8.075999771020373474e-01
-5.998907149345492629e-01
-2.817958039585883312e-01
-1.000077041893965735e+00
1.900256790902353221e-01
9.996799288080437940e-02
-6.000461281481324072e-01
2.236009147469922298e-02
1.000133979532298989e+00
2.090846653552984602e-01
2.044918944177923081e-01
-1.235169465875034928e-02
-3.555680345565972456e-01
-2.658977403567602815e-01
-3.417400826333616415e-01
3.976937285363371100e-01
-2.369752320392372602e-01
9.999882906679616879e-01
9.999762847025606138e-01
9.113676252351848861e-02
2.012249826040669320e-01
1.956850538252490612e-01
-7.850812955716351960e-02
-3.075799697304330560e-01
-6.000026878245137141e-01
-9.998586509103655207e-01
1.808482958269844731e-01
1.298853475529217899e-02
