-6.000186361316146577e-01
-5.999648773098146259e-01
1.000089914612344089e+00
-3.091542406481308583e-02
-1.000126278337444496e+00
-8.033814502976250882e-01
-5.999442374562091729e-01
1.090775099410593862e-01
-7.846607009976998004e-01
-3.176544135829969528e-01
1.000976686344123845e-01
-1.000001644481117724e+00
2.065905420900134848e-01
3.965349171411279572e-02
2.182226521267343899e-01
3.905410097423916982e-01
5.282936644346800104e-03
-9.999985663513553114e-01
2.105833555680939329e-01
1.267379479561972326e-02
4.122716054443826272e-01
3.912895195878247634e-01
-3.420394887344186396e-01
-7.915671544673366089e-01
-9.999339271184009004e-01
4.153265183814026651e-01
-1.938109685077905042e-01
-5.999663443086089565e-01
-4.099914372464443235e-01
9.999416863704009562e-02
-9.999228805350757199e-01
-8.107726703686136682e-01
-8.110289232405953896e-01
-1.000040812780448762e+00
2.909044927809574868e-02
1.000082976579206084e+00
-9.998310526241100948e-01
9.999024643352689701e-01
3.969072399949382657e-01
-6.002483572995749306e-01
1.000085591091394388e+00
-7.978697116172797088e-01
-3.233634228853478065e-01
9.997614615343526634e-02
-2.819440968132611580e-01
3.953454150293344571e-01
9.993579900431172336e-02
1.000126203290932769e-01
9.987543734617626567e-02
1.797714320491792250e-01
-9.998978492185295330e-01
-7.965374975784123013e-01
3.923179680959835158e-01
4.104223254688000311e-01
-3.421681190364464498e-01
-1.000060506502635338e+00
-7.924303407954871314e-01
3.935997509138408068e-01
-1.132907329767973564e-01
-1.000136432403176290e+00
-5.042191392258844884e-02
4.014311843086871279e-01
-9.999561815995756664e-01
-3.495376885148335777e-01
-9.999209633273395958e-01
9.985815382990656519e-02
-9.999838047095261917e-01
9.805938732531856508e-03
-8.144273360009068874e-01
4.036129276095186680e-01
-5.999838565169376414e-01
-4.145057147036941281e-01
9.984278493982495783e-02
-9.130894429964886427e-02
1.978966568669837667e-01
1.000117041048214361e-01
2.071001341613078750e-01
1.000011267525739322e+00
8.928680682624653975e-02
-7.954376402693038584e-01
3.983962884855137276e-01
3.832282065303260765e-01
1.999413675535292312e-01
1.984065546377076494e-01
9.997908932038754859e-01
4.138457405740302852e-01
-1.000204235373699957e+00
-5.999671958592533993e-01
-9.999059118439466154e-01
-6.468300651399867818e-02
-1.000021887586696412e+00
9.997450218596194704e-02
9.999645063769430076e-02
-6.000753999057570898e-01
-1.111675324271205884e-02
-8.072543197098680512e-01
-7.974391940529134137e-01
-2.721134516458076913e-01
3.924528404186714003e-01
-3.217056304509889331e-01
4.161501843357813812e-01
-8.124062353043967066e-01
-2.729499051310391167e-01
1.000263817428215102e-01
9.989975897940288341e-02
9.999676032018020022e-01
6.158681362192863773e-02
4.118952068659804677e-01
9.987589586040188094e-02
-2.876011081061913832e-01
1.843056147768682429e-01
-2.116093061249478269e-01
-6.000080256272566359e-01
1.000056603841231295e+00
4.058476047890920979e-01
2.094070176560688668e-01
9.987962564783940678e-02
1.000035515852873313e+00
-9.998734388725462052e-01
4.080921656510911322e-01
1.000002731460022387e+00
4.021721177650502965e-01
1.000778710078637085e-01
3.939757589232762980e-01
-5.999861007333425755e-01
4.049305136433297148e-01
-3.029057501855642598e-01
4.025988205987935387e-01
9.999625000003675712e-01
9.999544212640028018e-01
1.000106982463851574e-01
2.055480969267162172e-01
3.997269397434983218e-01
-8.011987521763361819e-01
9.996973083554319683e-02
9.999050560691942202e-01
1.000039484801905187e+00
-1.000071571551443883e+00
-6.001626469319164547e-01
3.871878474697760253e-01
2.613459442596195725e-02
4.157989394256881299e-01
9.993246701252476993e-02
4.086616011095620116e-01
-2.015930946501446209e-03
-2.877983031455891294e-01
-6.000341581243028299e-01
1.988521329212402655e-01
9.999556785736563036e-01
-1.000168627212725481e+00
-8.102033912759049050e-01
9.999410364776106785e-01
4.036815057324421585e-01
-5.999740072436867688e-01
1.000980613586558154e-01
4.817294149379937850e-03
-2.529116067207368146e-01
-7.857702812168937401e-01
2.026692953951897136e-01
9.989736405016881593e-02
1.000156597716863827e+00
2.078332688322188648e-01
1.972563953170240192e-01
-2.916789267146464582e-01
-1.000141361900680703e+00
-3.208870766201987051e-02
4.062692998733131722e-01
-7.941194443167124417e-01
2.004375956261053859e-01
9.999955553336449254e-01
-7.962022103136137119e-01
-5.999657442772443616e-01
-9.998439898129368730e-01
-4.713963436257176398e-02
-2.186014555492528932e-01
-6.000908691808294337e-01
1.518998449215240446e-03
2.133411095633256649e-01
-1.000063768605221171e+00
1.000038205625456200e+00
-8.079001262221202628e-01
4.011458678258148502e-01
-2.747951360157865341e-01
1.000118616370990088e+00
-9.999265839394054778e-01
-6.281823773382722020e-02
1.803099178146135018e-01
1.000487011698803635e-01
-7.881237899593217522e-01
-3.435429478480470089e-01
1.701298893203489343e-02
-2.678560362546932305e-01
2.130170665742232849e-01
1.088206144025670730e-01
-5.999776306283784999e-01
-5.996996430874518280e-01
3.961330987015370675e-01
9.999770075241868339e-01
1.000422099577796681e-01
-3.458291887405067211e-01
2.018764897959821059e-01
9.976194206292827993e-02
1.000984411295777754e-01
-7.987582472570063929e-01
-6.001177100463209735e-01
-5.998690870064361524e-01
9.999711395419205173e-01
-5.999177549486813810e-01
-6.000888676272699840e-01
9.999408978630246470e-01
2.017924716993914347e-01
-7.952518575163163295e-01
3.880177048290917585e-01
-9.842659234128735626e-03
2.259770699951771933e-01
-8.042011954271084395e-01
-9.998586200949689529e-01
-7.952488255335324885e-01
-9.999434120740470222e-01
9.998562052742213657e-01
9.999074313272672265e-01
-8.144848795745994741e-01
-3.089838601626486159e-01
-7.218510959987144149e-02
-8.065696376409269286e-01
1.000110055196179903e+00
-6.000529304341564174e-01
9.998484963688343552e-02
-1.000155541020514072e+00
4.140783035199828710e-01
1.850038295160636448e-01
1.000008633962536475e+00
-5.999726599996392240e-01
-5.999721910757275234e-01
-2.480743682865346467e-01
1.000168498291337249e+00
9.998114032026006459e-02
1.000074682492231748e+00
1.000017653983568122e+00
-9.998003394056531601e-01
3.991910716275953730e-01
9.987659985177356481e-02
3.870722731947400796e-01
9.984972798646769843e-02
4.274613492623675903e-02
-1.215787459582551473e-02
2.034294515821343796e-01
4.114265932759693656e-01
-7.957247826102734622e-01
-5.998443696664114144e-01
3.855335950829480440e-01
1.000035386889582156e+00
1.221608531018862284e-02
-8.011485454846751786e-01
3.993912441379801059e-01
1.127429043620962329e-02
2.092201973628613487e-01
-1.000003978082028677e+00
-2.855456093394860284e-01
4.000197418232516178e-01
1.996628303806026183e-01
1.340245563644162398e-02
1.000081853881968685e+00
9.999690395773082052e-01
9.999883092446790744e-01
1.000988309926478526e-01
-4.361969257963983770e-02
-1.000085842141996917e+00
-3.290742786736063352e-01
-3.429937154138369970e-01
9.999995765637657019e-01
-8.029843476935153435e-01
-8.026338327693868235e-01
-5.999046911578324037e-01
-2.897862371493536426e-01
-1.000050755981972239e+00
1.952339574554642354e-01
1.000946456073179280e-01
-5.998537177837754975e-01
1.809101546250217393e-02
9.998726757856531977e-01
1.976381950085448203e-01
2.067749329496797461e-01
4.380616346638892440e-03
-3.027440964123182532e-01
-3.507938696366419973e-01
-3.094242496738729420e-01
3.777521729031965148e-01
-2.407078114716018347e-01
1.000128677883734607e+00
9.998417021684943284e-01
7.895847630949459628e-02
1.915139730378143945e-01
2.104084130102657213e-01
-1.607289247104692551e-02
-3.291788275035137934e-01
-6.000947915441119385e-01
-1.000011878066533466e+00
2.060349645765640614e-01
-7.326648972999204312e-02
