-5.999503714779712560e-01
-6.001390868052333127e-01
9.998883816255229595e-01
-6.517473288461823888e-02
-9.999594230721873256e-01
-7.882583024196635479e-01
-5.999978017415915632e-01
-3.541962708527985476e-02
-8.103527536392732822e-01
-2.837678637761475442e-01
9.989377906950409891e-02
-9.998899809617347589e-01
2.101429534771802332e-01
1.655504468602028711e-02
2.133825302332044982e-01
3.974729725787592427e-01
-7.227010175026597760e-02
-9.999629032572058263e-01
2.272038832783525864e-01
8.066752499660045927e-03
4.030796644754902625e-01
4.167299109525443579e-01
-2.303741688112468933e-01
-7.883936325447301607e-01
-9.999706808874515573e-01
3.920322969141470937e-01
-1.999442678776401083e-01
-6.000085174669393950e-01
-3.275371761271864135e-01
1.001127132672819942e-01
-1.000081508785830353e+00
-8.061238390594567260e-01
-7.922334355387515847e-01
-9.999795218049672973e-01
9.434067601081706778e-02
9.998803818365376017e-01
-9.999740713089404487e-01
9.999758319455537281e-01
4.136452761301301351e-01
-5.999629467419115292e-01
1.000134792453624577e+00
-7.982095665870295731e-01
-2.820127519129483895e-01
9.994522176421666293e-02
-2.400687883157363589e-01
4.031911845146954887e-01
9.996622761701852433e-02
1.000042249136746664e-01
9.997753729590728999e-02
1.828921481296929830e-01
-1.000046045855269794e+00
-8.166134621075048505e-01
4.026071312242106570e-01
4.128646102090767767e-01
-2.375413696649542605e-01
-9.999323478673678434e-01
-8.063598276236036977e-01
3.934413492865198037e-01
1.205963869063724631e-02
-9.998587074244673634e-01
2.824803660110549244e-02
3.994322029760406512e-01
-9.999649781975130658e-01
-3.498861663709137426e-01
-9.998967538396834609e-01
9.996095150271303020e-02
-1.000007009145366998e+00
-1.274972800123893024e-01
-8.009532335609759190e-01
3.813286697406343406e-01
-6.001464728016621120e-01
-3.415320338900538766e-01
1.000610746632096676e-01
-3.828677982188732898e-02
2.044203820728878185e-01
9.996468040169416425e-02
2.070134467535032496e-01
9.999732326912246227e-01
-6.715644137999945973e-02
-8.115373266095741167e-01
4.063084065539093737e-01
3.955237609069083282e-01
2.123883371141566945e-01
2.088200960240101933e-01
1.000093671354776781e+00
4.037876935240403697e-01
-1.000049601926443099e+00
-5.998909479706056036e-01
-1.000026936679238254e+00
-1.760636441421601847e-02
-9.999184761555777179e-01
9.980485566006526421e-02
9.987418847829718227e-02
-6.000766949282524410e-01
4.758640424282620934e-02
-7.949845330320373105e-01
-7.946379415530828716e-01
-3.652992547008117041e-01
3.963440515058642699e-01
-3.241230687709740210e-01
4.042350017248592664e-01
-8.017636725172012646e-01
-3.107017018252245522e-01
1.000484674610451208e-01
9.993842530328773954e-02
1.000095870927221187e+00
1.779460186835137014e-02
4.050133000191669663e-01
9.999482558430534962e-02
-2.628428505324246767e-01
2.081419504625499628e-01
-3.001317915301365269e-01
-6.000426861117150734e-01
1.000081979052607872e+00
4.176602632323360709e-01
2.051569318313158918e-01
9.994646772093750131e-02
9.999550674591618504e-01
-9.997324568972744130e-01
4.089294559695764164e-01
9.999570588931907533e-01
3.963154287444015100e-01
1.000800494343828950e-01
4.190088818749502786e-01
-5.998452233658256860e-01
3.867271502105371073e-01
-3.925168005330452736e-01
3.940160208031588396e-01
9.998722292376980292e-01
1.000073952938087096e+00
1.000281307415862714e-01
2.068801083235392857e-01
4.126557074977049711e-01
-7.983843102222442090e-01
9.989602269493261244e-02
9.999177261827025820e-01
1.000064742400477158e+00
-1.000278207865599400e+00
-6.000833121678558202e-01
3.797326637777890812e-01
-1.729565066968832571e-03
3.840370515062050405e-01
9.994140527772210625e-02
4.041184403606524200e-01
-7.136893094374842372e-02
-3.324043064580466389e-01
-6.000373408133768960e-01
1.943075862212061411e-01
1.000125792473088637e+00
-1.000035552743949063e+00
-7.959256264009292314e-01
1.000120234366582261e+00
3.811186932240195335e-01
-6.000725461596164712e-01
1.001388853053771788e-01
5.486821255674084741e-02
-3.838313776577432779e-01
-8.091677796492390273e-01
1.987188655428413775e-01
1.000054473386661480e-01
9.999079904529332152e-01
1.907245193669731831e-01
1.984900312123245303e-01
-2.668893669617640740e-01
-9.999909390925949548e-01
6.456552074626818738e-02
3.965970360016627394e-01
-7.988746583084048725e-01
2.091553051224032955e-01
9.999261902416392012e-01
-7.982864071244660797e-01
-6.001050736941062613e-01
-1.000042139331330793e+00
-9.482453100175158855e-02
-3.516343242781309053e-01
-5.998812887112371373e-01
1.486008420886628795e-02
2.080228494323317634e-01
-9.999705159885003969e-01
1.000018062160193733e+00
-8.029999308533423141e-01
4.153251122556343988e-01
-2.733098702527805290e-01
1.000106215885296912e+00
-1.000108179722166923e+00
-1.214484974828941577e-02
2.000772365594875035e-01
9.987089350805522514e-02
-8.040866187579288615e-01
-2.460416144813701578e-01
6.299961234053455539e-02
-2.375121161880185405e-01
1.812817534965349142e-01
-1.856462667280654039e-03
-5.999571388228367441e-01
-6.000427217606546515e-01
3.789728547195557740e-01
9.999850863560393321e-01
9.999648772709361644e-02
-3.329473171846146218e-01
1.923835682810501324e-01
1.001022901051658170e-01
9.984167612839101036e-02
-7.933379426546509627e-01
-5.999954080018266023e-01
-5.999874554556033912e-01
1.000105233389579240e+00
-5.999803019303261431e-01
-6.000079881384871028e-01
1.000076629627712155e+00
1.826588508247076192e-01
-7.807824650465192695e-01
3.761386963204770284e-01
1.757686915516128504e-02
1.965590176555168656e-01
-8.013180541723213812e-01
-1.000006148393612460e+00
-7.887783128093859286e-01
-1.000050069123225027e+00
9.999976134768092662e-01
9.999079376994880475e-01
-7.864870321825063737e-01
-3.359630906021691121e-01
-2.920024133737693720e-02
-7.933573267449525179e-01
9.999074258771445400e-01
-5.998876558898751377e-01
9.989060303176411360e-02
-1.000130528340718916e+00
4.111293218855042175e-01
2.064579616734069645e-01
9.999715349099794759e-01
-6.000010365835625192e-01
-5.999285211649569849e-01
-3.441679168848970072e-01
9.999774850314173680e-01
9.983241501427056463e-02
1.000231665953956739e+00
9.998550297660531161e-01
-1.000000343534458880e+00
4.019168387925478592e-01
1.001249782939250266e-01
3.992305968495089008e-01
9.993152381681855156e-02
3.274392561943608587e-02
7.260261189184712138e-02
2.033274146657738368e-01
3.960163582220448952e-01
-7.869162626611341249e-01
-5.998732310449375049e-01
4.065587891426992728e-01
9.999797959575146278e-01
1.163233683244664467e-02
-8.064877166230461913e-01
3.901009777692548419e-01
-6.891564794286685058e-02
2.024851152069764015e-01
-1.000035346286439308e+00
-2.486731555147148609e-01
4.010560948877049392e-01
1.972783555447649995e-01
-6.032428565675321958e-03
9.999901174266826454e-01
9.999932573433839567e-01
1.000137331082168402e+00
9.994535845898419590e-02
-1.198489557104065462e-01
-9.999809180500386363e-01
-2.818707620031307148e-01
-3.330669019503629813e-01
1.000005488911150042e+00
-7.827764449210735664e-01
-8.022971223675653407e-01
-5.998795859451612200e-01
-2.810484377046328364e-01
-9.999313529429675329e-01
2.065507244984207957e-01
1.000722447013513705e-01
-6.000790755658863551e-01
3.324173402721649490e-02
9.999014137030045601e-01
2.122381883250196999e-01
1.900614651766027174e-01
-4.007726085783028247e-02
-3.029910597528854832e-01
-2.598039140633742194e-01
-3.354110307575168815e-01
3.894021755545011287e-01
-3.375205115908324061e-01
9.999651582526195570e-01
1.000030621684452115e+00
7.384387131274884608e-02
1.965404744097072609e-01
2.093872580813833373e-01
2.249650007917375349e-02
-3.371006515838186335e-01
-5.999395532343101411e-01
-9.998883218602515610e-01
1.950704255542250187e-01
-3.537233286874694876e-02
