-5.998453687151843461e-01
-6.000751343379594482e-01
1.000026729298314931e+00
4.198483335938293058e-03
-1.000058422383278467e+00
-7.952899577249508134e-01
-6.000764504270590383e-01
-7.010491058547251020e-02
-8.059484606624512937e-01
-3.362018074679561930e-01
1.000950092599509900e-01
-1.000039551308610442e+00
2.095837701866030411e-01
-1.609457546664705418e-02
1.983473454566222760e-01
3.972645714086868729e-01
7.307169207626398877e-02
-9.999881535683029510e-01
2.096387295468438439e-01
-6.742429759154698610e-02
3.796670012121762250e-01
3.898917877782670516e-01
-3.735407919975667346e-01
-8.064930345964771430e-01
-1.000076904894055208e+00
3.786228014859022162e-01
-2.582401369728733465e-01
-5.998972915809996920e-01
-3.035888267792566930e-01
9.988281812698528161e-02
-1.000002147616659176e+00
-8.132649345969757970e-01
-7.910852839455740915e-01
-9.999626729786011969e-01
1.187653858348890201e-02
1.000044561999380965e+00
-1.000013498985677707e+00
1.000079041060720542e+00
4.049467645591510734e-01
-6.001873285479744080e-01
9.999100927545753192e-01
-8.123155072982514158e-01
-2.113526853536598082e-01
9.998676343641038633e-02
-3.655857892370530937e-01
3.950316472217619834e-01
1.000582266311710600e-01
9.993184424706284819e-02
1.000838260349922182e-01
2.184299117438240068e-01
-1.000047486840383248e+00
-8.121309449362487110e-01
3.982315233316617853e-01
3.990745217019519564e-01
-3.537121566147676810e-01
-1.000194856974925051e+00
-7.922586947148556602e-01
3.944377383676693216e-01
4.163806703636303147e-02
-1.000023792376726783e+00
1.636993733880134569e-02
3.832534915730826941e-01
-9.998554193043713845e-01
-3.699547884467590531e-01
-9.998978370466032883e-01
1.000954308943744625e-01
-9.999769213374585242e-01
-1.634367188446331914e-02
-7.946069231335446403e-01
4.176360737073527285e-01
-6.000266055601104487e-01
-3.522841376524938894e-01
9.988805489851428077e-02
1.599859619182121551e-02
1.894130229689880984e-01
1.001898369685738366e-01
2.127583385539970340e-01
1.000101773998276045e+00
-4.285324858320831848e-02
-8.003131812688805136e-01
3.941377948888848404e-01
4.031978378632027349e-01
1.832552882995556465e-01
2.079102513640810612e-01
9.999606040157235087e-01
3.857386100373492721e-01
-9.998645546377921134e-01
-6.001370727045608477e-01
-1.000176165076818613e+00
5.147544318528243790e-02
-9.999530169132726520e-01
1.001869099537054247e-01
9.987442153488913787e-02
-5.998821848185212913e-01
2.204609777317788344e-02
-7.998726638178936810e-01
-8.156544649390067292e-01
-4.101783180736648382e-01
3.929302802490717839e-01
-3.348983332757550224e-01
4.037177989799571320e-01
-7.979998110463397687e-01
-3.278150527085749166e-01
9.999590113816678172e-02
9.979912330055572267e-02
9.999546205075815486e-01
9.682565262245779528e-03
3.981792316746954885e-01
9.973644089576608196e-02
-2.269019345736414950e-01
2.071294648619318723e-01
-2.350060580258563070e-01
-6.000499122420632769e-01
1.000006612986410692e+00
3.875904508133443671e-01
2.043498962473970226e-01
9.996734780226564088e-02
9.999019831475681741e-01
-9.999766496205132471e-01
4.005116215157736304e-01
9.997633556080428585e-01
4.010417572559720756e-01
1.000933253571448106e-01
3.993335813078469076e-01
-5.999010681787318999e-01
4.031167662126711737e-01
-2.499771403353485411e-01
4.184864325471105428e-01
1.000063109846988985e+00
9.999193343874146489e-01
1.000116089435875849e-01
2.252398185935624575e-01
4.126164345017099278e-01
-7.743448088368035664e-01
9.986300948725766735e-02
9.999668148639246912e-01
9.999979451703767674e-01
-1.000045135855710754e+00
-5.999878849971509442e-01
3.909763484459127802e-01
5.875049106560869400e-02
3.882714149392992309e-01
9.995994531572120756e-02
4.276770367127788464e-01
3.002162155734178217e-02
-2.891761142807414142e-01
-6.000945622070447127e-01
1.959605412236460342e-01
9.999817567845757926e-01
-1.000137640537239525e+00
-7.962110763344484310e-01
9.997324531954763227e-01
3.969244057506089440e-01
-5.999795514640435812e-01
9.991557879549657628e-02
-2.740211598244595217e-02
-2.984825692087724192e-01
-7.927438198630996080e-01
1.888827900003870186e-01
9.991144664602176484e-02
1.000087142557531505e+00
2.027722998620989370e-01
1.905063281362284477e-01
-2.757014888823471899e-01
-9.999077034438889067e-01
1.550593946445499687e-02
3.974751429721860574e-01
-7.924819229869746184e-01
1.887192634669067060e-01
1.000021285242059799e+00
-7.882916225021565637e-01
-5.999737678205561142e-01
-9.998679698610093425e-01
-1.220217713648034941e-02
-3.137657837673180072e-01
-6.000851098772920222e-01
9.812619510452721960e-02
1.935953761238233817e-01
-1.000090290294074702e+00
1.000061667744739147e+00
-7.964020427023070781e-01
3.933167260159025069e-01
-2.444236102552422019e-01
9.999502517287972569e-01
-9.998734119137805409e-01
-6.201230113576212954e-02
1.961162778922996841e-01
9.991187454056014994e-02
-8.112938069149960851e-01
-3.236324230087452847e-01
3.618035079326532150e-02
-2.819226191800067727e-01
2.058011827265922022e-01
-3.263646227548911566e-02
-6.000177726414362978e-01
-6.000073267894387996e-01
3.989433364224987955e-01
1.000096046737345645e+00
1.000515301194494638e-01
-3.169075514880803635e-01
1.968001913876280540e-01
1.000192006431238345e-01
1.000576606667077512e-01
-7.953353339849973391e-01
-5.998167845912181217e-01
-6.000902128431510052e-01
1.000135968193296421e+00
-5.998555937421649054e-01
-5.998136463570657995e-01
1.000048898702578404e+00
2.155534341701907664e-01
-8.030567225216760363e-01
4.097420354441174695e-01
-7.703735246848537888e-02
1.952676614385172316e-01
-7.953918715616664636e-01
-9.999838945427773629e-01
-8.025954206410452763e-01
-1.000005228658254586e+00
1.000120334078058004e+00
1.000092029144908246e+00
-8.094025500040064047e-01
-2.379693278405362600e-01
1.232453405455852247e-02
-7.952324991590778991e-01
1.000020111767901954e+00
-5.998875367163082339e-01
1.000149921284358562e-01
-9.999955573228868078e-01
3.968366646386344287e-01
2.118255980680329165e-01
9.999678361012525052e-01
-5.999953290781007142e-01
-5.999550425774112794e-01
-2.945660241753269570e-01
9.999679781327387440e-01
9.989490958418410782e-02
1.000087033582632401e+00
1.000023769506528382e+00
-9.999427990557132606e-01
3.808649100077601268e-01
9.999230963915435588e-02
4.012878518063794364e-01
9.991470008366977462e-02
-9.689899059511021193e-03
-2.751500213271249745e-02
1.895126925777705085e-01
4.025192358625425681e-01
-8.278684861271961015e-01
-6.000838763396475484e-01
3.912471784456713064e-01
1.000182497493832035e+00
-5.454644798025606867e-02
-8.107556868042807841e-01
3.648141568533661561e-01
9.260525445256123644e-02
1.918352320547278278e-01
-1.000029584346496581e+00
-2.514555652910134276e-01
3.960423464546632411e-01
1.965354542402575899e-01
-5.278920047095319451e-02
9.998517380796198006e-01
1.000182874115189025e+00
1.000059789855329839e+00
1.000203753489717490e-01
1.215452603304619135e-02
-9.998924446045921455e-01
-3.636672552209906373e-01
-2.580452893483607402e-01
1.000007549947065755e+00
-8.087534087288618112e-01
-8.016684984765720667e-01
-5.999907060160568628e-01
-3.155433802689273093e-01
-9.999291623105831528e-01
1.959752179798974203e-01
9.995714499072344550e-02
-5.999915435227575200e-01
8.630830230060698716e-02
9.999453680832555147e-01
2.100113573501617981e-01
1.849434391331451766e-01
2.737958283353474076e-02
-3.023643495359671918e-01
-2.801131567041569292e-01
-3.515223372102116439e-01
3.891954230319586427e-01
-2.405159458648503668e-01
1.000032078541224667e+00
9.999700488229671391e-01
1.195183003774362082e-02
1.912272434376199592e-01
2.049018055076211597e-01
-1.806347864467555339e-02
-2.674850691741849640e-01
-6.001053572696979366e-01
-1.000017700852613878e+00
2.063085689833861480e-01
-5.381099150374168277e-02
