-5.997697159333719163e-01
-5.999108288477416062e-01
9.999951827702280305e-01
7.522751234730344627e-02
-9.999703342815148277e-01
-7.930709478626731812e-01
-6.001213900738880946e-01
1.031985726624439215e-01
-8.068165651722147835e-01
-2.977431584026416500e-01
1.000479395337806471e-01
-1.000038392189636527e+00
2.091314309195234367e-01
1.629675526796301940e-02
2.127219578594063965e-01
4.015538086711193388e-01
-6.818229471557737953e-02
-1.000256663039346350e+00
2.218630097026501879e-01
-1.206976077672606076e-02
3.927042363679007497e-01
4.105117699325801506e-01
-3.651783748857108103e-01
-8.060023944541954144e-01
-9.999465627493804298e-01
3.842514530711749754e-01
-2.921198223374133485e-01
-6.000025804182976819e-01
-3.026879791300146616e-01
9.983056002241928739e-02
-1.000084467446018532e+00
-8.006074641526613744e-01
-8.093151282414724479e-01
-1.000089843187290439e+00
1.198982373639693143e-02
1.000070067268942431e+00
-1.000037850650927984e+00
1.000239883475756208e+00
4.068426775740380807e-01
-6.000338698125979864e-01
1.000003869238898391e+00
-7.936527103952323303e-01
-3.201113608974206493e-01
9.995999559215608399e-02
-3.687782378730894983e-01
4.143203245645549759e-01
1.000209850991892330e-01
9.995583656888804014e-02
9.993521842052340010e-02
2.083869239843003929e-01
-1.000057573141672318e+00
-8.102784647893533920e-01
3.994049746364258247e-01
3.945014281871646600e-01
-2.587270432674142473e-01
-1.000055717758347340e+00
-8.072009712620475952e-01
3.843512430390396695e-01
1.277093036533954729e-01
-1.000033768505049325e+00
1.096635348038837304e-02
3.812536665294028460e-01
-9.999667459414390835e-01
-3.411605273211627543e-01
-9.998149712102439857e-01
9.991928302792998928e-02
-1.000033593394709319e+00
9.623253161358489086e-03
-7.878242387341927166e-01
3.823129371292273149e-01
-6.000843037464369534e-01
-2.187968101962279310e-01
9.976368087493592274e-02
6.692771433499463025e-03
2.065583796621378865e-01
9.988698027592199380e-02
2.165670689190048737e-01
9.999802845520530115e-01
1.107055402944244829e-02
-7.954217596835585491e-01
4.115915113402526804e-01
4.101067056039229275e-01
1.946302471533842560e-01
1.922517088269441454e-01
9.999498676820063325e-01
3.821552659303736332e-01
-9.999386799943845716e-01
-6.000615808087379488e-01
-9.998933635929452279e-01
1.944466896277492057e-02
-9.999932912797799833e-01
1.002193922033288026e-01
9.993931606846737092e-02
-5.999192157658018720e-01
3.825430018134735183e-02
-7.887667812981939974e-01
-8.022790426929208296e-01
-2.778168683010695528e-01
4.038265257380001527e-01
-2.482863157408789212e-01
4.154410163005498036e-01
-8.120967352730376065e-01
-2.249408164641202301e-01
9.998932356911122143e-02
9.987193117146557497e-02
9.997739252052784131e-01
-7.182263892466571320e-02
4.078613814354192235e-01
1.000788310297800049e-01
-3.038253021073255011e-01
2.054568072201046203e-01
-3.071063742932443330e-01
-6.000514249883954765e-01
9.999927454944688154e-01
4.127774083559299645e-01
1.951967020720057899e-01
9.998128393985730722e-02
1.000104602079793237e+00
-1.000104209566090807e+00
3.974753289777139265e-01
1.000007686071485713e+00
3.998137263232982019e-01
9.980538753154617748e-02
4.082242820411844386e-01
-5.999317033747885164e-01
4.009903986443931756e-01
-3.108151641170861512e-01
4.085105622412166793e-01
1.000113869600785188e+00
1.000018162968021596e+00
1.000506991534547557e-01
1.965276653138662566e-01
4.082492503628911695e-01
-7.898520709851106769e-01
1.003283158763899896e-01
9.998417714546189439e-01
1.000243308042583212e+00
-1.000153680857540861e+00
-6.001901212877975844e-01
4.091152639678027336e-01
4.766524565940444096e-03
3.961909927107337137e-01
1.000388623142687006e-01
3.927474559740214977e-01
-3.491502709095831852e-02
-3.362351386740464743e-01
-6.001442698131446152e-01
1.927102628379032956e-01
1.000099887709026580e+00
-9.999399911874514713e-01
-8.060634523426983833e-01
9.999347443735441265e-01
4.083640239572599029e-01
-6.000935363297869030e-01
1.000715498095080536e-01
-3.392332570117480989e-02
-3.152775108091778189e-01
-7.795723730521998407e-01
2.017774417693168898e-01
1.001461339515701682e-01
9.999473870969463052e-01
1.950297589304207102e-01
1.953439209493467998e-01
-2.444235384426554081e-01
-9.999194434716859314e-01
2.028583874196412604e-02
4.179216891171292358e-01
-8.277510534597235514e-01
1.916611756714107218e-01
9.998981756676942334e-01
-8.208510393413182005e-01
-6.001167290409317179e-01
-1.000107291735651049e+00
-3.838286172122917089e-02
-3.504769385000616189e-01
-5.997763501166146760e-01
-5.618034099223139649e-02
1.992817115860942845e-01
-9.999230506584192435e-01
9.999421188354575829e-01
-8.102027038426390382e-01
4.021374484886035550e-01
-3.140286873874050810e-01
1.000017553423232730e+00
-9.999449185901876369e-01
2.131362707323140523e-03
2.134873362865518098e-01
1.000470872491341506e-01
-7.965433792691448689e-01
-2.303461638390943977e-01
2.945555489762363352e-02
-3.074802900358475366e-01
1.948536856209415469e-01
-6.610330224420782504e-03
-6.001456950923629297e-01
-6.001633218425028726e-01
4.008299727393863088e-01
1.000113184217022333e+00
1.002376588766772936e-01
-2.375843928614740641e-01
1.838146565437652202e-01
9.999489591481286466e-02
1.001789048130384968e-01
-7.984824425236675127e-01
-6.000704903115610112e-01
-5.999902788168542944e-01
1.000030763782830956e+00
-5.999514781316573897e-01
-5.999611909674439358e-01
9.999924060129652403e-01
1.851470481588063655e-01
-8.004117491438237364e-01
4.025836440540023764e-01
4.333684394142583995e-02
2.012887682036441084e-01
-8.151815436662936953e-01
-1.000039548763523634e+00
-7.980497205515495462e-01
-1.000099221168622377e+00
1.000118472498250810e+00
1.000073575476343013e+00
-7.895744559261321793e-01
-2.130715169758768956e-01
-3.351556554860241066e-02
-8.167082166100320118e-01
9.999590091018234483e-01
-5.998803599412938503e-01
1.000218527941069968e-01
-9.999995966528010261e-01
3.897325886815907192e-01
1.966244819045053216e-01
1.000034973813816341e+00
-6.000030123468594878e-01
-6.000202518051314104e-01
-3.105040141583718660e-01
1.000219113377879054e+00
9.995518512498373365e-02
9.999654215020578052e-01
1.000096610146272935e+00
-9.999073243719369675e-01
4.009593681934532916e-01
1.000614272738359900e-01
4.012511592233040103e-01
1.001399482451436063e-01
2.688843101984399186e-02
2.902221792807097023e-02
2.131797548907790607e-01
4.077071067912143021e-01
-7.932302985071075785e-01
-5.999631133255558524e-01
3.868422921668002723e-01
9.999734442027854442e-01
1.009015809193572304e-02
-7.996720475423751973e-01
4.183476420382778449e-01
-3.819608273152519384e-02
1.902455917145773334e-01
-1.000021386694317282e+00
-2.611544016270713753e-01
3.953899837884809476e-01
1.870575268159805349e-01
6.897942804610836254e-02
1.000012404360185903e+00
9.999710817741126467e-01
9.998702901052007874e-01
1.001260480082893645e-01
-3.911762720325647619e-02
-9.998108678571230312e-01
-2.651251953850242149e-01
-2.442327405094898984e-01
1.000200797986324774e+00
-7.966624767428850395e-01
-8.014206853087592064e-01
-6.000533322920803547e-01
-3.226780058018358099e-01
-1.000047914697928197e+00
2.042124264127342659e-01
9.992074976273637721e-02
-5.999740753881046551e-01
2.393401943621291383e-02
1.000131251540775867e+00
2.096024570850230084e-01
1.946471742738091204e-01
1.481402400644478701e-01
-2.983896955590004119e-01
-2.994980390016600547e-01
-2.329464045167670971e-01
3.996587790941518725e-01
-2.938364582795922608e-01
1.000050169261230026e+00
9.999799710880099557e-01
1.986169717432119397e-02
2.188122621419203717e-01
1.984181446865002640e-01
1.846796476037950233e-02
-2.946360740906955322e-01
-5.999366180847403029e-01
-9.999723336314289002e-01
1.995972556938319376e-01
-4.558010155776527454e-03
