-5.999631730168677457e-01
-5.999409755282286705e-01
1.000138509520776209e+00
-6.889316532331710152e-02
-9.999777381613068616e-01
-7.985798136534693059e-01
-5.999554877394990271e-01
-5.894902162941328960e-02
-8.166155053895564064e-01
-2.885802211985806220e-01
1.000160955655155087e-01
-9.999782622225755757e-01
2.051379356722637382e-01
1.237837499885639445e-02
1.972429334903360865e-01
3.930413476375769211e-01
3.232653900850164692e-03
-9.999458899974611459e-01
1.976364050290267127e-01
-5.814395850431744450e-02
3.984992055669688837e-01
4.094556447870323912e-01
-3.411101993189431525e-01
-7.991467567676047157e-01
-9.998980482646969703e-01
3.869129844448792044e-01
-3.041095869585367373e-01
-5.998534089540555891e-01
-2.874843856002242126e-01
1.002914323705156457e-01
-9.999974345374298412e-01
-7.975208406917039250e-01
-8.048755119708577155e-01
-1.000117260076430092e+00
-8.981573301152867908e-03
9.998880217701582307e-01
-1.000014432189691327e+00
1.000077490313671769e+00
3.885384520851870582e-01
-5.998658483435207467e-01
9.998335651001704072e-01
-7.972184192850702011e-01
-2.775714435112626166e-01
9.990466224235408643e-02
-2.548140957821616315e-01
3.881543342868986057e-01
1.000098744683175916e-01
1.000451215948946482e-01
1.001376572535882248e-01
1.808399710983860376e-01
-9.999137702545369821e-01
-8.063783131058909204e-01
3.729802591652927601e-01
3.891375920760399842e-01
-3.938920019110390136e-01
-1.000006649602960040e+00
-8.171193770628448760e-01
4.135576303926828956e-01
5.226047304150143596e-02
-9.999177264619931726e-01
3.806915153240986172e-02
3.893356142767799288e-01
-1.000041061027004741e+00
-3.396412402712930545e-01
-9.999409117245044998e-01
9.994263931801614098e-02
-9.999182620073718830e-01
-3.593456367733303264e-02
-8.058876278593273268e-01
4.008841746902481740e-01
-5.998950939194238607e-01
-1.781093968555873541e-01
1.000262904257325641e-01
5.905205264643954843e-02
2.090894127996932028e-01
1.000813145485875411e-01
1.955679308244162307e-01
1.000003282015913486e+00
-4.582985449363667640e-02
-7.909444401547603976e-01
3.981523878282433038e-01
4.085597346534279306e-01
2.042380568265941554e-01
2.084629696425900625e-01
1.000059666413185555e+00
4.036439417622645909e-01
-1.000005502314206707e+00
-6.000034303370306299e-01
-1.000226904534504024e+00
-2.215502654901693388e-02
-9.998990517886277019e-01
9.993717310157181066e-02
1.001537889011839266e-01
-6.001176588335889184e-01
-7.939784145101409785e-02
-7.929171058304961273e-01
-7.953525994209448280e-01
-2.575494114397468559e-01
4.094315572106607126e-01
-3.215669270099442700e-01
4.133839566009490651e-01
-8.072360224192168809e-01
-3.376697152026769677e-01
9.991172164232262065e-02
1.000792656772062500e-01
1.000075669794786348e+00
2.850473830714365248e-02
3.932295788323943997e-01
1.000393519316385010e-01
-3.334983813539932340e-01
1.875976104169634895e-01
-2.792235952552514777e-01
-5.999994013241748414e-01
9.999408302372539969e-01
4.044288655978821034e-01
2.002725436642009138e-01
9.991277613200659491e-02
9.998831341446448029e-01
-1.000051656705622127e+00
3.970068009320232849e-01
9.998743638029496950e-01
3.968044557340196232e-01
9.991631680460763554e-02
4.111809500417327179e-01
-6.000499962519226793e-01
3.939893104892549514e-01
-3.278570320503028102e-01
3.821464024420463401e-01
9.999055406607357810e-01
1.000025437513119897e+00
1.000582402070494120e-01
1.916166930696938664e-01
3.961875024098699960e-01
-7.977798536403788443e-01
9.985066956809915406e-02
1.000014272233928470e+00
9.999392676628400256e-01
-9.999274172920156190e-01
-6.000269424626074599e-01
4.067962829886109244e-01
8.585198589889597720e-02
3.711757896370111998e-01
9.997133554715190162e-02
3.873482796440682607e-01
4.877306729263533591e-02
-2.432405369118850469e-01
-5.999990570466702255e-01
2.052388303447732210e-01
9.999382699168548605e-01
-1.000003979216820937e+00
-7.946899747969845551e-01
9.999388375554358888e-01
4.156205197068256751e-01
-5.999959404438611754e-01
1.000746252949684806e-01
1.176989875640252134e-02
-3.047549857740138313e-01
-7.898641486852844285e-01
2.155227462065459343e-01
9.985445841282095114e-02
1.000025616619230284e+00
2.090549525464628910e-01
1.990845157000129262e-01
-2.383524822478167715e-01
-9.999687826186147710e-01
-1.096140630635956785e-02
3.906386663082300204e-01
-7.924598850558987051e-01
2.179854945017769829e-01
9.999226873904981661e-01
-8.187160576527605649e-01
-6.001257353449998000e-01
-1.000068269042969415e+00
2.470262719260550230e-02
-3.259767995740856517e-01
-5.998656909371025137e-01
-7.847267192268325697e-02
1.923033474988984359e-01
-9.999855510576463047e-01
1.000040479542482652e+00
-8.127612672271481431e-01
4.212091282401076997e-01
-3.831944033928151860e-01
9.999956068345164928e-01
-9.999854980839505414e-01
1.412809965505384263e-02
1.876257070941041993e-01
1.001319240241749925e-01
-7.860375012851160692e-01
-3.095146601989873236e-01
5.575192040366414026e-02
-2.863386768678970462e-01
2.034345562311463962e-01
-4.844885894912748930e-02
-6.000020850630589653e-01
-5.999329445897733093e-01
4.056326005544065860e-01
9.999182220871257742e-01
1.000310227996242946e-01
-3.076092837388540446e-01
2.109947403874099792e-01
9.984851244232799405e-02
9.985142790721218686e-02
-7.974537647578464616e-01
-6.000980988143619355e-01
-6.001664364685568298e-01
9.999784108910768632e-01
-5.998596413476265932e-01
-5.999676221309497848e-01
1.000036702921989207e+00
1.914692428939264446e-01
-7.871759394275543720e-01
4.045661157638333894e-01
8.028851104939551883e-03
2.040895476950416176e-01
-8.028778448497133624e-01
-9.998708043215944752e-01
-8.047174476055276582e-01
-9.999973162936045545e-01
1.000023857755286016e+00
9.999505774820375281e-01
-7.901320027249701949e-01
-2.582142066733893460e-01
1.354676520337862004e-02
-7.974221553877814950e-01
9.999962134329990482e-01
-6.001103102543434709e-01
9.986171406154920049e-02
-9.999695584862863251e-01
4.021610769908048333e-01
2.121336823977192643e-01
1.000015438032602733e+00
-5.999219182542580020e-01
-5.999379762145100603e-01
-3.501839957619271027e-01
1.000098419367098979e+00
1.000338146363176917e-01
1.000029403130175965e+00
9.998749588180437797e-01
-1.000111741859512016e+00
4.037976348649896519e-01
9.997196704896245401e-02
4.019168053602307222e-01
9.997105507801047619e-02
3.302757954497496234e-02
-4.468516828128273749e-02
1.981331449000496847e-01
3.959176125781310729e-01
-7.779648475705862598e-01
-6.000336759386213359e-01
4.228296656956297417e-01
9.999740905684096903e-01
1.165823910102033872e-01
-7.806483406665688518e-01
3.963163423215555481e-01
-7.045713935291213204e-02
1.951197258215165709e-01
-1.000001043737612338e+00
-2.572932977704737723e-01
3.856692480437584059e-01
2.100797638685629187e-01
5.381238831511288290e-02
9.999872773006996951e-01
1.000077526608594614e+00
9.999452888163395947e-01
1.001620377916654647e-01
-1.223929709386405440e-01
-1.000014169159661792e+00
-3.017741760634591874e-01
-3.291167517725697156e-01
9.998342360305328969e-01
-7.991960454274639192e-01
-7.934919673976154053e-01
-5.998866781665044279e-01
-3.953793486339257091e-01
-9.998361625336751324e-01
1.967011505985311326e-01
9.986509281016417439e-02
-6.000130561139670471e-01
-7.880971464782170199e-02
9.998571424596665036e-01
1.953234327034481799e-01
2.140936319254414799e-01
4.370138016522720492e-02
-3.593185143477700128e-01
-4.052048520808473331e-01
-3.202104299804737764e-01
3.780875254631928528e-01
-2.633554601757520652e-01
1.000003381035172945e+00
9.999276128675836928e-01
-7.371278072531092795e-02
1.969166708499102969e-01
2.137315859143988639e-01
8.680737064230542588e-02
-2.748967866301664786e-01
-5.997981495881687941e-01
-1.000071241457318960e+00
2.111525734503402751e-01
-5.583966815448742488e-03
