-6.000334401724035649e-01
-6.000101027356334882e-01
9.999837640882015544e-01
-1.142018605899294548e-01
-9.998816565344808005e-01
-8.027866458136195815e-01
-6.000038693855693772e-01
5.189917223996002790e-03
-8.161960214402592673e-01
-3.751875217288205278e-01
9.987560697030017920e-02
-1.000241558778668605e+00
1.930725495989926710e-01
9.886448220897677691e-03
2.065949267769129349e-01
4.030873596025254524e-01
8.888037358498483698e-02
-9.998944063483462541e-01
1.948833477630014799e-01
1.412375874505969742e-01
3.989950599019497779e-01
3.855261338954085182e-01
-2.607843749212796491e-01
-8.062832427730622920e-01
-1.000161913349711273e+00
4.035117998644839332e-01
-3.115847950280417611e-01
-6.000758845939523356e-01
-4.280041817032688156e-01
1.000703796553444186e-01
-1.000051425576420794e+00
-8.035202449261860114e-01
-7.824586887575815108e-01
-9.999696374254635201e-01
-6.384057031948649728e-03
1.000201428367900602e+00
-9.999167361066852999e-01
1.000087014827587995e+00
4.062231355418802758e-01
-6.001514683384573390e-01
1.000171238173664046e+00
-8.149318067157350631e-01
-2.680508850517272501e-01
9.996978010487066191e-02
-2.512565160027934175e-01
3.915878153832036412e-01
1.001351255495917247e-01
9.995685248306236670e-02
9.982369603271148972e-02
1.964698528019868939e-01
-1.000202288116238236e+00
-8.119650834767346836e-01
3.836187456701269927e-01
4.053093086471855622e-01
-2.417189748412536809e-01
-9.998108519071564615e-01
-7.992040649813533237e-01
4.151877020920369810e-01
-7.665949115692866078e-02
-1.000010478958596183e+00
-4.577570006637324035e-04
3.955425896208284997e-01
-1.000074220622465759e+00
-3.826794699461582572e-01
-9.999414569367277572e-01
9.990146506765552881e-02
-1.000025959634280204e+00
-1.523050149500309626e-02
-8.090771508986439597e-01
3.959277099771319475e-01
-6.000043744766413445e-01
-2.330350361916442847e-01
9.995320548749098144e-02
-7.014348096717658299e-02
2.050656547361360826e-01
9.998743002053120388e-02
1.960181096259467903e-01
9.997747293318001161e-01
3.449509074603371306e-02
-7.860979909299824486e-01
4.139405267397228694e-01
3.949472208441423549e-01
2.040129632328017140e-01
1.987901074698267823e-01
9.999242984280791724e-01
4.001859314502434484e-01
-9.999686462685153376e-01
-6.000439525277284636e-01
-1.000120758987310898e+00
-3.325422715477806268e-02
-9.999502769086324738e-01
9.990019656555990113e-02
9.992101801022092167e-02
-6.000205154875640767e-01
-5.797247343491998550e-02
-7.972514923746191196e-01
-7.969368791539794827e-01
-3.446155516407136687e-01
4.060844876952441895e-01
-2.458615611159196968e-01
3.908590276497539984e-01
-8.085151876518595904e-01
-2.310372824622284327e-01
9.991545756248081112e-02
1.000391395626227115e-01
1.000163358760953081e+00
1.826105099661878839e-02
3.992026481021899165e-01
9.993266214746365783e-02
-4.023575520339450207e-01
2.074968341083626155e-01
-3.411172532041808481e-01
-6.001183766082968107e-01
1.000216002744367172e+00
3.991507997677866126e-01
1.916383136964362188e-01
9.985680981621940233e-02
1.000058602964252419e+00
-9.998816343132952422e-01
3.877270095856438781e-01
9.999300865165736685e-01
3.996470170613868889e-01
1.000494164808634345e-01
4.027242468812892162e-01
-5.999330618575221541e-01
3.992276512469077887e-01
-2.760575551843859055e-01
3.822943366899095308e-01
9.998673767268196899e-01
9.996913333296055804e-01
9.991583813883679610e-02
1.958676949115493726e-01
4.007003285255921199e-01
-7.907484244188400790e-01
9.991608050094999416e-02
9.999518818052766100e-01
1.000044710373567458e+00
-1.000029897583266214e+00
-5.998047198670514168e-01
4.021636125278286733e-01
-1.062956213458081528e-01
4.143795271198540409e-01
1.000398106124554126e-01
3.983738407400472803e-01
-1.607809942920045837e-02
-2.198145478351313797e-01
-5.999110298463222746e-01
1.894644303572097510e-01
9.998740908387224735e-01
-1.000095407795822844e+00
-8.056763651940307414e-01
9.999944385220767007e-01
4.010644981573919798e-01
-5.999368586914924917e-01
9.989428528211258262e-02
7.967240484702856063e-02
-2.880250964368705202e-01
-7.982650999668222669e-01
1.964848152111137725e-01
1.000805426772497370e-01
1.000039734549926118e+00
1.947328208462866805e-01
1.964388541485730111e-01
-3.045764685641025871e-01
-1.000116178379729881e+00
4.148902510990761655e-02
3.936141717543713003e-01
-8.193252371241978027e-01
2.077054048116857565e-01
9.998708513052972924e-01
-7.892033616992080169e-01
-6.001601913374227104e-01
-9.999472636988875340e-01
-2.077770172800436771e-02
-3.535869462491418869e-01
-5.999817247960657074e-01
-5.710576736357885451e-03
1.932850774566630403e-01
-1.000246975470039157e+00
9.999357952409008155e-01
-7.801911451226914984e-01
3.845920534376018329e-01
-2.907251202749417396e-01
9.999866226188834917e-01
-1.000176902171506121e+00
7.744592283536094746e-02
1.987960400136614403e-01
1.002890582301163430e-01
-8.052467875684435894e-01
-3.237712649912916074e-01
-5.045775009443485143e-02
-3.580983869161598054e-01
1.882787518168206053e-01
-4.492769794346079815e-02
-6.000860926939345363e-01
-5.998687975931668026e-01
4.055134360556351680e-01
1.000269290609311357e+00
1.000672884287923392e-01
-2.683190340250196093e-01
1.890752977737275298e-01
9.995383961626669311e-02
1.000172532188583069e-01
-7.797359793811097228e-01
-5.999994152710016460e-01
-6.000930450910427760e-01
9.999745097058515553e-01
-5.999203263697016064e-01
-6.000172116449943305e-01
1.000071827970107075e+00
1.832979595899374703e-01
-8.137320702533331618e-01
4.147246280602180923e-01
-9.611275812427211296e-02
1.959094465079178338e-01
-8.113655465322403559e-01
-1.000000020668533107e+00
-8.034653264354721935e-01
-1.000012067303993613e+00
1.000041054244030114e+00
9.999848677562610533e-01
-7.864295017303684077e-01
-2.319644354395276054e-01
-3.471861343149097029e-02
-8.024037093689964095e-01
9.998739124838703640e-01
-6.000575019522510489e-01
1.002283584401372912e-01
-9.999527523204502222e-01
4.015384619082603135e-01
1.997071177291399324e-01
9.999973780262950696e-01
-5.998865623860182295e-01
-6.001558776003592666e-01
-3.029290728859345139e-01
1.000189377578004635e+00
1.000896356499329926e-01
1.000019535453939623e+00
9.999449942088060039e-01
-1.000030059771045865e+00
4.080116174560690090e-01
1.002101704426871243e-01
3.954468766939811530e-01
9.997259733408790650e-02
1.327801105998350877e-02
-3.602682405571427937e-02
2.063851757391072517e-01
3.977602270505035675e-01
-8.030781686627460614e-01
-6.002382636647065617e-01
4.094776196150454184e-01
9.999082725280380446e-01
2.351399286212138215e-02
-7.998122712086269681e-01
3.867206602561741313e-01
-1.658773052197668602e-02
2.079906119674339027e-01
-9.998904856831473120e-01
-3.514968900755952586e-01
3.926512957132684556e-01
2.048924001995931499e-01
-3.188198408288458324e-02
1.000016283574244547e+00
1.000068487209341495e+00
1.000062135623730919e+00
1.001617558410208969e-01
-5.462872637841184598e-02
-9.999712593116820702e-01
-2.232576171781416874e-01
-2.633946586420974900e-01
9.999622573981025164e-01
-7.916355615892682884e-01
-8.065055176098511192e-01
-5.997471728956527137e-01
-2.661294320378279066e-01
-9.998844479857167400e-01
1.970535534443950687e-01
1.000433710688164307e-01
-6.000407502444551344e-01
-1.129812591380262819e-02
9.999546218441406342e-01
1.963137333421522412e-01
2.004182350678673230e-01
2.328747682135656055e-02
-2.701505076546671380e-01
-3.467947976495958096e-01
-3.801480125998435988e-01
4.050835070098921520e-01
-3.300787385641091309e-01
1.000068749790320233e+00
9.997946672466760942e-01
1.076718360115430824e-02
1.948484667455799013e-01
1.730149380875872223e-01
-1.411074879762005442e-02
-3.524883916384589644e-01
-6.000977160788369957e-01
-1.000057577183216306e+00
2.116498637562936880e-01
2.709872933469368965e-03
