-5.998648267786684807e-01
-5.999097678481568607e-01
1.000027724712174715e+00
-7.067894961787911379e-02
-1.000107338528344991e+00
-7.926826309236901791e-01
-6.001687012577396896e-01
1.201439655202413692e-01
-8.017527163015319980e-01
-2.427238223489453783e-01
9.999504897072324094e-02
-9.999181934663110560e-01
2.136421019606200289e-01
-6.899689874278911068e-03
1.947420829895825101e-01
3.971639174337229794e-01
-3.379470864569425470e-02
-9.998117107818859095e-01
1.954233701324937789e-01
-1.353223882902309522e-02
3.808212669756702029e-01
3.928236945617832876e-01
-2.663843675727531335e-01
-8.052344775699417090e-01
-1.000178364069153725e+00
4.039789275862854523e-01
-3.295419272231059904e-01
-6.000401656333795852e-01
-2.707876296535959293e-01
1.002663490995899104e-01
-9.999510027598929041e-01
-7.889918728363847222e-01
-7.970212187371330526e-01
-1.000164041492662914e+00
-3.904811228913610682e-02
1.000012991376147520e+00
-1.000049028502316251e+00
1.000026602535068809e+00
3.996500164637346031e-01
-5.999465687589677909e-01
9.999492194672859879e-01
-8.182433645089853824e-01
-2.793784896390455463e-01
1.000020108291746757e-01
-3.408109042932657151e-01
4.212581896602371478e-01
9.992399163516355043e-02
1.000766342406424758e-01
1.000024990474321501e-01
2.066644279912039084e-01
-9.998648703799009052e-01
-8.002884844170649048e-01
4.063911090755774613e-01
4.095415078811036613e-01
-3.084064370001136091e-01
-1.000023717891209030e+00
-8.096652478003314446e-01
3.997377413215448816e-01
4.327750640432716928e-02
-9.998480246980515629e-01
4.071928001223949073e-02
3.999910197756926244e-01
-1.000001570637047088e+00
-2.661713366047883667e-01
-1.000075682769256957e+00
9.996191474738000404e-02
-9.998015711867921373e-01
8.795090186096446438e-02
-7.910353618139923659e-01
4.065271917078873143e-01
-6.001259852976428277e-01
-4.007084821353260606e-01
1.000237386254478889e-01
-3.373301074775274938e-03
1.881421667868117820e-01
9.996802079325212143e-02
2.093811131765996036e-01
9.999834690993200104e-01
-5.993994964725046087e-02
-8.024252350326422922e-01
4.005585522949444699e-01
4.063726114151074431e-01
2.033748464555424906e-01
1.891886745911995349e-01
1.000008413205623947e+00
3.934469596900616595e-01
-9.999772079128270708e-01
-6.000307018622592636e-01
-9.999262254055817367e-01
2.501532648589534572e-02
-9.999579461486791665e-01
9.992251655629130758e-02
9.977727182373628823e-02
-6.000147370884627573e-01
-1.056862600363752680e-01
-8.100787045010129361e-01
-8.043042910735629381e-01
-2.883093160038795455e-01
4.060280765033321693e-01
-3.305656643746538448e-01
3.875205946253462153e-01
-8.025232875280946532e-01
-3.823641067046338327e-01
9.993243511590818584e-02
1.001613535570136798e-01
1.000109139141091896e+00
-5.686777544459459266e-02
3.851658092219231722e-01
9.996152909090808003e-02
-2.466766595542090601e-01
2.086049829804517974e-01
-1.833191935693784524e-01
-5.999005035580972089e-01
1.000048311193885597e+00
3.943625624824192433e-01
2.072629148959001799e-01
1.000368402218319297e-01
9.999437845830861926e-01
-1.000004882919212967e+00
4.163143988717287192e-01
1.000033584414212973e+00
3.914049245844219427e-01
1.000042009426689721e-01
3.917533349670401233e-01
-6.000498590806249144e-01
3.968070464734334002e-01
-4.137518720272355677e-01
4.061076815904041126e-01
1.000042363855526917e+00
9.999719228418572081e-01
9.994245633386285299e-02
2.001485428815337198e-01
3.900741764679704349e-01
-8.058130888989373242e-01
9.974446130521009979e-02
9.999011540946179943e-01
9.999320991499909272e-01
-9.999872511511763706e-01
-5.999723772026936963e-01
4.060870226999213628e-01
-1.403740227223308594e-02
4.094824373226070291e-01
9.989661401263520701e-02
3.958802513536857082e-01
1.372245491467331130e-02
-2.886037883709669516e-01
-6.000283392716184716e-01
1.886236641653672719e-01
1.000144236625774230e+00
-9.999405571428152673e-01
-7.989236900050892265e-01
1.000154183813688702e+00
4.138447012779186140e-01
-5.999496434964406433e-01
9.987786006119940552e-02
7.555227304626595253e-02
-1.237074565174620389e-01
-7.946989174894527608e-01
2.062564984146181002e-01
1.001407916430633593e-01
9.999994870770454458e-01
2.094529219956134392e-01
2.029250271384046012e-01
-3.139392553487539428e-01
-1.000084244427605240e+00
-1.055514051019909756e-02
3.955800940206214422e-01
-8.052108331150967802e-01
1.955179610446498573e-01
9.998520329269148244e-01
-8.136758898444981236e-01
-5.999793637177511796e-01
-1.000063653036288081e+00
-2.720347024450450735e-02
-2.322358186815924874e-01
-5.999102803270988105e-01
4.806270590245071556e-02
2.023382859528590483e-01
-9.999857741046043191e-01
9.999099731311519301e-01
-7.919426508794323860e-01
4.037700930821757628e-01
-3.763970333572909666e-01
9.999819597614116873e-01
-1.000019913424925244e+00
4.718159351815654282e-04
1.911452019321625562e-01
1.000866802515792964e-01
-7.938680157742605825e-01
-3.162878138220046043e-01
1.716036135922485717e-02
-2.439844163867763704e-01
2.032120185512841792e-01
1.068198883799691828e-02
-5.998756420315445315e-01
-5.999872898844028635e-01
3.993272668745913578e-01
9.999577784343600673e-01
1.000396428015834505e-01
-2.846418362942204627e-01
1.920035156723959024e-01
1.000480747460119196e-01
9.994541122053170190e-02
-7.877472492128341219e-01
-5.999717679914883250e-01
-6.000737240914751913e-01
1.000053587405022704e+00
-5.999767651990980388e-01
-6.000393382958840727e-01
1.000262938075100250e+00
1.969301227719609804e-01
-8.195958866160840683e-01
3.770983010849358052e-01
1.870496824315094272e-02
2.057821793829082702e-01
-7.875557916277325932e-01
-9.999315468223041181e-01
-8.058975074040024555e-01
-1.000038233881293204e+00
1.000193475533427634e+00
1.000049726159616403e+00
-7.873155722553768499e-01
-2.181241722024304663e-01
2.449673388705039812e-03
-8.025585452037983236e-01
9.999290147236694626e-01
-5.999152833174572486e-01
1.000262929240584853e-01
-9.999362142214364146e-01
3.941010585072702299e-01
1.954910734589536958e-01
9.998752625516850179e-01
-5.999429427552825933e-01
-6.000559036560217940e-01
-3.444227316958602958e-01
1.000151304334194746e+00
9.995163886897262540e-02
1.000039286194417176e+00
1.000073771127437006e+00
-9.999480891209837630e-01
4.073955737766637442e-01
9.998679825066153493e-02
4.058838771429250647e-01
1.000436400158305761e-01
-5.250967430205136233e-02
2.238141915297288398e-02
1.971927944939710353e-01
3.974666266369112910e-01
-8.028449373197935612e-01
-6.000058373454231209e-01
3.851809935865099788e-01
9.998674622330289141e-01
5.243470445952269111e-03
-8.000016289533531388e-01
3.975531070695704772e-01
6.644194027158155380e-02
2.117040624645337432e-01
-9.998326095844113359e-01
-2.884977523070453298e-01
4.120426198490541592e-01
2.006801801060140167e-01
2.602908711861651875e-02
1.000074217302577839e+00
1.000032902043290539e+00
9.998885297447398512e-01
1.000151774653173509e-01
-1.068773276478967790e-02
-9.998545825965694522e-01
-3.067983437975059235e-01
-3.655499793808846265e-01
1.000000798938832647e+00
-8.075543854358863127e-01
-7.863192002744022746e-01
-6.001008043855706742e-01
-2.933831536445786203e-01
-1.000053459064103922e+00
1.921749095226561455e-01
9.976801140081603680e-02
-6.000031111224011227e-01
3.316629001557410555e-02
1.000145307735602618e+00
1.925652375697655960e-01
1.964148627954566129e-01
4.091489761822139637e-02
-2.796305619514976026e-01
-2.944566738930136096e-01
-3.523533759331264337e-01
4.012810766446558985e-01
-3.221228903316986636e-01
1.000168006590691938e+00
9.999514924523377202e-01
-3.205236562731383215e-02
1.997706365553752195e-01
2.123869496251708788e-01
-1.804178318165874234e-02
-2.392602424937449457e-01
-5.999367574263070324e-01
-9.999984015718355046e-01
2.280809437677817075e-01
-8.878430544844967409e-03
