-6.000793332593682416e-01
-5.998699405781517946e-01
9.998871108539623132e-01
-2.316663899604126664e-02
-1.000132043037423868e+00
-7.963653082279457118e-01
-6.002286092875173118e-01
4.209553524692841164e-02
-8.019656302277207161e-01
-2.643423664751208269e-01
9.997026183562823798e-02
-1.000129165862997382e+00
2.055825209260803144e-01
1.415853884502816379e-02
2.045018492611876126e-01
3.858829320243671868e-01
1.353130367818632107e-02
-9.999410593744346709e-01
1.923126264376770200e-01
2.106254890238277999e-02
3.895584997294188057e-01
3.887459265443287126e-01
-3.733649483945543079e-01
-8.046206033697717031e-01
-9.999455366958861502e-01
3.881750921187857029e-01
-3.223445260473561391e-01
-5.998996854228920705e-01
-2.490635659219194997e-01
1.000048185194741812e-01
-9.997834068809342556e-01
-7.983716506289914028e-01
-8.022918868868061937e-01
-9.999949661009400748e-01
4.165016421749349884e-02
1.000012765159023598e+00
-1.000060615114661156e+00
9.999259118151930803e-01
4.057682969672922746e-01
-6.000060713606996110e-01
1.000141036261698702e+00
-7.849918843063977691e-01
-3.766734456645551288e-01
9.995270794345742504e-02
-3.096728405798411243e-01
3.818561867315539149e-01
9.989177603474357070e-02
9.984511514608600258e-02
1.001350938759257986e-01
1.909659272363015692e-01
-1.000072447922937480e+00
-8.012085958294016264e-01
4.124054776185899218e-01
4.107419789292685031e-01
-3.746071442360952020e-01
-1.000003627449145505e+00
-7.921780440883873231e-01
4.006446006117879710e-01
-2.681105755821497003e-02
-9.999760197358379399e-01
4.936523848969706120e-03
4.050036304026642942e-01
-9.999948318852822648e-01
-2.086130908626888658e-01
-9.999776532743387403e-01
1.000627473648957322e-01
-9.999441753618099060e-01
5.735640415609342263e-03
-8.004309290428712753e-01
4.035660898577214106e-01
-6.000022937877653728e-01
-3.062586653340186871e-01
1.002015222256743138e-01
6.414902983523076974e-02
1.730429137131361261e-01
9.988922666604940770e-02
1.896350324841424573e-01
9.999130774528223187e-01
-1.035240433707542568e-02
-8.007006997707198925e-01
4.070115663528764971e-01
3.977362022735229097e-01
2.079702198328083618e-01
1.673934354735982233e-01
9.999800060668606605e-01
3.949642668086372765e-01
-1.000043660668837653e+00
-6.001179995783751941e-01
-1.000142279588542404e+00
-5.100551489229872585e-04
-1.000066375140807429e+00
9.985035974580744322e-02
1.000491624086498749e-01
-6.000762844361224868e-01
-5.080843765082290742e-02
-8.005315685472534915e-01
-7.963223140359323438e-01
-3.350203322611601253e-01
4.111569036242418429e-01
-2.395817596237007907e-01
4.063032641945747425e-01
-7.974113613460455108e-01
-3.143970783513533873e-01
9.991483146528389037e-02
9.995356713537541238e-02
1.000146296817621794e+00
-9.110748509268379314e-02
4.052197799671856671e-01
1.000746521206414275e-01
-2.842226794152500902e-01
2.077497718666314330e-01
-2.703341148457968357e-01
-6.000012479275176336e-01
9.999607573971415198e-01
4.033593597724701163e-01
2.121084463592120550e-01
1.000397487499950083e-01
9.999713127832671189e-01
-1.000099071837494913e+00
3.901266971086959634e-01
1.000059177742051331e+00
4.015885903001706891e-01
1.002613351873547776e-01
4.206665461483815593e-01
-6.000560684874255424e-01
3.870405104018663778e-01
-3.047790673451616916e-01
3.949695115905453857e-01
1.000026600504422492e+00
9.998436145479823178e-01
1.000820946309640552e-01
2.073196250712998623e-01
3.951027199921098854e-01
-7.956326075496554795e-01
9.995748332272981485e-02
1.000010512762672832e+00
9.999761372065563148e-01
-1.000006496606621997e+00
-6.000554043194615828e-01
3.843595971187003246e-01
3.406272297596788911e-03
4.044116643927601062e-01
9.989568653215008531e-02
3.974858106258886692e-01
-5.034424412108740032e-02
-3.112587481608320439e-01
-5.999075664883527503e-01
2.033301589576625990e-01
1.000114513957171658e+00
-9.999432445386005064e-01
-7.994109476408545190e-01
9.999545831854143030e-01
4.111096253383552668e-01
-5.998599424311049644e-01
9.996082431096270371e-02
-3.741816093062235674e-03
-2.592899373484137127e-01
-8.244534288927679588e-01
2.011402110835405210e-01
9.998966413788427932e-02
1.000052733497621471e+00
2.112899228280245845e-01
2.060976804677128738e-01
-3.718450361518778058e-01
-9.999505522611721320e-01
-7.031681005218069769e-02
3.897816576651560450e-01
-7.961273549252363413e-01
1.891959169638374183e-01
9.998488004836142418e-01
-8.016333645418071141e-01
-5.998674998136008796e-01
-1.000107368190938928e+00
-4.973251112209398084e-02
-2.985245163574773430e-01
-6.001653530612340859e-01
4.776421823313391907e-02
2.162152069852291136e-01
-1.000090285316347360e+00
1.000080339020847919e+00
-8.096508832825177748e-01
3.983772247695149815e-01
-3.128560376074486227e-01
9.999771453458013992e-01
-9.999646867480265211e-01
1.253485843907800427e-02
2.070355104630005882e-01
1.000562000076083424e-01
-7.892647641258956348e-01
-2.621532346103807587e-01
-4.503498362859616189e-02
-2.626605713675757570e-01
1.989200167580932044e-01
2.324659734244315101e-02
-6.001432453927038058e-01
-5.999252883565516781e-01
3.950380449448744336e-01
9.999065122506625158e-01
9.984795285389116981e-02
-3.283261831220816163e-01
2.010198658073517053e-01
9.981037121403547874e-02
1.002957654013853367e-01
-8.005533910356504856e-01
-6.001279928626153115e-01
-6.000061574145959531e-01
9.998658249050520475e-01
-6.001213334375602448e-01
-5.999517081784369044e-01
9.999302938911367455e-01
2.046409771762312535e-01
-7.883457719588563561e-01
4.146797961724951187e-01
-2.410119549756806201e-02
1.940707871905514303e-01
-7.890362680794915651e-01
-9.999769110754007650e-01
-7.785319537348230901e-01
-1.000092291504757425e+00
9.999779367220409387e-01
9.999030591156203851e-01
-7.891419646771974383e-01
-3.360960915560874396e-01
-7.467648140139519775e-02
-8.073998850489394474e-01
9.998663862045579220e-01
-5.998944913446758731e-01
9.990731894861755447e-02
-9.998074133373893169e-01
4.144954283525310035e-01
2.029728829691572478e-01
9.999468476828698993e-01
-5.999570944907943737e-01
-5.999892841806465649e-01
-2.491906698553174315e-01
1.000101184226731332e+00
9.995523029336832177e-02
1.000065497598780828e+00
1.000052717780639977e+00
-9.999877600983171355e-01
3.898430696586091537e-01
9.994873376710217139e-02
4.090641974614763754e-01
9.985245365935867257e-02
-5.889962929737212888e-02
-5.991128018410030176e-02
2.070212337228221622e-01
4.088705732867495835e-01
-7.883578206446933967e-01
-6.000511959883974011e-01
3.938088457344932070e-01
9.999033371446054419e-01
-1.355856191454953875e-02
-7.999708285299436117e-01
4.137159985535442952e-01
-2.506691843215345245e-02
1.937971608565178527e-01
-9.999584617497685457e-01
-2.618838270966044601e-01
3.864932730095049229e-01
2.063876652825810398e-01
-8.230301988124394397e-02
9.999932632965847779e-01
1.000008169435548044e+00
9.999533519634804524e-01
9.996204455985729931e-02
-6.179337676623139486e-02
-1.000015973929609947e+00
-2.940526900506282293e-01
-3.853119010065848560e-01
9.999540195851281954e-01
-8.108486329385580227e-01
-8.094959878223759731e-01
-5.999542107366110377e-01
-2.905822827434468847e-01
-1.000047888900102544e+00
2.142974668940982874e-01
9.996192014883709120e-02
-5.999209594851320215e-01
-3.321654798334075509e-02
1.000137205421212538e+00
2.018369762437087211e-01
1.830302553545162247e-01
4.875713612749900784e-04
-2.216832708101806604e-01
-2.745448979953089008e-01
-3.335506428355032305e-01
3.879189976526243311e-01
-3.528324783080040716e-01
1.000068692488238709e+00
1.000115473266421029e+00
-5.170715490443559019e-04
1.909077736096320699e-01
2.080331757163155215e-01
1.040440311020011423e-02
-3.719999798809076608e-01
-6.001708055918183460e-01
-1.000004221711109365e+00
2.092209509341595997e-01
5.649634040366389651e-03
