-5.999910521690131615e-01
-6.000700069420785709e-01
1.000000934945434183e+00
1.887940248249483227e-02
-9.999873657221798329e-01
-8.072623587771344811e-01
-5.999577509334445002e-01
-5.183444565253060576e-02
-7.943091427257146231e-01
-2.800402836931710771e-01
9.984904252875242969e-02
-9.999182750092894256e-01
2.043654008129790756e-01
3.630962584122453957e-02
2.038288518540961325e-01
3.881239051290619746e-01
9.329568169989817250e-02
-1.000065462256660043e+00
2.083746449477833218e-01
1.025878637234610286e-01
4.017589422190504522e-01
4.075165502829437014e-01
-2.877545771420750853e-01
-8.058657512680822421e-01
-9.999237524462278870e-01
4.138386301432431247e-01
-3.141570097570296483e-01
-6.000852255970664517e-01
-2.984404150288019753e-01
9.998346937471119800e-02
-1.000060509039153889e+00
-8.035008139439943076e-01
-8.045022739000688983e-01
-1.000084534085307508e+00
5.546868442267872956e-02
1.000027091014030534e+00
-9.998242353663020499e-01
1.000033441586033911e+00
4.104231298796758853e-01
-6.000228463533641143e-01
1.000090880709850305e+00
-8.040789387806328570e-01
-3.418900735380517308e-01
1.000023086637829017e-01
-3.450901273595463614e-01
4.060496123261809198e-01
9.990068766699045089e-02
1.000154708522129066e-01
1.000710655194909926e-01
1.896207011597356995e-01
-9.998549467890980313e-01
-7.770714289922593387e-01
4.130055193107438627e-01
4.022850031224926570e-01
-3.072148042107610832e-01
-9.999700839303674593e-01
-7.935782830183893966e-01
4.026060529615321237e-01
-6.936185660131462261e-02
-1.000115400922537701e+00
4.169177753360597816e-02
4.064712440516204950e-01
-1.000038458646125061e+00
-3.603116197144040633e-01
-1.000107044176485882e+00
1.000367252498420706e-01
-9.999757547271227454e-01
2.385224096581965020e-02
-7.863988084721581506e-01
4.067712506412390905e-01
-5.999080058489304479e-01
-2.674655225060111330e-01
9.988774119722591827e-02
-1.389172051479560868e-02
2.080692573376609622e-01
9.996091171456847335e-02
1.892664573039858911e-01
9.998970331275238710e-01
-3.160677143547428042e-02
-8.099768528904763842e-01
4.076249469997244579e-01
4.060537436971857206e-01
2.078850677041831629e-01
2.057067218378315632e-01
1.000146776937472559e+00
3.915392275544177236e-01
-9.999523050582498351e-01
-5.998653814263529283e-01
-1.000090218501830774e+00
7.534356298949532182e-02
-9.999498458895186292e-01
9.989571199096154708e-02
9.994666794003281840e-02
-6.001253386582440230e-01
-8.174442772278736613e-02
-7.895664988340189705e-01
-7.913537223278902522e-01
-3.305085688468253902e-01
4.010420329143998264e-01
-3.091558983637796576e-01
4.115155173114252163e-01
-7.860571184555853463e-01
-3.363405587633886973e-01
9.998449580451575225e-02
9.984636630220734832e-02
9.999851332123821379e-01
-1.496004150222781659e-01
4.017805038466160661e-01
1.000451559697848880e-01
-3.939755256120875959e-01
2.069877938652942562e-01
-3.296601074346435789e-01
-6.001007123502462015e-01
1.000020253072152032e+00
4.004558352997966142e-01
1.962742773528885765e-01
1.001283734599094088e-01
1.000075832065509207e+00
-1.000051925972510247e+00
4.027959405394201942e-01
9.998762920610375637e-01
3.984536226084852695e-01
1.002658270165746879e-01
4.023850974446566142e-01
-5.998735416925573549e-01
3.810453582906437320e-01
-3.016206892383544447e-01
4.032226499408312903e-01
9.999540808317016749e-01
9.999359681953774448e-01
9.990732528333423623e-02
1.904308223183662219e-01
3.866545931206947784e-01
-7.993020033119212497e-01
1.000985602869951391e-01
1.000010993575674689e+00
9.999295831660632849e-01
-9.998514160195414169e-01
-6.002556464069735975e-01
4.027350998282512862e-01
3.745461687232908704e-02
3.929080966377567208e-01
9.994104813613229055e-02
3.993218386016153532e-01
-6.191316729783479661e-02
-2.514539396371542335e-01
-5.999256383322163488e-01
1.869804413868551285e-01
1.000097162638220238e+00
-1.000001864634455506e+00
-8.069982598380415206e-01
9.999552487564227210e-01
4.192984799118505967e-01
-5.998422445492187505e-01
9.994446318365325654e-02
2.607384098410886128e-02
-3.504677276754762927e-01
-7.815619415507998324e-01
2.158810838649397601e-01
9.990516328167432791e-02
9.998514686865557222e-01
2.060569673584257688e-01
2.034555365447310027e-01
-3.058248606855260010e-01
-1.000047489161263625e+00
7.325795947817354513e-03
4.159042598912262578e-01
-8.006675991204917908e-01
2.031032852300704017e-01
1.000043161859339946e+00
-7.932249406042655160e-01
-5.999263576679263466e-01
-1.000005332983455730e+00
3.468845437157289102e-02
-3.512965911081288306e-01
-5.999809458943733409e-01
1.108709840990285828e-02
2.014034764602280481e-01
-9.998530550522199967e-01
1.000048200461647996e+00
-7.892966043321355540e-01
3.941604899213880242e-01
-3.405476295256194552e-01
9.998845513459903023e-01
-9.999105463775129765e-01
-1.488621272829875400e-02
1.939416880116822950e-01
9.997174667056533959e-02
-7.893117472867636764e-01
-3.607277961281524226e-01
-9.451421603099036117e-02
-3.275829455181876737e-01
1.907998516243075149e-01
4.927838711116751952e-02
-5.999085538866558709e-01
-6.000722914217716530e-01
4.008664871588509815e-01
9.998679879314193997e-01
1.001202595358355874e-01
-2.881111024238263152e-01
1.868276196997240568e-01
1.001312419253971991e-01
9.996136483780740378e-02
-8.069239122058894376e-01
-5.998494749186098485e-01
-5.998716299973089194e-01
9.998612911927191593e-01
-5.999766665927872555e-01
-5.998572261054239130e-01
9.998597185049195035e-01
2.119619010420026317e-01
-7.960338101265060917e-01
3.961983368626774138e-01
-1.088835541543045765e-01
2.056830430612813509e-01
-7.982257242170677225e-01
-9.998290695668640149e-01
-7.951242430967908614e-01
-1.000128289806834658e+00
1.000105596965713328e+00
1.000025355492633716e+00
-7.956417785172412716e-01
-3.303137647056405002e-01
-6.971022889347773435e-05
-8.020620664743530748e-01
1.000169978951326089e+00
-5.998777690447798516e-01
1.000799449907279620e-01
-1.000120639466278050e+00
4.165329414211366710e-01
2.126228630839930023e-01
1.000049675839933760e+00
-5.998857737355772768e-01
-5.998249729260599628e-01
-2.096792222065235189e-01
9.997565376184903707e-01
1.000221946085108338e-01
9.998392527001824792e-01
1.000137724636601666e+00
-9.999994873383261096e-01
4.176245197302210221e-01
1.000396146813285342e-01
4.033706725221490874e-01
1.002491619856950011e-01
5.670835284469258331e-02
1.946906795860416095e-02
2.100783412464476974e-01
4.108624793730724645e-01
-8.050419084368034550e-01
-6.000672855483429879e-01
3.968509621804827137e-01
9.999879196635906853e-01
8.623694524233238567e-02
-8.062430349379513528e-01
4.021792464299166481e-01
-1.350281563013668029e-02
1.993479257816371530e-01
-1.000056262363149484e+00
-2.815025072416428298e-01
4.132799420001754820e-01
1.997396774629777161e-01
-4.319821402489192746e-02
1.000069683248769881e+00
9.998867149004349031e-01
9.999814657778121063e-01
1.000473443451810746e-01
6.627696766521838645e-02
-9.998860569969301171e-01
-2.858160041901833814e-01
-2.993048482059322835e-01
1.000086793173069699e+00
-7.955400302209526542e-01
-7.914678360219091768e-01
-5.999969480193624305e-01
-1.895277197588559059e-01
-9.999261324940631468e-01
1.995205300398780468e-01
9.991884702183909117e-02
-6.001779940114900791e-01
-7.277716808599736520e-02
1.000069009357414718e+00
1.909722528920011764e-01
2.007373543679309980e-01
-4.630236698732199258e-02
-2.895510492201557318e-01
-3.099777342715444028e-01
-2.924678963654491759e-01
3.793873086351032264e-01
-2.692802951950352686e-01
1.000106152692372685e+00
9.999053553721626297e-01
-1.634425428573382105e-02
1.806986262109585017e-01
1.996360813623300756e-01
-8.837850846140006544e-03
-2.365457117974099632e-01
-6.000630203130464801e-01
-9.997889515308749919e-01
2.045445622568995425e-01
-4.216176742924555160e-02
