-5.999343171527886653e-01
-5.999085991410904040e-01
9.999780037391925447e-01
2.416824287747383355e-03
-9.999679534821988014e-01
-7.901199181509923619e-01
-6.000089611759105157e-01
5.494516772246245406e-02
-7.983070047346966236e-01
-2.366351190110136671e-01
9.997871699968097214e-02
-9.999923269816557436e-01
2.029993561517738909e-01
3.845830083652077014e-02
2.184292111309710238e-01
4.284005829068496252e-01
4.404671063971556978e-03
-9.999988199720106774e-01
1.940278472816640010e-01
2.234819122693838464e-02
4.016893877405656732e-01
4.193647478180765886e-01
-3.024387037420786517e-01
-7.889739754652099757e-01
-9.999273086521512921e-01
3.896537139341113010e-01
-3.720145641083163479e-01
-5.999905378968412029e-01
-2.883824153096039011e-01
1.000862998375779411e-01
-1.000045739290911007e+00
-8.003020371835455338e-01
-7.999677941685445770e-01
-9.999149597250818200e-01
2.418646076545505688e-02
1.000104853137841143e+00
-1.000043765888531722e+00
9.999116869626165638e-01
4.168849850912129673e-01
-5.998489931287427357e-01
1.000051808956163635e+00
-7.999356701896905841e-01
-2.900893434246183400e-01
9.995895738090564142e-02
-2.873635400431022169e-01
3.954789537273106781e-01
1.000613655848227174e-01
1.000248674206720284e-01
1.000138721679790649e-01
2.069459594708110417e-01
-9.997337668947724465e-01
-8.061092771688205261e-01
3.973416983158404303e-01
3.934999916030841871e-01
-3.139588840662045355e-01
-1.000091950427501875e+00
-7.932103684729517878e-01
4.057942261500743220e-01
-4.200815323922155176e-02
-1.000084858209417282e+00
5.828800132352967428e-02
3.836413529628118768e-01
-9.998960592849855944e-01
-2.579844650230421199e-01
-1.000123031092934323e+00
9.979403758559458881e-02
-9.998956460636962973e-01
-4.359619908281058345e-03
-8.084392628954470972e-01
3.919144008003832003e-01
-5.999506071909618266e-01
-2.887628776593562097e-01
9.998601443611254691e-02
2.071461023833811796e-02
2.038205687428358559e-01
9.989691262857322562e-02
2.215912683551657381e-01
1.000054677930419800e+00
1.674354726223555023e-02
-7.847437729533690565e-01
3.879756663428711727e-01
3.996777752070343470e-01
1.997583555593045734e-01
2.157056145259219626e-01
1.000112345054049223e+00
3.989838065804278688e-01
-1.000082906027374596e+00
-6.000927265477984385e-01
-9.999906118945315336e-01
7.607286273308727642e-02
-9.998740771360937751e-01
1.000262425119980009e-01
1.001201298562851144e-01
-5.997437942214616236e-01
-5.205388025538400243e-02
-7.845649028435904837e-01
-7.983418561350787979e-01
-2.682263701331749628e-01
4.053779627693832599e-01
-2.459055576413723687e-01
3.974869587617038680e-01
-7.933496540048494694e-01
-3.574341132602775195e-01
9.995572993335163914e-02
1.000342568357939776e-01
9.999552460395312314e-01
2.152743492137962691e-02
4.071609944906006140e-01
1.000604279349843889e-01
-3.734199597183761044e-01
1.910240165580099625e-01
-3.602747623551731948e-01
-6.000286821968466855e-01
9.999355622492588358e-01
4.017631319588681471e-01
2.166930783283185780e-01
1.000165422972250640e-01
9.999849778744810402e-01
-1.000101640366629407e+00
4.016075034107018937e-01
9.999747800891026772e-01
3.893301829853946794e-01
1.001044102651857115e-01
3.920688325751781611e-01
-5.999686111049818971e-01
3.983873499353719483e-01
-3.120566329408919759e-01
3.931593746135111922e-01
9.999810154303300225e-01
1.000031277864775969e+00
9.997305709339872337e-02
2.018403833943606673e-01
4.041196470054537748e-01
-7.981675882008119061e-01
1.001445795525695154e-01
9.999191513887577543e-01
1.000107713298270751e+00
-1.000174598058819031e+00
-6.000759866870900572e-01
4.005999862019947733e-01
7.233813735168119485e-02
4.079180002558812634e-01
9.989628127717070649e-02
4.029581996164889879e-01
-1.456210170123342640e-02
-2.247392913982956264e-01
-6.000769666927134871e-01
1.935630424156951912e-01
1.000205178147362428e+00
-9.999889420658033545e-01
-7.943512197813922260e-01
1.000118369678111740e+00
3.996936238916548034e-01
-6.000584035842065900e-01
1.001382280672186292e-01
3.383434354999992344e-02
-2.948291419606687835e-01
-7.870248081414482622e-01
2.019414914099735281e-01
1.000046158072452201e-01
9.999045900789885755e-01
2.118767042222059194e-01
2.076553345245801818e-01
-3.126531769467931210e-01
-1.000093113439037840e+00
-6.398089970257951620e-02
3.922905791170019363e-01
-8.055919959731168145e-01
1.859067478843092203e-01
9.999553071286062522e-01
-7.991341969152533364e-01
-5.998656561417701205e-01
-9.999758865443407752e-01
7.314653673556441305e-02
-2.172762699719780199e-01
-6.000936372532392760e-01
-1.104483626757190966e-02
1.983140736095571621e-01
-1.000111910913900726e+00
9.998479611599950800e-01
-8.084760731040967485e-01
4.028010981512367694e-01
-2.824286072192949137e-01
1.000007871398367332e+00
-1.000027433290423762e+00
9.327513776726149841e-02
2.080936426923033766e-01
1.000644424655825482e-01
-8.127685736708460951e-01
-3.033373590149663901e-01
9.979723430182821375e-02
-2.290589297581460682e-01
2.126879964126923150e-01
-2.474196992108571372e-02
-5.999323861333388797e-01
-5.998252172337992238e-01
3.989109972613126276e-01
1.000111615942626875e+00
9.999307880261189274e-02
-2.518206772472330046e-01
1.965605808391463483e-01
9.999046036288507244e-02
1.000268384781124870e-01
-8.017580454577295512e-01
-6.000579614985624977e-01
-6.000878668947635663e-01
9.998562578636253084e-01
-6.000115034683695114e-01
-5.999413925028499461e-01
1.000124894141804832e+00
2.004028297842407325e-01
-7.827052672440864001e-01
3.947171896910643962e-01
-5.768957906587066781e-02
1.893883921392136016e-01
-8.135709063950912201e-01
-1.000117506141900536e+00
-8.213873133543071470e-01
-9.998855751667087288e-01
1.000088414666354231e+00
1.000198386372522785e+00
-8.017328266285506100e-01
-2.737801182737363281e-01
3.852242191758144946e-02
-8.033242771883956079e-01
1.000102863231649319e+00
-6.000714693693791624e-01
1.000261104848186450e-01
-1.000059473937223276e+00
3.834218471456957156e-01
2.017303245347996932e-01
9.998621237721624366e-01
-6.001632886941646872e-01
-5.999699879309517980e-01
-3.300845054592851935e-01
1.000054975961921500e+00
1.000803948229505996e-01
9.999222636779678819e-01
1.000050557906934090e+00
-1.000081844722300994e+00
4.033438422051375816e-01
9.993031626262860456e-02
3.997533220607806803e-01
1.000164821771351992e-01
-5.588518714876531020e-03
-3.091690740663855658e-02
2.017853821583383278e-01
4.094551989346507104e-01
-7.940892584142937860e-01
-5.999240163757579847e-01
3.926978458412457851e-01
1.000003945346503942e+00
-1.251672284606387409e-01
-8.068170709842231725e-01
3.983761922127949662e-01
-1.261619950058651997e-02
2.046849566950952048e-01
-1.000038250162448961e+00
-3.067088708055646373e-01
3.940049584757559509e-01
1.986557324652614420e-01
9.926962047007109255e-03
9.998544313371842129e-01
1.000083062801497835e+00
9.999154577078175343e-01
1.001944199308297534e-01
1.104366716828194227e-02
-9.998949071426478374e-01
-3.200896933416684798e-01
-3.271306721662231576e-01
1.000168579790362111e+00
-8.007972717178035715e-01
-8.200179779489789045e-01
-6.000054703960122637e-01
-3.056264878510164817e-01
-1.000061572832514845e+00
1.956012584898702555e-01
1.001209349426368106e-01
-5.998975833711283068e-01
2.992914620959419292e-02
9.999840658750368538e-01
1.964847677569095674e-01
2.024262690542482090e-01
6.399500895741055961e-02
-3.346686755438613714e-01
-4.133231130429940725e-01
-2.237017100724124907e-01
4.229651434654719266e-01
-2.489720430295320197e-01
1.000035755677641802e+00
1.000064607681887097e+00
5.373348162622674368e-02
1.912227499551646115e-01
1.804624917782999827e-01
3.443778222383396537e-02
-3.313807203581178307e-01
-6.000584612256242290e-01
-9.998613512154733707e-01
2.051280564433916320e-01
-4.784559939047947075e-02
