-6.000072241838173559e-01
-5.999543268947771235e-01
1.000004388891693186e+00
6.182148243485348360e-03
-1.000109166210271683e+00
-8.221023801440929812e-01
-6.000626186705066978e-01
2.239483997425336520e-02
-8.085265940270507379e-01
-2.967874546254815060e-01
1.001109381328495890e-01
-1.000025962119889922e+00
2.023364619606576043e-01
-2.204755634848030998e-02
1.962176708835753070e-01
3.802989241085011352e-01
-8.479402118990103654e-02
-1.000005001631762980e+00
2.064496748235180590e-01
3.236644526470002642e-02
4.088309090458187023e-01
4.003265451390399243e-01
-3.748683156595582489e-01
-8.189531689886067056e-01
-9.999416455469680720e-01
4.025315790663862026e-01
-3.217697327976325461e-01
-6.000497837146093749e-01
-3.207951284741830666e-01
1.000590582088257824e-01
-9.998592947539498565e-01
-8.032117252199025836e-01
-8.162782661018884722e-01
-9.999362324383856970e-01
-9.446522609801150105e-02
1.000068386951844746e+00
-1.000056249071548109e+00
9.999539852008793028e-01
3.818325868421810765e-01
-6.000423785338180327e-01
1.000176600080964873e+00
-8.016360946648086738e-01
-2.946391779595594618e-01
1.000673956627160521e-01
-2.839395348772102978e-01
4.026023852413860848e-01
1.000536396105701359e-01
9.996563079187012479e-02
9.998199991111550444e-02
1.924343088645424915e-01
-9.999890729819136403e-01
-7.912158257967568664e-01
4.158654818527322550e-01
3.859860190203447394e-01
-2.907293635999133041e-01
-1.000041887760187986e+00
-7.890278419991038072e-01
4.165749917728543972e-01
-1.115837874936578267e-01
-9.999604970874781396e-01
-7.407925531615877635e-02
3.859140321548719110e-01
-1.000055841696993353e+00
-2.693197352502232911e-01
-9.999870644803546815e-01
1.001704720052259134e-01
-1.000069954731190647e+00
4.432051442542631059e-02
-7.931449291797397771e-01
3.966211016913981924e-01
-5.997645899776996581e-01
-2.320308014172759448e-01
1.001246183052051097e-01
-8.404228790044900033e-02
2.052204736851400146e-01
9.995124566444706093e-02
1.790979292368882481e-01
9.999307126000386292e-01
7.077945646357668326e-03
-7.959329313612887313e-01
3.965137793980639813e-01
3.995528549309007582e-01
1.982781331909651557e-01
2.061970676406618963e-01
9.998767602479275984e-01
3.980717770088714191e-01
-9.999234055529720999e-01
-5.998556122066242002e-01
-9.999989869456454850e-01
4.056968389222795346e-02
-1.000008082491969930e+00
9.993907941493668234e-02
1.000089127415054041e-01
-5.998892032981475442e-01
-1.177633642746577728e-03
-7.911950588631471160e-01
-7.989163963831612536e-01
-3.408864514916770116e-01
4.086227729981793955e-01
-2.876067626154398260e-01
3.895702237742360574e-01
-8.017411081938750073e-01
-2.888330957943585631e-01
9.994607797749270606e-02
1.000651092594444791e-01
9.998951535312671224e-01
1.691273455233748696e-02
4.131607856822193670e-01
9.996316520337586442e-02
-3.148110214232844317e-01
2.135204102554282279e-01
-2.064631084063694999e-01
-5.999108970334385837e-01
1.000125440974771296e+00
3.932178204252576581e-01
1.948726881220247120e-01
9.998725772807488810e-02
1.000067760574197662e+00
-9.999943932111478029e-01
3.945326983875086513e-01
1.000132785765816879e+00
4.051859110151096455e-01
9.989965965103810019e-02
4.049646761902021552e-01
-6.001133833976569631e-01
4.106810619260958251e-01
-2.617446799832842674e-01
3.962793416719202488e-01
1.000014528070357844e+00
9.999371694528282895e-01
9.992701813537599453e-02
1.954562253308741726e-01
3.906555065726844966e-01
-7.826469368403199400e-01
9.999124335314263368e-02
1.000067361894921181e+00
1.000018947576863937e+00
-1.000026440849685505e+00
-6.000108659192460170e-01
3.870949365869322811e-01
5.250555591885935902e-02
3.983177668681696648e-01
1.000228035735620941e-01
4.022530734285163501e-01
9.903138961450966282e-03
-2.634394857888714969e-01
-6.000809795770010169e-01
2.000567087567913516e-01
9.999179998531712021e-01
-1.000085939004906610e+00
-8.058086425192019231e-01
9.999581437850648680e-01
3.952259490113353424e-01
-6.000589696426514852e-01
1.000441772348278080e-01
-4.520191130637071092e-02
-2.797643155665365811e-01
-8.001155125410127633e-01
2.142657228527272695e-01
1.001551260093656442e-01
1.000228181809496242e+00
2.216687204165021796e-01
1.972358780831161840e-01
-3.663473637922481374e-01
-9.998274857068411015e-01
-7.057625897789703007e-02
4.083607155706081016e-01
-8.082669659053620670e-01
1.813084568286069398e-01
1.000005832899047986e+00
-8.025814636065148333e-01
-6.000262685164331478e-01
-1.000050618825312210e+00
2.739848943664341049e-02
-2.849947873877713977e-01
-6.001867834559327930e-01
5.119067770885227242e-02
1.945642519934769887e-01
-1.000169263988086588e+00
9.999442384723006283e-01
-7.860392130923368192e-01
3.808823795326691242e-01
-3.372820595997275683e-01
9.999688286454671005e-01
-9.998216576307956682e-01
5.799170536897427231e-02
2.093129369886645441e-01
9.988858752068499602e-02
-7.958320223097890000e-01
-2.812197951925086148e-01
1.032857344658994481e-01
-2.781000301162263599e-01
2.028376886171845972e-01
5.964450521930039772e-02
-6.000491443636297717e-01
-6.000343189486474493e-01
3.917932853548646288e-01
1.000025416197297456e+00
1.000576005936213431e-01
-3.390209897869306266e-01
1.992595055856380970e-01
9.973946355424852250e-02
1.000188265782447489e-01
-8.130266484533624771e-01
-5.999371241177143821e-01
-5.999639559075131690e-01
1.000009010525535924e+00
-5.999909124956711581e-01
-5.999292615534767004e-01
1.000011029699569898e+00
2.084526956217298554e-01
-8.029858575599072568e-01
3.877049940407721329e-01
-3.152962006263169276e-02
2.008073446260967565e-01
-7.965065183416633054e-01
-9.999913996356903922e-01
-8.036383227439809485e-01
-9.999570527417634969e-01
9.998249783951076441e-01
9.999062842314067057e-01
-7.891857870743663739e-01
-3.271118281571956943e-01
-1.034500112614079453e-01
-8.087843709391687730e-01
1.000023305632068649e+00
-6.000644595166354511e-01
9.978092534740247432e-02
-9.998947710352658058e-01
4.016290200522230625e-01
2.104754004968140413e-01
1.000029019826095045e+00
-5.999832019212792966e-01
-6.000425115652053831e-01
-2.611580006648205332e-01
1.000050017367178690e+00
9.999499781594278769e-02
9.999793874645803715e-01
9.999294247465254637e-01
-1.000005528700756985e+00
4.001866884665695179e-01
1.000747885559452183e-01
4.071985448399460528e-01
9.994775535549592360e-02
4.811350838370886951e-02
-2.261454764662851682e-02
1.828811662830626683e-01
4.069832717008374789e-01
-7.976812344264633259e-01
-5.999879481038594697e-01
4.034591515356172886e-01
9.998320954514953174e-01
8.379930767407704761e-02
-7.830392754280758316e-01
3.948767198903535003e-01
4.335603484347879885e-03
1.915425493459609330e-01
-9.999238486334645071e-01
-2.290921714340760362e-01
3.978156561639150102e-01
2.085261308064411401e-01
8.876895780183944457e-03
9.998759522427124180e-01
9.998510153654059929e-01
1.000046722828781487e+00
9.986586714622583405e-02
-1.904176663831078087e-02
-9.999543008676989864e-01
-2.682179898231338289e-01
-3.871250347860171748e-01
1.000084206012299859e+00
-8.082439030558946635e-01
-7.999373601984962612e-01
-6.000110549121315806e-01
-2.756362022031531578e-01
-9.999765601962188333e-01
2.037062284035709159e-01
9.980525515857374685e-02
-5.999157357449121930e-01
4.432041913999693744e-02
9.999284929788953002e-01
1.938497464805677695e-01
2.235509475429482418e-01
2.916892945349583433e-02
-2.489347421193407461e-01
-2.725945986037757174e-01
-3.381345148854443816e-01
4.039374149723933827e-01
-2.182418253518702556e-01
1.000062074100303233e+00
9.998393589201595155e-01
7.756300470944195793e-03
1.910823513478210334e-01
2.057770420452824101e-01
-1.301861533293421653e-03
-2.645308401959597377e-01
-6.000098470539495521e-01
-9.999739912039844469e-01
1.859097807470413699e-01
-1.711273480066172539e-02
