-6.000109159364619416e-01
-5.998318633361422458e-01
1.000077307603862931e+00
-4.255481742390407329e-02
-1.000001479204926325e+00
-8.125591818049346937e-01
-6.000430801571885464e-01
-2.390529277092013141e-02
-8.026032950044919012e-01
-2.186546294899616716e-01
9.978145829931045485e-02
-9.998708972763811209e-01
1.999764922540490375e-01
-3.969724947910793778e-02
1.950019206745003675e-01
4.029112788085212338e-01
-4.274163099706240060e-02
-1.000154370414577887e+00
2.100730047686048541e-01
1.932410498201138707e-02
3.989358376685137597e-01
3.953464808635518413e-01
-2.153281917513022448e-01
-8.268550493370967480e-01
-1.000115888723031699e+00
3.986694790115908882e-01
-3.261504028965971358e-01
-5.999224527612407876e-01
-2.515197733091974475e-01
9.985267586461227252e-02
-9.999659869076299445e-01
-8.088085778680500493e-01
-7.867088837024651671e-01
-1.000111855725587029e+00
-2.228467891979248744e-03
9.999481418008695499e-01
-9.999635789441669864e-01
1.000055379777977205e+00
3.917932625801341384e-01
-6.001303342762338566e-01
9.999910188678340361e-01
-7.955782344421358232e-01
-3.544585424763863624e-01
1.001350060522457619e-01
-3.049327664412288530e-01
3.954325105455907541e-01
9.991969137353891306e-02
9.985468237684448634e-02
9.993614186149510359e-02
2.085437584377231590e-01
-9.999625766249430336e-01
-8.150437786490226655e-01
3.899557035996351617e-01
4.029567025640841682e-01
-3.675587381023140421e-01
-9.998410354990865390e-01
-8.025153510152451819e-01
4.115618757014373741e-01
5.780234159398788679e-02
-1.000057361837027203e+00
-3.749750896186180432e-02
3.889461410322356261e-01
-1.000039109763644740e+00
-3.359118072412594636e-01
-1.000094086998779108e+00
1.000397579078481786e-01
-1.000173022166744863e+00
-4.379621464262781205e-02
-8.130796182938250238e-01
4.077176259271275138e-01
-6.001528420624498983e-01
-2.679413508083711704e-01
9.979185841143455027e-02
-5.326370772712255008e-02
2.093513093251140322e-01
9.984414528328251770e-02
1.949343317164358713e-01
9.998918868751720535e-01
-3.400028321134335868e-02
-7.996771321351997530e-01
3.936806108784147162e-01
3.906998315401784549e-01
2.161747381106967347e-01
1.937839771279692147e-01
9.999589567392339617e-01
3.993597371961480902e-01
-1.000151496718606037e+00
-6.000677415552263527e-01
-9.999372250811563445e-01
4.486517409575402349e-02
-1.000127027016006753e+00
1.000889226268654314e-01
9.998911610655462912e-02
-6.000588520269596327e-01
1.529137980037410631e-02
-7.784151787702351388e-01
-8.056832915957993224e-01
-2.638151118279193907e-01
3.989133210227908122e-01
-2.913958843735159343e-01
3.938819077399470792e-01
-7.796745335662540466e-01
-3.381402433750015923e-01
1.001587798525430395e-01
9.991100583049958295e-02
1.000124081393344966e+00
1.893005247222664597e-02
4.045583655489055630e-01
9.996556523321657728e-02
-3.373974128678307038e-01
2.030827621352097045e-01
-2.447839808975451059e-01
-5.999570048840238146e-01
1.000175212195908880e+00
4.020928640674339416e-01
1.949603837661839922e-01
9.993891467305938969e-02
9.999803422729725000e-01
-9.999787849421024610e-01
3.905265538775458678e-01
1.000043324475217599e+00
3.904046274986362475e-01
9.994346164410380928e-02
3.980570231640277457e-01
-5.999367864936167027e-01
4.042611721092801980e-01
-3.492954572993521856e-01
3.961395378170542436e-01
1.000108583585184840e+00
9.998640361604189675e-01
1.001144743825001238e-01
1.891114728148300672e-01
3.955984306919748672e-01
-8.170097140128007585e-01
1.000361803766837004e-01
9.999799010413408240e-01
9.999027741459427521e-01
-9.999666541903866612e-01
-6.001523672657682607e-01
3.948749632694812939e-01
-7.842568044622955786e-03
3.973890588673955060e-01
9.975738737256757693e-02
4.068419859348461620e-01
-3.640687146971639809e-02
-3.771657668046430878e-01
-5.999369869582731329e-01
1.956375716436440648e-01
9.999984417416034610e-01
-9.999844565756879078e-01
-7.919320287941636893e-01
1.000167282160931981e+00
3.922467620930445431e-01
-5.999188223786297014e-01
9.991971323971128582e-02
-1.402037630464379216e-02
-3.456690811636519700e-01
-8.154816953261485590e-01
1.894192277175956174e-01
9.985963125739415192e-02
9.999703359591917140e-01
1.934759740361824409e-01
2.089926349304303821e-01
-3.779635562219446632e-01
-9.999553881137062117e-01
-2.620000866816064866e-02
3.943844091800345897e-01
-8.023488307908243078e-01
1.916568595836912747e-01
1.000062931681826583e+00
-7.836512083482463087e-01
-5.999240312040007295e-01
-9.998360017478477024e-01
-6.870066417462256797e-03
-2.917942988700626961e-01
-5.999267271073378538e-01
4.575224489794368216e-02
2.045822522667333221e-01
-1.000135407416551381e+00
9.999833719272381849e-01
-8.007378397359726785e-01
4.014201707938619412e-01
-2.711845602808977129e-01
9.999776183290575160e-01
-1.000204259464361423e+00
-4.733722762527043521e-02
2.310697447282710204e-01
9.988723174778890712e-02
-8.109224375485915015e-01
-3.551261974085491158e-01
-1.679453387801849509e-02
-3.335860175491752733e-01
1.891376853824082160e-01
-2.043559052965613146e-02
-5.999365231324433889e-01
-5.999878131196162423e-01
3.954661011547023763e-01
9.999160208834271257e-01
9.990438886623112524e-02
-2.961061629863342426e-01
1.932388118204418637e-01
1.000424461688148720e-01
9.990865511547013245e-02
-7.847762823698934964e-01
-6.000207059768993823e-01
-5.999287196113145537e-01
9.999782729369571799e-01
-5.998375569924433437e-01
-6.001082165624443965e-01
9.999465886280574090e-01
2.087319116361762150e-01
-7.857335747526927872e-01
4.077244006470735482e-01
8.047490572411263032e-02
2.021932447436718960e-01
-7.934574690904165895e-01
-9.999391678840836573e-01
-7.887025182190432471e-01
-9.998745272489902858e-01
9.999382470756401631e-01
9.999954186594278704e-01
-7.889756885645878848e-01
-3.645812379829600491e-01
1.046438886682449221e-02
-7.895326317999716847e-01
1.000046178202693703e+00
-5.999941822326094742e-01
1.000588331675452691e-01
-9.999118144273919651e-01
3.996632455684617780e-01
2.187597674007677739e-01
1.000045201188102917e+00
-6.000328983307171571e-01
-5.998988263505551366e-01
-3.513754605799378483e-01
9.999366043324644515e-01
1.000532223392136544e-01
9.999259329640306504e-01
9.998922024752406879e-01
-9.999591610422726706e-01
4.086768014557759510e-01
1.002061847469325195e-01
4.088461549171324427e-01
9.996287356335940844e-02
-3.842853418373731733e-02
2.234259634847338832e-02
1.867113748801637607e-01
3.995308896546048150e-01
-7.974107105921502958e-01
-5.998591446392751436e-01
4.022993926779541152e-01
1.000001597617903082e+00
-1.550669216294424738e-02
-8.017352534625864502e-01
3.979026908177827893e-01
2.274446024042402897e-02
1.864552857840976463e-01
-9.999622256483576832e-01
-2.454665412547806513e-01
4.265246923240451071e-01
2.013859709545950949e-01
1.242939110871351879e-02
1.000039744353321103e+00
1.000013028109405733e+00
9.998346191323410626e-01
9.989773484518105207e-02
3.464835256903157218e-02
-1.000125472220241285e+00
-2.287389952659653614e-01
-3.050573068653927855e-01
9.999618189865959739e-01
-7.950495497209920659e-01
-7.994321690703917183e-01
-5.999132300544965934e-01
-2.903418825090574584e-01
-1.000046446486994922e+00
1.985111205435848014e-01
9.992061580319999692e-02
-6.001275560752099558e-01
3.030473712229245220e-02
9.998440695706132253e-01
2.024959577474505223e-01
2.004887318621879910e-01
7.434460971431605669e-03
-3.071186072245242760e-01
-3.169640413953652702e-01
-2.926698241999480810e-01
3.917695842857217836e-01
-2.652160022285153795e-01
1.000015682276330198e+00
9.996962777844737857e-01
3.434771346633396644e-02
1.885753128707821080e-01
2.021884031916048874e-01
3.244416940700127483e-02
-3.150528404471535371e-01
-6.001024572765029097e-01
-1.000025809626927664e+00
2.158861807799550836e-01
5.742981619781108160e-02
