-6.001184909238905796e-01
-6.001145385927828535e-01
9.999853158222996585e-01
2.797274291410602187e-02
-1.000095309149590994e+00
-8.055821627330485013e-01
-6.001809752533190379e-01
3.559709535995279894e-02
-7.953021262291062321e-01
-2.684609557658149681e-01
9.996815508021125729e-02
-9.999435375896412737e-01
2.092190270370780369e-01
1.195981321484326787e-02
1.953469467385842984e-01
3.992186048188661185e-01
-4.423944167027177299e-02
-1.000009743282712638e+00
2.006702331536842632e-01
-9.543214831109719798e-02
3.909407322159247911e-01
4.051766635317046172e-01
-2.467671749343736676e-01
-8.008629111693292835e-01
-9.998891829839254841e-01
4.080775003800649614e-01
-3.454336021034879467e-01
-6.000341881049038317e-01
-3.200790580635453075e-01
1.001030480410936840e-01
-1.000130670407953337e+00
-7.987996446960724528e-01
-8.044055572261269438e-01
-9.999223115225900349e-01
1.926133596553128435e-02
1.000013665817483632e+00
-1.000105293549647056e+00
1.000182358184572795e+00
4.076465539593713827e-01
-5.999714344094180252e-01
1.000086859510374904e+00
-7.988438608315054923e-01
-2.026608095306922375e-01
1.000461066342493571e-01
-2.967860740447664791e-01
4.046119882438897197e-01
1.001426131354154342e-01
9.990772201249392692e-02
9.989461608449254348e-02
2.119109999017198542e-01
-9.999349465172382434e-01
-8.062819548678945569e-01
4.151337705009865986e-01
4.172628087596657043e-01
-3.151650149172016691e-01
-9.999685296326180639e-01
-7.991002154557629300e-01
3.905393330664343465e-01
-5.296639598801316379e-03
-9.998220919732601075e-01
-3.284335286733027631e-02
4.086296390468162620e-01
-9.998776231756690835e-01
-3.157977993963057006e-01
-1.000106546708502409e+00
1.001547212288715627e-01
-1.000071685802100818e+00
-3.166311245724792028e-02
-7.793478202216557182e-01
3.897644764000284257e-01
-6.000012464441656368e-01
-2.750324493427618311e-01
9.991229737031043223e-02
8.107286376428586225e-03
2.100292348021809419e-01
1.000731959750771477e-01
2.038293001289012973e-01
1.000124767718549856e+00
-5.312849545849832739e-02
-7.894785953800078637e-01
4.011662562199221349e-01
4.140536895844304510e-01
2.047715346697036864e-01
2.029198505471656033e-01
1.000053863628593165e+00
3.936568506732486816e-01
-9.999972435869713960e-01
-6.000703618495515368e-01
-1.000081364170604337e+00
-1.222022666781993616e-01
-1.000081379505674661e+00
1.001638171789632908e-01
1.000855418036481342e-01
-6.000476353582460121e-01
7.187574049780839913e-02
-8.071150922825929275e-01
-8.061742846411207308e-01
-2.403612011330499010e-01
4.161715136211023292e-01
-3.609008187220318353e-01
3.991553559637930348e-01
-7.969960617294074012e-01
-2.538136021970263112e-01
9.998024013964190715e-02
1.003036943834125366e-01
9.999697646870702172e-01
6.423493089719666330e-03
3.953927627121203159e-01
1.000516193211706817e-01
-3.222504334387554237e-01
2.021473190555097832e-01
-2.677980838928342711e-01
-6.000962347505109928e-01
9.999842258310850385e-01
4.057279540537149232e-01
1.985601574353322574e-01
9.978535026702897714e-02
9.999287300241330723e-01
-1.000107999955212490e+00
3.975594728850350146e-01
9.999639405357970690e-01
3.913234424440043546e-01
9.990092619041883448e-02
4.185577559642335022e-01
-5.999735406233054347e-01
4.091032615180287269e-01
-2.267276487874094193e-01
3.980483477683460225e-01
1.000192862813715555e+00
9.999324130354472207e-01
1.000425470341412409e-01
2.187748750534505848e-01
4.075988339203601152e-01
-8.091123539703408696e-01
1.002716242177616734e-01
9.999941943321773996e-01
1.000093088981175216e+00
-9.999279173735156068e-01
-6.001118705751538052e-01
4.001542753421064580e-01
8.362597769885121712e-02
3.895168093295473533e-01
1.000480669326469507e-01
4.167937027560975616e-01
4.157354463441628213e-03
-1.834030498790530928e-01
-6.000473345355601396e-01
1.995524602312933882e-01
9.999758612603689700e-01
-9.998580433198396289e-01
-8.005524907764450804e-01
9.998720822915015960e-01
4.050125085477848663e-01
-5.998410166562508916e-01
1.000414681532974387e-01
-6.682736813474769721e-02
-2.715746705220086210e-01
-7.971346704581400155e-01
2.128696653619671642e-01
9.997433168960190297e-02
9.999625862712269164e-01
1.783626192748812567e-01
1.883789212936035629e-01
-2.793077065957573213e-01
-9.998512379766072433e-01
6.297447298388866854e-02
3.737446360242320798e-01
-7.868563771847202348e-01
1.878780869153386934e-01
1.000047887169791760e+00
-7.938966773931223075e-01
-6.000369232517400730e-01
-9.997723237241107341e-01
1.057328197944607147e-02
-2.734365204036329766e-01
-6.001205611664569561e-01
4.802056606894927748e-02
1.780159369186495866e-01
-1.000039239123079016e+00
9.998551055548540178e-01
-7.968964444485076015e-01
4.105546057920060332e-01
-3.762164216378333093e-01
1.000048772559020582e+00
-9.999769547185346497e-01
3.999576577447185727e-02
1.946493955390031505e-01
9.985995464224414753e-02
-7.972096336260557914e-01
-2.849039703256105449e-01
-2.286032155833481183e-02
-3.444951310711359405e-01
1.977849014948436235e-01
2.120411180833072992e-02
-6.001315983467476745e-01
-5.999771620269638284e-01
4.005178253098110597e-01
1.000166596803911734e+00
1.000443826688790089e-01
-2.610363265202174654e-01
2.041138501490183110e-01
9.996111766762622031e-02
1.000054540499317329e-01
-8.058933241759385080e-01
-6.000512285221841768e-01
-6.000939065725295896e-01
9.998982642179324865e-01
-5.999421880738714519e-01
-6.001109981840837548e-01
9.999286370004787372e-01
2.158610292834225453e-01
-8.131291049306532681e-01
4.025299683939576600e-01
-1.131028532101666095e-01
2.057471823167560943e-01
-8.029217776600665601e-01
-9.999831456857524170e-01
-7.844505793863951748e-01
-9.997971311808864225e-01
9.999508407197358340e-01
9.999515135055794257e-01
-7.901019108135689528e-01
-3.056428799165392673e-01
-4.921449441181510731e-02
-8.076577717994597450e-01
9.998492991679428510e-01
-6.000564164568265024e-01
9.993779249578285673e-02
-9.999320936290752027e-01
3.856963091353223239e-01
1.926627904900415356e-01
1.000139673039796007e+00
-5.999954592500494899e-01
-5.997748486974748827e-01
-2.701007885172110323e-01
9.999363059236936468e-01
1.000527705459704070e-01
9.999528212872872412e-01
1.000071872963056663e+00
-1.000023450017182736e+00
3.931489106529769684e-01
1.000234540840862635e-01
3.960233752334136326e-01
9.993240138564603303e-02
-5.858236474866911764e-02
-7.816932514731750326e-02
1.990896607227594095e-01
4.127214253589899240e-01
-8.074449501958437247e-01
-6.002020403015208005e-01
4.151746089469042778e-01
9.999222948991984827e-01
3.341870571453914307e-02
-7.997088393597910905e-01
3.882171890277064663e-01
3.187164174976980791e-02
2.003222728707936828e-01
-9.999755927707965064e-01
-3.166402603711555019e-01
3.878998968850624895e-01
2.030181355259032538e-01
-1.301615104709140727e-02
1.000047639173628600e+00
1.000124528904885679e+00
9.999813893063735915e-01
9.995181091207394619e-02
4.075496057475563871e-02
-9.998892715938397791e-01
-3.307054861740917895e-01
-2.982326965178986877e-01
9.999799382861493946e-01
-8.055260183291863552e-01
-7.977184466980657973e-01
-6.000131909027682786e-01
-2.338570275111243046e-01
-9.999586017976680452e-01
2.090553064305453179e-01
9.997056722494311598e-02
-5.999585337678713381e-01
9.900361181452189963e-03
1.000120620292034301e+00
1.924978503649913963e-01
2.061309025596244349e-01
-5.245992251015742236e-02
-2.766238915609440241e-01
-3.012674547872075670e-01
-2.300119104438813622e-01
3.997605885920336721e-01
-3.439269015578550470e-01
1.000130903478289257e+00
9.999411462459797395e-01
-7.795389825095659642e-02
2.119207289496961022e-01
1.970649634779183257e-01
-5.699965219050313892e-02
-2.845994132471156290e-01
-5.999138349373998036e-01
-1.000093875738881533e+00
1.928602847035082446e-01
2.458544337829277060e-02
