-6.000754008839610520e-01
-6.001380845819600518e-01
9.998626101300814861e-01
-1.656917695004443041e-03
-9.999614345625659206e-01
-8.129800456189876234e-01
-5.998455011686522065e-01
-8.019525432906708662e-02
-7.920062062555043303e-01
-3.126050155383995888e-01
9.998767403042201074e-02
-9.998658383861044330e-01
2.062266359383666814e-01
-7.610291642897865083e-02
2.024723106039633957e-01
3.851509479145390769e-01
-3.739224556194278848e-02
-9.998594459787881750e-01
1.967195513241673521e-01
-5.052456950390850528e-03
3.982429468020892704e-01
3.947162792206244664e-01
-2.497280757004334550e-01
-7.902079057232781478e-01
-1.000012562117267301e+00
3.984828957058081378e-01
-2.692367278260880958e-01
-5.998808802965818199e-01
-1.938864684397405558e-01
9.988751615121822802e-02
-9.999605187382930582e-01
-8.028058176033018301e-01
-8.095486775138768243e-01
-1.000077929079871586e+00
1.873465624850128609e-03
1.000076630293688540e+00
-9.999404932066268126e-01
1.000159238524348959e+00
3.945869202415086541e-01
-5.999460722146752190e-01
1.000020527409966942e+00
-8.040930255025422468e-01
-2.753032870804140164e-01
9.988483814158470586e-02
-2.990941755135856361e-01
4.067826324888905165e-01
9.991468880505453842e-02
9.998612941841227009e-02
1.000287601106480267e-01
2.023849498627126597e-01
-9.998739377011124363e-01
-7.850416269713508255e-01
3.828047079239103034e-01
3.973654079022017616e-01
-2.972896391260598237e-01
-1.000105221401954347e+00
-7.976007780194814822e-01
3.728891362981121560e-01
-5.263455054195678717e-02
-1.000140866613904445e+00
-3.166259720349687973e-02
4.045923997541974737e-01
-1.000083461550168584e+00
-3.189361933488287226e-01
-1.000010228456024608e+00
9.994947163522359401e-02
-1.000127983045595803e+00
-3.230498046633630167e-04
-7.976991466468120739e-01
3.822700615830558757e-01
-5.999817939486569163e-01
-3.218930831321225039e-01
1.001577696582897359e-01
-4.716640417345896452e-02
2.121881255730145022e-01
9.998234083733124888e-02
1.892019342497295864e-01
9.999000906615459483e-01
-1.074964617951601215e-03
-7.995703411076656719e-01
3.893043094741313048e-01
4.043905683187254407e-01
2.002964044532482002e-01
2.065470947848230820e-01
1.000082730718716117e+00
3.959617585761933123e-01
-1.000125488014606434e+00
-5.998919190260855183e-01
-1.000039472336677449e+00
-1.922975666235259007e-02
-1.000114879212588015e+00
9.993910108914193235e-02
1.001428690956479295e-01
-5.999177131621499237e-01
-1.866258925562246790e-02
-7.756716346471054235e-01
-7.976212561147415503e-01
-3.143619434765902998e-01
4.039861996372023367e-01
-3.320478320805583805e-01
4.178648064656620975e-01
-7.921529618787719329e-01
-2.231948565421352226e-01
9.994446098076040230e-02
1.000987549147659555e-01
1.000039717530512684e+00
3.783715627785047553e-02
3.890737290268263537e-01
1.000685947974604417e-01
-2.782845919026322168e-01
2.062112235490713152e-01
-3.139442631998083377e-01
-5.999621656677730508e-01
1.000011129591032777e+00
3.988520017508254134e-01
1.873980489723601206e-01
1.000246202957110059e-01
1.000186811347680838e+00
-1.000031989423654455e+00
3.915128184822974089e-01
9.999124248693449513e-01
3.896853139019352263e-01
1.001029407003502930e-01
4.080782402622794569e-01
-5.999268772389926285e-01
3.843939962208443584e-01
-2.549662264622172270e-01
3.762736849514630166e-01
1.000008345812905208e+00
9.998124325712034466e-01
1.000177863882527884e-01
2.005577888497965255e-01
4.055586300262315480e-01
-7.829690608713461009e-01
1.000131460050494026e-01
1.000131403536068886e+00
9.999358467144271456e-01
-1.000060557184099252e+00
-5.999981414839690164e-01
4.075799413164782892e-01
-4.569175979272545318e-02
3.984540663514937742e-01
9.989135570833382327e-02
3.982550003098594416e-01
7.023864976239282965e-02
-2.718269277147866703e-01
-6.000452799559630179e-01
1.899601597796631292e-01
9.999500098313104379e-01
-1.000068613868935641e+00
-8.101370428402575596e-01
9.999468304594349988e-01
3.815263383922334328e-01
-5.999398992594529023e-01
9.988409592779599888e-02
-4.586630837156868007e-02
-2.470410679446032043e-01
-8.058130928277099647e-01
1.963191439170102748e-01
9.997698276301723863e-02
9.998598772437650162e-01
2.094541453120621344e-01
1.941281400878123453e-01
-3.185961873824508794e-01
-9.999598655878115805e-01
9.540641525541110335e-02
3.950037655924139024e-01
-8.037566765715018491e-01
1.960157913697261611e-01
9.999562077566208629e-01
-7.978491170580562786e-01
-5.999169424957938590e-01
-1.000101382111963089e+00
-7.165004966325785873e-03
-3.381046056488379303e-01
-5.998976536663295223e-01
-4.457240704864388892e-02
1.961666623981963564e-01
-9.998829979923314903e-01
1.000004204108693173e+00
-7.908292426200251857e-01
4.197635615172700119e-01
-2.199415256167052135e-01
9.998777718918028246e-01
-9.999453616053990412e-01
5.903657409080823038e-02
2.048191988177178735e-01
1.001165493657891897e-01
-7.878444931257156947e-01
-3.351957655887992660e-01
3.906676886753235323e-02
-2.936780895587300932e-01
2.009313448112086398e-01
-8.274907216953848732e-03
-6.000861266626427160e-01
-5.999554307586282276e-01
3.887150005879422832e-01
9.999807716276175595e-01
1.000392822374587820e-01
-2.886429911646958280e-01
1.944713594469498208e-01
9.985860676200031261e-02
9.996994067552224250e-02
-7.776666841390091900e-01
-5.998912069276526315e-01
-6.000190083130317875e-01
9.999564457106892013e-01
-6.000523066371951098e-01
-5.999794507230740148e-01
1.000087309014176862e+00
1.996563660716957900e-01
-7.780291447752792910e-01
4.158950801118746488e-01
7.521363123005211926e-02
2.048539919395372388e-01
-7.960620335879851073e-01
-1.000129681843002771e+00
-8.011248875871713748e-01
-9.999952560148002156e-01
9.997543138840605526e-01
1.000063899544905155e+00
-8.056150984440559881e-01
-3.264333714162293010e-01
5.928554570602519169e-02
-8.073952044638227354e-01
9.999745160344813977e-01
-5.998903727853022172e-01
1.000686958108010227e-01
-1.000092945816888124e+00
3.954271401322636548e-01
1.876196537239350204e-01
9.998177115971688123e-01
-5.999503789683480193e-01
-6.001438954953143279e-01
-3.272379670888280745e-01
9.999941554468950722e-01
1.001460342499309319e-01
1.000053565019465074e+00
9.999347491649125397e-01
-9.999957310580844805e-01
4.000218212746882718e-01
9.984052560272635435e-02
4.008749146529325680e-01
1.001420464168486651e-01
2.494285823128697399e-02
9.512453182544486352e-02
2.043232838494997150e-01
3.939157789137178178e-01
-7.960720061448667284e-01
-5.998809131476670053e-01
4.006355551800983017e-01
1.000161892282432907e+00
6.347410364414236839e-02
-8.086109478359339020e-01
4.023027261566064494e-01
3.823949278327162804e-02
2.159442381990322457e-01
-1.000103048114599824e+00
-3.281221894930947958e-01
4.077067220178666185e-01
1.937364431757200300e-01
3.660892107695464665e-02
1.000089210576162291e+00
1.000173585184273461e+00
1.000048808329971006e+00
9.984227234199195833e-02
-4.624343266654531298e-02
-9.999705097578776014e-01
-2.849688915263689504e-01
-2.962504898848624668e-01
1.000099365799488993e+00
-8.046517442721224933e-01
-7.828351852008376133e-01
-6.002003499587811319e-01
-2.700292316304725992e-01
-1.000020669036506327e+00
2.181219462322255276e-01
1.000122908784592257e-01
-6.000235515953812326e-01
-6.698617206557670734e-02
1.000028564883513882e+00
2.040339266164848120e-01
2.018656227717186558e-01
-1.181041680769030419e-03
-2.193015683528667381e-01
-3.256432548746112099e-01
-3.561846693813703335e-01
4.108109381958466866e-01
-3.104071764366477804e-01
1.000053804102331911e+00
1.000018271519531599e+00
2.485122340774203326e-02
2.046003453355267898e-01
1.987506018352027948e-01
-5.459411744598572508e-02
-2.995789480909312186e-01
-6.000454697875906573e-01
-1.000077355930300005e+00
2.025810002218420003e-01
1.085851104210397433e-01
