-5.999889150015275119e-01
-5.999984335408489189e-01
9.999857156138258762e-01
-2.865058864475799813e-02
-9.999154813847198620e-01
-8.025824020201759446e-01
-5.999057087599486415e-01
6.805703766798051890e-02
-8.015035419140184025e-01
-3.938303883425875451e-01
9.995864090524034240e-02
-1.000093207369611159e+00
2.041859323416977123e-01
6.806582736577946463e-03
2.094876828108838407e-01
3.905547313560865375e-01
-4.542418598811859970e-02
-1.000013127948760960e+00
2.093942315444521918e-01
8.336367670418109999e-02
4.156772387214456854e-01
4.103943887480723807e-01
-2.466080292720302658e-01
-8.157677752370369184e-01
-1.000068139502335418e+00
3.907262491641355084e-01
-2.082003244387938545e-01
-5.999349037304773091e-01
-2.967921163062847700e-01
9.984330407636880789e-02
-1.000087323021518815e+00
-8.006859436634617966e-01
-7.870809965781493389e-01
-1.000063824881641361e+00
-6.432676195835345355e-03
1.000106794395790866e+00
-1.000068116732808043e+00
1.000087630825805984e+00
4.027254869395159864e-01
-5.999689802812979700e-01
1.000033968940404971e+00
-8.021180765496883636e-01
-2.953284217950727930e-01
9.978052658145114551e-02
-2.729455289299508314e-01
3.978901830642995741e-01
9.992736996028206420e-02
9.996031644623531998e-02
9.995647492049132554e-02
1.859835896592420823e-01
-9.998772881050372874e-01
-7.962433942141072807e-01
4.058322836559713487e-01
3.975871331520673957e-01
-3.312655399664654610e-01
-9.999498711957954811e-01
-8.088371744581225320e-01
4.015648572169209229e-01
-5.256512682907266143e-02
-1.000029764369918528e+00
-1.605184975768024144e-02
4.036728082970659215e-01
-1.000037457557682474e+00
-3.866292211642066712e-01
-1.000058871894105694e+00
1.001133890594737563e-01
-1.000064776028590563e+00
1.438588562619455835e-01
-7.975403199063968440e-01
4.112749245602579928e-01
-5.999110189172025542e-01
-3.600431780083095945e-01
9.998429692384486200e-02
-4.590433975172628078e-02
2.011105844931750652e-01
1.000701815587738547e-01
2.108292850666254603e-01
9.997164308372856745e-01
-5.193425985356468072e-02
-7.902733198605804699e-01
4.130476173258387784e-01
3.952465814633003838e-01
1.928000114813401000e-01
1.934411242232285111e-01
1.000033510785217183e+00
4.004311544645375864e-01
-9.998989574309766759e-01
-5.998339520043511897e-01
-9.999786342013663454e-01
-6.927709734786064236e-03
-1.000058634799417145e+00
9.981214207218735979e-02
9.986785078213944455e-02
-6.000707675781434824e-01
-4.839260234451595033e-02
-8.032515537120928917e-01
-7.992541590442703292e-01
-2.831311354648279877e-01
4.081360838968290383e-01
-2.614167465518151268e-01
3.825274243602950763e-01
-7.908937513444413980e-01
-2.419056549753982877e-01
9.999144027532015644e-02
9.990070608705432786e-02
9.999234682751614312e-01
-5.448796610073071423e-02
4.000293543947647246e-01
1.001095366683002058e-01
-2.550121597980215538e-01
2.030026803288929593e-01
-2.267311681414457269e-01
-6.000389366516888368e-01
9.999351945114796081e-01
3.972168081146564278e-01
2.007954195608503967e-01
1.001481647165430033e-01
1.000040456620090223e+00
-9.997092896158330522e-01
4.080154476502613203e-01
1.000058702295428148e+00
4.108827614232657410e-01
9.999589097675042060e-02
4.042278883371988596e-01
-6.000643191507160079e-01
4.001795517800073032e-01
-2.786798761986116202e-01
4.011320953235420483e-01
9.999984917271441676e-01
1.000151150946136269e+00
1.000707025595978517e-01
2.152417129531896123e-01
3.715780107433397927e-01
-7.959250843187746227e-01
1.001589634471054813e-01
9.999778963142330612e-01
9.999033994510735379e-01
-1.000137910261352570e+00
-6.000898723123035960e-01
3.894666155184121625e-01
-4.659534206909145271e-02
3.919182343097245558e-01
9.995642955397013307e-02
3.981069461575422186e-01
-2.676257523980558189e-02
-3.135077540810381480e-01
-5.999142057029254183e-01
1.965149084186477713e-01
9.999907336591246088e-01
-9.998644259596441985e-01
-7.986804870482810959e-01
9.998400041534099003e-01
3.993123265915094477e-01
-5.999194598174426574e-01
9.991098604451799370e-02
-6.423217853747208161e-02
-2.919138879309495782e-01
-8.133914040780281240e-01
1.993540157216263098e-01
9.997226840965797723e-02
9.999197319817680896e-01
2.039285911694971865e-01
1.911872314247092253e-01
-2.962584944771696205e-01
-1.000051091281288551e+00
-7.207236614771654615e-02
3.941081256707966163e-01
-8.253261711493359298e-01
2.058449536359086285e-01
9.997784525152175750e-01
-7.919730486900656841e-01
-6.002282405143044564e-01
-9.998337127057074225e-01
-1.700669980643275750e-02
-3.300900666361071267e-01
-6.001095468420500900e-01
1.031953335052972556e-02
2.133051167056484176e-01
-9.999577504831369534e-01
1.000028497491682433e+00
-7.906656069957239685e-01
3.904134562435712663e-01
-2.303417747504794555e-01
9.999513409973688205e-01
-9.999674970735494828e-01
5.632904327548004381e-02
2.003462803199702602e-01
1.000806834836558967e-01
-8.051127705849829841e-01
-2.458948767146868220e-01
1.396608910384995565e-02
-3.163206961323370980e-01
1.994865492620846448e-01
-9.042592377654923297e-02
-5.999504084833920947e-01
-6.000624856294221043e-01
4.014703207995248824e-01
1.000032110402766961e+00
1.001690497626757798e-01
-2.858523005183496446e-01
2.241694642523166803e-01
9.998830867294790370e-02
9.998313002412696771e-02
-8.116816922070597684e-01
-5.999180207009925381e-01
-5.998875978039059920e-01
1.000006577188397916e+00
-6.001422816637393964e-01
-5.999680368040475331e-01
9.998690182160041573e-01
2.048945936436244175e-01
-8.028246540295600475e-01
3.878950848587570666e-01
-3.084243042717115316e-02
2.013122132637860939e-01
-8.050997060404305739e-01
-9.999381933770885578e-01
-7.955224028079720400e-01
-9.999172385086300130e-01
9.999971549612313160e-01
1.000070196743062301e+00
-7.811806936791909628e-01
-3.566681131822118100e-01
-1.766630314044206201e-02
-7.844101981357521902e-01
9.999223406440755912e-01
-6.001235737485767219e-01
9.992652814139034445e-02
-1.000030803682006919e+00
3.879709910013423579e-01
1.863314927910443841e-01
9.999610539384218288e-01
-5.999110689333305713e-01
-5.999698157811302890e-01
-3.427242111632091137e-01
1.000094896709824210e+00
1.001379015179169885e-01
9.999699611986824221e-01
9.999272612022414020e-01
-1.000044641805625911e+00
4.002602032058157899e-01
1.000439925669151242e-01
4.016449271235943419e-01
1.000565471492667197e-01
3.991214887194344946e-02
-2.070340922894846683e-02
2.022120388910880473e-01
4.007103693051617954e-01
-7.885063897606136019e-01
-6.002269222451857011e-01
3.963074483855530405e-01
1.000097802486267895e+00
-3.621283094869994640e-02
-7.985048030897644589e-01
3.950565345341948698e-01
3.878459457950061452e-03
1.920154068491360111e-01
-9.999290085984746668e-01
-3.012236192879996222e-01
3.982582018051450401e-01
1.915916864776599227e-01
1.943302383346834708e-02
1.000229317148854769e+00
9.998414217550641858e-01
1.000165329312949325e+00
9.993303021615507209e-02
4.748489311938445395e-02
-9.999925658264876560e-01
-3.322199133617121936e-01
-2.285621771581072825e-01
9.999969941959030439e-01
-7.840419875453200627e-01
-7.963457700194435107e-01
-6.000088025114415080e-01
-3.137957298602626066e-01
-9.999475315913447515e-01
2.064610176660438556e-01
1.000222389568471565e-01
-5.998528058093272053e-01
7.685117357306327744e-03
1.000091809974074097e+00
1.932713285535295200e-01
2.207370926931367938e-01
4.248396559303912329e-02
-2.915182316016677322e-01
-3.629096218754627179e-01
-3.165643307359423120e-01
3.855058649256702386e-01
-3.437816763015515975e-01
1.000251511131570403e+00
9.999711119820701155e-01
4.063018013955702057e-02
1.982125735272382561e-01
1.841373701245824779e-01
6.360537495163302857e-02
-2.422553177919820611e-01
-5.998273047493277721e-01
-9.998300534414928942e-01
1.989381570544112854e-01
-6.240672387582805319e-02
