-6.000275216688191193e-01
-5.999083094058338395e-01
1.000083410678694218e+00
4.152634908508891221e-02
-9.999761989910280757e-01
-7.990483817691730328e-01
-5.997940181050488428e-01
-7.454017641098752145e-02
-8.015313006264136453e-01
-2.400602129293820386e-01
1.000109234536444569e-01
-9.999228792717154146e-01
2.115626684805501645e-01
-2.484145729417462298e-02
2.004251809547295538e-01
3.962012401058780386e-01
-7.024530990995358007e-03
-9.999513027951665300e-01
2.240727333513266029e-01
-5.909923036388244066e-02
3.932197325017634526e-01
3.946587824692880386e-01
-2.560236461920254447e-01
-8.000797469557376917e-01
-1.000020852168801877e+00
3.922342286345372186e-01
-1.982577077330707205e-01
-6.001704664796654320e-01
-3.587980048969482416e-01
9.999930276954099861e-02
-9.999708800493588567e-01
-7.967266294080658229e-01
-7.940139296664489033e-01
-1.000070836558855314e+00
-2.531166303034090501e-02
1.000095663251014511e+00
-1.000050490625040034e+00
9.998881802734013169e-01
4.127802038333178158e-01
-6.001041137155082028e-01
1.000007816253108528e+00
-7.986133864424972417e-01
-1.731530242624972904e-01
1.000182548845068298e-01
-2.560655580437598555e-01
3.951796230506877672e-01
9.987984449457347480e-02
9.981465921880691705e-02
1.000493296254231224e-01
1.966133059076770329e-01
-9.999856256052602754e-01
-8.036718832956203373e-01
3.948511350484255611e-01
3.774502108543758561e-01
-3.376580966892152036e-01
-9.998305471115817022e-01
-7.923919365693207206e-01
4.016367409654038045e-01
-7.546762281805459438e-02
-1.000022496449774589e+00
2.820829243432743973e-03
3.945188474924845035e-01
-1.000003336082738059e+00
-3.346313895371909597e-01
-9.998722366188221855e-01
9.999286157316031320e-02
-9.999150326755898988e-01
-5.751258320735017776e-02
-7.756367261197765206e-01
3.978693881237488350e-01
-5.998924192899709462e-01
-3.318669419092118433e-01
9.996610157228023874e-02
1.294555951331401514e-02
1.926704149895337170e-01
1.000758362712158428e-01
1.972664229140104197e-01
9.999158521587044879e-01
1.108211741318331084e-01
-7.926906932707745712e-01
3.864936258114660683e-01
4.185498110425130980e-01
2.153821241314889667e-01
1.901764538279362149e-01
1.000053994531401980e+00
4.065095827079484025e-01
-9.999221263657840364e-01
-6.000107770303363397e-01
-1.000059762231016114e+00
1.448979510633183476e-01
-9.999355002916686663e-01
1.002251135361906798e-01
1.000897146378717240e-01
-6.000895698377917142e-01
6.057940743955479018e-02
-8.138495618381762498e-01
-8.010728028573678161e-01
-3.063695790825178289e-01
4.086509816702621478e-01
-2.972466524598855186e-01
4.066260935394541698e-01
-8.179347937329937146e-01
-3.090144815937184153e-01
1.000333385422609161e-01
1.001714786047778888e-01
1.000036846784580158e+00
-9.221798826559934881e-02
3.926216241712082722e-01
9.985175325409305358e-02
-2.899662787344597925e-01
2.018693139799071501e-01
-3.102565244663433863e-01
-5.998632668168720761e-01
1.000070930947520198e+00
4.070353446319490143e-01
2.100383919434193614e-01
1.000707686640494587e-01
9.999862508580240616e-01
-9.999267496497108443e-01
4.062197553719169019e-01
1.000090532009855648e+00
3.964241751479817277e-01
1.000586557550146721e-01
3.961983726160128172e-01
-6.000770689256949009e-01
3.896585769931827370e-01
-2.176368200711678025e-01
4.049350891376407025e-01
1.000028094571596249e+00
1.000026255588224000e+00
9.995231067101405242e-02
1.994680701152416746e-01
3.879894335796204019e-01
-7.980505695260092791e-01
9.983689604271182849e-02
9.999941371985360261e-01
1.000020475621616889e+00
-9.998779546170764032e-01
-6.000286277918076561e-01
4.216947982991769428e-01
-5.418709740782378520e-02
3.931393962167591405e-01
9.970668480266993428e-02
4.309626804796283239e-01
-7.687490278348704797e-02
-2.103517343701102327e-01
-6.000013581529560769e-01
1.981979505430556954e-01
1.000161445271512850e+00
-9.998345943176493167e-01
-7.986973485495758585e-01
1.000144346364076897e+00
3.964765913555791665e-01
-5.999964107282780290e-01
9.993798670739163781e-02
1.995565609504373200e-02
-2.696917801636545264e-01
-7.973447940882339990e-01
1.982147524577324293e-01
9.998015446456062771e-02
9.998708056931934207e-01
2.104286755388809493e-01
2.154670984917264054e-01
-2.708345228294176121e-01
-9.999616490466027852e-01
-2.642874858888063019e-02
4.034557264590816206e-01
-8.101020280755057978e-01
1.936267781821347511e-01
9.999316496799671716e-01
-7.875194345765111903e-01
-5.999649403248071833e-01
-9.999281578299163975e-01
3.641580497010557527e-02
-2.803455316637005201e-01
-6.000898411806819821e-01
-2.486641140873090128e-02
1.901911249241740598e-01
-1.000115881731001410e+00
9.999407271517426476e-01
-8.164728492574148122e-01
3.918597289926823435e-01
-3.279309032215718123e-01
1.000054592766497219e+00
-1.000013769208185410e+00
-1.533788714180325634e-02
2.085758463279107633e-01
1.001230653303062379e-01
-7.999518662278574110e-01
-2.642582983273847330e-01
3.693296756225543376e-02
-3.084784165924169264e-01
2.039848304614295393e-01
4.729131351020572638e-02
-6.000378955757009747e-01
-5.999180594212374373e-01
3.983707080681856416e-01
1.000047025358534070e+00
1.001147279002656265e-01
-3.386155249067961392e-01
1.972055649447642944e-01
9.987061499789132157e-02
9.995766864493572934e-02
-8.154022900625742531e-01
-6.000386107628654653e-01
-6.000336798065869504e-01
1.000065531647390316e+00
-6.000024528637736276e-01
-5.999433796764910287e-01
1.000033460927695295e+00
1.915205684229265015e-01
-8.089151058270717121e-01
4.116234713334805395e-01
-6.929346368610213303e-02
2.130021066364247151e-01
-7.948605441317615483e-01
-1.000131162335485602e+00
-7.942026452473183173e-01
-1.000097921235340470e+00
1.000177312905281335e+00
1.000072755416529180e+00
-8.177030719624849286e-01
-2.762788223956224587e-01
3.426368876673772240e-02
-7.943726198710693298e-01
1.000100380719638471e+00
-5.997376094158726190e-01
9.989272387881577286e-02
-9.999020173299498770e-01
3.955987776275937673e-01
1.978809599474097292e-01
9.999304164045735854e-01
-5.998565630694812079e-01
-5.999407701229554357e-01
-2.832651837641170234e-01
1.000030125160058958e+00
9.996322129262320832e-02
9.999445676792536597e-01
1.000063349213964781e+00
-1.000023069814859999e+00
3.967551134084535969e-01
9.996139737284989724e-02
4.140162368948681060e-01
9.984884115371250868e-02
4.132611272494391558e-02
4.752267755497120022e-02
1.899292163870894834e-01
3.863905639186348551e-01
-7.975351299598115729e-01
-5.998173368673374029e-01
3.861096793504218971e-01
1.000070475823301219e+00
1.733706427846098616e-02
-8.001702735880169559e-01
3.744779866107192934e-01
-5.791199423590720485e-02
2.001396602776042422e-01
-9.999734696856932281e-01
-2.807404267266520037e-01
3.951767231241358203e-01
2.008652944529169815e-01
2.566850470653307681e-02
1.000019161314865679e+00
1.000009357000913202e+00
9.999791565624638334e-01
1.001303424538067255e-01
6.421823717242380880e-02
-9.999623631454696016e-01
-2.079931164012684963e-01
-3.674180256802649369e-01
1.000165793352341126e+00
-7.950404558004292577e-01
-8.038012891938366433e-01
-5.999755110687381432e-01
-3.180571682305802228e-01
-9.998668001767031521e-01
2.051398550463218173e-01
1.000983366318974332e-01
-5.999391337613957376e-01
1.960366497515513354e-02
1.000028908201082256e+00
2.048972374067027091e-01
1.960018264456482862e-01
-6.606493450445449778e-03
-3.093221751283806165e-01
-2.101017068715083091e-01
-3.488499187980081961e-01
4.054702598736766861e-01
-2.552351002380746636e-01
1.000083770249102777e+00
1.000057364270053872e+00
-8.797926532823725776e-02
2.105349199287636364e-01
1.925422012826130957e-01
-6.988531315435486668e-02
-2.604423158834745511e-01
-5.998547288826614476e-01
-9.999935936789510205e-01
1.981122121167324113e-01
-6.694872683765305810e-02
