-5.998441824492183327e-01
-6.001824335954066836e-01
9.999741754930001614e-01
-5.277519590735237250e-03
-1.000071885163757113e+00
-7.815789132653324645e-01
-6.000092841119395448e-01
-7.467994250307424808e-02
-7.959548197792017943e-01
-2.876445970861785106e-01
9.987778161571647662e-02
-9.999671206363759390e-01
2.180884004627594019e-01
-5.104325124845465050e-02
1.879788575368404047e-01
4.064230838834302917e-01
5.027347589734634803e-02
-9.998378480191918438e-01
1.930348630284567935e-01
-7.368810595475215608e-02
4.084568887606312981e-01
4.060542359092363385e-01
-2.457274059791322018e-01
-8.015149177816500714e-01
-1.000228962260524268e+00
3.980947499628609276e-01
-1.908508255949160626e-01
-6.000090267225832719e-01
-3.930705256250572877e-01
1.000765029617547153e-01
-9.999648001774543715e-01
-8.087117620124918416e-01
-8.026155880605708726e-01
-9.999290562829282747e-01
2.675938935132339894e-02
1.000000278761087102e+00
-1.000061089755433841e+00
1.000094305105525549e+00
4.115273529660879448e-01
-5.999556580697472663e-01
1.000108810717961427e+00
-8.012029981701238590e-01
-2.770708113752728963e-01
1.000267867805787886e-01
-3.241658039285298942e-01
4.138774340005259567e-01
9.999371320341018943e-02
1.000036991790223817e-01
1.000541472658317138e-01
1.951125258605479473e-01
-1.000034112240884010e+00
-7.976450590403432184e-01
3.796152917385806069e-01
3.872946328357412260e-01
-2.628381087706292418e-01
-9.999766498528610548e-01
-7.984447936329759354e-01
4.039414197167333076e-01
-8.611371757228203361e-02
-1.000066236799491914e+00
-2.167830415778320211e-02
4.047371716245953266e-01
-1.000011933762078531e+00
-3.045103706247768716e-01
-9.998804917227877009e-01
1.000461742532093162e-01
-9.999418318501577252e-01
8.964618489232077311e-03
-8.057982174866129554e-01
3.896327500421438716e-01
-6.000335370734829477e-01
-3.620518904142278616e-01
1.000445423299860248e-01
-5.600236171059779638e-02
2.030732789097774993e-01
1.001387315872220712e-01
1.978487301431843537e-01
1.000013900136046185e+00
-4.854780310069754801e-02
-7.972347401518833365e-01
3.756529483384458690e-01
3.937232592792898056e-01
2.057979978161093570e-01
1.996879329631355282e-01
1.000168503042895285e+00
3.976289379926886136e-01
-1.000074341464789685e+00
-6.000869101856304288e-01
-9.999883767235310250e-01
-1.858172322170035390e-03
-1.000047581829286658e+00
1.001245352099343622e-01
1.000445460590873720e-01
-6.000892753177022865e-01
-5.060671564714011583e-02
-7.837947122753869955e-01
-7.939956687205272923e-01
-3.526159922282391945e-01
3.895458969416572548e-01
-3.717045839302625665e-01
3.831135212713682736e-01
-7.707637953023668276e-01
-2.326878925410015286e-01
9.995591860196038902e-02
9.988478617567023154e-02
1.000009313111424936e+00
-5.698815825411579494e-02
4.062708743761564989e-01
1.001797222038570134e-01
-2.605633426082623050e-01
1.914784756066354732e-01
-2.927698827934077652e-01
-5.999560575069295965e-01
9.998755168194753962e-01
4.024612428482300386e-01
2.098854520836495041e-01
1.000441488590752825e-01
9.999619336454573792e-01
-1.000030491612514227e+00
4.073304394240052084e-01
1.000007135766662447e+00
4.066542904390333391e-01
9.981305431608278322e-02
4.160622645379717377e-01
-6.000001620295057903e-01
4.043039597347183323e-01
-3.167139458809150598e-01
3.909598463261364509e-01
1.000052585474481281e+00
9.999107355919653051e-01
1.000935027531036636e-01
2.056527167469282269e-01
3.990586996872573788e-01
-8.020077172792684506e-01
1.000002658398506383e-01
1.000007528254067024e+00
9.999046437449954361e-01
-9.999001196160534066e-01
-5.999997202100080251e-01
4.105843556466659550e-01
3.094677785509100665e-02
3.917098032208486402e-01
1.001377591131981243e-01
3.985742477633041903e-01
-8.791546159058064025e-02
-2.823880781514682137e-01
-6.000490420993757068e-01
1.901367798694766353e-01
1.000106400910236726e+00
-9.999535635530284461e-01
-7.808510072751853048e-01
1.000173344414393872e+00
4.044073905269801594e-01
-6.000490187302799372e-01
1.001316217032077599e-01
3.674112036422119004e-02
-2.392186278240080455e-01
-7.948511544282385044e-01
1.979607490464553865e-01
1.000006694130092383e-01
1.000081565020051411e+00
1.987669752356573671e-01
1.933534743932063260e-01
-2.862025745844654634e-01
-9.999288510748031156e-01
-1.283534634844717137e-02
3.948995385087181176e-01
-8.008728539954294012e-01
1.983903125828223313e-01
1.000131471857361731e+00
-8.194436826107687200e-01
-5.997325461980399508e-01
-9.999596068725964404e-01
-6.776724417577567605e-02
-3.763036357040673852e-01
-6.001077382897278545e-01
-9.464807019966457735e-03
2.031182070731143707e-01
-1.000154031332020743e+00
1.000072089229683270e+00
-8.014284127143582737e-01
4.006954329751731270e-01
-2.925985873291473416e-01
9.998667653459309967e-01
-1.000014550037777283e+00
-1.717027345960026562e-03
2.052004861502761957e-01
9.994609057999374879e-02
-7.904949315966840473e-01
-2.352226775895850941e-01
-2.169784738227334420e-02
-2.234718167471955175e-01
1.978588043026897336e-01
-5.330286463482615533e-02
-5.998857059527323843e-01
-5.998675519534807377e-01
4.105034355634553656e-01
1.000055066087629285e+00
1.000927253696136526e-01
-3.318297968384052998e-01
1.836045409982663135e-01
9.996568877188194424e-02
1.000541115328363595e-01
-8.090173200429131573e-01
-6.002386824676959609e-01
-5.999428314476271673e-01
9.998994337038892288e-01
-5.999185334887221499e-01
-6.001601126036762990e-01
9.999837236067240509e-01
1.962084205019923588e-01
-7.911745229529681955e-01
4.020534030049232044e-01
6.660458064249734356e-02
1.959516882284887129e-01
-7.956049212660823988e-01
-9.999876534269054318e-01
-7.947423586767586867e-01
-1.000097522425562158e+00
1.000057763173360037e+00
1.000113180232721666e+00
-7.823979383461751036e-01
-2.693591210144912207e-01
5.967054651000715249e-02
-8.034959252320063028e-01
1.000162010184832528e+00
-5.999347379365432831e-01
9.991335699375523960e-02
-1.000079000033584631e+00
4.283341595575567706e-01
2.057479167195655489e-01
1.000004276804399739e+00
-5.999767065224391738e-01
-5.998848334465840537e-01
-2.686630035814179251e-01
1.000027796094313359e+00
1.000998943604718555e-01
1.000015472568073438e+00
9.998646031907110210e-01
-9.999895480329915598e-01
3.960715954170687669e-01
1.001224097873498198e-01
3.920435329968122717e-01
9.978821977281211730e-02
-2.736881446788663741e-02
-6.792577413741124337e-02
2.069236964990400496e-01
3.799283740700695744e-01
-8.072239826557561226e-01
-5.999555802219131984e-01
3.950613519511641525e-01
1.000067897500056535e+00
-1.294461070149417747e-03
-7.943664941970990379e-01
3.951157944986808390e-01
3.682859840662647266e-02
2.050347125592455189e-01
-1.000061759806128103e+00
-3.386749024362962213e-01
4.148946343567665451e-01
2.024403560527029688e-01
-8.425769033504082461e-02
9.999270512593915194e-01
1.000023008832214622e+00
9.999193252941139809e-01
9.989062048007152361e-02
-6.724917360678132894e-02
-1.000044507681415951e+00
-2.839297858853840895e-01
-2.377793831336152686e-01
9.999527485723552767e-01
-7.930098524355644329e-01
-8.060342347337701163e-01
-5.999300973464284370e-01
-2.345724077605082503e-01
-1.000038738991016141e+00
2.101844856167657538e-01
9.999333024538958892e-02
-6.000004299323927759e-01
6.723209305166361061e-02
1.000059401602509723e+00
2.108729442577276791e-01
1.825996451154298650e-01
3.830602213719269677e-02
-2.837570467380137185e-01
-4.157714917157228074e-01
-3.552158365869484968e-01
4.035800457763736859e-01
-2.336301304605754026e-01
1.000058712202252398e+00
9.999437939633846195e-01
5.331109707644222928e-02
1.924035061317964923e-01
2.128898858562589258e-01
3.082452167162398615e-02
-3.059463991596974575e-01
-5.998679578494834352e-01
-9.999852750897092468e-01
1.954132898634608762e-01
1.802223000839538224e-03
