-6.000064670287622581e-01
-5.997880201134354605e-01
1.000027059044603872e+00
9.216516147445767693e-02
-9.999648362616687658e-01
-7.926447451738463101e-01
-6.000195455060551852e-01
-1.674825804283088665e-02
-8.058903330075478655e-01
-2.888287101375474619e-01
9.988545668612777706e-02
-9.999747289607908707e-01
1.985436359795227368e-01
-6.141236600936988282e-02
1.905825135420267935e-01
4.038899081153787263e-01
3.986846185796789899e-03
-9.998532268865482076e-01
1.929883782280464033e-01
2.487023595820388178e-02
3.894739781491730057e-01
3.832539439658850799e-01
-3.518137301340666934e-01
-7.959670773220098861e-01
-9.999548073124397973e-01
3.981946425955678603e-01
-3.061583334358428110e-01
-5.999798233387430013e-01
-2.868578221747002943e-01
1.000436102533490551e-01
-9.998689127231468188e-01
-8.035045063404131493e-01
-7.856460051594863492e-01
-9.999978170788130782e-01
1.848393326392434519e-02
1.000117372306587038e+00
-1.000158527704836597e+00
9.999808145436154261e-01
3.977619265379450098e-01
-6.001031046551016379e-01
9.998687112114675868e-01
-8.001348834053109149e-01
-2.893538534291530961e-01
1.000005877517686076e-01
-3.310410674564902012e-01
3.955334008994755290e-01
1.000249135519706983e-01
1.000048073763226131e-01
9.993146015526060966e-02
2.145340142008121953e-01
-1.000006386723694574e+00
-7.867718297504271430e-01
3.920682167266854035e-01
3.937757002792646177e-01
-4.050233355582302797e-01
-1.000057235982314108e+00
-8.098938997289580888e-01
3.921894597324864784e-01
1.387484781534828737e-01
-1.000021415988156637e+00
-5.869084071709634171e-02
4.110305322402276196e-01
-1.000118390604039620e+00
-1.958429557789971576e-01
-1.000208197965323675e+00
1.001018960111631217e-01
-9.999450049774788463e-01
-9.350284502174927015e-02
-8.183940019318712844e-01
4.064319979055859289e-01
-6.000438917876269596e-01
-3.154369908400732059e-01
9.988744705727277406e-02
1.405320697419501323e-02
2.056680849066501726e-01
9.991663129926266207e-02
1.937671448008595199e-01
1.000077173870288272e+00
-3.436584027014540077e-02
-8.148154634263812257e-01
4.014034439855471148e-01
4.064261502022876726e-01
2.130225677954512564e-01
1.945541223208646364e-01
1.000108752079692742e+00
4.045230478255975037e-01
-1.000141932609572848e+00
-5.998861355588851474e-01
-1.000041275636524007e+00
6.054011275237476675e-02
-1.000036199310474050e+00
1.000046570746508656e-01
9.997893908892555026e-02
-6.000754465084999767e-01
1.285549858799789336e-02
-8.145608811107081237e-01
-7.930518155838951477e-01
-3.570026629365192772e-01
4.037001545614826714e-01
-3.506468885309328432e-01
4.066138513193658932e-01
-7.971240025171091315e-01
-3.736000595834944593e-01
1.001688306389554861e-01
1.000740146914091411e-01
1.000002947917986162e+00
1.364500860201554866e-01
4.052348737730602224e-01
1.001007477181556637e-01
-3.513874001967173810e-01
1.959652938649863729e-01
-2.786578737672155692e-01
-6.000218097662863848e-01
9.998647992759934766e-01
4.003724866581622743e-01
1.964112339685589459e-01
1.000248844768232698e-01
9.999369987419948203e-01
-1.000009791611149224e+00
4.082161483034679184e-01
1.000060901161489157e+00
3.941200851165588825e-01
9.999043268653506900e-02
4.129142265889437224e-01
-6.001400527811970864e-01
4.061170497890828068e-01
-3.208070632189201077e-01
3.902407692444068710e-01
1.000014934512404752e+00
1.000069216928433757e+00
9.985098335490898147e-02
2.075669290584081228e-01
3.888300287061857707e-01
-8.123268592937001875e-01
1.000686812448079444e-01
1.000139567087831693e+00
1.000007459206615712e+00
-1.000089929019921442e+00
-5.999598784505431048e-01
4.070450577726669183e-01
-1.414972145612918564e-01
3.889072235065866301e-01
1.000289813484003115e-01
3.816403425429885643e-01
3.140720513525215030e-02
-2.560273604856476148e-01
-6.000654974645029949e-01
1.944776743541926367e-01
1.000060146429521346e+00
-9.998700526180103187e-01
-8.024339244913317737e-01
1.000088680023271781e+00
3.987832525379237381e-01
-5.999335831574019728e-01
9.996438768308799072e-02
-6.512382093219236390e-02
-2.712714645239354683e-01
-7.931028978374952132e-01
1.930191071918604395e-01
9.997284548126315895e-02
9.999172626932063546e-01
2.008135553484619584e-01
2.078528639978375891e-01
-2.974799807123799655e-01
-9.999245718101220648e-01
-9.345431461651777794e-02
3.906895673598507757e-01
-8.120166513636813965e-01
2.170317143832329043e-01
9.999715792074438392e-01
-7.849050577126398531e-01
-6.000434511455773334e-01
-1.000019911236293302e+00
2.615478068746193360e-02
-2.447437668024654012e-01
-6.001114767903154013e-01
2.765224398859318991e-02
2.010539585868343360e-01
-9.999806005215952087e-01
1.000066078504709965e+00
-8.000032426542201813e-01
4.090435222227690182e-01
-2.519306686778199911e-01
9.999616547191533256e-01
-9.998930835416255380e-01
3.406437159818995891e-02
2.084268637262605695e-01
9.985078485905554690e-02
-8.061216584223100945e-01
-3.791563938247349275e-01
-3.915122564283535223e-02
-2.366673629367845311e-01
1.977051554130813404e-01
9.159899314477431068e-03
-5.998779987477167452e-01
-5.999983677895592837e-01
3.980081398480455612e-01
1.000066213777637270e+00
9.989009741143886623e-02
-3.028848367189093671e-01
1.944199914864178924e-01
1.000009175433947683e-01
9.992863255824267765e-02
-8.012551906437753724e-01
-5.999852178796279967e-01
-5.999572269698916216e-01
9.998496388264814794e-01
-6.000881372052282448e-01
-6.000068202546012808e-01
9.998770870589349657e-01
1.888285853959650595e-01
-8.007581077113314905e-01
4.020401687395803725e-01
-1.683806990528859820e-03
1.926808831860832294e-01
-7.963580642394345599e-01
-1.000119027248321579e+00
-8.079712256044683238e-01
-9.997867062198173560e-01
1.000098752377074351e+00
1.000043417016210467e+00
-7.977043921994450004e-01
-3.408239983920625660e-01
-1.772783031537069828e-02
-7.955405638684733827e-01
9.999598241660649922e-01
-6.000465726329726746e-01
9.989373655941773122e-02
-9.999616867498064554e-01
4.068753476445896022e-01
1.944744962981307113e-01
1.000004209105850306e+00
-6.000648480024735054e-01
-5.998536294042172701e-01
-3.604768149721424564e-01
9.999110140801091839e-01
9.994465777492109182e-02
9.999864673105853807e-01
1.000019675773014649e+00
-1.000051709878705841e+00
3.990180422823734196e-01
1.001469820146691364e-01
4.014323344485299927e-01
9.983916131507862557e-02
2.991301002713575574e-02
2.839207072648530696e-03
2.066124710243885942e-01
3.911403222795068468e-01
-7.832586730006780851e-01
-5.999251122026572070e-01
3.995601596053634519e-01
1.000126368707862312e+00
5.443255302293287766e-03
-8.098073084301380398e-01
3.988033301881907522e-01
3.523207688916506902e-02
1.955873295334562001e-01
-9.999434474314173871e-01
-3.669295095957942343e-01
4.131643360683347477e-01
2.288231324604597938e-01
-1.190546574170779082e-01
1.000044732436743855e+00
1.000135768462706576e+00
9.999627674788117426e-01
9.987754914066411527e-02
5.368978782962872259e-02
-9.999763112468285087e-01
-2.998721665364658118e-01
-2.848672016122505424e-01
1.000001720878440636e+00
-7.924472846099915868e-01
-7.900223604825395984e-01
-5.999488744723942002e-01
-2.079356134474757978e-01
-9.998868328315864140e-01
1.767697443049826844e-01
9.997201631810927192e-02
-6.001305788843128708e-01
-3.455140306690176327e-02
9.999724956772830797e-01
1.933221602027202224e-01
1.834752282132461609e-01
6.908631017365235438e-02
-3.437898551407198022e-01
-3.448346668159232298e-01
-2.986796028053118057e-01
4.044607205988384191e-01
-4.074858439333639004e-01
9.998927314669177058e-01
9.999689897442125552e-01
-5.083446195744454471e-02
2.104047540546281070e-01
1.741222151984502808e-01
-1.044727450686276822e-02
-2.845521584223195122e-01
-5.999457796801687115e-01
-1.000093912267564056e+00
1.971830792523560083e-01
7.909814327399121436e-02
