-5.999047311428925555e-01
-5.999986583896104175e-01
1.000075442673139303e+00
5.180184345045413252e-02
-9.999956987236134909e-01
-7.988051271281175758e-01
-6.002641997082508452e-01
8.475806908239884307e-02
-8.031144245744473720e-01
-3.089970502864857749e-01
1.000898774140231706e-01
-1.000008954188645660e+00
2.031993495011020223e-01
5.657842878835674105e-02
2.107783698826318219e-01
4.043037784807735346e-01
-1.009017847421238845e-01
-9.999764696922586182e-01
1.883306367009162929e-01
-4.168688812913642905e-02
3.916976639946848082e-01
3.909664253490617303e-01
-2.775550678141525118e-01
-8.067964336559723115e-01
-9.998372618875290829e-01
4.010769309923783998e-01
-2.458070154107605265e-01
-6.001441977544172968e-01
-3.429943619453053039e-01
9.990380588632646885e-02
-1.000023741321915072e+00
-8.182813524353096390e-01
-7.933599720537809485e-01
-9.998995670923411794e-01
-8.989104462184692446e-02
9.999476727078910887e-01
-9.999765212193101327e-01
1.000068953042010156e+00
3.902898418233246569e-01
-6.001414248691606668e-01
9.999802328124113293e-01
-7.855035830793389851e-01
-3.350930757595099174e-01
9.993080022706316012e-02
-2.801723747525347585e-01
4.184418664111795305e-01
1.000649446356517147e-01
9.996842392866452098e-02
9.997337986994760117e-02
1.860555006017246826e-01
-1.000024687485443486e+00
-7.919733884491693132e-01
3.919720619986256094e-01
4.174445554383964807e-01
-2.786589622974713909e-01
-9.998551111951361481e-01
-8.104749552961512116e-01
3.976791678294152588e-01
1.739844935522890865e-02
-1.000117233285782614e+00
2.836278121129716737e-03
4.162589787099372218e-01
-9.999068775607448112e-01
-3.589776467604142707e-01
-1.000010201531311926e+00
9.995975982222417289e-02
-1.000180386387453657e+00
2.063768264381313222e-02
-8.074548185458072513e-01
4.033404386694072197e-01
-6.001199886557937457e-01
-3.708148016006692083e-01
1.000476535966720038e-01
-4.717643643029598155e-02
2.167984416092595124e-01
9.992060229814002381e-02
1.992209218321350228e-01
1.000218431605373270e+00
-3.483956285155852955e-02
-7.790429558913213315e-01
4.030006007970974302e-01
4.015518572361549410e-01
2.250918501338003697e-01
2.038422361197302635e-01
1.000078683317842776e+00
3.843890798348983950e-01
-9.999524148015102032e-01
-6.001070933339984759e-01
-1.000149587365583015e+00
2.403535701323759877e-02
-1.000038383871769687e+00
1.000906045338643968e-01
1.000263133315210107e-01
-6.000029031151449255e-01
9.569891940662951513e-02
-7.818846783767369191e-01
-7.856787234853622737e-01
-2.741463037310681305e-01
3.860984859339878783e-01
-3.560676571853397254e-01
4.051816988067939440e-01
-8.110624399803517681e-01
-2.967941783161378577e-01
9.993158723283507294e-02
9.996559942997398918e-02
9.998966981088881489e-01
-4.957632952507155799e-02
4.150868800440156159e-01
9.991150460263052702e-02
-3.477564880409859116e-01
2.021278696924634910e-01
-1.868082869203875895e-01
-5.998916491547297003e-01
1.000000064749738238e+00
3.971876275748911223e-01
2.039142353169141886e-01
1.000054203211421799e-01
9.999345999565288912e-01
-1.000159972092133698e+00
4.096206653470084724e-01
9.999253884915314528e-01
4.092104828457237553e-01
1.001180307025719557e-01
3.943828610199596185e-01
-5.999884824372466730e-01
4.137207633260862050e-01
-2.670349388733568308e-01
4.079049634583929995e-01
1.000026067337601576e+00
9.999829795502950258e-01
9.998212347036865288e-02
2.092215538851056600e-01
3.909595690189661132e-01
-8.161723565742080577e-01
9.979305493989953924e-02
9.999702394512202108e-01
9.998811534039823146e-01
-9.999578808122249196e-01
-6.001470380865174814e-01
4.066674839246538498e-01
-4.658315336386578687e-02
4.179510701370150461e-01
1.000101112382462548e-01
3.999441721616585621e-01
-4.541449347785673878e-03
-3.155045562756045308e-01
-5.999429767411074144e-01
1.959901678267869651e-01
9.999932183363154925e-01
-9.998893421602312870e-01
-8.057848512382670414e-01
9.999778794766339685e-01
3.991334293572948999e-01
-6.002056168079398235e-01
1.000097336650244972e-01
1.295445884088568950e-02
-2.685875346208204117e-01
-8.081123250044811579e-01
1.997942419501675948e-01
9.993719439317877429e-02
9.999597941208122620e-01
1.917722822159170226e-01
2.059625478588044123e-01
-3.015374318368936879e-01
-9.998815464835241196e-01
-5.624725300808605145e-03
4.156637036135037433e-01
-8.129249834120578777e-01
1.945782609294282595e-01
9.999196303277897435e-01
-7.905568520117060016e-01
-6.000089890846607155e-01
-9.999753456867621626e-01
-1.582199745508615363e-01
-2.560679460674603058e-01
-6.000518628822517631e-01
-1.629369707923741806e-02
1.987442812515517465e-01
-9.998973296226006946e-01
9.999814196298391078e-01
-7.869034992010845997e-01
4.008004317977380548e-01
-2.794267405010002481e-01
1.000059356048355053e+00
-1.000020025045343930e+00
5.980128537075105749e-02
1.904237737105086425e-01
9.995590436455251138e-02
-8.046364111763011362e-01
-3.080514220101357448e-01
-7.749278617172020156e-03
-3.231980433454732515e-01
1.977719348873443472e-01
2.601446205938417675e-02
-6.000319873217340172e-01
-5.998927232042092772e-01
4.073236091133702330e-01
1.000090325580880846e+00
1.000976018801395390e-01
-2.773307457460164049e-01
2.095132731420327743e-01
9.984663932760509675e-02
9.999603715036255169e-02
-7.947381432147170299e-01
-6.000327003423713279e-01
-6.000466090631246807e-01
9.997417040205831551e-01
-6.000138388232154618e-01
-6.000565015255070467e-01
9.999961654762574703e-01
2.048283144238108866e-01
-8.085712900057946406e-01
4.110009420638839894e-01
-4.387770019290235940e-02
2.061995333392800112e-01
-7.780425698519176647e-01
-9.997369965682063597e-01
-8.238663648031636644e-01
-1.000087607958723757e+00
9.998274209197905993e-01
1.000125761908041255e+00
-8.063852070565327157e-01
-3.375397967540353372e-01
-5.772837231382066392e-02
-7.983196943331752893e-01
9.998822555109884158e-01
-5.998426950872961516e-01
9.995899255174837961e-02
-1.000005968831867431e+00
3.799978424817483935e-01
1.899602433340043528e-01
9.998928824489884404e-01
-6.000484925027874672e-01
-6.000755414337596294e-01
-3.641700815555642956e-01
1.000132191614691690e+00
9.992037040174300833e-02
9.999283975264438018e-01
1.000031535055624143e+00
-9.999088112003736706e-01
4.084001142010337815e-01
1.000019027498418450e-01
4.124312250387399681e-01
9.999069804589388877e-02
-2.602172583261090633e-02
3.053698172156349075e-02
2.177472626873852568e-01
3.989537932049049829e-01
-8.005351420017199349e-01
-6.000867836300405322e-01
4.147691577112066486e-01
9.999617019862360179e-01
1.337408764881526171e-02
-8.144860648978535789e-01
4.026006384906149482e-01
1.091237046362338731e-02
1.954313668136266335e-01
-9.999040161663701465e-01
-3.709067405467862955e-01
3.658440146494195688e-01
1.971316994442446624e-01
4.989343302640113914e-02
9.999722507221373569e-01
9.999527931203988640e-01
1.000027314271995316e+00
1.000903135434111912e-01
-8.638521051939367437e-03
-9.997354467942118905e-01
-2.797839044546443499e-01
-2.838408411872619386e-01
9.999967934229699873e-01
-8.017827208095131830e-01
-7.762111010311754100e-01
-6.000796457710912968e-01
-2.607240736728337893e-01
-9.999625810650357716e-01
1.948294259142050733e-01
1.000263193226562652e-01
-5.998674584896580564e-01
3.951640487620475262e-02
9.997997691899769279e-01
2.058746780418216349e-01
2.032459831552057838e-01
-8.578666287884002426e-04
-2.225899836268008525e-01
-2.671749709558963737e-01
-2.931289022206145511e-01
3.880771591088711392e-01
-3.965556418245755332e-01
9.999401641434839672e-01
1.000105943552467735e+00
2.543882242609706024e-02
1.908045701981491149e-01
1.884948050624280780e-01
1.244820317010321593e-02
-3.440478448963469882e-01
-5.999396058722850089e-01
-1.000008703083811401e+00
1.869536348218465149e-01
-4.754644725049482490e-02
