-6.001342219896175223e-01
-6.001166435636405838e-01
9.999547793404595097e-01
2.701694676773208278e-02
-9.999529616823776834e-01
-8.193418235088459900e-01
-6.000866954535698516e-01
2.144858052407130899e-02
-8.013195994106562248e-01
-3.638848292601856715e-01
1.000694685007501028e-01
-1.000058326622536908e+00
2.137956009174008243e-01
2.314343637511108442e-02
2.190611147021782612e-01
3.909712981142526855e-01
-6.366597950283663099e-02
-1.000129114382127593e+00
2.128918010517738268e-01
7.118108518530606721e-02
3.985864818115824604e-01
4.052086153040126981e-01
-2.696618545210353046e-01
-8.063180908372477029e-01
-9.999271185142776242e-01
4.133905681419295375e-01
-3.540367202484573372e-01
-6.001626584635888495e-01
-2.436980398857086783e-01
1.001621013199646415e-01
-1.000047142434511871e+00
-8.099756008863162604e-01
-7.927302302576086923e-01
-9.999258426784765064e-01
1.169258421286133720e-01
1.000057313716093965e+00
-9.999797876167519917e-01
9.998016179834672279e-01
4.063325512045424248e-01
-5.999198597155787072e-01
1.000193045399430547e+00
-8.045681850484478481e-01
-2.279050251621966283e-01
1.000872424237555652e-01
-3.322469234587482889e-01
4.160600021641777668e-01
9.997166883452142383e-02
9.990048104716399424e-02
9.995858788715955567e-02
1.918420020213011390e-01
-1.000101039348751275e+00
-8.004856545252702071e-01
4.126703385013481551e-01
4.108793404941318284e-01
-2.565210784385500986e-01
-9.999257701155627176e-01
-7.816019862976149035e-01
3.979163646468072413e-01
-4.625572593043124348e-02
-1.000034816496436552e+00
-6.911496725227195270e-02
4.022400481061315647e-01
-9.998088458149220203e-01
-3.094826042558116996e-01
-1.000085229074503479e+00
9.988531331816526138e-02
-9.998960524209280498e-01
6.183265573818470459e-04
-7.950011210674192697e-01
4.021529533042368376e-01
-6.000154221407250077e-01
-3.197122077139727958e-01
1.000310981391589610e-01
5.060571211282686305e-02
1.875811590713125643e-01
9.991015820207781173e-02
1.815530539067871929e-01
9.999471983936047970e-01
-8.992321488400996377e-02
-7.995762297393022022e-01
4.005519925855847707e-01
3.775811857473091449e-01
2.045053469545097813e-01
1.994863807880644380e-01
9.999993701800432566e-01
4.035865141813010371e-01
-1.000028703315790857e+00
-5.998876713263702198e-01
-1.000023061029242433e+00
6.249496184197728121e-02
-1.000063528407566737e+00
1.000859075504795248e-01
1.000811759707465887e-01
-5.999820627528155148e-01
3.373897377424871225e-02
-8.113186654936879183e-01
-7.983765226024246431e-01
-2.832244817731470743e-01
4.039216933089854189e-01
-1.951125931808190272e-01
3.976466126906965104e-01
-8.071307418346475027e-01
-3.469337099027512972e-01
9.994854355107175847e-02
9.996010401231783526e-02
1.000118019709955286e+00
-7.008026574451152457e-02
4.028651645686268101e-01
9.994016233557150020e-02
-3.537314336481256483e-01
1.870840197313380360e-01
-2.721570662670978469e-01
-5.999197777488042282e-01
9.998651062240074827e-01
4.012938084138496508e-01
2.058933578068013470e-01
1.000021565176481969e-01
1.000005585065536717e+00
-1.000045331751346689e+00
4.071634310393735245e-01
9.999833829637613247e-01
3.951163025619950919e-01
9.995250642707270705e-02
4.077273082221297140e-01
-5.999872888778834401e-01
3.993253264721688955e-01
-2.725269906480137228e-01
3.871051467586143491e-01
1.000103171464960194e+00
1.000000956646013073e+00
1.000243510395777968e-01
2.066782116994709262e-01
4.026952365198670503e-01
-7.680918694473296560e-01
9.999134763805110626e-02
9.999726361380874007e-01
9.999562003612291194e-01
-9.998648692847426078e-01
-5.999047171948235224e-01
4.140190240461622539e-01
-2.032538209800049955e-02
4.068277319717995000e-01
9.995178139335871015e-02
4.106648658137866392e-01
-2.232382333647680087e-02
-3.192821877206308279e-01
-5.996168104348440497e-01
2.096843393794766142e-01
9.999823256365543145e-01
-9.999821705321192411e-01
-7.893444781131209176e-01
9.998417281109734933e-01
3.894887174530679563e-01
-6.000357917115760609e-01
1.001087318134532139e-01
-1.059627488024620368e-01
-2.898032689101811554e-01
-8.037927662728807654e-01
2.115547784513954199e-01
9.998572754355339320e-02
1.000248035538356062e+00
2.003762417963970144e-01
2.008186096371033791e-01
-3.224507359224519920e-01
-1.000075974548749524e+00
2.983182088095190365e-02
4.040852738262507571e-01
-8.040988064992617979e-01
1.877273375533189403e-01
9.998585648084843402e-01
-7.869213110900979968e-01
-5.997790619332582507e-01
-1.000015725960313961e+00
1.075393394253120888e-01
-3.338999179778825432e-01
-5.999819998258608678e-01
2.879126705773057959e-02
2.016073119405611125e-01
-9.997893107883465413e-01
9.999964633983972062e-01
-7.964329556987210790e-01
4.017383607115926347e-01
-3.373920421017725380e-01
1.000035374082500539e+00
-9.998089466642733347e-01
1.088548002308301933e-02
2.129561369684151440e-01
9.995624315718504294e-02
-7.979130194443089241e-01
-2.759308705703488740e-01
2.999393039966520569e-02
-3.949324500530371762e-01
1.891683505384562647e-01
-6.930256612391584581e-02
-6.000657872750210231e-01
-6.000080561752912933e-01
4.000218220454643259e-01
1.000016775313914863e+00
9.995486363877312264e-02
-2.656920431304970465e-01
1.876992706321336801e-01
1.000166521544079840e-01
9.993664022416838544e-02
-7.964952528724524861e-01
-6.001143520330000092e-01
-6.000999040991724653e-01
1.000240645851533605e+00
-6.000278647781142061e-01
-6.001088309546144250e-01
9.999860860109111016e-01
2.044191885979682044e-01
-7.956480086310914190e-01
4.062481937262750753e-01
2.503039206340391953e-02
2.135460643865844388e-01
-8.126244788309331391e-01
-1.000127529745405086e+00
-8.031622493635611759e-01
-9.999778840336526198e-01
1.000110866069883864e+00
1.000117994455247850e+00
-8.282087864320564208e-01
-3.152620657972018958e-01
8.233190489371111642e-02
-7.932803562875530012e-01
9.999450599333226108e-01
-6.000826692953533659e-01
9.972469188982191479e-02
-9.999772912891291554e-01
3.865985190626346490e-01
2.216064311512643270e-01
1.000147038478131023e+00
-6.000018131856221792e-01
-6.000455000612309187e-01
-2.321909056075807110e-01
1.000022790863935640e+00
9.988216087050141856e-02
1.000154859928763296e+00
1.000034530225670792e+00
-9.999202040404427949e-01
3.965476749948968482e-01
1.000621607582310585e-01
3.920367606173932318e-01
1.000303815645049443e-01
-2.141110537989778656e-02
-3.859241254694152721e-03
1.825322978290327969e-01
4.116901287665116205e-01
-8.091450461041190811e-01
-5.999908736943978527e-01
4.085851807656546431e-01
1.000024187429487954e+00
-8.108826546737971097e-02
-7.806626262915403736e-01
3.960155715517585939e-01
-3.225953297622152771e-02
2.038124327081702880e-01
-9.999986470050760134e-01
-2.378473022119402536e-01
3.963904026192190955e-01
1.954911040323819571e-01
8.040564979162733578e-04
1.000039402515835674e+00
9.999810826956948562e-01
9.997905793275247976e-01
9.993470277639115995e-02
2.425196769496770766e-02
-1.000243392684477817e+00
-2.234539136262844727e-01
-1.738792237819294095e-01
9.998734194398514186e-01
-7.882900623896683667e-01
-7.852261942916098914e-01
-6.000580365390889570e-01
-2.974148365386961035e-01
-9.998546744244674045e-01
1.846179728332849879e-01
9.997579244375577601e-02
-6.000291525513277158e-01
-8.385867106733812734e-03
9.998530936581092599e-01
1.977978020855645780e-01
1.963097520026945153e-01
3.674220101277033811e-03
-3.034952483092176467e-01
-3.931313954606618366e-01
-3.053961280248347898e-01
4.069719265477909631e-01
-2.610311741478033021e-01
9.999415739172525797e-01
1.000114675006573695e+00
7.135533000689242566e-02
2.122941781453965282e-01
1.939175339598075976e-01
6.047103613900425834e-02
-3.508574540206002568e-01
-6.000533592072130329e-01
-1.000106001421856350e+00
2.042338028671495664e-01
-8.113079861594316156e-02
