-6.000633651717026673e-01
-6.001519812791378250e-01
1.000094754674282882e+00
-1.487138740197543928e-03
-9.999820939603294434e-01
-8.085001850144041269e-01
-6.000912998740192128e-01
3.213643991508612768e-02
-8.020566939173324750e-01
-2.659779285474599408e-01
9.998367926640408521e-02
-9.999857157015969999e-01
2.029717088938223224e-01
-3.315565312491879774e-02
2.077070630816964247e-01
3.919266006448455797e-01
-7.537195076668182225e-02
-1.000054660831088293e+00
2.202243170255700211e-01
-3.132613508636680061e-02
4.037213904610355009e-01
4.182076257453152257e-01
-2.794878975196842252e-01
-8.190213624217982380e-01
-1.000082172660381907e+00
4.041084059733157097e-01
-3.434793993409093193e-01
-5.999959453085358385e-01
-2.997419035859025249e-01
9.996748712901752654e-02
-9.999994138613634842e-01
-7.917536430065608144e-01
-7.996686729366407898e-01
-9.999507129145165374e-01
-1.884964717113947474e-02
1.000048605528112589e+00
-1.000189044697100460e+00
1.000005739833051965e+00
4.002271245264878985e-01
-5.998232395205295164e-01
9.999585638525002596e-01
-8.090225092520288985e-01
-2.231510277569681011e-01
1.001236054055218427e-01
-2.219125256548259428e-01
4.040665212729414035e-01
9.995773944332431160e-02
9.994545291343343019e-02
1.001493979798508543e-01
2.004201010186618392e-01
-9.998724567824458509e-01
-8.051149332499232258e-01
3.884505938296688998e-01
3.972563902376111122e-01
-4.149490118087953983e-01
-9.999902462137323367e-01
-8.075895147689061693e-01
4.016709042735841506e-01
1.196020066286410284e-03
-9.999030142064259108e-01
3.528832292001665011e-02
4.059590842088719453e-01
-1.000037157365591067e+00
-2.342795048888719478e-01
-9.999809092040158331e-01
1.000987288382457208e-01
-9.998704964758482472e-01
2.645855340040217940e-02
-7.954117251769747821e-01
4.017583485114010755e-01
-5.999754104998307191e-01
-2.679764252783737866e-01
9.992879915117570955e-02
-5.405560343615875563e-02
1.974791993787023414e-01
1.000165418250620331e-01
1.840820336355274700e-01
1.000051167321307277e+00
-1.560676745549066657e-02
-7.796313276677215853e-01
3.900545239414252019e-01
4.070968676831959732e-01
1.920642462574201348e-01
2.068735435516463050e-01
9.999463990446607609e-01
3.978451138244549767e-01
-1.000046826851918036e+00
-6.000169434260061996e-01
-1.000039368459688882e+00
1.661600199885637438e-02
-1.000041928312179307e+00
9.989023180829331716e-02
9.990532990800099489e-02
-5.997981253614561581e-01
-6.821927887554775360e-02
-7.840354565782684526e-01
-7.945570480142660763e-01
-3.289887946609866831e-01
3.845807502031926006e-01
-3.451457111052102511e-01
4.100245953759834028e-01
-8.153328094934612080e-01
-3.735607411115896004e-01
1.000712097505512821e-01
1.000196953446322728e-01
9.999409698854133666e-01
-8.783669016146524247e-03
3.967409722013487405e-01
1.000275844828576038e-01
-2.617742969423709209e-01
2.109394983492001996e-01
-3.650936488573391370e-01
-6.001104487763779805e-01
9.998821370514106022e-01
4.120644631788852319e-01
1.962471378103644304e-01
9.994091407411942463e-02
1.000171730941673109e+00
-1.000010313854709842e+00
4.238222393809248367e-01
1.000117217785079671e+00
4.152764556510561422e-01
9.993363667751892221e-02
3.680704027145146884e-01
-5.999713820638574724e-01
3.948183172588182188e-01
-2.994231563151812381e-01
3.901540320496167391e-01
9.998096412280326195e-01
1.000041321575778852e+00
9.984864847114272024e-02
1.932249410359308528e-01
4.046455084130510249e-01
-8.049727123084711167e-01
1.000481431752008460e-01
1.000008552988693289e+00
9.999488447033397787e-01
-9.998253550842849391e-01
-5.999015168458315950e-01
3.949587116528380792e-01
1.049783340752834943e-02
4.122286557434611254e-01
9.991395920583004409e-02
3.870424459663587835e-01
-8.154776436662120043e-02
-2.667194403633590394e-01
-5.999628185305903028e-01
2.100525664213180044e-01
1.000085212259911094e+00
-9.999468954768510054e-01
-7.953956249732253569e-01
9.998820851445910929e-01
3.994707683277860522e-01
-5.999002448259164177e-01
1.000151977870101377e-01
-6.541828650018992330e-02
-2.377074997936722833e-01
-8.156423000579722249e-01
2.091613460740727459e-01
9.998025202500637754e-02
1.000052308029775849e+00
2.138866659220469979e-01
2.018861785591866409e-01
-2.749977251345185336e-01
-9.999926089159983933e-01
-3.337988782517185143e-02
4.053028441961777917e-01
-7.840283112016488420e-01
1.874521634531324810e-01
9.998962932512578394e-01
-7.873962640759275544e-01
-5.999481236960090280e-01
-1.000047543548892470e+00
-3.308653998115310396e-03
-2.929176648419967721e-01
-6.000341479812095757e-01
-4.944583912010575011e-02
2.007140423555431041e-01
-1.000006795628280987e+00
1.000028106082486712e+00
-8.023425327167509336e-01
3.987545445441167402e-01
-2.721789499750959518e-01
1.000121049378169369e+00
-1.000131363718280708e+00
1.174402807095186879e-01
2.033129881745207868e-01
1.000091322039224628e-01
-8.051632340280037159e-01
-2.911395652315685312e-01
4.346034977385197784e-02
-3.155172117693976763e-01
1.907321589847234267e-01
-2.170912361504664587e-02
-5.999307160185493037e-01
-6.001430912347726077e-01
3.956378778317615197e-01
1.000101367351057702e+00
1.000568745097030199e-01
-2.626500948333940766e-01
2.008870960016692908e-01
1.000963824634284599e-01
1.000378641529503232e-01
-8.106323894319710233e-01
-6.001098333273922059e-01
-5.999568172043552305e-01
1.000245787446329748e+00
-5.998248108473184237e-01
-6.001275300601029983e-01
1.000003462194485548e+00
1.983756518210632036e-01
-7.915167323811256317e-01
3.889518999416688994e-01
7.211353955209474920e-02
2.079720291645669183e-01
-7.948838981490374822e-01
-1.000188575261102608e+00
-8.177139258670613753e-01
-9.999438525570849556e-01
9.999228623517628645e-01
9.999723545449018536e-01
-8.059771625055011102e-01
-3.956665566969927994e-01
1.117257036553327872e-02
-7.997524870417280773e-01
1.000048141998269413e+00
-6.000197057313764182e-01
9.970730135234816272e-02
-9.998217186953237690e-01
4.025220300822527908e-01
1.883360269816296007e-01
1.000043432192660342e+00
-5.999026969010561317e-01
-5.998536525015047971e-01
-2.940732168315016160e-01
9.999237327193836178e-01
1.000228801844196685e-01
9.999587601713324503e-01
1.000115637568639970e+00
-1.000056460069247644e+00
3.987062618211175691e-01
9.996442731317585484e-02
3.914481069749569109e-01
1.000351052783820249e-01
-3.308045329186109357e-02
-7.830206306137295347e-02
2.062904496363785756e-01
4.083410313972724026e-01
-7.966081867385307325e-01
-5.999194348059038173e-01
3.973671686069221165e-01
9.998258522552165850e-01
-8.179428523846821175e-02
-8.022255817109481546e-01
3.907479908549474357e-01
-6.141197694908451243e-02
2.048057883334805374e-01
-9.999031216045735082e-01
-3.902731644006366962e-01
3.955336735314209373e-01
1.868653320408930896e-01
-9.249640963688865458e-02
1.000035648538230015e+00
1.000075362101707999e+00
9.998215307550558650e-01
9.996404643999197426e-02
1.360606146435801994e-02
-1.000053744033281289e+00
-3.144270882659269128e-01
-3.118728279601780673e-01
1.000128953564573653e+00
-8.115488678354589869e-01
-7.799868088402523991e-01
-5.998639308279143378e-01
-2.169314583300597787e-01
-9.999747141740047418e-01
1.944573777667276682e-01
9.992525442402004632e-02
-5.999454365446197368e-01
9.415274994370818884e-02
1.000058058097260449e+00
2.127431024899179568e-01
1.907451772281264502e-01
1.169987068930838231e-02
-2.570183462708359179e-01
-3.577985742577509676e-01
-3.054425363317372355e-01
4.046873858062458584e-01
-2.703351474830189005e-01
1.000040674360329840e+00
1.000039914670196817e+00
-3.268688928315407333e-02
1.963117846997763927e-01
1.981638180586635933e-01
-1.877996708705036502e-02
-2.787823747974891853e-01
-5.998888391472479986e-01
-1.000029763116860204e+00
2.120021593461107190e-01
2.411695754052471663e-02
