-5.999991133106411523e-01
-6.000219228518778314e-01
9.999855079946100567e-01
-4.555943030436905572e-02
-1.000136746269608912e+00
-7.918829265910291015e-01
-6.000229088290139901e-01
-7.448096790028358241e-03
-8.154484451359744757e-01
-2.635227053607243075e-01
9.987430457743147472e-02
-9.998947572474509160e-01
2.127760968215404169e-01
-2.326571805080421967e-02
2.122161753734722045e-01
4.006175241762267580e-01
2.187279041760639697e-02
-9.997988605887049296e-01
2.089165427158811428e-01
3.774366719211108556e-02
4.112436260482169037e-01
4.156428229962655374e-01
-2.916746814679283539e-01
-8.085234771309586232e-01
-9.999448510467113804e-01
3.904732447674796880e-01
-3.447381129167460534e-01
-5.999644091654898759e-01
-2.376737524164818927e-01
9.997481902296244394e-02
-1.000052955458163639e+00
-7.946230207438040871e-01
-7.928245872697315955e-01
-1.000103768069089849e+00
5.386191456032934227e-02
1.000107411869401997e+00
-1.000124680628678098e+00
1.000094203179715535e+00
4.296811205404401646e-01
-6.001864708411785987e-01
1.000058889495070602e+00
-7.944930529644441686e-01
-3.416185137817342454e-01
1.000860094366084474e-01
-2.885993484313145729e-01
3.875724451713992713e-01
1.000778224518962256e-01
1.000695000147625857e-01
1.001336022557455796e-01
2.183589760036144245e-01
-9.999245256463491494e-01
-7.923139837412640496e-01
3.949493016265979706e-01
3.917550872895164682e-01
-2.282134371781838200e-01
-1.000127988900201048e+00
-7.894761747954780473e-01
4.004780073219020853e-01
9.054399587735502061e-03
-1.000014315826494915e+00
-1.965637536669261401e-02
4.028643961523786787e-01
-9.999480744353097528e-01
-3.467286314467511454e-01
-9.999732723040571924e-01
9.997590701398129109e-02
-9.997970183885520612e-01
-4.425468187233561057e-02
-7.968441002798994921e-01
4.065151802222169430e-01
-5.999936117003972225e-01
-2.539762546526562748e-01
1.000415519870472142e-01
1.245129748091977628e-02
2.004244941306892458e-01
1.000211748226389613e-01
2.041196769586571813e-01
9.999291043066441675e-01
6.273834445389685210e-02
-7.924188772261305802e-01
4.066161042507038248e-01
3.893620606459171074e-01
2.089258898549347654e-01
1.912448123640240194e-01
1.000064639976089742e+00
3.819212855219537017e-01
-9.999531373018887281e-01
-5.998523747933961481e-01
-1.000095546380775247e+00
6.785074991370181573e-03
-9.998264754276683375e-01
1.000339273840027410e-01
1.000721857668265408e-01
-5.999230272466393732e-01
8.247328128226677491e-02
-8.046740722047278638e-01
-7.978650586293983826e-01
-3.513399045748113458e-01
3.970681071804887385e-01
-2.709557474863926729e-01
4.085065452235922545e-01
-8.036511106478554378e-01
-3.217107554529636815e-01
9.996929991352329625e-02
9.988557449930574039e-02
1.000117005377725077e+00
-3.052940989238263347e-02
3.917807310358599748e-01
1.000360846368834183e-01
-3.095851856345798736e-01
2.070369099992829809e-01
-3.043381198036600455e-01
-6.000870763974525124e-01
1.000055945969438254e+00
3.893063901335835353e-01
1.893649988965311892e-01
1.001631850995789719e-01
1.000035566728845193e+00
-9.999180745606904841e-01
3.883404428823337140e-01
9.999783525314875909e-01
3.984556147395567072e-01
9.985215782056824918e-02
3.876963653190487191e-01
-6.000858988797045379e-01
4.178922846645884981e-01
-3.715812645264452430e-01
3.922627556479335031e-01
9.999927153912370192e-01
1.000074234047807709e+00
9.985099795663811284e-02
1.853996208864361339e-01
3.961824805152278084e-01
-8.039012856682015151e-01
1.002482478122255910e-01
9.999950550705438701e-01
1.000103586558774404e+00
-9.999244522084357323e-01
-5.999092324094987827e-01
4.142999580550782990e-01
6.200972659082162886e-02
4.075613065888273323e-01
9.997522045535142676e-02
3.833223808829845369e-01
7.317345427995620988e-02
-3.715829393718416140e-01
-6.000796246731705530e-01
2.076009367464372313e-01
1.000040518927696631e+00
-9.999683772630589829e-01
-7.860742827270381650e-01
9.999335328002536549e-01
3.917332331976973725e-01
-6.001163985985671356e-01
1.000803485164402928e-01
-5.688908261848968362e-02
-2.643842920239763972e-01
-8.106862719287980523e-01
2.040759265447245618e-01
9.995120243441783792e-02
9.998144110583216948e-01
2.103319376494685589e-01
1.996479267025468851e-01
-2.627489983054991374e-01
-9.999245769874057777e-01
-2.138034469465294532e-02
3.991316253372172440e-01
-7.938664613058914465e-01
2.013673962966671949e-01
1.000138988135937268e+00
-7.985711727158903983e-01
-5.997114027160238559e-01
-1.000024344507634222e+00
8.025445883567306968e-03
-3.392762434572306196e-01
-5.999992608038973163e-01
6.205595391502832792e-02
1.974407084730910311e-01
-1.000018559334726387e+00
1.000124195976097585e+00
-8.030726820187943371e-01
4.059025464399666494e-01
-3.127759644978732601e-01
1.000198103725155496e+00
-1.000071816738838715e+00
3.278132116683315361e-02
1.918465471925093480e-01
9.988764256674234621e-02
-8.152307262514166819e-01
-2.962889910944009886e-01
3.259750116126720193e-02
-2.810023801899997897e-01
2.031285287123728855e-01
-1.016866437824288927e-01
-6.000011256669884885e-01
-6.000148731905018407e-01
3.998909512305228175e-01
1.000043705179399334e+00
1.000102233997313683e-01
-2.273332628722509186e-01
2.042113011249221122e-01
9.994812664498227417e-02
1.001959915789818190e-01
-8.064627757096359817e-01
-5.999221688182382328e-01
-6.000691202387431478e-01
9.998582488604563778e-01
-5.999855005573180300e-01
-6.000071403683274740e-01
9.998709002984378369e-01
2.009796422262011550e-01
-7.954938385331528083e-01
4.096774654230869173e-01
2.320067629027269471e-02
2.080332612751431831e-01
-7.866076113492102007e-01
-9.999481307159254762e-01
-7.939692706100618391e-01
-1.000145773559875106e+00
1.000325963443276844e+00
9.998627174931653538e-01
-7.872368358741456129e-01
-2.799832055714788770e-01
-5.897437339984429663e-03
-8.044420837034558236e-01
1.000019548149710058e+00
-5.999741576215408267e-01
1.000909561259361175e-01
-1.000105543592610058e+00
4.035976156651217006e-01
2.089324832190970482e-01
1.000014779239666529e+00
-5.998785902480008314e-01
-6.001774735925250459e-01
-2.840688541952413604e-01
1.000032272380765752e+00
9.989737757667238593e-02
1.000062593559794433e+00
1.000009233666247832e+00
-9.999108033155815756e-01
4.150179752076581519e-01
1.001326446587823549e-01
4.080295086869256682e-01
9.993947009217453437e-02
4.842324773251410058e-02
-4.785544397602719408e-02
1.868987310530586532e-01
3.933321286644342329e-01
-8.254711472001480255e-01
-6.000222719399448401e-01
4.038475827344987779e-01
1.000046100721455389e+00
-1.354566636114617854e-02
-7.844268302467882759e-01
4.164498189572283793e-01
5.055553912233804598e-02
1.847041315614215418e-01
-9.999780454503608418e-01
-3.591313447642275891e-01
4.222976955284941103e-01
2.048048195047321440e-01
1.155021464703865838e-02
1.000053251603718829e+00
1.000139314995928119e+00
1.000204520056394930e+00
1.001093710991606545e-01
-1.215806462089520229e-01
-1.000075581827340798e+00
-2.471080586461529838e-01
-2.478466101086332363e-01
1.000174102327532122e+00
-8.033544104662864171e-01
-8.061392247951496559e-01
-5.998518862707030719e-01
-3.401786228400485723e-01
-1.000132195003516911e+00
1.999673848544845645e-01
9.985960350544605124e-02
-6.000120908966504185e-01
2.855605136290716769e-03
9.998302187919954065e-01
1.897989049916062321e-01
1.921749299704744451e-01
-7.322961022780677398e-02
-3.280252423558868702e-01
-3.988075957808845384e-01
-3.401994538215516450e-01
3.752937619289654636e-01
-3.275694429979160160e-01
9.998591017205816778e-01
9.999072989316264426e-01
-1.901585645178783396e-02
1.931690322664136317e-01
1.940213560008443860e-01
4.403491583997656833e-02
-2.866685735819270442e-01
-5.999798744076682011e-01
-9.999405117790272080e-01
2.045548099890807103e-01
7.334465208561691436e-03
