-6.001083149808966732e-01
-6.001102593843905542e-01
1.000027748959089413e+00
2.706608551911673585e-02
-1.000062671376278800e+00
-8.018115640578530323e-01
-6.000079985642430280e-01
-3.174278551969460932e-02
-7.954179334444824168e-01
-2.517480048268689319e-01
9.994768725069400062e-02
-1.000065141945745806e+00
1.975124847129403893e-01
-7.719782977809136471e-02
1.930985098314042248e-01
3.832760617938608116e-01
-3.858520825816655342e-02
-9.999344930063122083e-01
1.994898162194625735e-01
2.072897757285446091e-02
3.950159148803542020e-01
4.020260524783003109e-01
-3.724665236395461321e-01
-7.937730567068420617e-01
-1.000049008884334789e+00
4.125845567612873577e-01
-2.980488750031780043e-01
-6.000574321012858148e-01
-2.282367633131244244e-01
9.992976948263740389e-02
-9.999032387163750979e-01
-7.864168586038208231e-01
-7.985515517717229894e-01
-1.000077129044453006e+00
6.918810325104231274e-02
1.000039480141996950e+00
-9.999866221519853049e-01
9.999318242000884149e-01
4.127527579301810134e-01
-5.998782996066556183e-01
1.000039008212441294e+00
-8.165820884105273736e-01
-2.942109989592455177e-01
9.998406012094979145e-02
-2.571951025042731875e-01
4.104409595278504796e-01
9.993434531874154092e-02
9.995143008745513424e-02
1.000850476454554216e-01
2.096971741565392122e-01
-1.000056117550688128e+00
-8.094285690262867927e-01
4.020201577368943124e-01
3.978728635631655908e-01
-3.550978766769584127e-01
-9.999912094053219347e-01
-8.111128210151661300e-01
3.939186916128428750e-01
6.279736842769227667e-02
-1.000036000550389437e+00
3.260582536470286313e-02
3.736702355828632749e-01
-1.000054852353912782e+00
-3.265780115589226318e-01
-1.000070574900349119e+00
1.000836750497815786e-01
-9.997956034660859803e-01
1.194090008618426402e-01
-7.948081027710576230e-01
4.015357018813370260e-01
-6.000464584170825955e-01
-3.224247892234912150e-01
1.001546458186093891e-01
2.287951086909673082e-02
2.140493232092852416e-01
1.000041609059498376e-01
1.856820675367873152e-01
9.998654155948564215e-01
-6.893548028648614073e-03
-8.055073693342700292e-01
3.853617530857845752e-01
4.151780318216607979e-01
2.120277312076022935e-01
1.959407694735507133e-01
9.999538749179273101e-01
4.030347944861982223e-01
-9.999912721338243271e-01
-6.000778775793031983e-01
-1.000122067078675459e+00
2.370639003856075955e-02
-9.999052303220175020e-01
1.001483501322972397e-01
1.000089002465733568e-01
-6.001325801155856787e-01
1.302744856638991811e-01
-7.833447778308736398e-01
-8.053297994214497768e-01
-2.638694568371364735e-01
4.197736037122761221e-01
-2.233393141386985081e-01
3.979493820966466533e-01
-7.968835742422425428e-01
-2.523825472862811226e-01
1.002566721013232048e-01
9.997755950389995705e-02
9.999551289990135094e-01
1.282855663914851153e-02
3.934558081154163056e-01
9.989647842908983000e-02
-3.111123972191881526e-01
2.067822062715432840e-01
-2.727575255405428889e-01
-6.000500853747450236e-01
1.000081980752992594e+00
3.998350978117843901e-01
2.024705995264710623e-01
1.000218704612852866e-01
1.000013439907530222e+00
-1.000028621896518422e+00
4.053033716920537155e-01
9.999625283075500581e-01
3.941289075470032488e-01
1.001401561139815544e-01
4.028543351614934376e-01
-6.000207423041746813e-01
4.089645484298749523e-01
-3.180174738582374205e-01
4.107641767060329907e-01
9.999894282980225091e-01
9.999096959107401927e-01
1.002384601709296053e-01
1.907300948723471001e-01
3.987988417358710458e-01
-8.116792526995079138e-01
9.995568009962305100e-02
1.000051151199237376e+00
9.999862049696108812e-01
-9.998834986069056185e-01
-5.998535357102100507e-01
4.032673838956434276e-01
-6.462717885067009727e-02
4.036453296502998112e-01
1.001172548848827115e-01
4.070268769562924160e-01
-4.909361776051624632e-02
-3.176180445868571622e-01
-6.000619927136829901e-01
2.011229102873337560e-01
1.000015852758362467e+00
-1.000034960567680153e+00
-8.202216315116990231e-01
9.999675132906510333e-01
4.084841358374274867e-01
-6.001548691344524844e-01
9.992214812309443972e-02
-2.152340863107685479e-02
-2.977799427592853210e-01
-8.222602228982973660e-01
2.100343285406264526e-01
9.991662491152296377e-02
1.000070821204372518e+00
2.136551321999342612e-01
1.787827996111243933e-01
-2.333075219738725559e-01
-9.999703389880175708e-01
-1.881620713898519981e-02
3.938364183603059732e-01
-8.062241515150369020e-01
2.074857187388029489e-01
9.999586600459197117e-01
-7.991442913068894649e-01
-6.000621015957665616e-01
-1.000021136189505944e+00
-3.560910822784024102e-04
-3.629121802548646025e-01
-6.000229979804567737e-01
-3.460054397701364109e-02
1.938507475712052952e-01
-9.999934664240788251e-01
9.999530879012877849e-01
-7.915895275399017494e-01
4.034044465570941207e-01
-2.921614000000687938e-01
1.000049711749216419e+00
-1.000174144458839454e+00
7.259850890206469287e-02
1.837809878581557199e-01
1.001079596353357803e-01
-8.145267962912886572e-01
-3.256820143941240309e-01
-1.050172656446436703e-01
-3.613100765439900552e-01
1.880763552007688466e-01
5.187480638718881126e-02
-5.998448267839157078e-01
-5.999397201004278424e-01
3.910981862360108363e-01
1.000036593357761960e+00
9.975460147174222691e-02
-2.303289050565139884e-01
2.000753607616518048e-01
1.001141619644912301e-01
1.000481579593429371e-01
-7.800673908104622800e-01
-5.999205549548177752e-01
-5.998475569979095923e-01
1.000126953658106110e+00
-6.000337027173786586e-01
-5.999865203928957946e-01
1.000001563372945990e+00
1.855017914170764559e-01
-7.827829888257893387e-01
4.175920154286735797e-01
-6.252501697113869994e-02
2.053967762131344854e-01
-7.911209622435553257e-01
-9.999820280778052295e-01
-8.055669772154380182e-01
-1.000163487851261301e+00
9.999371771591198943e-01
1.000054887853299102e+00
-7.931482046139816111e-01
-2.424467976877268671e-01
1.200579114039841688e-02
-8.002450163819331275e-01
1.000005842482547980e+00
-5.999952367481812265e-01
1.001126772826729378e-01
-1.000119367434614936e+00
4.081089217589712881e-01
2.008158713261476158e-01
1.000153317332288294e+00
-5.998626277097017789e-01
-6.000239146812759161e-01
-3.091765061929255820e-01
9.999356845553282191e-01
9.982295095372294147e-02
1.000130036620515250e+00
9.999919265676041613e-01
-9.999132723723372917e-01
4.024077282292986002e-01
9.994785919445116351e-02
4.064143661797240958e-01
1.000263460073690380e-01
2.867006287550271423e-03
-4.009937043457251216e-02
1.968699669755144821e-01
3.862642488481138892e-01
-8.069718272124213332e-01
-6.000141028341836602e-01
3.977538433531145889e-01
9.999775088752743679e-01
-4.174075010037842093e-02
-7.951891179690403488e-01
3.971379046977092653e-01
-8.609438670754537490e-03
1.929192146794327656e-01
-9.999740283318636624e-01
-3.437812804343745587e-01
3.961508951923493616e-01
1.920253573569449812e-01
1.463318556917793042e-03
1.000009604104007854e+00
9.999182963790396172e-01
9.998803679898855545e-01
1.000332861264443401e-01
3.649305086070733783e-02
-1.000020915649102893e+00
-3.347219559416664270e-01
-3.759013762275095205e-01
1.000008535241372565e+00
-8.008423984212891256e-01
-7.880759387789620929e-01
-6.001337126034088643e-01
-3.825828827170921209e-01
-9.998516546682911788e-01
1.924373443872693934e-01
9.992219483917925971e-02
-5.998720158600038266e-01
-3.321352972607270748e-02
1.000284986954472988e+00
2.026817354341514110e-01
1.763152366066484678e-01
1.391019145317676795e-03
-3.386993534258156968e-01
-2.960515185243769443e-01
-2.514307910568928106e-01
4.040977432027339500e-01
-3.318753821521793212e-01
9.998931659732747113e-01
9.999344395762986837e-01
-2.208080473508659478e-02
2.022974517988227472e-01
1.985015708877516105e-01
4.527949071259078362e-02
-3.371864723429762178e-01
-5.999127699916126932e-01
-1.000070510120706357e+00
1.940069383262001956e-01
-7.378219146964461314e-04
