-5.999302477230129549e-01
-5.999561556710064636e-01
1.000019988506174906e+00
-4.203337168388010699e-03
-9.999086551677298651e-01
-8.017695506546662632e-01
-5.999005673622493928e-01
5.900479366616570576e-02
-8.072166645329114099e-01
-2.638562803179343996e-01
1.000190764151644707e-01
-1.000124864127240887e+00
2.094799480518216295e-01
-1.064097229461240107e-01
1.972473507234273615e-01
4.054780177026559573e-01
-1.952131937919163521e-02
-1.000063259218173739e+00
2.006260348148056205e-01
6.998870793859686412e-02
4.061809646826735065e-01
4.058466990321181744e-01
-2.624638449259534823e-01
-7.876815976894009363e-01
-1.000152253947706571e+00
4.074707369618550401e-01
-3.890571678368406894e-01
-6.000087548305168550e-01
-2.612315228082857654e-01
1.002134302894861356e-01
-1.000115165706878528e+00
-7.935236433393232369e-01
-7.743654075717992802e-01
-1.000062522749339822e+00
8.975175270919777404e-02
9.999466739133839877e-01
-9.999861148708222292e-01
9.999780945958686162e-01
3.839201684535731851e-01
-6.000912410744621006e-01
9.998902468842836289e-01
-7.873688648683709879e-01
-2.926141520129080797e-01
9.994449070575309180e-02
-3.247998711265220328e-01
4.044528249133125253e-01
9.984062080678580975e-02
1.000504142258600432e-01
9.994161967502084021e-02
2.003703416917478886e-01
-9.999518195155084888e-01
-7.835369965196001818e-01
4.022889313744400508e-01
4.022680813784739740e-01
-1.970865130459701353e-01
-9.999731643514340185e-01
-8.020382540257722237e-01
4.004196209779719573e-01
-3.973110084285735172e-02
-9.999322115677787837e-01
-7.382782359202028077e-02
4.039115492185171852e-01
-1.000044050071309254e+00
-2.651131375989008165e-01
-9.999951623692338032e-01
9.997822103178792552e-02
-9.999942868629781989e-01
-5.305392724523830955e-02
-8.079738937852272151e-01
3.772682152693586088e-01
-5.999526286996947899e-01
-3.166532745953551942e-01
9.995638123840054623e-02
5.410942896711754685e-02
1.975809192370224232e-01
9.996099287778500986e-02
2.060255371652662537e-01
9.999081952584562005e-01
3.151433883870388003e-02
-7.924664311184967946e-01
4.051078438688416328e-01
3.919538674660276167e-01
1.912300629639849259e-01
1.957623282287194733e-01
1.000215247103900307e+00
4.040257170543301024e-01
-9.999821313214793950e-01
-5.997739230445594538e-01
-1.000119844958592852e+00
-5.374476144595098648e-02
-1.000153379526115272e+00
9.991291840787690226e-02
9.990831748615010277e-02
-5.998989982387405995e-01
-4.708117574560714141e-02
-7.978226077086585377e-01
-8.134236578990656774e-01
-3.210325324018066806e-01
3.917825143186101089e-01
-2.708660569123808037e-01
3.954123934541662333e-01
-8.043877395583240997e-01
-3.303206734762268448e-01
9.996175507261667592e-02
9.994162521664325116e-02
1.000089148739027323e+00
3.657887428729408169e-04
3.947024071204603968e-01
9.995699427432108708e-02
-2.966776811097525668e-01
2.103202294966021180e-01
-2.792743237859315331e-01
-6.001099141402415071e-01
1.000049220724301691e+00
4.089401064731932323e-01
2.099622439266432550e-01
9.994794570890681851e-02
9.999820627561597508e-01
-1.000011922231952566e+00
4.098480795448218306e-01
1.000067119094831813e+00
3.999207269513770369e-01
9.989006656804769180e-02
3.867344587515477716e-01
-6.000148280543007306e-01
4.011453478676114126e-01
-3.125216754632010874e-01
4.053271423342864610e-01
1.000007793765593567e+00
9.999483988462065653e-01
1.000020708750968268e-01
1.950440497283557062e-01
3.876531891592462364e-01
-8.004033844079089244e-01
1.000077337306120584e-01
9.998484683062801581e-01
9.998384606354800974e-01
-1.000114951517295570e+00
-5.997373164317614247e-01
4.117794647876916736e-01
4.564835175789536820e-02
4.164003561168861389e-01
1.001254210191042243e-01
4.060513141500882717e-01
-8.848759783474515611e-03
-2.615203050687536779e-01
-5.999292156465456660e-01
1.985185047235394074e-01
1.000101806446949571e+00
-9.999945080648163787e-01
-7.789985020403523697e-01
9.999709799531526500e-01
4.015153070427561754e-01
-6.000326260926046595e-01
1.002713965121773687e-01
-3.886339862366939429e-02
-3.236438091217300195e-01
-7.960964075847413168e-01
2.047220435557239315e-01
1.000124680927966941e-01
9.999773872847795841e-01
1.979122461436593483e-01
2.146532985958856943e-01
-3.381685230298103750e-01
-1.000105580839764752e+00
-9.358089591199114654e-02
4.119652856640907412e-01
-7.968413986718853037e-01
2.045493035560263795e-01
9.999978345961832993e-01
-7.836005184473114893e-01
-6.001226231103453657e-01
-1.000166169177003406e+00
-1.490671246985223776e-02
-3.602085278618921693e-01
-5.998518324770879540e-01
2.907015499766324451e-02
1.998755765416891927e-01
-9.999845729809020423e-01
1.000163019418345289e+00
-8.076257566467707205e-01
3.977159762829939882e-01
-2.512419546113756619e-01
1.000116356082770608e+00
-9.999105841258760785e-01
1.285675204289903409e-02
1.767972193191864605e-01
1.000029413606801920e-01
-8.024240817224956857e-01
-2.739151540688069542e-01
2.023293222161974200e-02
-2.938329775890820561e-01
1.851655551655575493e-01
-5.568464863325792852e-02
-5.998791385241692975e-01
-6.000423596712999297e-01
3.982223881791217557e-01
1.000072166009792207e+00
1.000104044528501018e-01
-3.995178455987292154e-01
1.905922683312790966e-01
1.002713702569323490e-01
9.992065065866467810e-02
-7.929529380408869565e-01
-5.999737027954721302e-01
-6.001299628454112023e-01
1.000078404911201924e+00
-6.000152440392994002e-01
-6.000200474388599492e-01
9.999385227209216520e-01
1.796100094604398401e-01
-7.799908237311014014e-01
4.178959592256597522e-01
2.904384088262830857e-02
1.749464386511080105e-01
-7.921975237478724452e-01
-1.000053739275316378e+00
-7.985574233218577511e-01
-1.000073960284259877e+00
9.997133212202820030e-01
9.999212419479356351e-01
-8.037147085346947328e-01
-2.608616061117992602e-01
1.013852294285459560e-01
-7.774402628714335295e-01
1.000110615921026014e+00
-5.998823775882005105e-01
1.000116481652100070e-01
-9.998535392633849384e-01
3.836246613762770430e-01
1.856304195624584041e-01
9.999680603887018959e-01
-6.000308317197016184e-01
-5.998736303842950868e-01
-2.631735051659229163e-01
1.000038063725834592e+00
9.988465384170394645e-02
9.998853572145202095e-01
9.999992694862015474e-01
-9.999822456768907575e-01
4.030319926400702246e-01
1.001650962622477881e-01
4.010362998471020957e-01
9.992812610456079658e-02
1.302986719851746966e-01
-5.947493768817556370e-03
2.043138589482575984e-01
4.049065284061364456e-01
-8.035417904013494317e-01
-5.999736724382391806e-01
4.175371381388021108e-01
1.000092115640253798e+00
-8.487496817967984941e-02
-7.972169403261334386e-01
4.094407923068357769e-01
-4.619043916422520268e-02
1.975304816173482636e-01
-9.999384850874981634e-01
-3.417474999759128607e-01
3.987824693393370312e-01
2.008417042057128177e-01
-6.067929155063329482e-04
1.000019427570262742e+00
1.000135035568914921e+00
9.999857275910475352e-01
1.000628428627624578e-01
4.683006863044573281e-02
-1.000005981723822046e+00
-2.091358057854912356e-01
-3.274579194891618084e-01
9.999379161503090252e-01
-7.981886565874082295e-01
-7.947807203512768925e-01
-6.000291407187758885e-01
-3.514607144789684279e-01
-9.999977964890046644e-01
1.814781239582450856e-01
1.000477005403430236e-01
-5.999592885606426229e-01
-2.334329943016105746e-02
9.998951317352217094e-01
1.998464462858419721e-01
1.999558236537193612e-01
-1.058499626640157154e-03
-3.588994588729422786e-01
-3.076540190114241402e-01
-2.895023392593059075e-01
4.213853208270059159e-01
-3.207000772033064551e-01
9.999827156371769998e-01
9.998733358392816184e-01
1.431554553846090816e-01
2.045133249128343600e-01
1.947633133578625941e-01
-9.273175574173789237e-02
-2.628362304422947049e-01
-6.001123115676899600e-01
-1.000083022206837757e+00
1.962306039378226841e-01
-1.873117803576426765e-02
