-6.000231881108064602e-01
-5.999111888120615133e-01
1.000045792836166791e+00
6.714990804519786749e-02
-1.000263411413638392e+00
-8.131142420688250994e-01
-6.000065718981471008e-01
1.234985341255580467e-02
-8.099772380452862075e-01
-2.671172586095296175e-01
1.002773122156861707e-01
-1.000159992184030733e+00
2.017722133999868828e-01
-4.561420879027451580e-02
1.961507313430309318e-01
4.156987977640530518e-01
1.765792368265006393e-02
-9.999610485754288902e-01
1.854469202236238012e-01
9.891110724540689431e-03
4.109772814494356830e-01
3.971715716786832773e-01
-2.756703036034150456e-01
-8.031938811550581869e-01
-1.000113365907682850e+00
4.049702747015193616e-01
-3.513419535406350769e-01
-5.998947477867689893e-01
-3.448400932619384296e-01
9.980525400875911446e-02
-9.999837057480812641e-01
-8.126017584220069923e-01
-7.989595151438774190e-01
-9.999194770929262788e-01
-2.926657866455983914e-02
1.000094485917840448e+00
-1.000087328658692876e+00
9.999884657111041131e-01
4.171300979161753908e-01
-5.999507049401536785e-01
9.999656370689540275e-01
-8.011030396183768110e-01
-2.986059582135382473e-01
1.001088428009464515e-01
-3.176460689957744665e-01
4.044752624170150912e-01
9.996431201873592909e-02
1.000413161072214313e-01
9.994508221943163018e-02
1.845027739886395124e-01
-1.000156316766799058e+00
-8.061348513745909550e-01
3.931660711471007263e-01
3.991072450386725645e-01
-3.096225388502656939e-01
-1.000200742692398004e+00
-7.947926547809097686e-01
3.959988003047215654e-01
4.928706440005459211e-02
-9.999561425214014143e-01
8.483895202231604704e-03
3.846785724566664788e-01
-9.999979236853551168e-01
-3.481415870926563016e-01
-9.999587286565739808e-01
9.992648729011797959e-02
-1.000075405136146012e+00
2.881952008904579282e-02
-8.057769124576633635e-01
3.932486393557562687e-01
-5.999699446395742042e-01
-2.490236312809254726e-01
9.997082339984268706e-02
7.823870557918171861e-03
2.075111451195520706e-01
1.000177434752908823e-01
2.030403671545292776e-01
9.998230835032169139e-01
-3.621093176424106368e-03
-8.053461779761716954e-01
3.952682481604415377e-01
4.022846075879176198e-01
1.930124543504385393e-01
2.103929175254801165e-01
9.999821767528306315e-01
4.132146550675075414e-01
-9.998673846999547310e-01
-5.999969877012821806e-01
-1.000036482333755083e+00
-3.047731106744695079e-02
-1.000024592104237220e+00
1.001596495554972349e-01
1.000288901518354701e-01
-6.001009486088191291e-01
2.275913656364816733e-03
-7.982564562151059917e-01
-7.925773092355055116e-01
-3.305311719428630779e-01
3.918267491784815926e-01
-3.580139340671234516e-01
3.945714523368238913e-01
-8.077555962129494560e-01
-4.028877911157049962e-01
1.000653333532334210e-01
1.001736981808100946e-01
9.999658217255844583e-01
2.624108795423249138e-02
4.194372211556340879e-01
9.997416563615198204e-02
-2.483761608286587097e-01
1.971152961796400482e-01
-1.666330962069901556e-01
-6.001520279474341635e-01
1.000065060657255422e+00
3.951882995339496829e-01
1.941431440749452064e-01
1.001213240486313882e-01
1.000053446123451373e+00
-1.000005792972031626e+00
4.108291468193240870e-01
1.000237520818997972e+00
3.735774584947464949e-01
1.000134746755752813e-01
3.948383468902366134e-01
-5.997727066292546372e-01
3.901742540721348518e-01
-2.179913349161873570e-01
3.931242643605512010e-01
9.998777513083471069e-01
1.000057073052127654e+00
9.989932881690039013e-02
2.193291100778944624e-01
4.155198729091998944e-01
-7.931038717481607714e-01
1.001217139889376412e-01
9.999488534425926556e-01
9.999356596888567816e-01
-1.000057353301532226e+00
-6.000318498591293848e-01
4.068335160411072904e-01
-5.185440823113277031e-02
3.974067070533543466e-01
9.983066740130365491e-02
4.030682185240677673e-01
-6.382222153194597181e-02
-2.577773108026621407e-01
-5.999235922873629168e-01
2.037136026022100810e-01
9.999594557505039338e-01
-1.000013161723114052e+00
-8.015742312697605731e-01
1.000101576627270727e+00
3.934350842497790213e-01
-6.000494010013256441e-01
1.000051780853620093e-01
-1.932247108202884978e-02
-3.755394659417288783e-01
-7.951477577346909298e-01
1.976140093550576571e-01
1.000510830258132117e-01
9.999765578125392462e-01
2.009314771701503077e-01
2.151674234925833040e-01
-2.167100589732043336e-01
-1.000085754872168664e+00
-7.923970368222619728e-03
3.911630285081748593e-01
-8.122601607797934609e-01
1.910269946683887943e-01
1.000042241776757379e+00
-8.024761183047250945e-01
-6.001128139753640900e-01
-1.000089962948149225e+00
-5.008790017902411268e-03
-3.416031075803069861e-01
-5.998378418096876885e-01
3.671297801105886504e-03
1.974364752903908782e-01
-9.999051579510294108e-01
9.999101264751347751e-01
-8.012811926283636144e-01
3.966814336949794906e-01
-2.628302476697628731e-01
1.000101375557793659e+00
-1.000069156163127637e+00
2.517057154562567234e-02
1.922553278245774655e-01
1.000406151465390164e-01
-7.999398325870915594e-01
-2.996332470322982111e-01
-5.847746002331435933e-02
-3.188029143115714836e-01
1.863712584640095093e-01
-6.063310548710076214e-02
-6.000859012958082994e-01
-5.999408287215814983e-01
3.913684186656575248e-01
1.000090165208047388e+00
1.001547448467180051e-01
-3.296471365901119666e-01
1.956504913759731512e-01
1.000210197171290533e-01
9.988347755152265917e-02
-8.042266142277395558e-01
-6.001159781086391476e-01
-5.998742290717250514e-01
1.000051116224245140e+00
-6.000099106060228227e-01
-5.999268788848012290e-01
1.000008010441608919e+00
1.986424698414780421e-01
-7.959233683051248898e-01
3.923717604554805005e-01
9.139872590102078587e-03
1.926472928044381527e-01
-8.039084425270288659e-01
-1.000128914547302017e+00
-7.904922226893420500e-01
-9.999747025177478932e-01
9.999479982925311150e-01
1.000037148125664022e+00
-7.943868906300189936e-01
-3.660673966994190676e-01
-4.125583672013475450e-02
-7.848953375365170793e-01
1.000024305891152654e+00
-6.001440456917539468e-01
1.000263832436076444e-01
-1.000152679429507030e+00
4.030735933369190560e-01
1.923639619404408085e-01
1.000026792616058646e+00
-6.001337592538642518e-01
-6.000381591515527857e-01
-3.110049992790215878e-01
9.999514000985694206e-01
1.000064509143437086e-01
1.000119237952600493e+00
9.997883069045689908e-01
-1.000002577906669243e+00
4.051772463632919430e-01
9.999473472897701942e-02
4.038424015932868261e-01
9.997905447607516316e-02
1.852022903669267237e-02
1.150791481126683252e-02
1.928766079915449072e-01
3.928477872519055003e-01
-7.907208244416750187e-01
-5.998345704377465726e-01
3.906222783767913098e-01
9.999265839446775939e-01
5.494567512598902415e-02
-7.954011507134690628e-01
3.905929684578877681e-01
3.343346321399557480e-02
1.849456816853844721e-01
-1.000106792204351613e+00
-3.397257697771407514e-01
4.091551435559883099e-01
2.033267824636373899e-01
-3.155417735217943588e-03
1.000082643884814049e+00
9.999328529749192951e-01
9.998999922102239646e-01
9.990278610771151369e-02
-5.375988586133712693e-03
-1.000184001085636432e+00
-2.728229312975928300e-01
-3.271515661588176860e-01
9.997811397513816090e-01
-7.984335430497182529e-01
-7.890666158812786879e-01
-5.997696868343186383e-01
-3.170651901848848819e-01
-9.997856814150287708e-01
2.086324797279537069e-01
1.001381368202733935e-01
-6.000822164988410812e-01
6.692591363646541169e-02
1.000122685672644840e+00
1.990627147476651537e-01
2.204232944104185243e-01
8.409433732527413219e-02
-3.818536952126063144e-01
-2.697991666040258085e-01
-2.961408579775772210e-01
4.165293618277672860e-01
-3.171924062920641330e-01
9.999522603667042597e-01
1.000102052487370274e+00
3.284346551643152479e-02
2.113014566818712248e-01
1.865419164885665226e-01
2.862006316375791462e-02
-2.382396221955551396e-01
-6.001671313925737161e-01
-1.000139338284236956e+00
2.082973811488120219e-01
-7.041837969266738495e-02
