-5.999957664960084980e-01
-6.000315553202454355e-01
1.000021289511584532e+00
-2.053435781184680901e-03
-9.998504076525230877e-01
-7.903293301649545466e-01
-5.999827499355769866e-01
-6.044750042350693214e-02
-8.094296742305112646e-01
-2.739172550705420983e-01
1.000111781597180227e-01
-1.000187225389350454e+00
2.042613450589887414e-01
-4.229476399442453488e-02
2.138766472009878128e-01
4.053313300359576710e-01
5.040712905654953779e-02
-1.000117299363656231e+00
1.921996665407461058e-01
1.872176475595123402e-02
3.859980913381163559e-01
4.135900351691380594e-01
-2.737161882212106323e-01
-8.033290110294273312e-01
-9.999343598572010272e-01
4.007879125862831016e-01
-3.232065999847245630e-01
-6.000430725179705105e-01
-3.302686204423388450e-01
1.000442768178601144e-01
-1.000042545214413270e+00
-7.989511731143196238e-01
-8.172520368142097702e-01
-9.998027053221424376e-01
8.980720625206040086e-02
9.999728925305192417e-01
-9.998726665615070841e-01
1.000102319251864547e+00
3.988954931190198949e-01
-5.999887322447919891e-01
9.999793039496003288e-01
-7.907914051270155120e-01
-2.801525009960503243e-01
9.990109849271766596e-02
-2.273317202487113442e-01
3.910786821361362242e-01
1.000558816540959156e-01
1.000406692813973625e-01
1.001716975538935323e-01
1.983411574179423653e-01
-9.999324328876521006e-01
-7.933204508994381454e-01
3.921358455514527552e-01
4.088965272239851179e-01
-3.429743900539946044e-01
-9.999944534695449638e-01
-7.930166719172139222e-01
4.013432170516274544e-01
2.223376233762808588e-02
-1.000102464655691081e+00
2.711602011596687262e-02
4.088114269782282539e-01
-9.999756105316311983e-01
-3.021573792226020516e-01
-9.997157894995409855e-01
1.000050704689533082e-01
-9.999946025637831415e-01
-2.538150415249400618e-02
-8.078297808722741946e-01
3.940230647312226719e-01
-5.999957677496826625e-01
-3.739086563693699850e-01
9.995609404501600015e-02
4.391367946428273439e-02
2.019332530467446984e-01
9.985640580121171728e-02
1.888990544129586224e-01
9.999901568814559827e-01
2.751656477517228083e-02
-8.163392539794235292e-01
3.997995250114911303e-01
4.020335568426757766e-01
1.859815126148033071e-01
2.227234208326767106e-01
9.999387486291368976e-01
3.972038884748599341e-01
-1.000016652698653141e+00
-6.000261990262183431e-01
-1.000043625117404078e+00
-1.309181588987529815e-02
-1.000063706062901403e+00
9.997644678624947878e-02
1.000300991311616761e-01
-6.000090687910528686e-01
-1.060577727712407221e-02
-8.190260352954635836e-01
-7.997284789733025701e-01
-2.265659658630826412e-01
4.112985512366363894e-01
-2.042031631920756540e-01
4.103746523197800977e-01
-7.841728631245971082e-01
-2.986325114069108277e-01
9.992760093695381152e-02
1.000573991824671577e-01
1.000018569107966160e+00
-1.826502078022981118e-02
4.033281159485059830e-01
1.000502163644237108e-01
-2.874192140345845914e-01
2.032147667993178253e-01
-2.828616317924807499e-01
-5.998370958034413558e-01
1.000155395034472150e+00
4.069830043976560008e-01
2.009974790912064102e-01
9.992767161157206646e-02
9.998688550949115239e-01
-9.998969646791973087e-01
4.125551341638482583e-01
1.000165449390318040e+00
4.062795606047799324e-01
9.997140690868225321e-02
3.999376745038824010e-01
-5.998831900857510835e-01
4.214458677808839426e-01
-1.779032856627510706e-01
3.795136436304641370e-01
9.999329158601319989e-01
1.000108890046980337e+00
9.988946644395561847e-02
2.115539583376499222e-01
4.074043043566293876e-01
-7.905028622046603726e-01
1.002365858878075944e-01
9.999399888076310194e-01
1.000001562921660092e+00
-9.998468406186534763e-01
-6.000726510848992667e-01
3.932215455502595103e-01
8.854913639193842667e-02
4.152259819903297289e-01
1.000505379976256853e-01
3.885709279410028416e-01
-3.365588024839100828e-02
-3.176324486752950538e-01
-6.001685430037720925e-01
2.124287816214417424e-01
9.999288581169309964e-01
-1.000065437051703920e+00
-8.005350362158063504e-01
9.999808558642089285e-01
4.148298162455042459e-01
-5.999395567650049887e-01
9.998402881604301351e-02
-2.865057663652545439e-02
-3.201952971345921606e-01
-8.153084689246891115e-01
2.133273606966714087e-01
1.000124619372871615e-01
9.998989964901641159e-01
2.073637958911680734e-01
2.181537353615245201e-01
-2.730452146219629062e-01
-9.999365255484252701e-01
-6.064179950710087098e-04
4.178444522303858544e-01
-8.105870102890383455e-01
1.883050353677505062e-01
1.000109434094647920e+00
-7.904517710779842554e-01
-6.000483694975293769e-01
-9.998693576472468258e-01
1.651288271650996412e-05
-4.210616923403840417e-01
-6.001536156374484010e-01
-6.627297973391590297e-03
2.118102279857354553e-01
-1.000039444740877137e+00
9.998080345703442839e-01
-7.915656972240742162e-01
4.015495488226584198e-01
-3.605758454152173109e-01
1.000050401196081795e+00
-1.000024210031197125e+00
-6.183178049729081555e-02
1.989355300400897641e-01
9.990902393228680289e-02
-7.933752374307183608e-01
-3.657873274953105658e-01
2.750586753499996776e-02
-3.023671851349791773e-01
2.039586690788549594e-01
-5.510653396552335145e-03
-6.000991141097672399e-01
-5.999434873887879993e-01
4.075577422660250915e-01
1.000070583670432889e+00
1.000527153432811400e-01
-3.771942288816529376e-01
2.161472714726377919e-01
1.000565149618842381e-01
1.000909692099616888e-01
-7.914857026750670155e-01
-5.999091537575580446e-01
-6.000263179974691941e-01
9.999048195837448860e-01
-5.999664254477351522e-01
-6.001152247503497295e-01
1.000115612184939717e+00
2.024580488773815856e-01
-7.962525438099705699e-01
4.071309456808551164e-01
-1.363942719730352506e-02
2.060280006580890166e-01
-7.938666282291789722e-01
-1.000176742455133994e+00
-7.746977970014368164e-01
-1.000019903153042344e+00
1.000050257200443493e+00
9.999518806384558589e-01
-7.859138021644391792e-01
-1.940044648894949930e-01
-2.378716163665665993e-03
-8.000136199684442229e-01
1.000021187865085315e+00
-5.999637304321426834e-01
1.002435512618431446e-01
-1.000137477677605524e+00
4.126272612092070635e-01
2.089671530789366516e-01
1.000047882104755814e+00
-5.999874216250072889e-01
-5.999828247165411854e-01
-2.370480798925227173e-01
9.999109026899140051e-01
1.000599409694655356e-01
9.999895807412308990e-01
9.999732141186660206e-01
-9.999280676735375906e-01
3.914416951626331631e-01
1.000636859766433073e-01
4.004949740516201562e-01
9.990089294764310790e-02
-3.414295152236770416e-03
-8.658665438393244040e-02
2.074587452336655313e-01
3.980905399356091667e-01
-8.032146785029476987e-01
-5.999400682318808409e-01
4.023619630906570821e-01
1.000123145915330802e+00
-3.763346256478667176e-03
-8.044983163073455845e-01
4.190949425067739265e-01
-1.027473381436631306e-01
1.994379234910525489e-01
-9.999465881660551947e-01
-2.666161601409665072e-01
4.017857988604633390e-01
1.969697321259554212e-01
-1.127640019356720702e-01
9.999738261521824434e-01
9.999092276427176129e-01
1.000049687651549668e+00
1.000128080134614211e-01
2.734566457925966584e-03
-1.000206276808937256e+00
-3.094013080387901793e-01
-2.279488896509293538e-01
9.999440980046572225e-01
-8.020491817713961691e-01
-7.871720228205458803e-01
-5.998908587855450447e-01
-3.101052310985225602e-01
-1.000131341286925268e+00
2.049808279615189521e-01
9.986421436237709337e-02
-6.001695242858058332e-01
-1.294084226053715883e-02
1.000089021407780887e+00
1.915013310483728581e-01
1.976695955285853179e-01
3.359603287180553538e-02
-2.938897339204346593e-01
-2.835375401579480759e-01
-2.959465147962665466e-01
4.031927245596305109e-01
-3.170291263182746788e-01
1.000117005996305597e+00
1.000032826238192785e+00
4.127869449210200964e-02
1.761406892983840844e-01
2.095261700569144570e-01
-5.097102138914291758e-02
-2.516736491086358773e-01
-6.001379429026078016e-01
-9.999801154969768513e-01
1.943688569723893700e-01
-4.919658834922983198e-02
