-6.002179106493753524e-01
-5.999646928270446766e-01
9.999801272393669116e-01
-6.092735055061273414e-03
-9.999947777003319604e-01
-7.913639650248167623e-01
-5.998847081326411645e-01
-5.944427277497782436e-02
-8.089217515398540170e-01
-2.511865026769040665e-01
1.000445242791901251e-01
-1.000035644120321976e+00
1.913672671401233927e-01
1.138561186200251207e-01
1.988875355555533297e-01
3.908486898368667140e-01
-9.883751526740856830e-02
-1.000126518953714960e+00
1.878606390011542115e-01
2.627513651309376294e-02
4.229701534847420952e-01
3.926391913095192976e-01
-2.628308571219699630e-01
-8.039195378821447635e-01
-9.999870290405734607e-01
3.935392923594138170e-01
-2.609806210850421637e-01
-6.001706092059906350e-01
-2.475841174217542351e-01
9.986934882344122855e-02
-9.998895080727475682e-01
-7.878931137338420765e-01
-7.741321904880350546e-01
-9.998976673511946744e-01
3.577056940632195731e-02
9.997798195550553491e-01
-1.000035130851590681e+00
9.999023856973778823e-01
4.143918024876996342e-01
-5.998605377113561676e-01
9.999935165749849197e-01
-8.000832795194535718e-01
-2.455859368817326360e-01
9.992906077096595785e-02
-3.547403107725832783e-01
4.127691188486972695e-01
9.986184209049268901e-02
9.999316426922243151e-02
1.002280296077472238e-01
1.904965877222695170e-01
-1.000077583193667685e+00
-7.819082071456812111e-01
4.134129235436744265e-01
4.068227998670354562e-01
-2.199192438009061334e-01
-1.000008924955334555e+00
-7.805712895512590954e-01
4.194453617128489631e-01
2.933199576802265895e-02
-1.000032345408350176e+00
-3.852211425436685710e-02
3.900379861208064791e-01
-9.999276901423789221e-01
-3.624516013661444602e-01
-1.000009888914158207e+00
1.002215510287426531e-01
-1.000057550324096045e+00
-1.554787067971754450e-02
-7.938207105264956098e-01
3.944241561946376096e-01
-6.000483256954370903e-01
-2.870575115967738400e-01
1.001379409493856482e-01
-9.374197877863256825e-03
2.010720453760703741e-01
1.000103742396237644e-01
1.972039820122710174e-01
9.999294566747403135e-01
3.116604604502397693e-02
-7.954963794098132146e-01
4.173352456530074472e-01
4.030617295867020555e-01
1.995412692906576302e-01
1.960564249357695799e-01
1.000119307938151181e+00
3.956164140349061054e-01
-9.999754038991369720e-01
-5.998915222500156297e-01
-9.997493741891090302e-01
5.411874497750136792e-02
-1.000168539740735163e+00
9.998404469503253955e-02
9.997985783009542826e-02
-6.000321988270979068e-01
-5.930306542665540054e-02
-8.048701046244097768e-01
-8.142447992961788783e-01
-3.227095899065567930e-01
3.837328182949880651e-01
-3.074579011807273554e-01
3.976105530122063247e-01
-8.053674958873765499e-01
-2.637614779136360776e-01
1.000412169837045645e-01
1.000777042326244232e-01
9.999444549269098648e-01
-1.308395079875881474e-02
3.820437273655509225e-01
9.999743860853255173e-02
-2.952754530385066634e-01
1.912126028089638774e-01
-3.851409211250136910e-01
-6.000404912877943531e-01
1.000162270706422829e+00
4.097681202179274673e-01
1.946307880913946131e-01
9.992934815421407324e-02
1.000170499127426282e+00
-1.000061555864500296e+00
4.007082592467385851e-01
1.000001708180660698e+00
3.847255554215088802e-01
9.993801518452880006e-02
4.094915888928131187e-01
-5.998644967141713025e-01
4.022924549601787358e-01
-3.064554222754791168e-01
3.894155717903557967e-01
1.000060641785301963e+00
1.000024004584278536e+00
1.001827778440599892e-01
1.957192921974423849e-01
4.045092329358917493e-01
-7.937776896332954246e-01
9.978319107282393463e-02
1.000035114257729729e+00
9.999096396202072912e-01
-9.999563507562870823e-01
-5.999404621429631490e-01
3.991196688174897811e-01
5.450604113967151554e-02
4.037188794674561043e-01
9.986354076050897588e-02
4.173397693088977123e-01
5.123805048667032236e-02
-2.401841844753950794e-01
-6.001977626390448961e-01
1.988233481883573406e-01
1.000085552386901888e+00
-1.000230028830108475e+00
-8.205156420470597345e-01
1.000022510778007856e+00
3.837978677037443553e-01
-5.999052119216932155e-01
9.998665843835700950e-02
1.511554117854051194e-02
-3.754172432367003931e-01
-8.006203228465625932e-01
1.884482814794384287e-01
9.980693281212568713e-02
1.000058884569253070e+00
2.009131007176709338e-01
1.885592434101541481e-01
-2.760129749899202789e-01
-9.999239430307957921e-01
2.761802463901043281e-02
3.953341513062752499e-01
-8.057991682984220194e-01
2.107067408684734078e-01
9.997478174187429678e-01
-8.027291216705942922e-01
-6.000616013697486206e-01
-1.000065759696132650e+00
7.690276375274648912e-02
-3.113436423852429802e-01
-6.000351450738276027e-01
5.026838145319204726e-02
2.032268104713148560e-01
-1.000071554186225287e+00
9.999598194082915947e-01
-7.938507092910266350e-01
4.171837647552628092e-01
-2.912150850159374027e-01
9.998853830512165475e-01
-1.000071050638943637e+00
-5.787703970130623349e-02
1.929589682127219041e-01
9.988695173296163743e-02
-8.034775346315948807e-01
-2.944088458893823756e-01
3.577981228562616273e-02
-3.094095040296997445e-01
2.020813481779326071e-01
7.350607058757903378e-02
-5.999071066677574837e-01
-6.001811721337436678e-01
4.023107600891956404e-01
1.000189637497614914e+00
9.985651554736918456e-02
-3.259522965718826271e-01
1.961841523799971454e-01
1.000540416878497318e-01
1.001717012072328161e-01
-8.029636850676474813e-01
-5.999348672133938409e-01
-6.000927637792895508e-01
1.000103816663975742e+00
-5.998905039901132330e-01
-6.000123308860896287e-01
9.999515379769364776e-01
2.002987922059448755e-01
-7.912950290002992437e-01
4.026946918344697646e-01
-8.963406137473856061e-02
2.141688590523708746e-01
-8.088353214919324907e-01
-9.999269488112841886e-01
-7.865873538084523497e-01
-9.999952731046795051e-01
9.998358159954560120e-01
9.999255683256795812e-01
-7.970863286509600742e-01
-3.321403996045908524e-01
-8.604317268613115299e-02
-7.655119371047319765e-01
1.000170306420028021e+00
-6.000064654494922101e-01
9.989477913042502100e-02
-1.000021511224277182e+00
3.930367054563486118e-01
2.037630968102102091e-01
1.000029493220714771e+00
-6.000067359745074880e-01
-5.999640861621711174e-01
-3.502335006755616931e-01
9.999684709926761617e-01
1.000771155585248595e-01
9.999711282076110264e-01
1.000126253383893271e+00
-1.000165355804250478e+00
4.106196194340759886e-01
9.997422125141391946e-02
3.983518296105413858e-01
9.980246443502290010e-02
-1.625647788219010056e-02
3.778875751267528338e-02
1.962296393303963882e-01
4.123202378987644301e-01
-8.001867985439139463e-01
-6.000038219607567447e-01
3.791810639699894625e-01
9.999446312929198832e-01
-8.058755182050521271e-03
-8.073681910277311635e-01
4.066986798404007564e-01
-2.407596928965223884e-03
1.847029637703872518e-01
-1.000044059879478642e+00
-2.081337897993759123e-01
3.958263306829072903e-01
2.057335493218863942e-01
1.706600350025974655e-02
9.999250463060033178e-01
9.998886331183554077e-01
1.000022491665021329e+00
9.971211418215240874e-02
-3.296445796737292738e-02
-1.000195613140951956e+00
-3.134472264523259222e-01
-2.818438794475434106e-01
9.999843156050756132e-01
-8.140458018483621716e-01
-8.121926118840446795e-01
-5.999444387794071742e-01
-2.805207414773906449e-01
-9.999639072289481234e-01
2.075029927795161155e-01
9.985061310356013742e-02
-5.999320008258545167e-01
-4.377370350175657787e-02
9.999659797434229391e-01
2.072954141077245627e-01
2.035101261871708478e-01
5.020510663812881996e-02
-3.007780026718226418e-01
-2.556509477295087485e-01
-2.741645889672186254e-01
4.062251248838817386e-01
-2.936098957218200578e-01
9.998997200501005267e-01
1.000056775502223383e+00
1.641608052007415691e-02
2.072901106215346290e-01
1.912396654711005506e-01
-4.617661378908880301e-03
-3.339315537034641679e-01
-6.000183483441676735e-01
-1.000116345529380446e+00
1.804125842504731014e-01
-6.311878247344618331e-02
