-5.998985178191609258e-01
-5.999814798708563712e-01
1.000048768532408427e+00
-1.056023903276401103e-02
-9.999592766269851385e-01
-7.899895194578917534e-01
-6.000623886893631243e-01
-1.171678604204737240e-03
-8.092951900558555955e-01
-2.954707506628975189e-01
9.997050195351450674e-02
-9.999892838171465792e-01
1.970742490208429454e-01
-2.046513593933810965e-02
2.143772945676032937e-01
4.060807508230800944e-01
2.412023705718803132e-02
-1.000009918424355604e+00
2.056015456806838393e-01
3.475770211349512445e-02
3.938942620400777694e-01
4.075519602637925343e-01
-2.620755295771556859e-01
-7.964951824194269614e-01
-1.000118273633573196e+00
3.964896269399924567e-01
-3.034491379750566264e-01
-6.000859689741043779e-01
-2.922282503031861656e-01
9.987956897528642297e-02
-9.998975092273735266e-01
-7.959475218846364664e-01
-7.960995837560393973e-01
-9.999751825632035018e-01
-3.055638973063503835e-02
1.000123691724857045e+00
-9.999299170568799466e-01
9.999287217538485040e-01
3.976965870175590001e-01
-5.997786556263632329e-01
1.000078000881387652e+00
-7.922778293418316631e-01
-3.050008588333135706e-01
9.989269547171220065e-02
-2.349608762025797437e-01
3.867880680174498598e-01
9.987570471789404547e-02
1.000928067995745102e-01
1.000483809829601223e-01
1.907825977618683166e-01
-1.000028824364929125e+00
-8.119682551987028596e-01
3.935043652142409254e-01
3.903237585949946853e-01
-2.194565051198265060e-01
-1.000026413649243162e+00
-8.052805274040805150e-01
4.112387151234271343e-01
6.496767629990192472e-02
-1.000024488737840889e+00
2.837842942416919645e-02
4.004105612202847331e-01
-9.999654041822055861e-01
-2.715822970200043041e-01
-9.999173430897765336e-01
1.000386362718219402e-01
-9.998614467182583843e-01
-5.131414055160168908e-03
-8.127059865275726436e-01
4.033284600572481504e-01
-5.998596038465398017e-01
-3.046927611783240009e-01
9.989309756301353871e-02
-1.011131344462455617e-02
1.923743987287006019e-01
1.000258591414838333e-01
1.982571458266723652e-01
9.998029901682022880e-01
1.316203588805018448e-02
-8.077591867799304159e-01
3.986150715812815659e-01
3.992207119086838008e-01
2.020901235562856668e-01
1.934930248159891508e-01
1.000033600355457963e+00
4.011915192692966925e-01
-1.000142632223512962e+00
-5.999088893602658734e-01
-9.998544296286742128e-01
-5.424041298345438911e-02
-9.997667141922328415e-01
9.985813414492572537e-02
1.000998757695662350e-01
-6.000927570968226377e-01
7.130056742696684602e-02
-8.077149994977979031e-01
-7.765291552941856468e-01
-3.396403705865987388e-01
3.862691943914293158e-01
-2.259641200562395036e-01
3.994420408583950199e-01
-8.055900659378821826e-01
-4.334100368271500692e-01
1.000726954081046643e-01
9.996612384045305832e-02
9.999351103216638226e-01
-1.819409601579879965e-02
4.003022511493128377e-01
9.983732900281890033e-02
-2.654583896008353983e-01
2.107923721856712618e-01
-3.599013501751852639e-01
-6.000669202793836865e-01
1.000023372769903940e+00
3.827882816560924106e-01
2.116747864692575809e-01
9.999916498060630599e-02
1.000023416803797582e+00
-9.999983642876421053e-01
4.098902101207439475e-01
1.000084553476044080e+00
4.100810644156924201e-01
9.985929586053440832e-02
4.012343369298833062e-01
-6.000146440870602893e-01
4.026970439855062089e-01
-2.699464814186778305e-01
3.919522347122454953e-01
1.000254868846163214e+00
1.000191971036692218e+00
1.000171891569454213e-01
1.988308559573015721e-01
3.957925838732911927e-01
-7.777133764059892540e-01
9.988256338819716251e-02
9.999983065942391613e-01
9.999539728307953457e-01
-9.998973143558088639e-01
-5.999848735273665135e-01
4.190929492877561446e-01
-2.811146478460603559e-02
3.911564200163842875e-01
1.000190704254854263e-01
3.853833842794894826e-01
-8.863600393520405796e-02
-3.072155263951070192e-01
-5.999610354635674936e-01
2.036983250885028018e-01
1.000028651563428905e+00
-9.999330058947235589e-01
-8.079999085105930012e-01
1.000107959297980464e+00
3.996351067990100980e-01
-5.999609478799559081e-01
9.999835382640021031e-02
6.951502628025612446e-03
-3.168702418335620496e-01
-7.941126136934589796e-01
1.918896861977218982e-01
1.000236775148851120e-01
9.999719305269200165e-01
1.910791741247961362e-01
1.778777784408961116e-01
-2.508006335604132664e-01
-1.000099122122793283e+00
3.350179918913580995e-02
4.075278006473238013e-01
-7.838485806393361566e-01
1.977898184365890488e-01
1.000062983714188114e+00
-8.084264396286204857e-01
-5.998325316912042071e-01
-9.998978731373973083e-01
-3.796500603298867682e-02
-3.352070643596828936e-01
-6.001523152650197757e-01
-1.464387358329935322e-02
1.979501790005643025e-01
-1.000028327355465319e+00
9.998696504487636361e-01
-8.112588490465156843e-01
3.845868073038045676e-01
-3.136354017755337287e-01
1.000007830802467357e+00
-9.999432486141508480e-01
-5.918688968707315479e-02
1.951099172973909668e-01
1.001433577863193314e-01
-7.973668490997967151e-01
-2.180300556089858066e-01
-1.755132092396622864e-02
-3.009179168470149102e-01
1.939545542471441675e-01
5.477747262412385049e-02
-5.999573212990152449e-01
-6.000555800405226181e-01
3.994279220543937581e-01
9.999582973443482681e-01
9.987004703173832376e-02
-2.834592732676303184e-01
2.009966974040195142e-01
1.000418591349020447e-01
1.000534445301946296e-01
-8.037043056808622632e-01
-6.000310354603421992e-01
-5.999586583806690854e-01
1.000020324495910717e+00
-5.999010488282024989e-01
-5.999677121880869768e-01
1.000132251392372051e+00
2.017540769607358564e-01
-8.033600038427279877e-01
4.029303719322817612e-01
-1.287573328339919609e-01
1.953169588402737522e-01
-7.964998560569110930e-01
-9.999512393526981402e-01
-7.841028313858582344e-01
-9.999473359058403954e-01
9.998847467076151796e-01
9.999315303318730974e-01
-7.771348019326683731e-01
-2.614119259443089538e-01
3.570853534637859206e-02
-7.972613865764783814e-01
9.998689687417094962e-01
-6.000621385518432049e-01
1.000464793439131139e-01
-9.998186049498170025e-01
3.944481107523761798e-01
1.927561478751695923e-01
1.000166180731174803e+00
-6.001304388144113044e-01
-6.001155114530397627e-01
-3.079095161052907703e-01
9.999750251621407626e-01
9.971905129605643237e-02
9.999709780635662737e-01
9.998108520081513406e-01
-9.998970818853235576e-01
3.880483338673365035e-01
1.000684418377762314e-01
3.901438502195704316e-01
9.983980671900051507e-02
9.164923194501711778e-02
-3.930409324240057814e-04
1.857737490217632181e-01
3.970652790226365525e-01
-8.123601582501863705e-01
-6.000725187058678634e-01
3.919379086108643051e-01
1.000012409567925475e+00
6.166440208262852218e-02
-7.943768981454819578e-01
4.153256018032860930e-01
2.712850899657798937e-03
1.924948270085490576e-01
-9.997669532140376347e-01
-3.462801866427721031e-01
4.119161404952525474e-01
1.861290323546091752e-01
6.472310490486986312e-02
1.000057183129963168e+00
1.000187206929361583e+00
9.999181854647555268e-01
1.001010706532061423e-01
-2.654359539856195049e-02
-1.000038078408371112e+00
-3.506266149302380564e-01
-2.677141854921013531e-01
1.000066512583287492e+00
-8.034102076878653076e-01
-7.935752448805890591e-01
-5.999783067910759993e-01
-2.518609167498330748e-01
-1.000006591577144999e+00
1.901474517424712740e-01
9.995873542119582122e-02
-6.000041651816335753e-01
1.112427152779444373e-01
9.998599231419983413e-01
1.887848517131786308e-01
2.070272537098037935e-01
6.677374319267027902e-02
-2.556809775388653172e-01
-3.173687859696045499e-01
-3.307648433947681932e-01
3.845915782695651375e-01
-3.182051860333093840e-01
9.999887599614708522e-01
9.998698326405860426e-01
-4.403843813053457540e-02
1.994742188202019151e-01
2.100932496721813758e-01
-9.685167873955940337e-03
-2.503185176328970862e-01
-6.000480042670841563e-01
-1.000028776402652975e+00
2.079963799768974886e-01
2.067088138334400096e-02
