-5.999844231149390472e-01
-5.999592384910363840e-01
9.999555845172620749e-01
2.505122473849995604e-02
-9.999685504256065061e-01
-7.890452372883111076e-01
-5.998846285106411713e-01
-1.974444723701372986e-02
-8.123943950175893658e-01
-3.575340521198628330e-01
9.996849909169497339e-02
-1.000076483717311282e+00
2.035228276912575407e-01
6.120774428610262219e-02
1.995996308679152675e-01
3.861241729347420493e-01
-7.267531943218745460e-02
-1.000058707110016432e+00
2.319411034566865870e-01
-3.833313016339434665e-02
4.055812215772294227e-01
3.976115951555302397e-01
-3.003764996325087311e-01
-7.933329967308840880e-01
-1.000007280139057819e+00
4.077611872923458392e-01
-4.295443445274093053e-01
-5.999188076178643136e-01
-3.527755041080574139e-01
9.999717819956217835e-02
-1.000041277434905451e+00
-8.060628664816072986e-01
-7.864357478041462679e-01
-1.000122396508661637e+00
-1.093144262965167410e-02
9.998235874469225681e-01
-9.998527617839955139e-01
9.999308556685286842e-01
4.038120219227508967e-01
-5.998088689248778360e-01
9.999737406149326047e-01
-8.255313122618990196e-01
-2.891460107118731804e-01
9.998806485107611386e-02
-3.400652706589302743e-01
3.896730423183902836e-01
1.000279106611899199e-01
9.993355744874762858e-02
9.986678549220344425e-02
2.048072342217702735e-01
-9.998279536580403359e-01
-7.962406798344680015e-01
4.032273935709435597e-01
4.125514989954379708e-01
-2.740565858426146639e-01
-1.000271015438087829e+00
-7.863970052249136256e-01
3.904744295684389743e-01
-6.418433611408343176e-02
-1.000243176161840886e+00
5.602654365435236206e-03
3.906886154201454353e-01
-1.000008426712256204e+00
-2.619622177575918753e-01
-1.000037239858187377e+00
9.993450841075805779e-02
-9.999327938800307569e-01
5.206262817349834038e-02
-7.875543408477625462e-01
4.152198473790545408e-01
-6.001064274977357949e-01
-2.659435666221263150e-01
9.999925712295204550e-02
7.410407580996185295e-02
1.898199081721494708e-01
1.001000665675601392e-01
2.010242487070679762e-01
9.999517279907448319e-01
2.001401956318019440e-02
-8.026688576185766477e-01
3.975425035239399385e-01
4.001095313112909002e-01
2.026284693333012810e-01
1.998934702271964181e-01
1.000023566287973065e+00
3.941523396135649948e-01
-9.998555201174083029e-01
-6.000343552820116555e-01
-1.000090309021232526e+00
-2.053128204032510923e-02
-9.998936301443682728e-01
1.000356882550175186e-01
9.996399638306245616e-02
-6.000256656893545593e-01
4.406687853202459482e-02
-8.285923308853822000e-01
-8.010805695904184009e-01
-2.991362230066500483e-01
4.021754234849401755e-01
-3.390475410352286056e-01
3.954162169348335309e-01
-8.004419223179021214e-01
-3.536046671396966823e-01
9.979075868764067381e-02
9.994711148346861751e-02
9.999160740724485352e-01
-3.539778177601202863e-02
3.887256010531549011e-01
1.000590636156702545e-01
-3.741719575529039443e-01
1.992619839024337702e-01
-2.790903852556829157e-01
-6.001059789521897558e-01
9.999977548638816494e-01
3.985109924440787821e-01
1.903084281364862129e-01
9.996736770428475694e-02
1.000014387557357054e+00
-1.000072589651638033e+00
4.118477110369956340e-01
1.000014129630297788e+00
3.993073449471172265e-01
9.991682039987029307e-02
4.016475067721189673e-01
-6.000322879177396596e-01
3.951838523601087227e-01
-3.001449109627038481e-01
4.052438376275754872e-01
9.999508592825627762e-01
9.998385641585768591e-01
1.000706718601366563e-01
1.853560773679067686e-01
3.993216958133058436e-01
-7.873341244162961328e-01
1.000568768529821323e-01
9.999166318993627511e-01
9.999892667439005400e-01
-1.000058917020733684e+00
-5.998882448896351027e-01
4.037776396584785155e-01
-7.940862617952693103e-02
4.189942652099816756e-01
1.000019565111087416e-01
4.260567421384410802e-01
-3.685080468361190409e-02
-2.538690973476809831e-01
-5.999532415796174911e-01
1.983089721039707765e-01
1.000130007396481613e+00
-9.999419300965095569e-01
-8.151202106937009972e-01
1.000058242281506304e+00
3.927194783350945184e-01
-6.000120887749906817e-01
9.995429663116001118e-02
-2.006501231969153032e-02
-2.431169778903780887e-01
-7.958564527921071496e-01
2.010842481022059869e-01
9.987850277456182535e-02
9.999288137397135401e-01
2.052130631984609710e-01
1.926789844374994787e-01
-2.653128991358563171e-01
-1.000057604862309546e+00
3.638523609693700839e-02
4.096634048734366651e-01
-7.965560071228160455e-01
1.969896687412025504e-01
9.999630978335145581e-01
-8.043089317787955883e-01
-6.000235236182650533e-01
-9.998986224956101232e-01
2.479273757768043693e-02
-3.536975343266382521e-01
-5.999676191528056091e-01
3.599716228582474503e-02
1.892239778678426465e-01
-9.999794428914532407e-01
9.999897582415758768e-01
-7.944497323222768914e-01
4.018206889868254916e-01
-3.625832293298929532e-01
1.000099077452572871e+00
-9.999220118341788366e-01
2.700245266910548947e-02
1.923188986637156539e-01
1.000593770755506540e-01
-7.960855507533916020e-01
-3.158496724918684606e-01
8.969838694444964844e-02
-2.444698650520174821e-01
2.090690286482737303e-01
6.904404165260522551e-03
-5.998741044414895862e-01
-5.998444410004581950e-01
4.074344281369599585e-01
1.000151001152183028e+00
1.001009835024114225e-01
-2.702909118849101122e-01
1.919128209089578652e-01
1.000632265567304585e-01
9.989052449275971635e-02
-7.992848617806228573e-01
-6.001118463679462334e-01
-6.000884813867853884e-01
1.000069587681565286e+00
-6.000372914137844793e-01
-6.000527721978866635e-01
9.999292346976796919e-01
2.070365143545318254e-01
-8.018259940725286361e-01
3.934928809381795234e-01
-3.558536156624322877e-02
2.214125347144764722e-01
-7.979476063354090654e-01
-1.000100898739489041e+00
-7.799899035896415977e-01
-9.999065586993131083e-01
9.999564587850414688e-01
9.999127444849388313e-01
-8.084176023543786505e-01
-3.345642960239010311e-01
5.519693710956041777e-02
-7.972137080901736672e-01
1.000248837601787955e+00
-6.000854975226128651e-01
9.982160691426947285e-02
-1.000130048600311516e+00
3.949453237691507024e-01
2.092581243694940363e-01
9.999969687049714562e-01
-5.999817424282734013e-01
-5.999441312803368564e-01
-1.965000291020522483e-01
9.999740381310298076e-01
9.996644215511608922e-02
1.000011437088283994e+00
9.999301162891865991e-01
-1.000014767211014677e+00
4.028679992386365316e-01
1.001675334856954591e-01
4.001758366440581471e-01
9.999670198157460665e-02
-2.011737446004212629e-02
4.455510632373044927e-02
1.976062176719039776e-01
3.887024407961026107e-01
-8.053689464944606691e-01
-5.998994277641034323e-01
3.945724871822475777e-01
1.000088078977354522e+00
-5.326977837385132170e-02
-7.906325208683474548e-01
4.014643150964781193e-01
-2.854642187264863282e-02
2.207902163619817892e-01
-9.998919292620824795e-01
-2.740953270266531794e-01
3.891404467171138415e-01
2.021987860234441547e-01
4.129109667339769807e-02
9.999917846620760553e-01
1.000100232544257395e+00
1.000032537451631898e+00
9.991901052835942820e-02
-1.851852252349805734e-03
-9.999002101170948453e-01
-3.368953894080493061e-01
-3.521242905918203769e-01
9.999668536910762962e-01
-7.926120403665254388e-01
-8.032408485186388614e-01
-6.000508382037484933e-01
-2.529073166010084583e-01
-1.000079737989606921e+00
1.972874513215979175e-01
9.984515307872907086e-02
-6.000894293927562240e-01
-1.068642893182987774e-01
9.999615278550213482e-01
2.075354076594744801e-01
2.010774307749052248e-01
9.020360461794428575e-02
-2.793016105231106438e-01
-2.496351088717415345e-01
-2.871991700357055532e-01
4.003716173807537193e-01
-2.890226218574151740e-01
1.000149024529605191e+00
9.999893580317883446e-01
1.783963815641879946e-02
2.001754592030937363e-01
1.789006420751591553e-01
5.631102247891393159e-02
-3.422147950004783001e-01
-6.000871467608724918e-01
-1.000009762883158349e+00
2.086230757113949064e-01
-3.698885003744486338e-02
