-6.000184942980610892e-01
-6.001409912662610813e-01
1.000160054264222831e+00
-1.522382904522546002e-02
-9.998798753855010490e-01
-7.934108378623110358e-01
-5.999329529049945986e-01
-4.603232371512015753e-02
-8.011096764746895582e-01
-3.422961341654827683e-01
9.986698301005886291e-02
-1.000014448142998891e+00
2.061636186076466204e-01
8.465233039605026683e-04
1.998017223650159491e-01
3.985425579883452030e-01
6.540721227922881298e-03
-9.998816036488574754e-01
2.132336568728351867e-01
-4.433042718811209398e-02
4.011395547257879390e-01
4.056687701285908165e-01
-3.077043655683674994e-01
-8.059768280607311208e-01
-9.998176579514530538e-01
4.030711068653702323e-01
-2.661392292990421571e-01
-6.000827399960066977e-01
-2.705378078189664137e-01
9.998350565443191174e-02
-1.000062697058537564e+00
-8.042494078675566094e-01
-7.681088198989277638e-01
-9.998627588255101228e-01
-2.279509614498962441e-03
1.000125339474275954e+00
-1.000096309906470360e+00
9.998996128757915436e-01
4.097617116409611460e-01
-5.997177911977664699e-01
9.999366702009100383e-01
-7.966199591958492698e-01
-3.554044789337896249e-01
9.991733498685745340e-02
-2.937158413278895264e-01
4.219137989468946248e-01
1.000176203872561176e-01
9.998087021303271593e-02
9.997356376766758368e-02
2.053202141356550714e-01
-1.000035236658899596e+00
-7.888152992295465182e-01
3.765623692142225365e-01
3.979321104124601272e-01
-3.464024741153257647e-01
-1.000003136317777264e+00
-7.840501588462199800e-01
3.979336986534007803e-01
-1.501113528138146164e-03
-9.999093404197110235e-01
7.886091523791695368e-02
3.886508341158773638e-01
-1.000053221941361592e+00
-3.061861669056464841e-01
-1.000002850099598550e+00
9.995404368643494297e-02
-1.000005118686976058e+00
1.774992275122799779e-02
-8.179296743066145625e-01
4.051850846812588558e-01
-5.998751896586670407e-01
-1.875114713136493139e-01
1.002500569856814572e-01
2.481737212587921057e-02
2.167252428555441757e-01
9.989396848978378263e-02
1.966473436423206989e-01
1.000118355377717760e+00
9.054424077355577305e-02
-7.927660175625235173e-01
3.987027989034310216e-01
4.071247581807282967e-01
1.845680574966057363e-01
1.872282871247741565e-01
1.000056076108840619e+00
4.139052262427359019e-01
-9.998951481121347573e-01
-6.000155510279177040e-01
-1.000110739560743811e+00
2.482763930552884125e-03
-1.000012276388933863e+00
1.002021077681474609e-01
1.000074901486109752e-01
-5.999595854003654249e-01
-3.599180724947990961e-02
-7.952500780775484390e-01
-7.980114066443997345e-01
-2.823949460805875167e-01
3.919194100283369120e-01
-2.974297669031998326e-01
4.182028067564068086e-01
-8.031347542702966802e-01
-3.011678509345018240e-01
1.000001723071679560e-01
1.000167776915134865e-01
1.000047228782640518e+00
6.433515471686658549e-02
3.833127633585787786e-01
1.000362179453893052e-01
-2.509184507043371037e-01
1.973358805946259509e-01
-2.940806619630845220e-01
-5.999165220607437510e-01
9.998648395140148359e-01
4.035570919943221591e-01
2.009476850108049273e-01
9.986258709886328133e-02
9.998835523989657581e-01
-1.000113876250449785e+00
3.898193263996910241e-01
9.999109006056159377e-01
3.833662334072087119e-01
9.991871584146223839e-02
4.040245751702178922e-01
-6.000376922551065029e-01
3.903580283979973253e-01
-3.045539013787310623e-01
3.817201842933772848e-01
1.000062902575718393e+00
1.000043822026589480e+00
9.990133608772995555e-02
2.072472733646105181e-01
3.953440123003988393e-01
-7.874287807893297630e-01
1.001428573982048598e-01
9.998975931492897207e-01
9.999798388860764442e-01
-1.000094140361242667e+00
-5.999648212668523550e-01
3.995867474102268169e-01
-6.939791356103056086e-02
4.032721931621968681e-01
9.999354542733364382e-02
4.020056997121975728e-01
-1.102364799359120684e-02
-3.711058814765976765e-01
-5.999616940752103833e-01
2.166674364903864725e-01
9.999364754015191981e-01
-9.999387404399873169e-01
-7.895306626055621502e-01
9.999354194537761753e-01
4.055939798929322215e-01
-6.000619317125335250e-01
9.999996180235322385e-02
3.840871583118233429e-02
-3.201391738240235152e-01
-7.901011401594455474e-01
2.006668286438311744e-01
9.999226078985999633e-02
9.998521937857893782e-01
1.933894039230541761e-01
2.067255940279273951e-01
-3.169056805332790550e-01
-1.000173019173694611e+00
-2.102634193559596576e-02
3.912104463616015160e-01
-8.179549294711156993e-01
2.120447252808428384e-01
9.998264438728080572e-01
-8.002034080947716399e-01
-6.001136766130641398e-01
-1.000028013561718554e+00
1.168647782292624171e-02
-2.350867120180363534e-01
-6.001225544742435636e-01
1.817829396955537510e-02
1.870084825093116243e-01
-1.000003815157844977e+00
1.000079988523554064e+00
-7.955968442911773852e-01
4.045951800586639058e-01
-3.387257645249214244e-01
1.000324376392701442e+00
-9.998738355668014277e-01
-3.494921393624430411e-02
1.928818742437768685e-01
1.000966285431672542e-01
-8.065882988984269808e-01
-2.795403118191201464e-01
3.478329960273188887e-02
-4.275871071396485368e-01
2.037971408596921941e-01
-5.363865830842048932e-02
-5.997708977957280085e-01
-6.002319143215797403e-01
4.071246086016417354e-01
1.000065658230834265e+00
1.000165839818478175e-01
-3.472807246735193920e-01
1.981283074424199653e-01
9.996192135225527575e-02
1.000547490096441311e-01
-8.079649752115011241e-01
-6.000591108209591962e-01
-5.999195650246552658e-01
9.999684014848165825e-01
-6.000807792394204920e-01
-6.000346263634079857e-01
1.000067847518937736e+00
2.067597041309895411e-01
-7.863818777867807031e-01
3.947967486693099715e-01
-4.380577684045694475e-02
1.894744504869214086e-01
-7.872814666713291443e-01
-1.000230462083968819e+00
-8.071727553115108922e-01
-1.000036863752613137e+00
9.998129838824114657e-01
9.997850412585701507e-01
-7.722994110229948195e-01
-2.863369248660484478e-01
-2.600097542668452708e-02
-7.992974593115838022e-01
9.999471226718917860e-01
-6.000694643741830703e-01
1.000237410273597527e-01
-9.998438679211576474e-01
4.175564456281088410e-01
2.118279286181493637e-01
9.997967345554757967e-01
-6.000234192933802113e-01
-5.999827247155478105e-01
-3.425495120050539022e-01
1.000242747638577789e+00
1.000634553014734529e-01
9.998834373541385379e-01
1.000072514866714890e+00
-9.998905556411665785e-01
3.932830634419939853e-01
1.001630371580200102e-01
4.001064329224263139e-01
1.000590364613197919e-01
-3.834884684595273735e-02
-2.254660067426672923e-02
2.090109220063502971e-01
4.107369419345558437e-01
-7.989329623573476757e-01
-6.001024527099888539e-01
4.074933761621272743e-01
9.999802125557043508e-01
-6.688742896155229489e-02
-7.820934690248374510e-01
4.014860029093010874e-01
7.640204059871744113e-02
2.071769246430301692e-01
-1.000021185170768545e+00
-2.511672549029257961e-01
3.847075402680307232e-01
1.843203329062844675e-01
-3.549206132440420325e-02
1.000129005813114258e+00
9.998198577119475905e-01
1.000059430335815014e+00
1.000317982464263844e-01
8.084144033931514595e-02
-9.999643455005966519e-01
-4.134710018673358745e-01
-2.466983971590125113e-01
1.000031745575132858e+00
-7.938395262203100655e-01
-7.952638791661573725e-01
-5.999005570434010615e-01
-1.940081347461319328e-01
-1.000080553034795150e+00
1.901050597333294456e-01
1.000889872199306474e-01
-6.001577397637517519e-01
-5.193021265191174497e-03
9.999828143684490467e-01
2.118336404193744416e-01
2.035528171139493192e-01
6.150527923097550906e-03
-2.979462176489532932e-01
-2.541354163833670632e-01
-2.610636901633561768e-01
4.003604792364494624e-01
-2.743433999943595269e-01
1.000013979916122731e+00
9.999723620585265760e-01
4.282363072924506159e-02
2.057289262686590736e-01
1.964026697599040305e-01
-1.822315347069626210e-02
-3.075922568696474735e-01
-6.000437932196384105e-01
-1.000182792450449831e+00
2.150685532925965537e-01
-2.176553517058096507e-02
