-6.000822307436454173e-01
-6.000383013848844538e-01
9.999602298451860660e-01
3.772820876919760064e-02
-1.000237931199376318e+00
-8.097189022642642398e-01
-6.000585028105642760e-01
-3.826103079130097756e-02
-8.180073748184516491e-01
-3.201444442639909127e-01
1.000876566567513865e-01
-9.999519741772795456e-01
2.050699041837836800e-01
9.875036754112362369e-02
1.952724915083996760e-01
3.887732481929488948e-01
4.234838886838510064e-02
-9.999878741864471898e-01
1.986511600689840618e-01
-4.440665879860013904e-02
3.991721300186442667e-01
3.967365114158645234e-01
-3.448252686784021859e-01
-7.946494117854063788e-01
-1.000142343359962549e+00
3.957417673055098062e-01
-3.485429449387028589e-01
-6.000590751948734480e-01
-2.382768495081238058e-01
9.999580077966128966e-02
-1.000002339238319049e+00
-7.998833436821188858e-01
-8.093448423593979646e-01
-9.999828477818084593e-01
-1.400861673889659993e-03
9.999181164243999831e-01
-1.000074625733650358e+00
9.999942807091819486e-01
3.973526850349957673e-01
-5.999338803360235728e-01
9.998341028109947182e-01
-8.189629374559537212e-01
-3.233414853097116848e-01
9.992846515811859565e-02
-3.642220094267487607e-01
3.885917040261232525e-01
9.978893770026696364e-02
9.996280632744017347e-02
9.997056195048209526e-02
1.902883615133644235e-01
-9.999442101748647893e-01
-7.810930383663348131e-01
4.087404899189441831e-01
4.093063168420427722e-01
-3.340838805386410759e-01
-1.000089596710882933e+00
-8.059100837811208340e-01
3.973015144159335321e-01
8.382684781612471936e-02
-1.000061728299022956e+00
-6.202867519632571103e-02
4.045230069029392972e-01
-9.999984349776808168e-01
-3.404403304352276449e-01
-1.000066638186258183e+00
9.988732171204051102e-02
-1.000082579978904818e+00
-4.315713433137494115e-02
-8.057181799461958782e-01
4.199008201466660761e-01
-5.999967506050086774e-01
-3.460568009549624402e-01
1.000724962121482403e-01
4.520132122641545847e-02
1.983559868967802176e-01
9.995915043161943125e-02
1.879560798875601069e-01
9.999823573980398672e-01
-5.212910691174137828e-02
-7.848117807445885719e-01
3.898192143242230623e-01
4.023860010207744864e-01
2.051804337300052739e-01
2.057859611143042777e-01
9.999741474250737339e-01
3.973536327847530525e-01
-1.000194255588109815e+00
-6.000999350483533501e-01
-1.000065086131471936e+00
-2.327813080124000594e-02
-9.999428071629814507e-01
9.985696506619057278e-02
1.001204308929787568e-01
-6.000092336056384035e-01
3.431107070591279257e-02
-7.900680192811935232e-01
-8.175371831937212619e-01
-2.724635891156954037e-01
3.841038293543820314e-01
-3.298757972099077285e-01
4.069043713222295633e-01
-8.019857460357818768e-01
-2.809403859947312565e-01
9.999092356190045217e-02
1.001445626609199085e-01
9.999268168914899890e-01
-2.750061715255129602e-02
4.005678893874463631e-01
1.001738537708530830e-01
-3.212141496737261348e-01
1.961952811763413851e-01
-2.911964693055222875e-01
-6.000137311852050681e-01
1.000057476836677672e+00
4.112433502883671710e-01
1.969605263526928718e-01
9.999211860856591083e-02
1.000040117704130926e+00
-1.000011866755788015e+00
4.224113134660468782e-01
9.998379620521076205e-01
3.995547970704785845e-01
9.996806797868570960e-02
3.838372194595266462e-01
-6.000290663229700394e-01
4.046420058998810854e-01
-2.328461045810154562e-01
3.916665578216265153e-01
1.000205176923371297e+00
9.999638263317303100e-01
1.000718534492078399e-01
2.065517399192124681e-01
3.941088345249582070e-01
-7.929941472876158581e-01
1.000750818213958782e-01
1.000174218658805181e+00
1.000091021988005258e+00
-1.000238668739639847e+00
-6.000237745916853216e-01
4.133971322814760652e-01
4.404625314169816064e-02
4.168482254760960126e-01
9.981853541166217647e-02
4.048509608924528158e-01
3.722867345758461982e-02
-2.389562110205908363e-01
-5.999854340326373769e-01
1.971479734187804866e-01
9.999944686829961293e-01
-1.000243558406328503e+00
-7.800504163987809214e-01
9.999941251467139303e-01
3.917409124524259822e-01
-5.999308046571451003e-01
1.000442487591673008e-01
1.011396087194410126e-01
-2.786901406429310168e-01
-8.210999623147563486e-01
2.103786104435574622e-01
1.000115356978540093e-01
9.998383036345629415e-01
1.933132377839629212e-01
1.958674920058093849e-01
-3.298335070430788996e-01
-9.997162257045965061e-01
7.094456340110405490e-02
3.879477979897769657e-01
-7.957444104751807412e-01
1.983049573821157596e-01
1.000126642094233631e+00
-8.032218040731019526e-01
-5.998904376453230158e-01
-9.998105374071338813e-01
-1.584058960260706361e-02
-3.189964854655794047e-01
-5.998677293689281820e-01
-2.706335894290519753e-02
2.003500333400171640e-01
-9.999544948522225418e-01
1.000163588589402242e+00
-7.869245821638153338e-01
4.104149868090008479e-01
-3.864559141131426734e-01
1.000083788531745066e+00
-9.999222851950291258e-01
-6.592688990231178325e-02
1.968078007485789260e-01
1.000241638386978049e-01
-7.803010107839148946e-01
-3.023286116471419205e-01
-1.186955752372824066e-02
-2.675932634672572585e-01
1.963449199634656472e-01
-6.114801934095042552e-02
-5.999867912060248276e-01
-5.999892707587169971e-01
3.982080380331431968e-01
1.000060663798705063e+00
9.996674523624259068e-02
-3.248077953437198406e-01
1.929053568596338086e-01
1.000114420738441451e-01
9.990475776850533951e-02
-7.938603340675322029e-01
-6.000374008357699518e-01
-6.001463839168255099e-01
9.999964904232887530e-01
-6.000248160448204970e-01
-5.999717757729503553e-01
1.000196272482471338e+00
1.974823844718648358e-01
-7.874566722179749956e-01
4.121963600433927177e-01
9.380128948215684520e-03
2.146732778269323516e-01
-8.005670477433235455e-01
-1.000010227538103535e+00
-8.101708157405522748e-01
-9.999348190846776285e-01
1.000129487265782879e+00
1.000000786110214923e+00
-8.003292644161265068e-01
-2.977097383081812043e-01
-4.076528921790607655e-03
-7.989044511218373890e-01
9.998965681261635652e-01
-6.000341977210349453e-01
1.000206219931916579e-01
-1.000024327636247712e+00
3.948489181607818810e-01
1.969532701275421016e-01
1.000030956995211939e+00
-5.999662655513062770e-01
-6.000086000030677713e-01
-2.709141422540202182e-01
1.000148482246554948e+00
1.001345216749804090e-01
1.000039554550968601e+00
1.000156620474035751e+00
-9.998927846727664326e-01
3.991417095164597750e-01
9.991477470767481939e-02
4.016751743018789900e-01
9.994768400634403138e-02
4.372114295100295450e-02
1.652954486509973162e-02
1.919728402954689328e-01
3.907128938766963322e-01
-8.149817504303858984e-01
-5.998525062015241938e-01
3.776206692962247313e-01
1.000071565677977059e+00
4.554854871276114623e-04
-8.167914489107370724e-01
4.121007566549187984e-01
-4.138026248999451644e-03
1.786941811546571279e-01
-9.999737362812531893e-01
-2.920179465053749368e-01
3.875869218424574658e-01
1.869677626340022492e-01
1.797620199338371971e-02
9.997861993881046461e-01
1.000130821600891950e+00
1.000043367760276913e+00
1.001680301671748069e-01
4.454924999761799426e-02
-1.000066773856190805e+00
-2.718311302584534572e-01
-3.461828678829067529e-01
1.000043172662044011e+00
-8.125024330024765984e-01
-7.924006893276314134e-01
-5.999397145871244730e-01
-2.754344956069256778e-01
-1.000186242293404248e+00
1.943372766664747675e-01
9.992156898603549164e-02
-6.000742717971820905e-01
2.944091784330490555e-02
9.998806330413541055e-01
2.027895791987827934e-01
1.964806272700944378e-01
4.770699725533745703e-03
-2.934896400282957507e-01
-3.576873448288592217e-01
-2.938977153938507336e-01
3.975601362202966782e-01
-2.771752763869804181e-01
1.000116815976807016e+00
9.998471989555206552e-01
-5.234847917737825429e-02
2.037585967260752140e-01
1.738889398377164719e-01
3.843731988640408225e-03
-3.347365379787650697e-01
-6.000942968458475857e-01
-9.998781796987165071e-01
1.857341923388874105e-01
8.349624034571617726e-02
