-6.000225286590291640e-01
-5.999613919080617475e-01
9.999350823366103258e-01
-1.503017638265338567e-02
-9.999359647814693997e-01
-8.025975461459624594e-01
-6.000923242640197053e-01
8.333679836717719502e-02
-8.186775242539011677e-01
-2.585844944874098328e-01
1.000909482840279391e-01
-9.999336095268563929e-01
1.989410537706435556e-01
-5.328806150939979780e-02
1.965753700723200659e-01
4.170745815979920446e-01
-9.853846511638758576e-03
-9.999308563264222016e-01
1.954889826398738262e-01
-5.621776100665187847e-02
4.136139453159153323e-01
3.925834510018427204e-01
-2.753474894579635013e-01
-7.805667330955413652e-01
-9.999924137676078351e-01
4.113183617194280939e-01
-3.684738820818517224e-01
-5.999010284353584188e-01
-2.767379261032390514e-01
9.992797295392530366e-02
-1.000029906332773777e+00
-8.035376436336628680e-01
-7.966277512233663760e-01
-1.000111988400481211e+00
-5.037136080036671952e-03
9.998957097688064843e-01
-9.999744024627290617e-01
1.000002304901254524e+00
4.054412905682721613e-01
-6.001120177650141052e-01
9.999824938748888004e-01
-8.045900824576921462e-01
-2.765244687198056273e-01
1.000449159867718429e-01
-3.570043123973847821e-01
4.003374375703777632e-01
9.992059351867177419e-02
9.999376453766857520e-02
1.001207007407264177e-01
2.170773605677277784e-01
-9.999347455922543704e-01
-7.939485558254941733e-01
4.072745780806423799e-01
3.929874815663375598e-01
-3.920316958914703553e-01
-1.000086963549280616e+00
-7.944452270984335707e-01
3.940797500056114067e-01
1.142271042229999339e-01
-1.000059951865763352e+00
-6.945990066866393475e-02
4.113874582399642543e-01
-1.000062297609040973e+00
-3.065844052778928241e-01
-1.000132181131715647e+00
9.991295905612759820e-02
-1.000095655096142400e+00
7.506345098421005058e-02
-8.038346994973315507e-01
4.027928729249792283e-01
-5.999435652988303058e-01
-3.623426264488208148e-01
9.994533380359678365e-02
-8.970797424026016528e-03
1.989532214784960340e-01
9.997359292760439609e-02
2.018356899210530520e-01
9.999535063576844296e-01
-1.502132821584857558e-02
-7.973412478536526793e-01
3.983181914632766829e-01
4.104600587170972315e-01
1.824224682877327308e-01
2.041968357835525771e-01
1.000033501736088626e+00
3.960128811615122868e-01
-9.997758340444804492e-01
-5.998983567070357292e-01
-1.000100261714594208e+00
-5.726967503254003916e-03
-1.000100632567813896e+00
9.996217676242981354e-02
1.001320199054258619e-01
-5.999837853777584273e-01
1.932483903242789014e-02
-8.136052940903465425e-01
-7.990433209753557975e-01
-2.143998547912299157e-01
4.178628024691443676e-01
-3.041624417268506964e-01
4.240489730365518684e-01
-7.924892976675630418e-01
-2.697294918736685143e-01
9.998667832409487144e-02
1.000741041241587637e-01
9.999759802951950771e-01
9.349302554299229219e-04
4.124221554056763939e-01
9.986150539822472028e-02
-3.018071010666810161e-01
2.077345242529282932e-01
-2.463107832414833109e-01
-5.999528097476753974e-01
9.999434678412890687e-01
3.786373336130983702e-01
2.035312582362230616e-01
9.995198286043176228e-02
9.999604818464373768e-01
-9.999903862187200509e-01
4.086755793393085923e-01
9.999919829540671046e-01
3.988233830967035654e-01
9.992522853698118657e-02
3.925307832739705627e-01
-5.999082533433820474e-01
4.060022475975915701e-01
-2.520298933158561794e-01
4.026800302674534704e-01
1.000091815943202400e+00
9.999053357486054061e-01
9.999522191625993817e-02
1.814784418686106182e-01
3.837871064033478441e-01
-8.038654466079560024e-01
9.995109057435019873e-02
9.998725484718780088e-01
1.000006535978827049e+00
-1.000020721530378909e+00
-6.000550365419941024e-01
4.008387157962992053e-01
-1.514843280433944908e-02
4.133601739690733745e-01
1.001710495253698568e-01
3.973934556290716347e-01
3.588411749411994645e-02
-2.968196768446125233e-01
-6.000368541505468611e-01
1.962971090391400220e-01
9.998902236090932982e-01
-1.000054938203253974e+00
-8.100067465318757653e-01
1.000020802041124535e+00
4.043065974203477464e-01
-5.998448369760051024e-01
1.002348800313687255e-01
3.574469890313755616e-02
-3.574434773267670118e-01
-8.036281443398698432e-01
2.029014859841737628e-01
9.993612071408450315e-02
1.000014551919913286e+00
2.028334864159722362e-01
1.991285868575750073e-01
-3.045146506004613451e-01
-9.999516308047003976e-01
4.682219281249850283e-03
3.926629597362883417e-01
-8.084896271489926400e-01
1.892190618731446616e-01
9.999393277384753809e-01
-7.944545605019178725e-01
-6.000481228923721932e-01
-9.999339447096132760e-01
2.905539803665944942e-02
-2.476714101754826092e-01
-6.001616788857183638e-01
1.888178882354011115e-02
2.078579518976161888e-01
-1.000077923111806877e+00
1.000065571985660595e+00
-7.902798545011032738e-01
3.850184057277221128e-01
-3.089064392091828148e-01
1.000108415456603783e+00
-1.000045112886302823e+00
1.092851560171894006e-02
1.990558156660970357e-01
9.993819820628944972e-02
-7.931993112171310534e-01
-2.944812859392154647e-01
2.564550533325506490e-02
-3.266750861333159173e-01
1.966271170222307907e-01
6.444956736437701394e-02
-5.999148412034264188e-01
-5.999518205209395383e-01
4.012914089239610349e-01
1.000029002351476404e+00
1.000908450502260294e-01
-3.709997863353929892e-01
2.104424897235556147e-01
1.000866360766874130e-01
1.001201511683805778e-01
-8.171139203331371226e-01
-6.000642835920045881e-01
-5.999238052541866484e-01
9.997123275728654335e-01
-5.999354074680907090e-01
-6.000104263561881757e-01
9.999554495196864012e-01
1.862705086026028578e-01
-8.105838658708978128e-01
3.972378962442007500e-01
-6.472099672287004446e-02
2.013100940084013302e-01
-7.818813866816284319e-01
-1.000086001078375419e+00
-8.125342105814415961e-01
-1.000131214198124674e+00
9.999498548123600949e-01
9.999915148519145092e-01
-8.099357597000368392e-01
-3.162377472954850388e-01
-3.354582113119258108e-02
-8.081903093933076043e-01
1.000073563669805266e+00
-6.000782990808275486e-01
1.000000828316888885e-01
-1.000090672591763319e+00
4.151575235147226817e-01
2.016405695967531664e-01
9.999670691267150691e-01
-6.000257604816594537e-01
-6.001217092856888646e-01
-3.683006987354209283e-01
1.000203918622023291e+00
1.000878965032567791e-01
1.000057032388103506e+00
1.000076223706282796e+00
-9.998124439906670435e-01
4.146705087618185459e-01
1.000784378513974726e-01
4.077917912205963891e-01
9.984835786848024475e-02
6.321968101362558830e-03
5.532210137945359207e-03
1.976232909260437764e-01
3.991083779170182533e-01
-7.973491877810922057e-01
-6.000332823398902837e-01
4.035808208858230883e-01
1.000072408352464137e+00
3.900403089890216307e-02
-7.992586830161235723e-01
4.104799519866786373e-01
-1.423472112572455456e-02
2.129185587320058526e-01
-9.999470350618316905e-01
-3.153274762396188757e-01
3.911151995234645740e-01
1.919726989733162859e-01
2.546203754599850322e-02
1.000055469427453492e+00
9.999364670120197696e-01
9.999589614098557400e-01
1.000851176919867330e-01
-5.690327799868558772e-02
-1.000025435126495665e+00
-3.280866892802702384e-01
-3.442551201059738109e-01
9.999973835122120125e-01
-7.916631160184975924e-01
-7.926074086023439103e-01
-5.998718300931453751e-01
-3.100207200784082517e-01
-9.998213526855356248e-01
1.982465951327803400e-01
1.000934703020933680e-01
-6.001012522555487783e-01
-9.313039928111707666e-03
1.000162930615232870e+00
2.098756445254764680e-01
1.990078020310836471e-01
1.593108258682972289e-02
-3.276597244380593521e-01
-2.735237875461154489e-01
-2.641967750419855210e-01
4.161820837752229219e-01
-3.571187876256349258e-01
1.000068668957807771e+00
1.000048218773488040e+00
1.159077634190635100e-02
2.175261957400753954e-01
1.996124707665193065e-01
-1.429539357268309841e-03
-2.228354626211967449e-01
-5.998845593719321911e-01
-1.000009759007294496e+00
1.995690975003387713e-01
6.585097947893541262e-03
