-5.998910148782656826e-01
-6.001842108319377367e-01
9.999826193180506584e-01
-1.085214830528083846e-01
-9.998897758196697572e-01
-8.004352106072369910e-01
-5.998176049836412282e-01
-4.238137019372477388e-02
-8.295531431275201539e-01
-3.466314240893131893e-01
9.972664647579582153e-02
-9.999197539702935345e-01
2.139363799215071582e-01
-7.260062908577562257e-02
2.023097436329536758e-01
4.126316336630972970e-01
-3.091141058760921156e-02
-9.999016583355788690e-01
1.994937743852895073e-01
7.227236977672875373e-02
4.103766600690499922e-01
4.083595717375025358e-01
-2.971954746308166917e-01
-7.994397458545623447e-01
-9.999200199424775892e-01
4.009577304379718377e-01
-2.812446658496437490e-01
-6.000351049467823605e-01
-2.864680339709906320e-01
9.979472397162807151e-02
-1.000018617705011215e+00
-8.037855975258535457e-01
-7.946804515395831103e-01
-1.000181575198057393e+00
5.254325814301905040e-02
1.000084690819640354e+00
-9.999186341530577060e-01
9.998379337410254752e-01
3.963582598985651573e-01
-5.999980126580334305e-01
1.000092015535853474e+00
-8.068212177460034606e-01
-3.693475101512238568e-01
1.002771815763331270e-01
-2.635018624596845438e-01
4.171929463012228334e-01
1.001185884772657769e-01
9.988788933762292321e-02
9.997916438067258604e-02
1.957569716013943528e-01
-1.000049400774803754e+00
-8.056480569697315186e-01
4.095651081350837330e-01
4.037039520449757779e-01
-3.764909827564024702e-01
-1.000121515090812707e+00
-7.907737041285186619e-01
4.032779863401835252e-01
1.596064223812479130e-02
-1.000000299867910725e+00
4.590891087449072011e-02
4.037534866251252796e-01
-1.000039154810141717e+00
-3.436406565316856287e-01
-9.998893710403711221e-01
1.000857740982259436e-01
-1.000077091229248261e+00
-5.275061801009975349e-02
-7.867030470643630036e-01
4.055352776968715878e-01
-5.998811575635401017e-01
-3.530767160370886781e-01
1.000598429842252113e-01
-8.285571370596133897e-03
2.058885661460294059e-01
9.990957173971587446e-02
1.975582198916085441e-01
1.000005492083379854e+00
1.369988437265856618e-01
-7.965878581260069646e-01
3.825229951581029519e-01
3.935303496696718750e-01
1.859668484144009759e-01
1.998634034169731455e-01
9.999408999679997301e-01
4.099889261532079221e-01
-9.999357020869242829e-01
-5.999175607246926001e-01
-1.000071002684904675e+00
4.502416165755703664e-02
-1.000052981335667557e+00
1.002039666158439091e-01
1.000056736714518557e-01
-5.998176374196637628e-01
5.557972228944525750e-02
-8.186684763831921785e-01
-7.986200286290504602e-01
-2.345292444090384953e-01
3.888670056863405278e-01
-3.490495404431162019e-01
3.976580809330066413e-01
-8.050514947313893721e-01
-2.161660625754022180e-01
9.992316372599757690e-02
9.975197732116738991e-02
9.999941951894855130e-01
9.780158567226845956e-02
3.909768991528313475e-01
9.999075833903790789e-02
-2.795489563513343101e-01
2.167527149000894326e-01
-2.440468437392254442e-01
-5.998758081039827772e-01
9.997080768354130731e-01
3.986624615129187310e-01
2.013192830363347285e-01
9.987170508180477635e-02
9.998892242105495987e-01
-1.000069145715249741e+00
3.958026655364340618e-01
9.999635583384184345e-01
3.936214678509363241e-01
1.001476508495213885e-01
4.220056130050791610e-01
-6.000707029961859229e-01
4.208810887604296780e-01
-3.106034837751958655e-01
3.835455077851485650e-01
1.000064024580748612e+00
9.999965049613055434e-01
1.000537646259481023e-01
2.010646820265288848e-01
3.996038531295867391e-01
-8.016452758185491634e-01
9.987412411801449563e-02
9.999445833422956342e-01
9.998265575081548562e-01
-9.999775173994021049e-01
-5.997347237008878729e-01
4.108715564333937920e-01
-8.103201272895671492e-02
4.005241229237352929e-01
9.993556958666009737e-02
3.919114122965496327e-01
6.368217438328716007e-03
-2.459954909192455519e-01
-6.000133672259508888e-01
2.045448363403849223e-01
9.999010213633395816e-01
-1.000021717716133240e+00
-7.962129033658731370e-01
9.998916737699522495e-01
4.099676135167962809e-01
-6.000793412971675567e-01
9.993054723506351877e-02
4.751166570359954822e-02
-3.361272118403569875e-01
-7.945673752011400692e-01
2.108313716441002073e-01
1.000197620899444945e-01
1.000116796025044774e+00
2.075585980906142769e-01
2.101525454707312834e-01
-2.872013257085205828e-01
-1.000158227531308786e+00
2.123639896695781251e-02
3.943945539338959971e-01
-8.110379812673738087e-01
1.873237830813173632e-01
9.999291177831626243e-01
-8.072933228664638250e-01
-5.999617937550180136e-01
-1.000053978684179556e+00
-6.645460040856284237e-03
-3.350271846261982933e-01
-5.997577641110033442e-01
-6.334086294609346524e-02
2.007884783942217310e-01
-1.000008783723858485e+00
1.000050367679135688e+00
-7.961467096658794151e-01
3.905020964135221817e-01
-3.350445317418818125e-01
1.000065918218608463e+00
-1.000079148577936561e+00
-3.494181923965349740e-02
2.061089701380684758e-01
9.987938384917553758e-02
-8.151948020865537048e-01
-3.320251674007639875e-01
9.842496044250799436e-02
-3.476500452665081120e-01
2.104745493210122276e-01
-5.508036173209696074e-02
-6.001623064983758749e-01
-6.000501093927536056e-01
4.098143319096041459e-01
9.999464024016700980e-01
9.991980920680308687e-02
-3.002307131483595293e-01
1.942610541407520930e-01
1.000495255609441386e-01
1.000847525196369020e-01
-7.959653855303564507e-01
-6.000507417899408891e-01
-5.999236644479006841e-01
1.000174234129609374e+00
-6.000941495160282413e-01
-6.000044761989459241e-01
1.000027068436609490e+00
1.940667281636045960e-01
-7.998972990734827260e-01
4.090571610784957679e-01
5.026257286474068720e-02
1.948492653161588983e-01
-8.266206429512897857e-01
-1.000253635874883695e+00
-8.051154959474220441e-01
-1.000029720039400827e+00
1.000018389880183989e+00
9.998496120672002441e-01
-7.846095055659062512e-01
-1.898199961316045514e-01
1.522324341800166542e-02
-8.157547655713057733e-01
1.000160958866144867e+00
-6.001063125968518763e-01
1.000241632866388647e-01
-1.000212394353368506e+00
4.055604233222879218e-01
2.004361774444151367e-01
1.000050042858736665e+00
-6.000948405827023491e-01
-5.999203665395307361e-01
-3.781666870753800924e-01
1.000040714356625671e+00
9.989385314531222526e-02
1.000120363309275451e+00
9.998253898651002780e-01
-1.000075208080619893e+00
3.876351286149966047e-01
1.001332546236404220e-01
4.039864338070512928e-01
9.987730079881404488e-02
-6.115944563985924870e-02
4.011652514826949401e-02
1.996090209313807207e-01
4.052296368059565279e-01
-8.021268295782179036e-01
-5.999957901206453004e-01
3.893144662330125239e-01
1.000122366908865912e+00
-3.068509681694122845e-02
-8.063694526265978713e-01
3.902832826885198059e-01
-1.053710656330948160e-03
1.977520904712949945e-01
-9.999589070496973653e-01
-3.462167735884406072e-01
4.004719000434514564e-01
2.079790500699768840e-01
-4.140893350153650870e-02
1.000061180307340480e+00
9.998965114687299316e-01
1.000154407815177171e+00
1.000095613669321065e-01
-7.488672308722421622e-02
-1.000137817954383390e+00
-3.202244172311242143e-01
-2.939419913441619903e-01
1.000078281085194920e+00
-8.152503710117234847e-01
-8.087413916731115426e-01
-5.999137765017826807e-01
-2.602722552864972227e-01
-9.999695523652859519e-01
1.881186707475868969e-01
9.999821188693554241e-02
-6.000263032540341657e-01
-1.293856995299918211e-01
1.000090215948243877e+00
2.217579723394037527e-01
1.875642010067731513e-01
4.594829186201587756e-02
-2.920323390511919137e-01
-2.403847387583993023e-01
-1.968737643432545426e-01
4.008656842848904445e-01
-2.446171123035523476e-01
9.999318499008594818e-01
1.000104677239954221e+00
-2.381282702724396572e-02
2.021795421456240860e-01
1.893861260079068298e-01
3.215768471910617626e-02
-3.589838613677734380e-01
-5.998120860658990861e-01
-1.000184988589744250e+00
2.061492490060666816e-01
4.827003471685571007e-02
