-6.001804512716523154e-01
-6.001482201189394239e-01
1.000049390597305576e+00
-9.893130204825328899e-02
-9.998177854921355134e-01
-8.053499845493988785e-01
-6.000025172451414202e-01
6.068823440364193300e-02
-7.969473034967836655e-01
-3.346082279802935489e-01
1.000272221425199948e-01
-1.000086072039887197e+00
1.958394857175181636e-01
-5.807328434287172686e-02
2.101527127704104214e-01
3.930238748480591737e-01
-2.498702956918003818e-03
-9.999017849062586949e-01
2.045247559109901192e-01
-2.025193888070803139e-02
3.924446265984217752e-01
3.996020181454539300e-01
-3.183337905810865731e-01
-8.257333620891119663e-01
-9.999266076254217372e-01
3.946348158103550885e-01
-2.279748649219413559e-01
-6.000157362901682445e-01
-2.351232159827901791e-01
9.985888044869602187e-02
-9.999823275453498805e-01
-7.993778185228064270e-01
-8.054976026569341530e-01
-1.000196604849133974e+00
4.379277059830713470e-02
9.999471419696638330e-01
-9.998344749123541098e-01
9.999382453267749993e-01
3.883921925877653059e-01
-5.999543987891021724e-01
1.000336797228505770e+00
-7.933021334807055513e-01
-1.988194506103280745e-01
1.000126226288709647e-01
-2.798674598505290212e-01
4.037275332257917460e-01
9.982590576706909524e-02
1.002065463637147602e-01
9.986557081963795546e-02
2.037369295708860439e-01
-1.000174612546716801e+00
-8.050823052272477742e-01
3.977059936826308206e-01
3.831263777397775350e-01
-2.759037688190594251e-01
-9.999126681094597791e-01
-7.892465914493548285e-01
3.916111771424298782e-01
-7.744126485964855644e-03
-9.998280579079095176e-01
2.087363759479745479e-02
4.050666388191964118e-01
-1.000046188322515794e+00
-3.374536339744964586e-01
-9.999990022996908534e-01
1.000095024325637072e-01
-9.998904369455845487e-01
6.420503943120488277e-02
-8.022521664156389010e-01
3.948705420944261246e-01
-6.002774667008383691e-01
-3.004947780412481895e-01
1.000005887073091848e-01
-2.908755717840505114e-02
2.016736160243852161e-01
9.999063073463079765e-02
2.028408221258322375e-01
1.000150818971451860e+00
-3.005427652216832377e-02
-8.176699903803428260e-01
3.952019462575926956e-01
4.097588317106899969e-01
2.108801327206852316e-01
2.143703089801839712e-01
1.000121226905630101e+00
3.907639700625791246e-01
-9.998532704448614972e-01
-5.999004109657071204e-01
-1.000067074361519648e+00
-2.701256237947468122e-02
-1.000013292511988894e+00
9.998964631244594559e-02
1.000734230499104038e-01
-5.998951871524543789e-01
-2.646225190800736982e-02
-7.914242138305340735e-01
-8.102961754025375107e-01
-2.926349277914390146e-01
3.832378550598814493e-01
-1.967792365651448439e-01
3.973605414592553675e-01
-8.107231423480713017e-01
-3.802731678486269695e-01
9.989889953582622995e-02
1.000797506190433672e-01
1.000104645922912150e+00
4.499646176888555393e-04
4.021437348412504331e-01
9.991823930923396380e-02
-2.855075001790703393e-01
1.968938942432830741e-01
-2.788741450455626825e-01
-5.999498944795940147e-01
9.998128777855279647e-01
3.918464139290421810e-01
2.070378700905767533e-01
9.993456092028332738e-02
9.998944171404254844e-01
-1.000137117273552478e+00
3.997340416875901914e-01
1.000072806261564917e+00
4.056370224858026896e-01
9.999383996539318309e-02
3.918852677720683908e-01
-6.000476423003204829e-01
3.934102482934096479e-01
-3.044117063242806620e-01
3.937903312865076444e-01
1.000039791409100376e+00
1.000063250330721853e+00
9.975336955911064118e-02
1.932583853800996232e-01
3.980802316381453210e-01
-8.010114802180154925e-01
9.976237943452373469e-02
1.000024327329707585e+00
1.000011558075349249e+00
-9.998823059750402420e-01
-6.000435614795986972e-01
4.067455767248049914e-01
-5.381527352821968702e-02
3.951095931630342895e-01
1.000385540878912238e-01
4.022680184319351593e-01
-7.372908532818779614e-02
-2.978732284259529295e-01
-5.999590438183849406e-01
1.949083940953325045e-01
1.000053835258404522e+00
-1.000064804322987388e+00
-8.210534869009216141e-01
1.000048176306796099e+00
3.896586710214682836e-01
-6.001014447524396500e-01
9.998847271159173877e-02
5.271469636456677099e-02
-2.852380599775829473e-01
-8.240526928522461381e-01
2.228450801265981218e-01
1.001465677228409873e-01
1.000176446887217407e+00
1.959201195368136528e-01
2.015041515450528009e-01
-2.713778694681203696e-01
-9.999434943305465229e-01
-1.629644732002506757e-02
4.031413789437555684e-01
-8.066128410352298994e-01
1.990380882232279658e-01
1.000038491081179703e+00
-7.924131108291361247e-01
-5.999691221956842124e-01
-9.999724610028354332e-01
6.907567347285658438e-03
-3.154606584986687778e-01
-5.999306209458760142e-01
2.499617821372773774e-02
2.201832921561060197e-01
-1.000085266969916287e+00
9.999404642458441517e-01
-8.030977285425591194e-01
4.041410105214396919e-01
-2.332075098635653654e-01
9.999061161749550619e-01
-1.000019527068338743e+00
5.858191895877593036e-02
1.900860202126927190e-01
9.996243265152719715e-02
-8.088797506556590911e-01
-3.689004520377465735e-01
4.770826917689812569e-02
-2.642177768657553716e-01
2.058841316495060303e-01
-4.118517566624835952e-02
-6.001136954013498448e-01
-6.000366283055684757e-01
4.166053610900214976e-01
1.000056820152234849e+00
1.001413989760493728e-01
-2.381983439891058041e-01
2.061910165388935734e-01
9.990814144068493885e-02
9.995797555262700418e-02
-7.910792623894300490e-01
-5.999367384838817374e-01
-5.999912994414992040e-01
9.998339127942719173e-01
-5.999761699699988071e-01
-5.999178058499292643e-01
1.000070009207385535e+00
2.070916716940711944e-01
-8.106583875108483994e-01
3.695534748801221347e-01
1.267622458906661753e-01
2.092207672885629255e-01
-8.087750816868413128e-01
-1.000202772813905350e+00
-7.963134585457727344e-01
-1.000022598043285083e+00
9.998607090110372964e-01
9.999957210179455380e-01
-8.013068827699068031e-01
-3.387386479370881331e-01
-2.076516724003250186e-02
-8.045602733863473910e-01
9.998875886326450413e-01
-6.000327289442176637e-01
1.001245509892619151e-01
-9.998956309053584901e-01
3.995612871831124568e-01
1.830657258865500958e-01
9.999159168664671915e-01
-6.001242568096593066e-01
-5.999667314730856571e-01
-3.423360418564663776e-01
9.998688003372955269e-01
9.992496830958493004e-02
1.000025785006268153e+00
1.000111030178017835e+00
-9.999011861787289179e-01
3.928941085701302960e-01
1.000080527257904972e-01
4.004241892131973901e-01
1.000268158955257142e-01
-6.847941738319598959e-02
3.036439705373801534e-02
2.050701087798405264e-01
3.918225760070867536e-01
-8.098287700773078024e-01
-5.999752135998639435e-01
3.968630699875757561e-01
1.000062395180737251e+00
-9.295339443212843281e-04
-8.165307182345524772e-01
4.060225474392675227e-01
9.602006569186053928e-03
1.945916821714515910e-01
-1.000030496877949204e+00
-2.683537973970000490e-01
3.920880748256431181e-01
2.130877889008138404e-01
9.802203772307539753e-03
9.999878228256257051e-01
1.000069020180456070e+00
1.000054389839273083e+00
9.996031056401394332e-02
-8.125219641451150374e-03
-1.000169502799831855e+00
-2.905715270162209651e-01
-2.769238342189333513e-01
1.000112217486355926e+00
-7.964054170253439535e-01
-7.882059001546262156e-01
-6.002169577748306395e-01
-3.742266824492930244e-01
-9.999710052321891807e-01
2.005038512136702311e-01
1.001169573882731284e-01
-5.998316109972633425e-01
2.227894576590029596e-02
1.000146759099323379e+00
1.962917576244675999e-01
2.213670996703119564e-01
9.829796718983943582e-02
-2.880259472146592947e-01
-2.559893832797572322e-01
-2.668948651492902280e-01
4.022982528115405798e-01
-3.599758507352324166e-01
9.999534034252450798e-01
9.999270948748026910e-01
-3.354629900257612152e-02
2.044467274670240253e-01
2.107519923190562527e-01
-1.504622860971845458e-02
-2.783307933976026938e-01
-5.998930386894578692e-01
-1.000005451764742759e+00
1.829005298505144150e-01
5.496450877935208507e-02
