-5.999143081914946052e-01
-5.999119221259682222e-01
9.999052330879798500e-01
5.199183649206613744e-02
-1.000042049208475614e+00
-7.811534025689705896e-01
-6.001371382533958743e-01
-3.411153372004496059e-02
-8.039714977194932777e-01
-3.232024789612586435e-01
1.001427741966914309e-01
-1.000113606902449659e+00
1.932980632509414820e-01
-4.733379213462042545e-02
1.909357682541687196e-01
4.114301837790212968e-01
1.973799823482927721e-02
-1.000012330862693144e+00
1.990269527614343392e-01
9.387697823188180133e-04
4.286895362753639360e-01
4.105867513838756255e-01
-3.311424816394276105e-01
-8.029428500505346733e-01
-9.999887160798589525e-01
3.967650979112518073e-01
-2.704291083358346115e-01
-6.000489775035252604e-01
-2.150841635762739124e-01
1.000940475154866033e-01
-1.000172917958742413e+00
-8.130665906319505254e-01
-7.924915618178161036e-01
-1.000051552325328830e+00
-9.791879232213239470e-02
1.000010207392278305e+00
-9.999034881632670180e-01
9.999472159338049781e-01
3.933455718906688769e-01
-5.999469165568918072e-01
9.999359871516251275e-01
-7.861984981202674305e-01
-3.282976509335820969e-01
9.992931445526676004e-02
-2.167829950412915596e-01
4.068160987274022644e-01
1.000388010028061825e-01
1.000560357614785345e-01
1.001007807555422680e-01
1.756918373335819294e-01
-9.998968162382881886e-01
-7.719574769411869930e-01
3.836181459610937816e-01
4.005449142273294627e-01
-4.119416175339105091e-01
-9.999531324584202130e-01
-7.969492567487207468e-01
3.895521870664708231e-01
1.018445469148132956e-02
-1.000114307230258293e+00
1.034428302261145363e-02
3.982051052345463860e-01
-9.999166159647526753e-01
-3.004889919917653751e-01
-9.999874942717359438e-01
9.990260476088659580e-02
-9.999632953399330004e-01
-2.261414919519946776e-02
-8.166016520386594202e-01
4.041875257630694329e-01
-6.000543873020857122e-01
-2.782768884474968729e-01
9.994682278672430142e-02
8.277861069864711485e-02
1.906926984244068923e-01
1.000292949181514068e-01
1.987744680056807434e-01
9.999072438529856832e-01
4.593094907108936226e-02
-7.866074529520272751e-01
3.956704357918299220e-01
4.172701419311819482e-01
1.929626164364617313e-01
1.928572910875109847e-01
9.999320701840251902e-01
3.864206281882593408e-01
-9.999469012376663857e-01
-5.999883269491380622e-01
-1.000079046984594822e+00
-6.218908465990564960e-02
-9.999280613767910220e-01
9.998849397322999433e-02
9.992137041522428098e-02
-5.999942634659840568e-01
-2.451325642679575909e-02
-7.977843065193979122e-01
-7.998287878005073681e-01
-2.786006435203869369e-01
3.923443358585172458e-01
-2.373393805114292765e-01
3.873750969964026569e-01
-7.886133069127588824e-01
-3.088861484623505183e-01
9.997048600036939625e-02
1.000429901008191014e-01
9.999665859949671276e-01
7.275006615572346402e-02
3.914189347647164530e-01
1.000589556311268086e-01
-3.809407779214050160e-01
1.931887442529539867e-01
-2.422870085752032998e-01
-5.997792076407189032e-01
1.000065193228149907e+00
3.938935320913484750e-01
2.050143433691605233e-01
1.000449779116478616e-01
9.999549471689075375e-01
-9.998928922872352132e-01
3.975804715290783831e-01
9.999890825806783123e-01
3.964090643553717097e-01
9.999991124982092472e-02
4.139528951193161554e-01
-5.999965547406164168e-01
3.848163411721544080e-01
-2.645421705252324895e-01
4.258204226507024681e-01
9.998749835822758891e-01
9.999289102377142413e-01
1.001020865427747625e-01
1.921975288953436389e-01
4.106027669494074495e-01
-7.997502087311103569e-01
1.001582188608387269e-01
9.999501438998830150e-01
1.000031808281302892e+00
-1.000017097824214662e+00
-6.001975066853463270e-01
3.865892577586125256e-01
-7.007264513387312377e-02
3.883062772811471386e-01
1.000050165879966535e-01
4.130583715654850274e-01
7.783998027690301746e-03
-2.626617428317328806e-01
-5.999924937712037831e-01
2.014551969347973814e-01
1.000175443579685464e+00
-1.000031912530868761e+00
-7.815974669346694714e-01
9.998739859086198667e-01
4.077429057336530160e-01
-5.999923028834736050e-01
1.000060306866989573e-01
-1.630376833954680013e-02
-2.934815783121029753e-01
-7.918130324327454783e-01
2.023981228430873636e-01
9.999536266375068372e-02
9.999755082394389261e-01
1.828336961679500605e-01
1.861123685618102930e-01
-3.356897064765018701e-01
-9.999779174951032301e-01
-3.347801149584474223e-02
3.824634919432541302e-01
-8.095018509015353692e-01
1.784696204132681929e-01
1.000048318506213896e+00
-7.974936015074857165e-01
-6.000544633879028034e-01
-1.000083353399412900e+00
4.481184336204130760e-04
-4.046704157176065353e-01
-5.999145477976320917e-01
2.197069528733794352e-02
1.992031662139604475e-01
-9.998842495676305564e-01
9.998992893167718554e-01
-8.075296104274343190e-01
3.980185354893800986e-01
-2.740925236927679309e-01
9.999438700774934130e-01
-1.000080000116277512e+00
-2.439108893153427247e-03
2.197883138053620122e-01
1.000186872439126906e-01
-8.026754612669365629e-01
-1.680855527111444203e-01
6.327863867500940764e-02
-3.886146794130310167e-01
1.863547567869208443e-01
2.848053312648761611e-03
-6.000222244139641337e-01
-5.999243252599844034e-01
4.072912506111892594e-01
9.999859247126393624e-01
9.991986570761146602e-02
-2.779832073442136120e-01
2.036447570976510080e-01
1.001332935930736023e-01
1.001678626902089558e-01
-8.101726568195487532e-01
-5.998949857786277651e-01
-6.001058601151937344e-01
9.998508760066042722e-01
-6.002335858119869361e-01
-5.999660207641983600e-01
9.998449929500412559e-01
1.997454594553677021e-01
-7.963801030777215573e-01
3.930243279612964935e-01
-6.363392036497994564e-02
2.116273340891078880e-01
-7.950494631802236256e-01
-9.999177489723413137e-01
-7.732363849291735702e-01
-9.999898777341977851e-01
9.999723478247630748e-01
9.999463183301942060e-01
-8.032890138651332945e-01
-3.473767363592026314e-01
-4.297694029408866134e-02
-8.015204508683890783e-01
1.000066699528171288e+00
-6.000430657079011132e-01
9.991680657062720905e-02
-9.999918726035482708e-01
3.831257224763222613e-01
2.028815853948475745e-01
1.000017190363718944e+00
-6.000599962655982500e-01
-5.999842220502272783e-01
-2.810421281895825740e-01
1.000044155585548378e+00
9.991608775845606250e-02
9.998585744502737072e-01
1.000069968218323169e+00
-9.999066962137833636e-01
4.085275068517347230e-01
1.001340630533208015e-01
3.993704455471368542e-01
9.994241780314677692e-02
-8.010810012479549014e-04
-1.000702615462997075e-01
1.981849983617604283e-01
4.079776460956697215e-01
-8.218116336587767412e-01
-6.000876177896319330e-01
3.874697601896526789e-01
1.000079013623171864e+00
5.699095243756801404e-02
-7.953012453993361097e-01
3.914923540975396854e-01
-1.307004613180544339e-02
1.864117853091611376e-01
-1.000000601376267007e+00
-2.860797852106565786e-01
4.008109414910185353e-01
2.027012731623430986e-01
-9.916860811125241537e-02
1.000151625806563471e+00
9.998793352547403757e-01
9.999739139999267445e-01
9.981563703993337477e-02
-4.103352746280245628e-02
-9.998401571343673577e-01
-2.850514431321578002e-01
-3.596324262957573126e-01
1.000010323682868796e+00
-8.078976496373811989e-01
-8.079915976141747169e-01
-6.001006883868770236e-01
-2.006771622670362465e-01
-1.000122640524614415e+00
2.091016478474713725e-01
1.000800123289069254e-01
-5.999515879855727984e-01
3.632990085694989303e-03
9.999236433042290040e-01
1.982935720121243584e-01
2.148350912427735571e-01
-7.705877692340107332e-02
-3.160709461598986136e-01
-3.136319696420504233e-01
-3.001970946874399915e-01
4.210548934840894764e-01
-3.450653538055935554e-01
1.000173056486978851e+00
1.000007941938799494e+00
2.235549047836227904e-02
1.886039129353634103e-01
2.051820071398696155e-01
-7.014682964531106235e-02
-3.460643016250897763e-01
-5.999559327445381784e-01
-9.999541356861668673e-01
1.959064302998065332e-01
-7.928952382741089044e-02
