-6.002044833034750893e-01
-6.001186846491449733e-01
1.000124879208164064e+00
-1.124016804947645665e-01
-1.000072874724122096e+00
-7.988005708062032584e-01
-6.000433067485476668e-01
-5.118430695692868793e-02
-7.976231477806164927e-01
-2.409522531702617543e-01
1.000235804748871998e-01
-9.999572574925357227e-01
1.857788606219295258e-01
5.707351825521805172e-02
2.080627857068577391e-01
4.068503578695683576e-01
-3.891652085673903694e-02
-1.000030193041406168e+00
1.979335430665163653e-01
1.012838071060797457e-02
3.828858180700047686e-01
4.082731425772105349e-01
-2.256482022030943391e-01
-7.935094494089469652e-01
-9.999507640925413554e-01
4.007951848632153591e-01
-3.837205746788037719e-01
-6.001099468014603477e-01
-3.202608818178060424e-01
9.992366493423332496e-02
-9.998650684383031395e-01
-7.940699082331036385e-01
-8.004210645980752714e-01
-9.999699200520771880e-01
4.207204451759846697e-02
1.000157158873478558e+00
-9.999878248505014167e-01
9.999735332247106090e-01
4.124298895445321356e-01
-6.002567197438619662e-01
9.998175623105891585e-01
-7.942884811710373416e-01
-3.068826519704220268e-01
1.000628043829477204e-01
-3.435992084865526208e-01
4.034429449281655145e-01
1.000803370785859625e-01
1.001165895869879641e-01
1.000589486566853259e-01
2.070490179109322482e-01
-1.000067399878170615e+00
-8.034018793894310839e-01
4.055519891676052091e-01
3.862219892751063699e-01
-2.973040799046812732e-01
-9.998296501053888230e-01
-8.006205671734095697e-01
4.012004408737441241e-01
-2.381096331310735004e-02
-9.998897894911583650e-01
-4.902006157599114039e-02
3.931238097229357020e-01
-9.999814706591890756e-01
-2.748486721723508164e-01
-1.000036673253826613e+00
1.000114879313887262e-01
-1.000078409438675653e+00
8.047789557273584554e-03
-7.933743031536620860e-01
3.980466207008350743e-01
-5.998760349977739770e-01
-2.755304814099637789e-01
9.996522342947235240e-02
-2.969632033408844962e-02
2.087921294539318851e-01
1.000128056343562166e-01
1.933380562349445164e-01
1.000064429861784010e+00
-1.011535102466214371e-02
-8.112918523645663571e-01
3.937666548857984838e-01
3.978419181776507441e-01
2.034245978761768103e-01
2.175994535550909159e-01
9.998503432347891628e-01
3.986357528376816006e-01
-9.999321355860394389e-01
-5.999739820885904296e-01
-1.000056368990227540e+00
-2.977988096617493335e-02
-1.000126149507619688e+00
9.998761570991894498e-02
9.997786390453188010e-02
-5.998946308112536041e-01
-1.781998038046168562e-02
-8.083282939048020976e-01
-8.140058575745834357e-01
-2.978102284190332072e-01
3.863715214017078292e-01
-3.012890358585024742e-01
4.004908491054876007e-01
-7.777746773873326358e-01
-3.092699018393815780e-01
9.991139871983396870e-02
1.000984849699056156e-01
9.998282317196023339e-01
4.416052267884180288e-02
4.035659332415985068e-01
9.995382552626230765e-02
-3.744112669290944329e-01
1.812676342465239232e-01
-3.535593302993721987e-01
-6.000144001791171133e-01
1.000078159216689633e+00
4.024321736476929590e-01
2.111456942695975614e-01
9.989852899938733710e-02
9.998064856247463883e-01
-9.999957778166514988e-01
4.051875714964715547e-01
1.000096246085379503e+00
4.076401679219675001e-01
9.995212076295249826e-02
4.043061814993232916e-01
-6.001080048587705829e-01
4.115564511325012775e-01
-2.841520971675396967e-01
3.986050810823539292e-01
9.999830757546706028e-01
1.000114121240510467e+00
1.000251047931290382e-01
2.039169348948388361e-01
4.023194093405744742e-01
-7.791054489100479596e-01
1.000385909523827110e-01
1.000077452491221930e+00
9.998407888093223672e-01
-1.000080093863158881e+00
-5.999397314910676071e-01
3.906346713778862667e-01
1.058552472641540419e-02
3.962329511947598193e-01
1.000273724126611863e-01
4.056965377917562954e-01
3.965442596084634702e-02
-2.519883816155641387e-01
-5.997660177013731664e-01
2.026280115066755039e-01
1.000051072223320681e+00
-9.998821695717505786e-01
-8.118525033136697600e-01
9.999148380310273199e-01
4.003993217305360508e-01
-6.000311364733738051e-01
1.001085810956673788e-01
-3.122956485731146620e-02
-3.715773544634714542e-01
-8.139453777229908038e-01
1.930813132255132236e-01
9.996515375881495635e-02
9.999192966500838331e-01
2.103358834101862196e-01
2.095134158254596535e-01
-3.243570909825895243e-01
-1.000017877528978749e+00
3.976164982061895087e-02
4.036944284968512209e-01
-8.219205998786653922e-01
2.122185408329999579e-01
9.999033848315422857e-01
-7.911826137722548502e-01
-5.999760271651801702e-01
-9.999805417469179725e-01
-2.111466839872331094e-02
-3.039499215161080570e-01
-6.000650635586047832e-01
8.317535039628409788e-02
2.050589050702180671e-01
-1.000110070752448177e+00
9.999806758280164187e-01
-7.966556609668264954e-01
4.033559221462649225e-01
-3.521768277666917357e-01
1.000056620327659074e+00
-1.000036673253559716e+00
2.166587306635056609e-02
1.826763232155592942e-01
1.001676428912760819e-01
-8.079288795593192463e-01
-1.882559859872610653e-01
-2.442388390582102276e-02
-2.769652597872444000e-01
2.064500478138432960e-01
-1.755510684594028398e-02
-6.000661774373785562e-01
-5.999961138731211285e-01
4.105509607248703507e-01
9.999930855617663594e-01
9.988857353188462795e-02
-3.426451389825418414e-01
2.089589928441432931e-01
1.001407554178802423e-01
1.000430456038905180e-01
-8.011757343304507506e-01
-5.999256150880860616e-01
-6.000178209916983141e-01
1.000055732349773630e+00
-5.998508557949056019e-01
-5.999490822965546366e-01
9.999751655318273036e-01
2.055513812421485564e-01
-7.926127229260944151e-01
3.941335957922499356e-01
-1.611290417857459342e-02
2.027620531201381193e-01
-8.148037174101508961e-01
-1.000054098183985163e+00
-7.959304822532354828e-01
-9.998786664392698142e-01
9.999373860502854816e-01
9.999743744211430085e-01
-8.139281783157436001e-01
-3.190384411025279365e-01
-5.863229175208475516e-03
-8.038144232637025599e-01
1.000080550868695184e+00
-5.999508760260354734e-01
1.000890462627463257e-01
-9.999769227483512601e-01
3.985562942114670992e-01
1.889053322805132606e-01
1.000071964364561028e+00
-5.998823265079578082e-01
-5.999686926451820446e-01
-3.142939006294845905e-01
1.000013934096250390e+00
9.979859594638980369e-02
9.999532571039614348e-01
1.000052416604431338e+00
-1.000126181344310305e+00
3.882295537331737489e-01
9.999492888983285699e-02
3.941187320183059395e-01
1.000364939016156057e-01
-9.637144905236233461e-03
-1.583030924941198833e-02
1.987450169603332262e-01
3.915341201761804446e-01
-7.979378001331987047e-01
-5.998302379087651071e-01
3.963945381770209719e-01
1.000091301719341574e+00
3.849095908999256022e-02
-7.907745754391176662e-01
3.820615483178146921e-01
4.400589185577449824e-02
1.985028271107609210e-01
-1.000146007995720066e+00
-3.005332355909403064e-01
3.963590535821489014e-01
1.852913574658874574e-01
-7.373404842416224347e-02
1.000232059854050615e+00
9.999852301590536063e-01
1.000312890536252608e+00
1.000216725336242340e-01
-4.376532206990053908e-02
-9.997995433755764161e-01
-2.959573877130095565e-01
-3.182096724362965534e-01
1.000042317710590822e+00
-7.992668808128224889e-01
-7.933240549310288658e-01
-6.000308856812002212e-01
-2.923322494339324895e-01
-1.000094189205380513e+00
2.114828803610155350e-01
1.000243426703510546e-01
-5.999196925621057552e-01
-3.662846606866461407e-02
9.997964224240817321e-01
1.947590832617399903e-01
2.086691899487978785e-01
3.515921683598707131e-02
-3.315413265098433038e-01
-1.695158898620248988e-01
-2.380512368817510604e-01
4.058617863526413072e-01
-3.590980838317833768e-01
1.000079989738097863e+00
1.000047439452826925e+00
4.512446618004302933e-03
1.964751428448681669e-01
2.073166268319390770e-01
-5.262311373486434690e-04
-3.479778769650730963e-01
-5.999374755533493087e-01
-1.000049075079013639e+00
2.077055307112251059e-01
1.856042634380567283e-02
