-5.998957343240084450e-01
-6.000275267974723992e-01
9.999727120706207728e-01
-4.325112645613918283e-02
-1.000049622800994742e+00
-7.883306506059398755e-01
-5.998850544148227604e-01
-1.979541632527367923e-02
-7.751322752849038045e-01
-2.557131672998443905e-01
9.997497247843663282e-02
-1.000100994540413568e+00
1.991352178384228344e-01
2.856120437360037956e-02
2.038594630093888138e-01
3.954775665381576322e-01
9.635717909829515787e-03
-9.999251563085216343e-01
1.991711573283790337e-01
5.293352533315476283e-02
4.029971801938792009e-01
3.899920171051551310e-01
-2.730913458262360649e-01
-7.971558390064358290e-01
-1.000062316435481158e+00
4.046146439760301972e-01
-1.819129447013576595e-01
-5.998658435696271329e-01
-3.452712195157876529e-01
9.992152711154898836e-02
-9.998066380517331986e-01
-8.108309803239077684e-01
-7.848967661891167458e-01
-9.999840713263330461e-01
9.342143528897639548e-02
9.999109447916817439e-01
-1.000118507115104194e+00
9.999685327668812462e-01
4.070162026773482267e-01
-5.999784075315029996e-01
9.999133645094362421e-01
-8.035616264905774964e-01
-2.916783550752745091e-01
9.997836459802676712e-02
-3.950476200319870124e-01
3.888379195182520842e-01
1.000121663598146221e-01
9.995110506104910864e-02
9.987423770571270121e-02
1.748979308535671129e-01
-9.999501920750198947e-01
-7.967377020953296807e-01
3.999686458855160054e-01
3.894776376933610229e-01
-2.786415685381534724e-01
-1.000111744805819658e+00
-7.931326759224146539e-01
3.974298974894211467e-01
-1.163599599235020168e-02
-1.000091517764190918e+00
5.868330610075259135e-02
3.831212722793301273e-01
-9.999475298940089241e-01
-2.538375182187988521e-01
-9.998401917427862662e-01
9.979548930528252260e-02
-1.000224958542063503e+00
1.075447527515674059e-02
-8.197539561273538000e-01
3.913445118144502355e-01
-5.998887852312051461e-01
-2.994566771295574248e-01
1.001259706553574297e-01
6.697374542217152116e-02
1.836774428119403724e-01
1.000469252896152711e-01
1.963842227432335552e-01
1.000103500449385896e+00
1.949639949439152531e-02
-7.862108831222690553e-01
4.091438219764902406e-01
4.074098964151997015e-01
1.960683323514837428e-01
2.080513516697350129e-01
9.999663369633433607e-01
4.100128377445105832e-01
-9.997368857163893008e-01
-6.000143137642731661e-01
-1.000084198114511880e+00
-2.192889440346592472e-03
-9.998912186408125402e-01
1.000753005087822167e-01
9.988948810611945894e-02
-6.002132486563975799e-01
5.203159883399245851e-03
-8.073164498617156903e-01
-7.998236635671074346e-01
-3.180115450323433013e-01
4.074940999765851446e-01
-1.966840329224749662e-01
3.911670673038805668e-01
-8.170394665682164659e-01
-2.752452075729123759e-01
1.000072218633206445e-01
9.990027418080353605e-02
9.999198258258780170e-01
-3.408222789524188896e-03
3.987966009182697946e-01
9.984410593610668072e-02
-2.615947277574518504e-01
2.057148212202972726e-01
-3.604669389259107515e-01
-5.999706352987628222e-01
1.000039152842622903e+00
4.006582928434096469e-01
2.232820286460718284e-01
9.991195493300650265e-02
1.000038247208367537e+00
-1.000013749702980181e+00
3.892850283936892253e-01
9.999778661503436750e-01
4.050092858877006319e-01
9.996176673811466018e-02
3.727116643839146204e-01
-6.001269284155583694e-01
3.903777275405052594e-01
-2.750093892883492819e-01
3.993885903753929822e-01
1.000095697253246207e+00
9.998687632338899567e-01
9.986239433752808203e-02
2.184892529020220353e-01
3.959774380620963985e-01
-8.037602638472796102e-01
9.984197371635519791e-02
1.000047806048149024e+00
1.000003579229389539e+00
-9.999845155620256110e-01
-5.999070996647020149e-01
4.135565966692307249e-01
-8.897707025672052517e-02
4.176231401670280619e-01
1.000762176939040959e-01
4.013696668650865718e-01
-4.089003238831161874e-02
-3.021743200159631715e-01
-5.999772494930804001e-01
2.037117887986386600e-01
1.000030526146136189e+00
-1.000003538247488777e+00
-8.154330697298545205e-01
9.999599410098236607e-01
3.915451157160479423e-01
-5.998198358507805805e-01
9.987783502184385820e-02
-8.934395922252633127e-02
-3.446830086023983664e-01
-8.107707188940138643e-01
2.041917272914878234e-01
9.998483710632155574e-02
1.000034374376191026e+00
2.106599312264955670e-01
1.950978510251045461e-01
-2.707448726597300737e-01
-1.000058043245300121e+00
4.425162930538305978e-02
3.994704037450131362e-01
-7.986917918498377400e-01
1.973195259178291139e-01
9.999465395442168614e-01
-7.931814674941183307e-01
-5.998889639363230719e-01
-1.000047721452280935e+00
1.030006614664802228e-01
-2.816491608952185755e-01
-6.000814043543649667e-01
-2.074509500793806846e-02
2.084746597173472160e-01
-9.998000595351249631e-01
9.998900397539223217e-01
-8.095636812168860441e-01
3.958319408386234417e-01
-3.061449363472432128e-01
9.999758031269858627e-01
-1.000087934594534378e+00
3.132802128260661709e-03
2.009588114997195862e-01
1.001839231827519883e-01
-8.075195145345888115e-01
-2.345240622900733873e-01
7.720552768941296717e-02
-2.379781634916993127e-01
2.007610524977736233e-01
-3.493814271328072457e-02
-6.001982540638016728e-01
-5.999828146730175060e-01
4.110486788239553491e-01
9.999261959862683069e-01
9.999625689196540990e-02
-3.307822618583030616e-01
1.952971321489621881e-01
9.998112163866684776e-02
9.999160053641380219e-02
-7.914200120456382770e-01
-5.999613426529627480e-01
-6.000265950845821150e-01
9.999187761011910647e-01
-5.998661053483360650e-01
-6.000541026754651064e-01
1.000024581167983762e+00
1.996359003388844255e-01
-7.861603453707286526e-01
4.027386344069693314e-01
8.414835160418451809e-02
2.072539468562478726e-01
-7.968983755535984370e-01
-1.000134956561513189e+00
-7.948410989272529648e-01
-1.000018356246048512e+00
9.999673874672975193e-01
9.999842253638140388e-01
-7.885961264529072201e-01
-3.128807803546522770e-01
9.064920354434914673e-02
-7.854103771670720713e-01
1.000076071926278676e+00
-5.999764258585760235e-01
9.992778082536840634e-02
-1.000044172255639241e+00
3.988485699525220474e-01
1.992039511506202565e-01
1.000057850265568371e+00
-6.000212110557329170e-01
-5.998318431523155247e-01
-3.354160900242729171e-01
1.000032606186868955e+00
1.000557931896975533e-01
1.000055288665565811e+00
1.000075331752328545e+00
-1.000025280798117144e+00
4.105028031153460932e-01
1.000082317847703767e-01
3.904581164003924632e-01
1.000534798902938394e-01
-1.246988099311011761e-02
-3.306918529571006155e-02
1.877598514761785187e-01
3.931962476916783800e-01
-8.079830526375020305e-01
-6.000680948828984729e-01
3.903665863425776483e-01
9.999070249466543991e-01
5.443153624496902161e-03
-7.931748709078931814e-01
4.131965888478865145e-01
-1.731569895614568783e-02
1.884786856173603642e-01
-1.000042292676238231e+00
-2.473401436594156177e-01
3.920673086322164491e-01
1.869802579597688863e-01
-3.899382301156470443e-02
1.000055057481239018e+00
1.000076823247517455e+00
1.000115709490128513e+00
9.990281217680657688e-02
-9.835358923944060791e-03
-1.000018925640159706e+00
-2.849523228460497659e-01
-3.030431688383355970e-01
9.999008087368534969e-01
-7.877533809262141640e-01
-8.056051431071502567e-01
-6.000456150204082073e-01
-3.140369576868846102e-01
-9.997376065230393349e-01
1.912721869526524121e-01
9.989115756908713284e-02
-5.999676278123420303e-01
-7.155158751588867883e-02
9.998869895505844152e-01
1.926363830058312743e-01
2.063069782038430000e-01
-2.028312368465498561e-02
-3.310421014317546651e-01
-3.777078402187061257e-01
-2.686900182150560035e-01
4.212877840703190824e-01
-2.787180362412032819e-01
9.999870268479208457e-01
9.999501329168081210e-01
1.404395171533950187e-02
2.094439109156135959e-01
2.184162481410281687e-01
-5.975352700741917711e-02
-2.704539484210096711e-01
-5.998927138457421648e-01
-1.000008681825502510e+00
1.958425723273880259e-01
-2.914374519026520852e-02
