-6.001633875271987772e-01
-5.998773092454263711e-01
9.998987424773527755e-01
-2.141314627033852336e-02
-9.999659986993871819e-01
-8.053755800421805722e-01
-5.999075403564755327e-01
2.986150638419468248e-02
-8.108562264382286333e-01
-2.903534859305850202e-01
1.000153634886669224e-01
-1.000007554860831593e+00
2.095131069690716052e-01
3.907615575203438052e-02
1.947264758878081148e-01
3.952116849923423270e-01
-2.299454551794314836e-02
-9.998938791150460137e-01
2.114917102933958348e-01
3.641607498707624679e-02
4.024946317647432603e-01
3.999731111433506570e-01
-3.034553040846172944e-01
-8.065225967805401686e-01
-9.999613852155081473e-01
4.022844240002839689e-01
-2.542352950260964306e-01
-5.999797596360052498e-01
-3.208624764655469974e-01
9.998877306331133141e-02
-9.997967267567422489e-01
-8.084595042238215123e-01
-8.011111608444549947e-01
-9.999598482993230508e-01
6.100398747700136459e-02
9.998110459898815749e-01
-1.000123898568709535e+00
9.999425279919074150e-01
4.203079256209924508e-01
-6.000107376510506185e-01
9.999653197677756955e-01
-8.103162221012263355e-01
-3.025065418113736526e-01
9.998936081083496796e-02
-2.829948030408197535e-01
4.025791162659830835e-01
9.980702828320855979e-02
9.996941949890310319e-02
1.000106551353038414e-01
2.054088188002070881e-01
-9.999164437038446929e-01
-8.066666918724696433e-01
3.941084065185104790e-01
4.112920438828471248e-01
-2.843796761956652874e-01
-9.998605757643975744e-01
-8.014982618106156753e-01
4.121459866852454357e-01
3.430588253797142197e-03
-1.000005397160991238e+00
-4.408625587227453513e-02
3.882630067326596768e-01
-9.999788988298501380e-01
-2.608100475050880163e-01
-9.999461423230527890e-01
1.000096240827217930e-01
-1.000149842891325580e+00
-4.513397280182682332e-03
-8.005795509939234167e-01
4.129548820049794289e-01
-6.000284358468279677e-01
-3.469732205034481987e-01
1.000440178431293986e-01
-2.822738047007178949e-03
2.053022423362440285e-01
1.000497973116768885e-01
1.956829272008474840e-01
1.000130621561528654e+00
-3.745749956259559338e-02
-8.023055755223293950e-01
3.972813242155781577e-01
4.209022327735853497e-01
1.932090823602745921e-01
2.112310761819439775e-01
1.000027159994828718e+00
3.954365311333488120e-01
-9.998866216764419335e-01
-6.000093512741832003e-01
-1.000015883680373863e+00
3.778767503653391712e-03
-9.999047069311740588e-01
1.001649087369829577e-01
9.982797303813356615e-02
-5.999844602070757427e-01
-2.207635147888645580e-02
-8.098204210857531393e-01
-7.936830590924436324e-01
-3.383772035290505409e-01
4.178234253972553103e-01
-2.700971739992185094e-01
3.971044017138324334e-01
-7.868292053911497552e-01
-3.099574069526068176e-01
1.000133222601415905e-01
1.000168738044586725e-01
9.999840261527396246e-01
-3.154490485831839414e-02
3.987640091062177872e-01
9.988244202317748954e-02
-2.868901438314934715e-01
2.059219093490884389e-01
-2.871843082806090908e-01
-5.999368400889584230e-01
1.000007631612388703e+00
4.014583701575652475e-01
1.975207245364422881e-01
1.001017467198337813e-01
9.999722480795715240e-01
-1.000041427690926188e+00
4.044304708065427079e-01
9.999762994932106519e-01
4.198618716717437138e-01
1.001104301540200747e-01
3.999024469477879817e-01
-6.000259057401193807e-01
4.108667012586222356e-01
-2.036463364024442835e-01
3.907969241433222329e-01
9.999216289677942404e-01
1.000050479746954490e+00
1.001116571778041253e-01
1.881541283124082975e-01
4.075228993021883794e-01
-7.920954416019927447e-01
1.001231845387846181e-01
9.999946373721796400e-01
9.999929790543971020e-01
-1.000235910582205179e+00
-5.999387767049002562e-01
4.030310735682507417e-01
7.152506034912228805e-02
4.047060843872759550e-01
9.998991227709615182e-02
3.973724363583429620e-01
5.072382095522847550e-02
-2.151756810509749540e-01
-5.998975811760164367e-01
2.099779078180638303e-01
1.000046983805400025e+00
-1.000219842460176922e+00
-8.032600201805530915e-01
1.000054924707437287e+00
4.040664879505140861e-01
-5.998747192026079311e-01
9.993331774101038567e-02
-1.111787656487200765e-01
-4.073815751467759760e-01
-8.122075687243032194e-01
2.014513772087759835e-01
9.995367559978712846e-02
9.999050913180725919e-01
1.960598907487977327e-01
2.053504109020065915e-01
-2.678606243545987864e-01
-1.000212746433067457e+00
2.715663443386430453e-02
4.023931737308528156e-01
-7.961600484981232739e-01
2.004905592806259795e-01
1.000024681145881722e+00
-7.870708910028584304e-01
-5.998383153929593981e-01
-9.998826956510521446e-01
-4.294226604594222202e-02
-2.308966406475002342e-01
-6.000447444124861196e-01
1.453252751036560320e-01
1.963576371917819807e-01
-1.000127048538694829e+00
9.998908361072718076e-01
-7.891584781338939480e-01
3.921251433582749191e-01
-2.209512760056991931e-01
1.000159517920514718e+00
-1.000079512059306008e+00
-2.663842696296133891e-02
1.972897045381115100e-01
1.000712152039731490e-01
-8.017612407686579568e-01
-2.973494835610774878e-01
-6.018479213667114573e-03
-2.661184606725022772e-01
1.984005187019837191e-01
-7.008743502253467553e-03
-6.000406099660391401e-01
-6.000247939318553714e-01
3.910514963319869919e-01
9.998796622817236468e-01
1.000423001244783588e-01
-3.166440367306614934e-01
1.957243213459780584e-01
1.000787593104968121e-01
9.992859722287204816e-02
-8.203443300536025218e-01
-6.000392428600569428e-01
-5.998233132004570090e-01
1.000032613540914106e+00
-5.999486440216954541e-01
-5.999500971329038146e-01
9.999782247608538510e-01
2.046476075924899551e-01
-7.882807684838396556e-01
4.071227717444965144e-01
-7.798427431341889426e-02
2.003030717835494745e-01
-7.876264688429193139e-01
-1.000021777177400706e+00
-8.027415530195081139e-01
-9.998770511089225543e-01
1.000032081474464762e+00
1.000024819397920428e+00
-7.845026797796160745e-01
-3.760028533407931972e-01
-3.196762316603374288e-02
-7.846287657604272825e-01
1.000034168890924446e+00
-5.999203864744246939e-01
1.000232487528588815e-01
-9.999946592818383939e-01
3.884840938604045002e-01
2.026926109955472510e-01
1.000033267611058596e+00
-6.000700670367160594e-01
-5.999520942102476440e-01
-3.387246099306164826e-01
9.999784654257493077e-01
9.994197870328565270e-02
1.000086025048938732e+00
9.999191289442163066e-01
-1.000043490148118330e+00
4.003931671497082401e-01
1.000233594702082673e-01
4.122033646204568691e-01
9.985026874907747263e-02
-2.710764965417077066e-02
9.690042804020687628e-02
1.939472227852437058e-01
3.861487417705621317e-01
-7.944816339659845905e-01
-6.001192274828830442e-01
4.094206225345485839e-01
1.000004473196042021e+00
-6.484649995474658923e-02
-8.103447718201161054e-01
4.062656451495288423e-01
-1.503176048982252447e-02
2.031702831379912089e-01
-1.000040991682046077e+00
-3.136437822919037610e-01
4.068036358012083742e-01
1.859715551803365619e-01
-9.667916715188926147e-02
9.998856122779030686e-01
1.000041132276788147e+00
9.999398230038119006e-01
1.000708255619101039e-01
-7.845042303422314345e-02
-1.000034100222199296e+00
-3.166675000846754795e-01
-3.117051249077375519e-01
1.000095218460306690e+00
-8.006066560549300881e-01
-7.864249854799174599e-01
-5.999476109304017202e-01
-3.379304151246534382e-01
-9.997612299230301813e-01
1.911154026209221091e-01
1.000456051751668074e-01
-5.999462588068159574e-01
-4.339174405121989236e-02
9.999018539335505773e-01
2.101713894259176207e-01
2.058502253960103334e-01
4.174996409335954284e-02
-2.297156437721634414e-01
-3.288347705507990160e-01
-2.780201899595824422e-01
4.016024159189990894e-01
-2.128335527897535218e-01
9.999160339276829124e-01
9.999835445953206836e-01
1.597218320828080740e-01
2.049379588370096872e-01
2.197754854634068056e-01
5.703814936784739470e-02
-3.338996537728426417e-01
-6.000198859209997515e-01
-1.000060171834623812e+00
2.061860991760087192e-01
-2.534433018373363419e-02
