-6.000174468489711810e-01
-5.998812908907755759e-01
9.998870068492478058e-01
3.181249603412793919e-02
-1.000044254130132204e+00
-8.024510508976928636e-01
-5.998856188480100604e-01
4.463550015264956122e-03
-7.932986797847216831e-01
-2.585658978564502886e-01
9.978068390049557590e-02
-9.999193465942735060e-01
2.186916498395887754e-01
-1.549687859963443971e-02
1.925957715279175420e-01
4.031043584323699136e-01
7.518040591411006245e-03
-9.998754327114905971e-01
1.953543525017521487e-01
6.284116589947529377e-03
4.011163940269280581e-01
3.736705944809392554e-01
-3.325330374413174028e-01
-7.774039625791269170e-01
-1.000112998098853900e+00
4.017168280971995520e-01
-3.439937092777463068e-01
-6.001161844820038782e-01
-3.316197934026822725e-01
9.992136795255752990e-02
-1.000000661167287141e+00
-8.033854141307120722e-01
-7.942970897537006136e-01
-9.999057527590775596e-01
-7.118364782221636711e-02
1.000050479742434772e+00
-9.998485994652546172e-01
1.000180014954803243e+00
4.129220261437889228e-01
-6.000176399675782868e-01
1.000067957392375861e+00
-7.978703868010748046e-01
-2.754110415473516316e-01
1.001109028133401468e-01
-2.440920672014706139e-01
3.952385141556897241e-01
9.993011187919303984e-02
9.992557123285056297e-02
9.969312794481903495e-02
2.077251544376946257e-01
-1.000023583394431759e+00
-8.014949600035949917e-01
3.945459331975546546e-01
4.119884153996162812e-01
-3.035605937747911653e-01
-1.000017219752361131e+00
-7.982331848177949274e-01
3.953947107989630450e-01
8.754914973779129306e-02
-1.000008781562754967e+00
-1.557958413672410614e-01
3.906766205056096397e-01
-1.000123825026414393e+00
-3.234034675318114838e-01
-9.999365227986670712e-01
9.986849593790612933e-02
-1.000184887685398927e+00
-1.953654528233126839e-02
-7.899294617189241974e-01
3.865973645375794798e-01
-5.999864197819412270e-01
-2.342815070169028124e-01
1.000557892615265287e-01
-6.326713169446877838e-02
2.017371435509212052e-01
9.999177440755367685e-02
1.961544474763321499e-01
9.999556376263014634e-01
3.724956059730161195e-02
-8.090353995501925466e-01
4.086058889822429818e-01
3.997982894504809592e-01
2.162735034081431085e-01
2.065592222678477030e-01
1.000108451028498102e+00
4.055365595464279771e-01
-9.997991661839800148e-01
-6.000948763199095426e-01
-9.997235319746914373e-01
7.696175442795188948e-02
-1.000251003861309940e+00
1.000115322862932671e-01
1.002085607702602604e-01
-5.999958733407978473e-01
1.227952000022492461e-02
-7.902585629002221168e-01
-8.077769935810362734e-01
-2.563960842749313795e-01
3.944531403787095991e-01
-2.647120073449054645e-01
3.959625016891056282e-01
-7.942380769954808795e-01
-2.940430603406054000e-01
1.000472621922079142e-01
9.994491432748209281e-02
9.999612332262999281e-01
3.824063424139148570e-02
3.976880228071364431e-01
1.001631561367085504e-01
-3.349651657548914918e-01
2.119861852552354375e-01
-3.375101427129872933e-01
-6.001104966243433481e-01
1.000197021740283798e+00
4.078657224393712477e-01
2.047320152502434543e-01
1.000364201430645472e-01
9.999668715654109752e-01
-9.999516622165046664e-01
4.115353301614340653e-01
1.000194356700184528e+00
3.986151275791701143e-01
9.990445192412603093e-02
4.013752788492065959e-01
-5.998968330593797971e-01
4.062316021415265932e-01
-3.084169308648667118e-01
4.047691693518351563e-01
1.000038077642650070e+00
1.000149165924353545e+00
9.982124103440569163e-02
2.123164238103080470e-01
3.950816544402457886e-01
-8.005262389142598911e-01
9.996470300499052386e-02
9.999824332531904725e-01
9.998523181065389620e-01
-1.000134265247891285e+00
-6.000953572705922667e-01
3.889173678649827104e-01
-4.460503684645769629e-02
3.976263122180101472e-01
9.991457194273416220e-02
4.007238836309980901e-01
5.633034714346077387e-02
-2.434458430645960458e-01
-5.997971406435689268e-01
2.064102994832235916e-01
1.000102268876199796e+00
-9.999516214413212145e-01
-8.079227959068094878e-01
9.999657776661968756e-01
4.031783736210950986e-01
-6.000512606044801078e-01
9.979756857708026174e-02
3.389610452114881489e-02
-2.097809380404030977e-01
-7.978928137182469404e-01
2.075319162821951391e-01
1.000125690598195893e-01
1.000079644640899712e+00
1.902275844633669333e-01
2.060542588602544967e-01
-2.895837495744189583e-01
-1.000130310385878296e+00
-5.004854472814775079e-02
3.903466763795673256e-01
-8.073815773625199199e-01
2.015408124648647714e-01
1.000028545064738816e+00
-7.974699133042872923e-01
-6.000932000987525550e-01
-1.000085511888854750e+00
3.686463611519696232e-02
-2.932552139600534957e-01
-6.000102979126796798e-01
2.567341979567565671e-02
2.263893577413060854e-01
-1.000100014525659109e+00
9.999047390813566860e-01
-8.010536080641967871e-01
3.982260015474492487e-01
-3.459099266548382734e-01
1.000169754281332812e+00
-9.999023925899792609e-01
-1.400245158579553964e-02
1.949139058181226514e-01
1.000779370925546224e-01
-8.062766294946124290e-01
-3.015105437203517424e-01
-8.011654750181236573e-02
-2.381958292981893877e-01
1.998083909225424337e-01
2.948079451906207484e-03
-5.999225719445249183e-01
-5.998864700929252836e-01
4.003922852833938784e-01
9.999129794285073203e-01
9.996431428848581713e-02
-2.955394872825891084e-01
2.068761902533833574e-01
9.996901750484976645e-02
9.999306649622075049e-02
-7.836972935004014040e-01
-6.001430185528693340e-01
-5.999047179357106518e-01
1.000088588740152495e+00
-5.999874025269807953e-01
-6.000900292287464355e-01
9.999706688446805547e-01
1.925425883362066881e-01
-7.948128982955742217e-01
4.042672156258644844e-01
-2.612988350914619701e-02
1.981167508014030909e-01
-7.968553906632943606e-01
-1.000051398651391699e+00
-7.835695972689612487e-01
-9.999333806336286878e-01
1.000085559691129555e+00
1.000056749279895518e+00
-8.000195483676414421e-01
-3.352925121150121535e-01
2.110443338090692289e-02
-7.856218664850276312e-01
1.000080974816114354e+00
-5.998640113367329496e-01
9.990245313982563935e-02
-9.998630009374454009e-01
4.135582802844909311e-01
2.137353837061687356e-01
1.000055536991901972e+00
-5.999773184106944601e-01
-6.001944569277543051e-01
-2.493248530835919519e-01
1.000018584832033541e+00
9.984364977951266928e-02
9.999995918696112929e-01
9.998663647002662413e-01
-1.000025107708644834e+00
4.041584299532149371e-01
1.000469215409625912e-01
4.034790942827159443e-01
9.996465012882829737e-02
4.558063486159071726e-02
2.724638604596997873e-02
1.942943266605157149e-01
3.974016733944509827e-01
-7.867049109311760047e-01
-5.998915053903948191e-01
3.809816029103647028e-01
9.999451064412501200e-01
2.168614240262651486e-03
-8.035913262898920495e-01
3.957999060715008399e-01
2.130342463376191930e-02
1.944991983431945404e-01
-9.998798311986532017e-01
-2.945540538535120767e-01
3.890536372819471400e-01
1.968688548063573240e-01
-2.926406652983973636e-03
9.999890379530661511e-01
9.999663126946682912e-01
1.000152398652297991e+00
1.000189867899397428e-01
2.486980680080809816e-02
-1.000140154962625649e+00
-3.233978795823538310e-01
-3.459118402412432736e-01
9.999230728789992861e-01
-7.880720907652415397e-01
-8.097872070876299677e-01
-6.000053651050951675e-01
-3.497526931349843604e-01
-9.998635898726437876e-01
1.945377723199426256e-01
9.987934094595446455e-02
-6.002294479537380045e-01
-4.479393302992232262e-02
9.999629908738687512e-01
1.932180645173648126e-01
2.035404921172948300e-01
3.237511960063563926e-02
-2.607359551150832400e-01
-4.248919181976961168e-01
-1.915565908972232390e-01
3.921451747768002205e-01
-3.540918249919858818e-01
1.000035293351436039e+00
9.999025245425100517e-01
-1.689450517312847400e-02
1.805590469741893134e-01
2.077451275237748862e-01
9.198994960829869061e-02
-2.743418070330238545e-01
-6.000124267965253333e-01
-1.000048565740369044e+00
2.040772410492026068e-01
-1.502538195302309532e-02
