-5.999888750836795959e-01
-6.001303194753363490e-01
1.000109746258653232e+00
1.515462324395673299e-01
-1.000059306354315725e+00
-7.828246883500087350e-01
-6.000670386259571165e-01
-9.945435215611579671e-03
-8.077058516294332025e-01
-2.391441397823286519e-01
1.000145612606602313e-01
-1.000034646767783419e+00
1.994323069319264563e-01
1.107869509531318047e-02
1.978557998541894403e-01
3.859570475200280182e-01
8.338076206533814178e-03
-9.999728405401747677e-01
2.136096628297860234e-01
7.925505071234070775e-02
4.086832920865924867e-01
3.931306313182688084e-01
-3.108534275763558119e-01
-8.037931596819372082e-01
-9.999429204237344493e-01
3.965642728675629614e-01
-3.054771897927262558e-01
-5.999543296217821897e-01
-2.993892117014720911e-01
1.001122331921486114e-01
-9.998798598303371143e-01
-7.967529641615102021e-01
-7.824034024358593742e-01
-9.999120083493904243e-01
-1.701015465133750085e-02
1.000119644022407162e+00
-9.999541958264223096e-01
9.999780382318276262e-01
3.971410691781867008e-01
-5.999304313959976653e-01
1.000003371778273253e+00
-7.706075868481508939e-01
-3.184263728908336422e-01
1.002331161455014413e-01
-2.920618991933051634e-01
4.112477862940978612e-01
9.994706082814931725e-02
1.001582403953486800e-01
9.997449901801448713e-02
2.010130026040801154e-01
-9.999981848768416670e-01
-7.728738707313522749e-01
4.016590455945897031e-01
3.948848709116789535e-01
-3.464905600622356641e-01
-9.999913972196997625e-01
-7.986751222663511784e-01
4.063490645574793780e-01
4.231705942395543735e-02
-9.999609413392936963e-01
5.878543636750882539e-02
4.055116131028609905e-01
-1.000107021424329279e+00
-3.426213727428039646e-01
-9.999434982089464574e-01
9.987105088155667776e-02
-9.999192409979197338e-01
-5.493704049746492984e-02
-7.939331646274638832e-01
4.027644637134898398e-01
-6.000911056280372469e-01
-2.858702511875328423e-01
9.981934898461716776e-02
-8.693186220032800282e-02
2.041599039906475677e-01
1.000440071992126090e-01
2.075032819747729962e-01
9.999719559661107704e-01
1.250985117825517134e-01
-8.113363499596969453e-01
4.074798632865170855e-01
4.122675637022458761e-01
1.868966517096895263e-01
1.954006311027913778e-01
1.000004938926604803e+00
3.836155879516361944e-01
-1.000099819547068725e+00
-6.000277725265131812e-01
-9.999950321332473635e-01
-4.581181251581424585e-02
-1.000262720286098084e+00
9.987402150644004994e-02
9.998819413939807887e-02
-5.999366647860984170e-01
-6.176563076708108113e-02
-8.088379119170326925e-01
-8.021569539393815784e-01
-2.722212815477065284e-01
4.137120750739923247e-01
-2.901584278569190323e-01
4.016852555968817295e-01
-7.906802062506398387e-01
-3.388470835143843063e-01
1.000929189414378889e-01
9.987955065473876071e-02
9.998846050805253460e-01
1.318261887612342045e-02
4.017558400374633965e-01
1.001495316008867847e-01
-3.342929168323681144e-01
2.115253616177044105e-01
-2.845844867222626640e-01
-5.999858000023987614e-01
1.000117220954521713e+00
4.093445422294329505e-01
1.961323896189211824e-01
1.000166596726279750e-01
1.000001249367932443e+00
-1.000018018309292378e+00
4.106212148537051743e-01
9.999024400462920292e-01
4.045689261792732028e-01
9.993421125080770295e-02
3.942029354376236361e-01
-6.001344367871658259e-01
3.830225312141524729e-01
-2.633187822524190591e-01
3.893870260739029088e-01
9.999494790953787904e-01
9.999899546250603510e-01
9.986205165717236543e-02
2.065073674186054531e-01
3.925681301329289608e-01
-7.989370479471384900e-01
1.001197741107628797e-01
1.000039894872195134e+00
9.999197422798817847e-01
-9.999804874766852203e-01
-6.001788998963144550e-01
4.035916383744195257e-01
4.818755328941735916e-02
4.028023803055522656e-01
9.996024784152948706e-02
3.939208046133421681e-01
1.918375267790429703e-02
-2.795900829561320244e-01
-6.000099567251122590e-01
2.100961845575860243e-01
1.000015561728529345e+00
-1.000002351666938516e+00
-8.213207489366480818e-01
1.000020422711979995e+00
3.948187210333957142e-01
-5.999821595959153875e-01
9.992327594920906442e-02
-9.549294222520138264e-02
-3.520348909587073249e-01
-8.166771490452735538e-01
2.095272811629033949e-01
1.001577281555239979e-01
1.000069589061104658e+00
2.015922334698390384e-01
1.874715044509080164e-01
-3.253537961387128474e-01
-1.000003051726230607e+00
1.298993535560886148e-01
4.065381349706013170e-01
-7.997755035435156756e-01
1.947866131790125521e-01
9.999291721356405871e-01
-8.137179983011396667e-01
-5.997819257136475235e-01
-1.000093173641919631e+00
8.331133474934883376e-02
-2.946995742403900609e-01
-6.000736141157558823e-01
-4.616736217976973033e-02
2.132434976095907153e-01
-9.999160136272868815e-01
9.997354546650335516e-01
-7.840212065845950651e-01
4.011533587307845039e-01
-2.037720116087978206e-01
9.999796054384827437e-01
-1.000133008623738551e+00
-1.301624153214836835e-02
2.049069376094046213e-01
1.000414729084457693e-01
-7.965576537244666300e-01
-3.432592893013206581e-01
8.247357599319887766e-02
-2.907428589432287103e-01
1.872195546944117051e-01
1.883098928951301015e-02
-6.001341787060314736e-01
-5.999970367808494798e-01
3.933206559012529246e-01
9.999781904427701429e-01
9.999370758077164023e-02
-2.531037916485345818e-01
2.044072542358955080e-01
9.986421494430779144e-02
9.986352008775252476e-02
-7.803696674039647396e-01
-6.000315305693880719e-01
-6.000300188464740003e-01
1.000071764758474258e+00
-6.001499997478688675e-01
-6.000594698462244914e-01
1.000109213743838099e+00
2.103292996407153392e-01
-7.976231847367810657e-01
3.999288241062062821e-01
4.018300660548227918e-03
1.993857785511842229e-01
-8.106693391044723640e-01
-1.000052870085845758e+00
-7.910278062834897872e-01
-9.998769610379897310e-01
1.000048114891189721e+00
9.998457856743412364e-01
-8.304319074410644319e-01
-2.973406834829273593e-01
-2.193272051054089011e-02
-8.080225089846044817e-01
9.998458744263130082e-01
-5.999926409344993328e-01
1.001767321765237168e-01
-1.000137906232168916e+00
4.271910220390723323e-01
1.923640380055033627e-01
9.999564799506411861e-01
-5.998489921359022592e-01
-5.999958543108223630e-01
-2.816962449250222655e-01
1.000080839538129762e+00
9.981381171233799643e-02
1.000037694950822731e+00
9.998432707717481716e-01
-9.999867897644357795e-01
3.870643456807684735e-01
1.000183100995466062e-01
4.060485999889046904e-01
1.000486570935323200e-01
-1.022048797618572633e-02
-4.437701184552336059e-02
2.062090536030070087e-01
3.821772537359215960e-01
-8.153273446799290669e-01
-5.999671404903479388e-01
3.888170495404017490e-01
9.999481011910976713e-01
-6.408629281631683661e-02
-8.028171349907191612e-01
4.054084004428203380e-01
1.326202656439914307e-01
2.103162167262110638e-01
-1.000035070331642961e+00
-2.890650625771278848e-01
3.861544606919726785e-01
1.876832513722306028e-01
3.381422319993185408e-03
1.000067919028149177e+00
9.999588191927679670e-01
9.999327152191712642e-01
9.997818117832218965e-02
1.556344017482221356e-02
-9.999360534904576658e-01
-2.719233208395110957e-01
-2.628518345736651218e-01
9.999873212791846600e-01
-7.945364526681382156e-01
-7.843112069691501320e-01
-5.999363566758616484e-01
-3.760008167730023443e-01
-9.998969259076714300e-01
1.948067831344338363e-01
1.000841750006730424e-01
-5.999446430254390394e-01
2.996501922386442598e-02
9.999248713091106744e-01
2.004768519640491298e-01
2.032354731149291494e-01
3.154411462701681417e-03
-2.446556044400238217e-01
-2.911206479964473237e-01
-4.138062936035805661e-01
4.000531066827543447e-01
-2.983903065925155307e-01
1.000066460931823276e+00
9.999467173681096943e-01
-5.118042185293086854e-02
1.967316931306279104e-01
1.993415797277061641e-01
-3.361671935924417237e-02
-3.425096292840396628e-01
-6.000437738896228224e-01
-9.999503522118243781e-01
2.029315831537831516e-01
-2.184304941876120693e-03
