-6.000832221541140266e-01
-6.000894269113841162e-01
1.000046845570550458e+00
-1.982998152116087487e-02
-9.997691013953803330e-01
-8.024243077276348446e-01
-5.999041510225323615e-01
1.102523082523565734e-01
-7.933413819640081632e-01
-3.011676644121555335e-01
1.001414168524132342e-01
-1.000131872117722587e+00
1.885171620637348944e-01
1.558588147183320727e-02
1.965934211001370280e-01
3.929571617550980389e-01
-8.737238542654320039e-02
-1.000118452775854871e+00
2.105398823924077290e-01
-4.261306709084481531e-03
4.030009756526913289e-01
4.144711074048534893e-01
-3.207557340284037384e-01
-8.107731062839845793e-01
-1.000033440831751497e+00
3.743393506712044960e-01
-2.954688214171509730e-01
-5.999391908087691183e-01
-3.183481097328080822e-01
9.989549738891868869e-02
-1.000098794414213232e+00
-8.003079600483143929e-01
-8.090159644853661680e-01
-9.996653847772473123e-01
1.081436746842000807e-01
9.999280176378486651e-01
-1.000118025950712974e+00
1.000071331373705741e+00
3.963721090405337155e-01
-5.999548001573630218e-01
1.000041253678550124e+00
-7.888962304952903404e-01
-3.323396290574248679e-01
1.000477649199456170e-01
-3.226362384655179216e-01
3.776863449151217078e-01
9.994572573636861801e-02
9.996808568667910067e-02
9.987908640847198427e-02
2.061828932199757936e-01
-9.998530456951977285e-01
-8.060718002814925010e-01
3.984693751178265408e-01
4.064377920542342482e-01
-3.334899448341782646e-01
-9.999646824243920706e-01
-8.003142946210615172e-01
4.170443564758897215e-01
-7.746140176925848941e-02
-1.000153006777422249e+00
7.392291202588454312e-03
4.040262207500309177e-01
-1.000143252321827214e+00
-2.736824024986469484e-01
-9.999203726618733912e-01
1.001501309891372760e-01
-1.000098782509535322e+00
2.041619236658590020e-02
-8.118498289338750284e-01
3.936035324005291436e-01
-6.000483896235562220e-01
-2.932792810257192073e-01
1.000424289847604564e-01
3.085989500196344160e-02
1.955885640275380477e-01
9.996894728847677269e-02
2.103116335752376331e-01
1.000064806333852641e+00
3.837132837598066643e-02
-7.976949823816452678e-01
4.028115294982594907e-01
3.907233551757989809e-01
2.018774237960187512e-01
1.966237939370491516e-01
9.998704543049294902e-01
3.982348298079460003e-01
-1.000166596547744868e+00
-5.997974619413334318e-01
-1.000027192112877383e+00
-2.065014730704893553e-02
-1.000114109838829979e+00
1.000558392227892945e-01
9.996704320869254090e-02
-5.999711094568052072e-01
7.299034561430553514e-02
-8.177831270274207309e-01
-7.938983718973259274e-01
-2.608735750063290171e-01
3.984944462459066861e-01
-2.767927075077786236e-01
4.104593403979934219e-01
-8.158642123406121272e-01
-3.527811741802188150e-01
1.000954514332172279e-01
1.000666402005443156e-01
9.999747493986523850e-01
4.261451962148397887e-02
3.925438244175392666e-01
9.995458347788745146e-02
-4.115068988903318736e-01
2.152283020577832051e-01
-2.641212097417610094e-01
-6.000351120210621891e-01
9.999995993596172417e-01
4.049943709491541366e-01
2.024608374301950786e-01
9.993046759145866875e-02
1.000051234895289687e+00
-1.000059218532288741e+00
3.828308731132045173e-01
9.999763222145356956e-01
3.979321977777791619e-01
1.000781223007330828e-01
4.106305504254745276e-01
-6.001147216117491690e-01
3.951263571626012494e-01
-2.729554316405761183e-01
3.990502856553630462e-01
9.998784739797689225e-01
1.000066397454505207e+00
9.999713482187271019e-02
1.982746722640177650e-01
3.943049655334894821e-01
-8.045254007594319079e-01
1.001627855750010232e-01
9.997228480101831849e-01
1.000148533462488665e+00
-9.999172799313339466e-01
-6.000518532095134860e-01
3.856681921538449576e-01
7.102600491160167284e-02
4.145286413256300539e-01
1.001566345182096501e-01
3.984662988822771923e-01
6.242542143305073767e-03
-2.165263941940613335e-01
-5.999170891750249535e-01
1.957928633661400741e-01
9.999564307267143626e-01
-9.999484675219285634e-01
-7.933275493874664130e-01
1.000075093966832362e+00
4.022570986806253690e-01
-6.000036249503364338e-01
9.985669133028909905e-02
8.872233040357450223e-03
-3.052243468040771734e-01
-7.918425180446208023e-01
2.069706402432928694e-01
1.000317142223090677e-01
1.000160411380268011e+00
1.990441474632301810e-01
1.934737971023860470e-01
-3.489844718273272806e-01
-1.000187091862134503e+00
2.254111551851081374e-03
4.090388418253080305e-01
-7.933912584597467843e-01
2.007050295824802655e-01
9.999554114952713402e-01
-8.064952202024362471e-01
-6.000627892081018544e-01
-1.000022332402215941e+00
-1.101257234369240473e-01
-2.629125254168398484e-01
-5.999418248054284586e-01
6.274129475010033208e-02
1.828702015166869810e-01
-1.000125989506381208e+00
1.000038102112596583e+00
-7.996055506280179692e-01
3.869475468303587573e-01
-1.743853080563461944e-01
1.000078931923123138e+00
-9.999636357986754209e-01
-5.640189253820397305e-03
2.070415454076255934e-01
9.991879716276040602e-02
-8.018730921351380214e-01
-3.327966725659814440e-01
6.897453241360050613e-02
-2.547567322057856520e-01
2.101674303219324691e-01
7.611524482150758275e-03
-6.001744290104283897e-01
-5.999743567489058682e-01
3.974167619107548122e-01
1.000125017473663336e+00
1.000948429264296585e-01
-3.168483315175143478e-01
1.972867982358581518e-01
1.000725297074571279e-01
9.989624843299750589e-02
-8.030853451151239719e-01
-5.998228482950831442e-01
-5.999988040926509392e-01
1.000170593226194171e+00
-5.998045219096542757e-01
-5.999709433702696826e-01
1.000005147743234346e+00
1.955313945919087137e-01
-8.188685439575043024e-01
4.081734580608682994e-01
-1.446288282711363261e-02
2.005313165218002569e-01
-7.874441405273959749e-01
-1.000055556678899116e+00
-8.093557728280187380e-01
-9.998676791313925172e-01
1.000003694497798357e+00
9.998265257523446525e-01
-8.049619944081704004e-01
-3.562648985657776990e-01
4.997067818022827429e-02
-7.813313157016646970e-01
1.000076474494201451e+00
-6.000314313606420757e-01
9.989268437644006904e-02
-9.998256384579370382e-01
4.132609112182036304e-01
2.125334823822062069e-01
1.000002692105181001e+00
-6.001620493711306015e-01
-6.001630229004277783e-01
-2.779189104167526514e-01
1.000031187633829255e+00
9.997857202104795671e-02
1.000069017953822081e+00
9.999968089705245644e-01
-9.999192490506203512e-01
3.907921364371244044e-01
9.988572717868887674e-02
4.161113585080504773e-01
1.000382338453507935e-01
-6.183426576234277855e-02
-1.057067667048083859e-02
1.843062423790604032e-01
3.947942350347833917e-01
-7.836194500881841218e-01
-6.000539506018816027e-01
4.015293081729353064e-01
1.000023129981084447e+00
-5.056803222402939287e-03
-7.966267405546495484e-01
3.897359725225912896e-01
9.522696236223268662e-02
2.015859680787548125e-01
-1.000015331905055982e+00
-2.704463783995049164e-01
3.944637304456068416e-01
2.087329795541427169e-01
-4.311946237284480093e-02
9.999094989772397968e-01
9.998845768317975446e-01
9.999122640364991321e-01
9.998417136272953754e-02
8.407642352564402913e-03
-9.999708880892432816e-01
-2.819742797734913764e-01
-3.641130060232038446e-01
1.000042376157649349e+00
-7.922674251945397428e-01
-8.067419035550160711e-01
-5.999242429671438614e-01
-3.560570845822595420e-01
-1.000018000146949193e+00
2.006023380583896731e-01
1.001691693369250458e-01
-5.999165518149845999e-01
-3.985773386451403610e-02
1.000118857983187226e+00
1.906682444909928720e-01
1.800856675527976181e-01
-3.470204697345526806e-02
-2.826940012459128737e-01
-3.172340744968162318e-01
-3.784532498540698064e-01
4.011742209298978512e-01
-3.217273516339741457e-01
9.999751277844789454e-01
1.000013932105382919e+00
3.774447515605116460e-02
2.081812517596949297e-01
1.972117010462994813e-01
-3.834399735341661314e-02
-2.955236615279831502e-01
-5.999712799981103961e-01
-1.000127502589092776e+00
1.872415254647550042e-01
9.944167561590730800e-03
