-6.002044405966815432e-01
-5.998920603343984581e-01
1.000126492814298329e+00
-5.179696272712944888e-02
-1.000012514705136857e+00
-8.038512844907420574e-01
-6.000632344272983643e-01
-5.714800310310467341e-02
-8.052498915563672810e-01
-3.702467414883655050e-01
1.000476374255814815e-01
-1.000143796491960391e+00
1.945394977677123161e-01
-5.769229925495091005e-03
1.988600809768949484e-01
4.162601271384379076e-01
5.752185145411171929e-02
-9.999625914016081474e-01
2.025708955260137889e-01
7.229410923843418435e-02
3.932328073834249760e-01
4.078099344894831058e-01
-2.961698478510156329e-01
-7.981424070983856867e-01
-9.999998288011929803e-01
4.106066733237375699e-01
-2.577073518541813102e-01
-5.999564382201610924e-01
-2.994830430223979767e-01
9.993692626462391537e-02
-1.000141222611075964e+00
-7.983411420077647369e-01
-8.116149490159390023e-01
-9.999499460923165772e-01
6.382353428314861687e-02
1.000121565709012561e+00
-1.000134040911297761e+00
1.000067236016346728e+00
3.857914805490642585e-01
-6.000502957373760049e-01
9.999193445771286104e-01
-7.961638605518357448e-01
-3.428889321037782989e-01
9.985435701290087951e-02
-3.922928952460506546e-01
3.881315512243374566e-01
1.000543681049104600e-01
9.996349973440858683e-02
1.000184097280494427e-01
1.852957354907054377e-01
-1.000051308871831468e+00
-7.925675977199045930e-01
4.172458821597904710e-01
3.975742263825066680e-01
-2.710547224276963485e-01
-9.999766055145998811e-01
-8.081913084610129472e-01
3.983303040445780874e-01
2.604635922004030005e-02
-1.000033890591300212e+00
-4.839966002671299179e-03
4.166164312857526530e-01
-9.999495419024684306e-01
-2.820422487847882298e-01
-9.999048347371545242e-01
9.991880433396868599e-02
-1.000065222730172065e+00
-7.538416743201642456e-02
-8.155458274832906307e-01
4.018266381221430872e-01
-5.999195478930112735e-01
-3.916178910966049975e-01
9.988634118051849253e-02
1.080354117698811497e-02
1.862184539938398498e-01
9.996191290705672139e-02
2.054915262692501576e-01
9.998478936279928675e-01
-1.447761314338503330e-02
-7.982470709510663953e-01
4.008238820667308633e-01
4.027175670419282927e-01
2.189504248972292677e-01
1.941174918781540526e-01
1.000070065974266065e+00
3.814626687157559592e-01
-9.999541660059891868e-01
-5.999479709122655935e-01
-1.000009269167278836e+00
4.000788554382970347e-02
-9.999191032573607751e-01
1.000738503691597364e-01
1.000925112734005890e-01
-6.000392259976603526e-01
-2.793914178085415631e-02
-8.000083815597466286e-01
-8.061663587940159914e-01
-4.256972958531532458e-01
3.872966443705517237e-01
-2.901702847225737791e-01
4.159607314941572986e-01
-8.233544519549975682e-01
-2.679011180790405455e-01
9.995700122340055171e-02
1.000235135607844134e-01
1.000072220582923777e+00
3.993446414212303841e-02
3.867543725266509025e-01
1.000071005515265204e-01
-3.367908181894778141e-01
2.089448970550127349e-01
-3.678397067467907844e-01
-5.999813722574692809e-01
1.000137567374808745e+00
3.962368761443880172e-01
1.933619320053855950e-01
1.000514577917434589e-01
1.000129525651712425e+00
-9.999376832896049727e-01
3.954394948031282331e-01
1.000047500706071846e+00
3.876999569891006470e-01
9.990046751974097916e-02
4.015110573634320668e-01
-6.000879956527765957e-01
4.109010541308163456e-01
-3.656180592743361046e-01
3.888097620567543822e-01
9.999644336185662397e-01
1.000184011393161709e+00
9.999021681267930561e-02
2.022788167735109499e-01
3.986175771606940699e-01
-8.082653867702419559e-01
1.000468859067864674e-01
1.000092724719821025e+00
1.000076066123809060e+00
-9.999655424818797433e-01
-5.999451451720299033e-01
4.016858274895498959e-01
3.062773138420565866e-02
4.033318625584720873e-01
9.998709636439213899e-02
3.864904426429512929e-01
-8.080533845635558265e-02
-3.194240060942225012e-01
-5.999148993718764755e-01
1.924479905493508003e-01
9.999015937325528292e-01
-1.000005129094657885e+00
-7.957191601742239495e-01
1.000059247181328548e+00
4.029447433081874141e-01
-5.999974033676636065e-01
9.993814703602782457e-02
3.823570531432560204e-02
-2.383923266559166698e-01
-7.788870997074928137e-01
1.909061980353169985e-01
1.001088098382991315e-01
1.000026851303327469e+00
2.049466044057538239e-01
2.047501740966635730e-01
-3.034864799021623760e-01
-1.000067969226013043e+00
-3.420504467787868069e-02
4.072359598847279383e-01
-8.031677034094363288e-01
1.972193419129762704e-01
1.000096554104848767e+00
-8.025610852046510812e-01
-6.000791438802449695e-01
-9.998955494667338684e-01
-9.912769524729628245e-02
-3.032103574121298717e-01
-5.999594056938282183e-01
-1.455208439759279881e-02
2.052483433209220387e-01
-1.000033740465654519e+00
1.000077856704677082e+00
-8.071162082199626608e-01
4.089750091528484011e-01
-1.661666869237197197e-01
9.998801373466812414e-01
-1.000007375887543848e+00
4.973983652669480837e-02
1.945663445678671166e-01
9.998442441162792849e-02
-7.972285603297758483e-01
-3.787465130664199320e-01
-1.300821906877177442e-02
-2.980033852369695091e-01
1.797269769659420313e-01
-7.629305703171956887e-02
-6.000009160234572869e-01
-5.999014936829963895e-01
3.962232995667800406e-01
9.998814141918124232e-01
9.994422627550801630e-02
-2.906725173223683734e-01
1.892969577543877902e-01
9.999884094579455929e-02
9.991643753857983035e-02
-8.000950851977017830e-01
-6.000299224784307883e-01
-6.003148600665177970e-01
1.000025608282920420e+00
-5.999227596656063755e-01
-5.999888514318956201e-01
1.000083091684428549e+00
2.021662555345005718e-01
-8.049015147257819747e-01
4.035302132512976758e-01
1.262447077201810791e-02
2.002375296336212085e-01
-7.955487417540497708e-01
-1.000037944476731333e+00
-8.162665526057966137e-01
-1.000060563880453612e+00
9.999642456834020310e-01
1.000007520289591945e+00
-8.114235046742052093e-01
-2.486379947372419630e-01
-8.903331779749007469e-02
-7.784344495722792523e-01
9.998087136105094919e-01
-6.001540662967562723e-01
9.999004626771744453e-02
-1.000043966128003170e+00
3.976448487092708040e-01
1.925889117318331789e-01
9.999710422751786343e-01
-6.000685078373035886e-01
-6.000002472387447883e-01
-4.602477038618167926e-01
1.000025300041217369e+00
9.987934772542422790e-02
1.000038587098817322e+00
1.000129209554194931e+00
-9.999826424810837056e-01
4.084202615954430904e-01
1.000807636594681915e-01
4.152531481149215331e-01
1.000917528888373847e-01
-2.672184468338702559e-02
-4.387470969122245212e-02
1.773821567662134668e-01
4.042959126249451307e-01
-7.897641529633635527e-01
-6.000148711116300992e-01
4.126240200113887591e-01
1.000001771229555914e+00
-3.346836506792413152e-02
-7.986638636894622945e-01
3.973740882070354030e-01
-6.085691257911077928e-02
1.949122526208940664e-01
-1.000107476010635432e+00
-2.659201976543165147e-01
4.229987494654282032e-01
2.082610945106355138e-01
4.301638637569099588e-02
9.999331397087267703e-01
9.998734527308317244e-01
9.999343375747106188e-01
9.985739424328621272e-02
-2.382070273933306961e-02
-1.000047268804458378e+00
-3.841904968931401099e-01
-2.306991782104853284e-01
9.999555088050410268e-01
-7.878570334085325255e-01
-8.175772615268693810e-01
-5.998748951475886271e-01
-3.706525823495960825e-01
-1.000114041973543033e+00
1.973836373164012115e-01
9.987697460639186064e-02
-6.000375513400025840e-01
-5.996704893772602379e-02
1.000148193287039300e+00
2.040200075462918761e-01
1.958334443138048109e-01
-2.888849632135392920e-02
-3.047721015836093450e-01
-3.244718732370946990e-01
-2.723237864705812528e-01
4.020820543739895836e-01
-3.122421436058569477e-01
1.000065756018972296e+00
9.999697193749884638e-01
8.330736744675544536e-02
2.138972649878353727e-01
2.094913944237798420e-01
2.646401649755833821e-03
-3.480654125301088642e-01
-6.000558157220046152e-01
-9.999673762849465852e-01
2.016426568171102163e-01
-1.321793935774812946e-02
