-6.000277852101707499e-01
-5.999833431604255640e-01
1.000162281395885921e+00
-6.753550517401386843e-02
-9.999493154067826683e-01
-7.810441912327058533e-01
-6.000839419300497690e-01
8.836129124238367716e-02
-7.836369679133919908e-01
-3.485859397096259249e-01
1.001002389815066618e-01
-9.998788045755349074e-01
2.042765241978600210e-01
-9.020757803997131452e-02
2.025003880710857795e-01
3.932200020843889532e-01
-8.660695951369470902e-02
-9.999674037084811395e-01
1.842724082530975138e-01
-1.191144271703598601e-01
3.831370952836785637e-01
4.135765354064295796e-01
-2.692500540756466720e-01
-8.107491022687517424e-01
-9.999592307351362619e-01
3.946673683035503144e-01
-2.816548749371601823e-01
-6.001225464196809911e-01
-3.630273741492635597e-01
9.987265747209526923e-02
-9.999175069001225991e-01
-7.924985125747315839e-01
-7.878242304362857995e-01
-1.000158584704357256e+00
-1.020443045842277796e-01
9.999949720773974038e-01
-1.000019114775815510e+00
9.999776836557821014e-01
3.965799025995301319e-01
-6.000860377102700260e-01
1.000023585785439151e+00
-7.864103272581124404e-01
-3.253157671099441983e-01
9.994560760080589690e-02
-2.540220150341029881e-01
3.907051799047882579e-01
9.997504542038283815e-02
9.995417207184700836e-02
1.000007457478533923e-01
2.057754199050810251e-01
-9.999651527008266427e-01
-7.978260456006696089e-01
3.954307785237015649e-01
3.955757224479162226e-01
-3.102349154450556590e-01
-9.999690785623459588e-01
-8.052628448490636304e-01
3.937889117996906108e-01
4.341768164437129901e-02
-9.998868145524006934e-01
3.027641158238412317e-02
3.909532498107278209e-01
-1.000072174129677194e+00
-2.950960665499623992e-01
-9.999683045688485539e-01
9.991352973744387078e-02
-9.999833368363013619e-01
1.153313847241098228e-01
-7.890436843852192128e-01
4.187824507550980124e-01
-5.999515041309817498e-01
-3.896719959695224555e-01
1.001303640565114200e-01
5.926687139105547841e-02
2.127512134509367825e-01
9.984132294859436596e-02
1.931551147737779750e-01
1.000120980163787365e+00
-8.839630734239918575e-02
-8.022368044000305343e-01
3.818555582255607206e-01
3.936478877352702077e-01
2.077383011064194152e-01
2.295561738994640610e-01
1.000015033847409640e+00
4.044161863866831963e-01
-9.999851932679462152e-01
-6.001241506814261051e-01
-1.000012864561477421e+00
-1.655177650995560707e-03
-1.000023615329489912e+00
9.998523127749800454e-02
1.001121574364595840e-01
-5.998693214286380249e-01
-1.688420567173870290e-01
-7.874782830789621713e-01
-8.035864645452072130e-01
-2.537056201339445982e-01
3.976180120873892276e-01
-3.660732369613270976e-01
4.210501128874946097e-01
-8.025891606296325920e-01
-3.321286398159595254e-01
9.991874730779679026e-02
9.984847633520649302e-02
9.998525550062288270e-01
7.726908209123753424e-02
3.952980361821680222e-01
9.993712066055158993e-02
-3.437745559107249216e-01
2.109502906532533806e-01
-3.070424546915628827e-01
-5.998947305185966528e-01
9.999270741126686790e-01
4.005887291423057550e-01
1.871133858449476328e-01
9.985734542152882587e-02
9.999845826264304183e-01
-9.999739471065161034e-01
3.918822257247642216e-01
1.000094194685786197e+00
4.057378376727048264e-01
9.991323218217232349e-02
3.845610970650968907e-01
-6.000228226373235385e-01
3.835673087733246778e-01
-1.896544872451485508e-01
4.058633751487497610e-01
1.000007674535960955e+00
1.000082202101627349e+00
1.001303712030180704e-01
1.821156789982112945e-01
4.029399061568267881e-01
-7.987530396077482386e-01
1.000496794024377800e-01
1.000091591314151040e+00
9.999893877196153191e-01
-1.000168559352652808e+00
-6.000298788838024366e-01
3.755514602649469014e-01
-3.743696078143497752e-02
3.992298157863971020e-01
9.986606712375020733e-02
4.214880860882683211e-01
-2.748854490992498623e-02
-2.639072366942415426e-01
-6.002300940033580279e-01
1.947627139268314767e-01
9.999047184709424219e-01
-1.000085037860698911e+00
-8.000112050881055259e-01
1.000153199125557446e+00
3.714114824246413371e-01
-5.999975661919023651e-01
9.992577623741907833e-02
1.053406362425599457e-01
-3.754839641576552811e-01
-8.161313825141505163e-01
1.959354521093680801e-01
9.999084736093716286e-02
1.000085885178811917e+00
1.932228777540680731e-01
1.899414354349525935e-01
-3.012468556117669505e-01
-9.999403147654903901e-01
1.114632819797312276e-02
4.056658608988406578e-01
-8.073407031874220152e-01
1.957355701656590397e-01
1.000055356572180587e+00
-8.237765554003135815e-01
-5.998830704728107532e-01
-1.000082113612988710e+00
7.713629223376013144e-02
-2.621604688021077489e-01
-6.002071542645446289e-01
4.072666283186379688e-02
1.960166352728192618e-01
-9.999650064223788437e-01
9.999908669359799385e-01
-8.080071215087598624e-01
4.041091593508063240e-01
-2.764340527251493707e-01
1.000027852660843708e+00
-1.000001608534922815e+00
1.751460626445442564e-02
1.973369723990922864e-01
9.992571820021865781e-02
-7.994893584701032729e-01
-3.814844791296453375e-01
2.306613045832379971e-02
-3.684821293664173325e-01
1.964428882362239392e-01
-3.633743997450290808e-02
-5.998481019511580081e-01
-5.999729330403515970e-01
3.974532646954129778e-01
1.000002137605211949e+00
1.000441983013704711e-01
-3.437101039379768519e-01
1.977885579180192477e-01
1.000287476748573517e-01
1.000174604869336348e-01
-8.101671644188817023e-01
-6.000339529613366585e-01
-5.999447443718088913e-01
9.999583525831576836e-01
-5.999599183830872651e-01
-5.999521401021711275e-01
1.000048170971852723e+00
2.139865418090686477e-01
-8.201476157450768856e-01
3.899050253398794186e-01
-4.877183537609500880e-02
1.955902205319888787e-01
-8.161823849221795379e-01
-1.000184749745256507e+00
-8.175826373721006846e-01
-9.999996425079799023e-01
9.998830898929566002e-01
9.999073449371120859e-01
-8.082522498456504723e-01
-2.567395611067008754e-01
-9.904101324128906231e-03
-7.918156866519565629e-01
1.000045714598026381e+00
-5.999929384963790246e-01
9.996634806386840710e-02
-1.000084761661619304e+00
4.081545368155490294e-01
1.821078983155029751e-01
1.000174742365233183e+00
-6.000996563706374465e-01
-6.000217411387123168e-01
-2.683362682133159649e-01
9.999800482343238484e-01
1.000551875250441786e-01
9.999853736226751444e-01
9.999372997390010287e-01
-1.000129318876417761e+00
3.975407862255315172e-01
9.988897972744785470e-02
3.886634418223733900e-01
1.000407069454748582e-01
1.296291389460168912e-02
-2.667550047036571642e-02
2.069459136351759765e-01
3.909637616710087138e-01
-7.861177259032809950e-01
-5.998084612161815876e-01
3.846321601896983688e-01
1.000083782833901980e+00
2.796434468874172893e-02
-7.972295536834014262e-01
4.043777209282128360e-01
2.933599605971282803e-02
2.034253604425931006e-01
-1.000038953549011067e+00
-3.277824551119744023e-01
3.770896236259180245e-01
1.879978910098618061e-01
-4.681113090870669957e-02
1.000017644751365120e+00
9.998401582474842897e-01
1.000059755850871035e+00
1.000442344193793187e-01
-1.554086410099337181e-03
-9.998716902818723939e-01
-2.882925435261715075e-01
-1.937074969533020830e-01
9.999825158159447724e-01
-7.911711059908632659e-01
-7.963275786864835171e-01
-5.999428194777516321e-01
-3.331480288326439387e-01
-1.000092636409709135e+00
1.892435657993074005e-01
1.001625548971558921e-01
-5.999511058555757614e-01
-8.011693233154291299e-03
9.997409655730727929e-01
2.016623505102153324e-01
1.885353848518630526e-01
-8.287967390992606598e-03
-3.498160267716485250e-01
-3.315203837695375744e-01
-3.571146850967593656e-01
3.989178208216478949e-01
-2.498535052135867074e-01
1.000036777127890630e+00
9.999431669545391088e-01
-2.259990082421346053e-02
2.029547309466195881e-01
2.142769389316651896e-01
-7.065878418939063044e-02
-2.572936060715016460e-01
-6.000081234500060923e-01
-9.999760804644335366e-01
1.905383340183826879e-01
-5.314063005347721691e-02
