-6.001846417618188489e-01
-6.001979560980300610e-01
9.999728059177865891e-01
8.803232779339831629e-03
-1.000025889161887838e+00
-7.823304423526330487e-01
-6.001777206728553526e-01
4.920056316656512552e-02
-8.020802627007924679e-01
-3.430212326914158782e-01
9.999614355038957680e-02
-9.999228633813064260e-01
2.099081153016514323e-01
3.684645834400597508e-02
2.000562704005322823e-01
3.901654213040176566e-01
4.363884995742551079e-03
-9.999186920447205029e-01
2.054342384923431020e-01
1.666721373785920099e-02
4.168794252129510713e-01
4.033619900843423145e-01
-2.231556111546958987e-01
-8.050150461731402363e-01
-9.999730354379822161e-01
3.891802910845881258e-01
-2.591741917673401341e-01
-6.000859027376798105e-01
-2.886464894314174634e-01
1.000280445799096724e-01
-1.000008144582872571e+00
-7.863261317468399625e-01
-7.938110907806885663e-01
-9.998262496581249437e-01
1.240707684628084007e-03
1.000001628247918495e+00
-1.000054254292508382e+00
9.998830069566772005e-01
3.834907932739516356e-01
-5.999780528871608842e-01
9.998927263879557881e-01
-7.972755738222963018e-01
-3.112478638808154341e-01
9.999336387716446783e-02
-2.663094089915923335e-01
3.835989948013969753e-01
1.000099786268696250e-01
1.000368649594644138e-01
1.000128486285074281e-01
1.910109071868995867e-01
-1.000112020739838403e+00
-7.984734089008416191e-01
4.212897623374094458e-01
3.928933091600089744e-01
-2.398299597887980361e-01
-9.999734772829592666e-01
-7.906624628398803978e-01
4.088019291172821923e-01
-5.003148357884199676e-02
-9.999790153369675361e-01
-3.857276157731207022e-02
3.892484174007256326e-01
-1.000016123668627355e+00
-2.604977717657661618e-01
-9.998759427619738904e-01
9.995389313360372729e-02
-1.000079782907216108e+00
1.129283126443739182e-02
-8.026289223836008402e-01
3.979916743026400971e-01
-5.998515123664480697e-01
-2.664645820285511668e-01
1.001280734972867653e-01
-7.661031000864942930e-02
2.146278004924261074e-01
9.986601551745513672e-02
1.762581625418286335e-01
9.999942844271427767e-01
-5.291083849409103368e-02
-8.049272849231869920e-01
3.873567383173541767e-01
3.998117446407848385e-01
2.235575364262554210e-01
2.028756739367986450e-01
9.999515514004474470e-01
4.021049694520167916e-01
-1.000081624487883403e+00
-5.999704003559505061e-01
-1.000089680739563169e+00
4.477420213626291667e-02
-9.998936556385062957e-01
1.000860029194512446e-01
1.002609586300615835e-01
-6.000337020528733190e-01
-1.851230043041602984e-03
-8.012992428111354037e-01
-8.008204363878456133e-01
-2.104172937777691876e-01
4.081198053376084989e-01
-3.629596060670472468e-01
4.053122604553593411e-01
-7.858769463231337626e-01
-4.091588905395128761e-01
9.999820335616428635e-02
9.994821351031757395e-02
9.998842359646029632e-01
3.760999138104835493e-02
4.091375871050419444e-01
1.000634043181340832e-01
-3.217532947367552909e-01
1.995542877962722395e-01
-4.497197322044351742e-01
-6.001997957023715857e-01
9.999115356970693647e-01
4.027909402587884768e-01
2.029967779184528309e-01
9.988024270457747378e-02
1.000110974892302051e+00
-1.000002667913748589e+00
4.081419548628578697e-01
9.998877959617780142e-01
3.932582718722866244e-01
9.987124650900984502e-02
4.005851920906675634e-01
-5.997351757518392112e-01
4.014807245348624987e-01
-2.586582623941358072e-01
3.914649687848302806e-01
9.999879125099901955e-01
1.000178862623787746e+00
9.998330408155682580e-02
1.922550927671093091e-01
3.924279613916935028e-01
-7.977750516162674943e-01
1.000099939458096027e-01
9.999459515419923950e-01
9.999502904685529936e-01
-9.999703960591076468e-01
-6.000427662174366850e-01
4.196432388014844639e-01
-5.257822415557808493e-02
3.897674362440818330e-01
1.002192856191691794e-01
3.897425119370273583e-01
1.678011277263792220e-02
-2.376637615323944630e-01
-6.000437338135380383e-01
2.039259243608402827e-01
1.000042923411297968e+00
-9.998924392871104683e-01
-8.100185293215459437e-01
1.000065062639120983e+00
3.924792280998561922e-01
-6.001390989734730619e-01
9.978623782518795948e-02
-4.317241469689955119e-02
-3.647626484915593159e-01
-8.008147785853974021e-01
1.778191876730658982e-01
1.001409214439055034e-01
1.000164120808337831e+00
1.981605350849986180e-01
1.879786112941334852e-01
-3.249257882937006126e-01
-1.000113110506007041e+00
7.468800933742936188e-02
4.003664828653778485e-01
-7.925045829488661653e-01
1.887354311090119474e-01
9.999109768235536766e-01
-8.035193422088203752e-01
-5.999148517378730672e-01
-1.000169269172636710e+00
-1.362157706312536361e-03
-2.489853264914312359e-01
-6.000198709023893962e-01
-7.543939399438959192e-02
2.069479416762540769e-01
-9.999312553974711859e-01
9.998462411007468242e-01
-7.945634538211335807e-01
3.925096338339864044e-01
-2.410758342852971081e-01
9.999401002271456340e-01
-1.000013276723543898e+00
6.798238518003353603e-02
2.133296651093948559e-01
9.995377276362203689e-02
-8.028899844406484076e-01
-3.973486719810367940e-01
5.753344525907486129e-02
-2.977459784229818385e-01
1.929402084278307172e-01
1.149519049665579384e-01
-5.999154101636857694e-01
-6.000778631123073747e-01
4.042559147071477232e-01
9.999699324906422548e-01
1.001054435729054060e-01
-2.954235744871299141e-01
2.103807595220985593e-01
9.999690194497984352e-02
1.000057631520387263e-01
-8.008378367149070476e-01
-5.999073095070210915e-01
-5.998777061519602327e-01
1.000008744500850533e+00
-5.999705476859982234e-01
-5.998348433749437492e-01
1.000064728929944247e+00
2.161513676969866460e-01
-7.997283696999565317e-01
4.001774912668839002e-01
-1.111745372033874223e-04
1.600172523392254798e-01
-8.053062749774522189e-01
-9.999731931412549901e-01
-8.062367124911757887e-01
-9.999746977781179824e-01
9.999881717512401069e-01
1.000032518336201992e+00
-8.047480624735511290e-01
-3.118522245649665292e-01
6.294149274382417059e-02
-8.038684391894046488e-01
1.000025581431615018e+00
-6.000811541055856013e-01
9.999812034142993578e-02
-9.999177035490911525e-01
4.105106996091606453e-01
1.963078510937407428e-01
1.000312666789761051e+00
-6.000555061617612873e-01
-5.999552762270817796e-01
-2.420243847381322588e-01
1.000007550312713933e+00
9.992515658009359925e-02
1.000017547441926835e+00
1.000029578571173028e+00
-1.000138719622442718e+00
3.896784370782384599e-01
9.994386005150780738e-02
4.185313396597457047e-01
9.997993579014913257e-02
5.228203055745533206e-02
7.365417416761542435e-02
2.025438768676922074e-01
4.155793287932380009e-01
-7.756522822126682426e-01
-5.999756918410670270e-01
4.059714286333876987e-01
9.999143212810635006e-01
4.784895418538869655e-02
-7.843414561099617544e-01
4.096416736224112731e-01
-1.517368629980463818e-02
2.095691639479835278e-01
-9.999806296442721454e-01
-3.475365673946784195e-01
4.169101360355066954e-01
1.985990467626352618e-01
5.097320166198307523e-02
9.997604172051302029e-01
1.000081067932047096e+00
9.999605787788901079e-01
9.992310443723460833e-02
-1.483439465057228082e-02
-1.000014051930003367e+00
-3.327969614859347947e-01
-3.019228173978341090e-01
9.999355438426884568e-01
-8.045969505703777225e-01
-7.903693336531907310e-01
-6.000238869309855172e-01
-3.028516891549237755e-01
-1.000057935295691314e+00
2.176511265951316665e-01
9.995582883043770128e-02
-6.000456912032596790e-01
1.933577832315855685e-02
9.998564113419790012e-01
1.855348936314603348e-01
1.810018406956408754e-01
-1.047799682545719480e-01
-2.511518998421211069e-01
-3.104476065338427904e-01
-2.627127650525298841e-01
3.827712799433529711e-01
-1.976197469867361500e-01
9.997999465742563041e-01
1.000006161317280817e+00
-9.015360530129484795e-02
2.054402162534934850e-01
1.963946559686947646e-01
-4.158996227672548396e-02
-3.014564579803997724e-01
-5.998128689786984546e-01
-9.999474236108980563e-01
1.986150371358967603e-01
-7.852770395202524371e-04
