-5.999843205283749148e-01
-6.000429821881423376e-01
9.998485161626695650e-01
-6.014363698768906974e-02
-9.998391032193517658e-01
-7.933215036114117380e-01
-6.001106547106800360e-01
-3.925663764229054414e-03
-7.997536155369446842e-01
-2.916308657100469826e-01
9.991608755866999980e-02
-1.000127334737779261e+00
2.023458647144357747e-01
1.038393006014524597e-02
2.024831509503739191e-01
4.068704843679096239e-01
-6.102701305441780161e-02
-1.000133714322941847e+00
2.001788401168386744e-01
-2.276713581137916262e-02
3.941503493264054137e-01
3.995899269758229067e-01
-3.402880026468043106e-01
-7.913864592279958865e-01
-1.000196418510481244e+00
4.089099769765585646e-01
-2.779108803953997953e-01
-5.999970593943427799e-01
-2.499422510055558933e-01
9.991726369811179675e-02
-1.000213664961486781e+00
-7.950695786528736431e-01
-7.864217306005559793e-01
-1.000109131873150314e+00
3.500282928814057309e-03
1.000010203731176217e+00
-1.000108914356922174e+00
9.999739862045237127e-01
4.116836693470735664e-01
-5.999794565095295518e-01
9.998350736348005086e-01
-8.014691129018737259e-01
-2.849934564613823551e-01
1.000985013329606654e-01
-3.243098913466089805e-01
4.059947653136097290e-01
9.979557373505099083e-02
9.983051086283964426e-02
9.984190820619540108e-02
1.962232073727005754e-01
-1.000220611336958276e+00
-8.048356119709260126e-01
4.093959731955450487e-01
4.019207017437531615e-01
-3.295303299074636705e-01
-1.000038128635346357e+00
-8.089505985809223310e-01
3.914069429720202775e-01
8.439891817519999326e-03
-1.000041895370547440e+00
5.707599247897476857e-02
4.033740468713949423e-01
-9.999562683748485226e-01
-3.153190236863697149e-01
-9.999658866064000673e-01
9.989916465353430863e-02
-1.000063749163427440e+00
6.273976970747248416e-02
-7.984151706515246749e-01
3.973480438710307316e-01
-5.999153314655264468e-01
-2.907391478698105880e-01
9.994307911497281316e-02
7.752169788545759666e-02
1.903454597524200098e-01
1.001446065022327109e-01
1.999103982634959920e-01
1.000002619289961148e+00
2.512278388085673053e-02
-7.805269200219612236e-01
4.055648532913894155e-01
4.141591474162288899e-01
1.862050677452056491e-01
1.976033033990986232e-01
9.997575004667654808e-01
4.007315723677437602e-01
-9.999594852550308666e-01
-6.000003517342510362e-01
-1.000010285186794690e+00
1.131441555521404962e-02
-1.000019214820235369e+00
9.994971758052798028e-02
1.000522630189418366e-01
-5.998887433575101902e-01
-6.382462361606093537e-02
-7.914466577716813278e-01
-7.897194500783751847e-01
-3.240723415036729227e-01
4.089110531284001482e-01
-3.363512112369915763e-01
3.931701620166542788e-01
-7.964568090880418394e-01
-3.332960072164602994e-01
9.978870838027120715e-02
9.993141460101000184e-02
9.999078065074246124e-01
-2.905450575561649429e-02
4.068686203260419854e-01
9.992577302881862356e-02
-3.897432455224125181e-01
1.991588958336076576e-01
-3.352688314234800737e-01
-6.002033612081940639e-01
1.000088221782958309e+00
3.766695071297174180e-01
1.987829634865242723e-01
9.993700434853160230e-02
9.999348674173386131e-01
-9.999178435741393756e-01
3.935831012799195228e-01
9.999062813821745221e-01
4.081317615574165947e-01
1.000705478435202772e-01
3.954641698620763868e-01
-5.999280720392486943e-01
3.867261644003441301e-01
-3.028748801683628922e-01
3.957323015448649950e-01
1.000056281367955435e+00
9.999122578448568222e-01
1.000786728688653482e-01
2.011261770107907187e-01
3.841431919979469978e-01
-7.868939801438497028e-01
1.001227359722671323e-01
9.999307449898913180e-01
9.999417361497907608e-01
-1.000002010561806154e+00
-5.999422239939825596e-01
3.876457335885790112e-01
1.828411409255528697e-02
3.987053837839801274e-01
9.998689882998729184e-02
4.107842831335511424e-01
6.090181092604940449e-02
-2.985611534739919248e-01
-6.001372115819042508e-01
2.100028293544873026e-01
1.000120689432259402e+00
-9.999320908743941638e-01
-7.944847695839415413e-01
1.000123678997661969e+00
3.840552235742402121e-01
-6.001870939785463044e-01
9.998289522863339218e-02
-9.883218059690451404e-03
-2.849102037162929979e-01
-8.102993556453690349e-01
2.003498449454284291e-01
1.000645028594900066e-01
1.000010450541895635e+00
2.038430328487609022e-01
2.043393161174657524e-01
-4.278545063049143393e-01
-9.999870348405447418e-01
2.020559886038455003e-02
4.049033606516259653e-01
-8.102599304205886366e-01
1.935271368574503492e-01
9.998563830794965357e-01
-8.138838149633876862e-01
-6.000566344744506786e-01
-9.998460824793833357e-01
-6.456727331020965799e-02
-2.995713783751913217e-01
-6.001373984514015714e-01
-7.731509622806526094e-02
1.857746111009498102e-01
-1.000079837603096600e+00
1.000015881087828795e+00
-8.179870888554726660e-01
4.144321919806112642e-01
-3.468419907220942067e-01
1.000031830399972010e+00
-9.999843374482310088e-01
-4.949312270747096426e-02
2.003440854404358318e-01
9.970881752853527624e-02
-7.964337529471524624e-01
-3.536756205756053095e-01
-6.389009811923813086e-03
-2.275101173928376630e-01
2.102554799375347949e-01
5.401132079769872807e-02
-6.000332283333768002e-01
-6.001787881561109206e-01
4.141767296688448896e-01
1.000024201827513615e+00
9.999506092251553291e-02
-2.801069971582468843e-01
2.041956774628305715e-01
1.000642746559646246e-01
9.994849158194948902e-02
-7.979676933645941661e-01
-6.000027737231733438e-01
-5.999381789316602376e-01
1.000179113696987532e+00
-5.999480616669725652e-01
-5.998819209125187957e-01
9.999126529753151749e-01
2.019078693125416768e-01
-8.010113645828663698e-01
3.848485336966777082e-01
1.055114660228517222e-02
1.984557881090160125e-01
-8.086242410638475597e-01
-9.999027752428111260e-01
-8.094239304425647763e-01
-1.000013585686607254e+00
1.000019741720408861e+00
1.000156286953874263e+00
-7.837661954821446564e-01
-3.444177211742919242e-01
1.792783903108191579e-02
-7.960226916384314233e-01
9.999987466391366819e-01
-6.000668782594417161e-01
9.998755139597668984e-02
-9.999577813777773549e-01
3.762969818142211098e-01
1.970392512465621859e-01
9.999157424451897702e-01
-6.001102306986747514e-01
-5.998468332462728592e-01
-3.247731505664800955e-01
9.998921258118864674e-01
9.987718329696479436e-02
1.000013050330007758e+00
1.000150640584720030e+00
-1.000006149400842759e+00
3.988262129477552764e-01
1.000902969573022327e-01
4.050992302873068773e-01
1.000265168438297658e-01
-1.454627802699971079e-02
-3.417807916419198649e-02
1.750491795880450008e-01
3.936497369670667323e-01
-7.877746046212633635e-01
-5.999826585096316167e-01
4.117785594943368377e-01
9.997735536826314329e-01
7.528712579632193536e-02
-7.919094696321397064e-01
3.900366987061442692e-01
-1.361461322005462840e-02
1.829893817323205440e-01
-9.999953111048427434e-01
-4.210562940175234248e-01
3.879535467009267991e-01
2.028854047411259021e-01
-7.873878578269737083e-02
9.998841139099946540e-01
9.998745518626688256e-01
9.998331295067912627e-01
9.996598581954868612e-02
-6.936641201817271563e-02
-1.000023786757157751e+00
-2.883855165147848343e-01
-3.140848697730445060e-01
9.999079853650402194e-01
-7.979594243106200580e-01
-8.045159587277892488e-01
-6.001222769312067884e-01
-3.665280893008671104e-01
-1.000029116852640287e+00
2.149977464123430382e-01
9.997287378623502530e-02
-5.999200266617897848e-01
5.630092967428459994e-03
1.000112778769979505e+00
1.947692608283032589e-01
1.980343543267652773e-01
5.177681723869290847e-02
-2.904366474064529746e-01
-2.182052373724289729e-01
-3.063435878672342016e-01
4.145179051479030985e-01
-2.079588620418273415e-01
9.997769634491998625e-01
9.999097444157125647e-01
9.972145741910154459e-02
1.960577411168919482e-01
1.932779543648275589e-01
7.434431452330211854e-02
-2.182731877748235461e-01
-5.998810231995781450e-01
-1.000192123743751660e+00
1.866084173841134064e-01
4.057381015168675525e-02
