-6.000475295495240058e-01
-5.999525585300476971e-01
9.999605877357977679e-01
1.068672493281602048e-02
-1.000158916877859294e+00
-7.880030056726484711e-01
-5.999277247986205541e-01
1.075732178781008477e-02
-7.877202134024438029e-01
-2.953237016713055607e-01
1.000240175854900659e-01
-9.999797329404902513e-01
1.916849777679962841e-01
-4.309996554717813316e-02
2.051676317893339763e-01
4.068558597466796489e-01
2.589564864431290192e-02
-1.000090674925250500e+00
2.118355153934833868e-01
-4.159035847236150496e-02
3.869875891997668349e-01
3.816362955486449771e-01
-2.861909794965875053e-01
-7.948571775565675956e-01
-1.000083692523678014e+00
4.143487063303361029e-01
-3.186788746913654102e-01
-6.000389849296682288e-01
-2.062197855356642517e-01
9.985871638163021369e-02
-9.998921453435681839e-01
-7.862593195995555284e-01
-7.897227103896058420e-01
-1.000013891216095185e+00
-5.850312694276369602e-02
9.999391913045939662e-01
-1.000025910099245463e+00
9.999738748183475412e-01
3.840990630571904929e-01
-5.999896237327092541e-01
9.999711688413771560e-01
-8.169826815618470572e-01
-1.800170812131305365e-01
9.994880326682714644e-02
-3.141467767454214632e-01
3.913696570150279608e-01
9.992233000402514498e-02
9.984961579524469222e-02
9.992364821928552410e-02
2.005995315588455508e-01
-9.999313385127058806e-01
-8.056479017879343285e-01
4.144933947118962236e-01
3.987536835671050550e-01
-3.556044018507036886e-01
-1.000040703988828605e+00
-8.007760341639760249e-01
3.840785732449037981e-01
-7.249708481860087095e-02
-1.000019892782270103e+00
2.402809824336173128e-02
3.921666887058575801e-01
-9.999281330084783814e-01
-3.334038945615977467e-01
-1.000074984515862520e+00
9.998646815306887203e-02
-9.997534793035656175e-01
5.427731605156028982e-02
-7.839071201451551785e-01
3.850144218034528554e-01
-5.999573637915156521e-01
-2.799342506872881109e-01
9.997213064541615735e-02
4.859100774713034920e-02
2.160626052779062722e-01
9.997670218161225364e-02
2.019784629853006719e-01
9.998196578087706898e-01
5.786056915577080656e-02
-8.031393206563407494e-01
4.110887483746452076e-01
3.865234160058489965e-01
1.849748832552246536e-01
1.956097018422132960e-01
1.000149729395513498e+00
3.979649558560079403e-01
-1.000051247695530776e+00
-5.998795598826714981e-01
-1.000173928793197220e+00
2.068041059966782558e-02
-9.998834077544631604e-01
1.000785316599041158e-01
9.997322669167080234e-02
-6.000659277289207560e-01
3.843368439144529553e-02
-8.086407811662149614e-01
-7.903970004515533665e-01
-3.201508649002332008e-01
4.080057439826934029e-01
-3.890102742562382421e-01
4.029883256243876888e-01
-7.889419761123652730e-01
-3.102680381089240602e-01
1.000793597639523386e-01
9.993142129584822730e-02
9.999437530856140066e-01
6.708933655507551275e-03
4.010712738222151352e-01
1.000229220370116856e-01
-2.455151302226785681e-01
2.086761445558082406e-01
-2.206299094570375319e-01
-5.999462314541073038e-01
9.999336137072357689e-01
3.950388888646195751e-01
2.016055473178329782e-01
1.000713208528784953e-01
1.000056800961684367e+00
-1.000003509691162806e+00
3.829276911855557519e-01
9.999881667368946125e-01
4.069497117042594758e-01
9.995976241900622616e-02
4.145571590674760887e-01
-5.999362513240270589e-01
3.948603111840416346e-01
-3.228373643874683507e-01
3.911629567007025576e-01
9.999708915150836708e-01
9.999966443084133960e-01
1.000380857941120805e-01
2.046424224893124977e-01
3.832423160190000511e-01
-7.992744532212201491e-01
9.997889211361091211e-02
9.999190990532799139e-01
1.000040085126158829e+00
-1.000167546581770983e+00
-5.999491821786632206e-01
4.063780304709984081e-01
-5.987120066503262561e-02
4.088976854192040156e-01
9.984059906829693964e-02
3.862013040249234197e-01
-5.834076065809223888e-02
-2.549014713530737275e-01
-5.999997060618773581e-01
1.881602232689169318e-01
9.999410439320089994e-01
-9.999624195437375462e-01
-8.018026066644994287e-01
9.999499147612520566e-01
3.830430531767610725e-01
-6.000055189028692393e-01
9.996163493111112630e-02
-2.281574007161420170e-02
-3.265960852013354843e-01
-7.958840206642534554e-01
2.067527294906392199e-01
9.996847549736057048e-02
1.000103169062477093e+00
1.966014053492542990e-01
1.995644694055350166e-01
-2.982709356346321394e-01
-1.000029799594110314e+00
-4.374814504248163149e-02
4.144312624536417022e-01
-8.080506649618541815e-01
2.102013986127965750e-01
1.000095503478045655e+00
-8.002894713486775613e-01
-6.001378012410196749e-01
-1.000063807408384298e+00
-2.998480203534834715e-02
-3.530587668578103466e-01
-5.999711719524630782e-01
-2.666118987379091643e-02
1.990374668275365078e-01
-1.000085707778846089e+00
1.000036072805329246e+00
-8.034968152676960074e-01
4.105489090054946777e-01
-3.015487483669712643e-01
1.000040580626498699e+00
-9.999531532430758762e-01
2.282536826674726529e-02
2.090756444731253216e-01
1.001326469167717059e-01
-7.900430467288067637e-01
-2.817941180447110505e-01
4.508434510412733659e-02
-3.403463701429058075e-01
1.970191898405612707e-01
7.560505002352112995e-04
-6.000363469323386489e-01
-6.000994213262400567e-01
3.764636760746598032e-01
1.000031202153143006e+00
9.985407448262956231e-02
-3.761558834903018789e-01
1.932792113736558903e-01
9.999684483771101307e-02
1.000684037849284974e-01
-7.992197802010265750e-01
-5.999317916892386027e-01
-5.999267456460318781e-01
9.999410228629184161e-01
-6.000722680370990103e-01
-5.999142762994266187e-01
1.000051181912499976e+00
2.061393109970068860e-01
-8.005726618385211601e-01
3.817852930792523525e-01
4.459566170875983726e-02
2.014085526300418982e-01
-8.056191721346983581e-01
-1.000139359723675181e+00
-7.920809634130910881e-01
-9.999240533013906695e-01
9.998993846750199310e-01
1.000113708864760254e+00
-7.925138995973650680e-01
-2.262198232992086999e-01
-2.987788928156270493e-02
-7.937400379392633987e-01
9.999917021602010569e-01
-6.000924795576275672e-01
1.002243861511425554e-01
-9.998920604633142473e-01
3.921493217418698940e-01
2.039942184698850525e-01
1.000058006781040731e+00
-6.001778555680986615e-01
-5.998660810613559713e-01
-3.600628364758787225e-01
9.997294871656412507e-01
1.000252778783202734e-01
1.000075980123773522e+00
9.999488871332642415e-01
-9.999984278729044940e-01
4.007893045196397885e-01
1.001917057509047471e-01
3.900228154364305255e-01
9.991276445460901823e-02
-2.742984303469565843e-02
3.708791763048804868e-02
1.872871054194343576e-01
4.031926887533514026e-01
-8.017772829451835781e-01
-5.999094941264101477e-01
4.128991438483402554e-01
9.999976617835019121e-01
-3.427944040102406248e-02
-8.005605537473471367e-01
4.127499528265166640e-01
-8.642370827622354590e-02
2.183925606211357395e-01
-9.999132103728253229e-01
-3.047750345704765551e-01
3.978984420006618228e-01
2.031336419658011649e-01
4.054929984448127356e-02
9.999642848460420508e-01
9.998979157026864906e-01
9.999533303911460891e-01
9.990153277281821342e-02
-9.790652704039622123e-03
-9.999483608152850422e-01
-2.749477253705318036e-01
-2.899384160752069839e-01
9.999940031106783200e-01
-8.036084781586142478e-01
-8.064283390389384021e-01
-5.999131347040580486e-01
-4.319115371691031324e-01
-9.998757227513545010e-01
2.044038720017014032e-01
9.997006268764598025e-02
-5.999297895207780229e-01
-3.973647911217770279e-02
1.000028366537966562e+00
1.938515369135491162e-01
1.852561505920016505e-01
-7.249270335185147018e-02
-2.972046168359276930e-01
-2.987076502379725218e-01
-2.961082124576150942e-01
4.111543867840689037e-01
-3.976462429958345091e-01
9.998792466186345873e-01
9.999442324722199738e-01
4.217690695340630541e-02
2.056892260242693948e-01
2.088846023387448680e-01
-6.480633242171902897e-02
-2.547126331161153612e-01
-6.000369637986955329e-01
-1.000112583414813017e+00
2.030447434830573716e-01
5.182026772145273408e-02
