-5.996806818477371515e-01
-6.002090991086236338e-01
1.000127566338452123e+00
-2.070009245284624641e-02
-9.998743646648003969e-01
-8.239397630227054403e-01
-6.000344224956212225e-01
-2.170304431903123665e-02
-8.214781156749068058e-01
-2.593057636427233970e-01
1.000971703102977589e-01
-9.999472553547938958e-01
1.869224248288239021e-01
-1.312783073217550084e-02
2.002458952480201393e-01
3.964072938154535319e-01
-8.885676049125403042e-02
-9.999678317012612450e-01
2.011120655279124980e-01
1.010750975946750341e-01
3.825362177667761543e-01
4.096353025981253060e-01
-3.192029474050493421e-01
-7.779679682823573694e-01
-1.000067619543259623e+00
3.910594827606609369e-01
-2.812597392686081443e-01
-5.998563633508136039e-01
-2.291633837195941326e-01
1.002488033507670795e-01
-1.000028694181339883e+00
-8.060688704178202713e-01
-7.964963683896418845e-01
-1.000104408152918012e+00
1.100458035997101264e-01
1.000029944783831226e+00
-1.000023540294053381e+00
1.000014062888034738e+00
3.983801564726675570e-01
-5.999974099212641576e-01
1.000061628638328592e+00
-7.914675534664110668e-01
-2.981458100773448083e-01
9.984424860294244253e-02
-2.936097520972875685e-01
4.071049317403939161e-01
9.999972670889162307e-02
9.998748543408149392e-02
1.000412494720211432e-01
2.102764138075189915e-01
-1.000052569831238802e+00
-8.102160548657493244e-01
3.928664223867461280e-01
3.913923277346098573e-01
-3.319230284580167445e-01
-9.999044069851426020e-01
-8.042876460491326096e-01
4.190805106920310608e-01
6.472108854841039649e-02
-1.000019086837400817e+00
1.886645224816747846e-02
4.244132257489456328e-01
-9.998908705040633338e-01
-3.121262587866782678e-01
-1.000006789594321210e+00
1.000708390880151177e-01
-1.000056443126130734e+00
6.801880237775827232e-02
-7.936465188726179454e-01
4.014005929508303594e-01
-6.000470987958744784e-01
-3.143520328659535346e-01
9.997954169003965552e-02
-5.096451360088882082e-02
1.977039621943641745e-01
1.000067861498033922e-01
1.952759899891520490e-01
1.000050537930088579e+00
1.827996071679543338e-02
-7.996411397138717403e-01
4.042096587550896847e-01
3.940002133533548889e-01
2.127388556174090728e-01
2.021909289582898561e-01
9.998282135029662454e-01
4.009634822000456289e-01
-9.999223285328334709e-01
-5.998478384232113214e-01
-9.999111896712644665e-01
6.826691012099690703e-02
-1.000012973192676569e+00
9.995188920378651753e-02
9.980533872100612325e-02
-6.000055385317180079e-01
7.089278682397266718e-02
-8.195168708133049318e-01
-8.046610234164448539e-01
-2.374010394360306919e-01
3.921509505368162563e-01
-3.235145283218899270e-01
3.938645105185418216e-01
-7.989025733370807014e-01
-3.016114793959858154e-01
9.995667210747218034e-02
1.000830975412596996e-01
9.998823065253017450e-01
3.353516658184624299e-02
3.772343310449838838e-01
1.001628847412110029e-01
-3.335226056132496453e-01
2.104351312535883700e-01
-3.041485710183364777e-01
-5.999807538861645639e-01
1.000097961057446749e+00
4.039246563274629942e-01
1.768557067981995357e-01
1.001860527067873624e-01
9.999642694681118993e-01
-1.000166584296278804e+00
3.875960814717391290e-01
9.999429513827339244e-01
3.904642179600675278e-01
9.991503573252367987e-02
4.015459783485398337e-01
-6.000706356338071368e-01
4.026377941604260546e-01
-3.269978583838820674e-01
4.065378816940374840e-01
9.999626548409241700e-01
1.000020521175200683e+00
9.996123722089220176e-02
2.161021009162633344e-01
4.026090565927141207e-01
-8.044631857935361507e-01
9.997808264842890369e-02
9.999946599569757844e-01
1.000019742280449542e+00
-9.999787920343875536e-01
-6.000719328112330553e-01
4.093240434645593617e-01
1.822993407037030653e-02
3.990466810309475365e-01
1.001910806716473507e-01
3.977688496946179542e-01
2.961125731781829098e-02
-2.962485169373960114e-01
-6.001186487685193915e-01
2.050356132807799325e-01
1.000097892070362038e+00
-1.000135576042440189e+00
-8.092397549626344500e-01
1.000055451972067022e+00
3.937155909076052729e-01
-5.999939889445664587e-01
1.000219414027988807e-01
2.893554057758174897e-02
-2.728627351192273731e-01
-7.838150826904327628e-01
2.005171744448142057e-01
9.990601742733537516e-02
1.000106820107693473e+00
1.982582903428402321e-01
1.937902527668534658e-01
-3.199731588108492564e-01
-1.000099740292597517e+00
5.636377589075522443e-03
3.917304285736535330e-01
-8.217470600659455560e-01
1.822816421975461676e-01
1.000033193721876934e+00
-7.962167230261488760e-01
-5.999270414416585373e-01
-9.999133753946942704e-01
2.024841535840112006e-02
-3.274512697539267436e-01
-5.998357003822026856e-01
-5.557561086132824235e-02
1.895549150283710738e-01
-9.999142089625163710e-01
9.998168403915691504e-01
-7.956465529263184733e-01
3.832768074367349787e-01
-3.607177412580675480e-01
1.000095497656285470e+00
-9.998199758111869784e-01
6.015685077944402104e-02
2.375575686595663982e-01
9.976811489952490397e-02
-7.886313501616800670e-01
-2.327761452608573811e-01
-2.963169066052248266e-02
-2.192510321712544119e-01
2.081623274157652914e-01
-4.277254980783819910e-02
-5.999667730373057228e-01
-5.999016675321564573e-01
3.861933489975540312e-01
1.000064072340363097e+00
1.000559289065281882e-01
-3.485656408258018812e-01
1.933392021574195652e-01
1.002141978775338976e-01
9.986441632216086495e-02
-7.966100241602115384e-01
-6.000358912932223232e-01
-5.998941059175740831e-01
1.000056647365530349e+00
-5.999726374090836867e-01
-6.000689253485760322e-01
9.999547887219367714e-01
1.983937566113141981e-01
-7.950924166461040832e-01
4.052543819415377335e-01
-2.861362603977909980e-02
2.009621740224414033e-01
-8.035919367967847560e-01
-9.999872685019911556e-01
-7.932605409793923590e-01
-1.000018577993093905e+00
9.999015280880277912e-01
9.998450001084595584e-01
-8.149166470027151554e-01
-4.274553001302503485e-01
-2.990907435681340945e-02
-7.905582860919009303e-01
1.000111814918556608e+00
-5.999823231724705774e-01
1.000251986004045412e-01
-9.999140636524698200e-01
4.145696789596106102e-01
2.028242636537204990e-01
9.999752975064652993e-01
-5.999828256690173944e-01
-6.002434999147262529e-01
-2.807479325233639411e-01
9.999561158036895936e-01
1.000313639438095564e-01
9.999666469444604688e-01
9.999624659588124409e-01
-1.000245060837584132e+00
3.952618798737864148e-01
1.000984265277399393e-01
3.866752482795630663e-01
1.001073056977457021e-01
6.730259377565211976e-02
-3.251028705983537853e-02
2.033339106000854601e-01
3.960862306155782386e-01
-8.163423621443712808e-01
-5.999763796767079160e-01
4.053248181181985377e-01
9.998980352325801402e-01
3.675975732780934618e-02
-8.048665751328708540e-01
3.954677100004206913e-01
-4.097941993269340472e-02
2.058195582502982401e-01
-9.998970905510148333e-01
-2.152816626689102730e-01
4.180938026452882816e-01
1.860894183494701815e-01
1.765989963654813685e-02
1.000014745813030625e+00
1.000098175927476074e+00
1.000089483037515770e+00
9.997168129251790547e-02
7.795887396022654903e-02
-9.998737075321884049e-01
-2.619435504074010268e-01
-2.972916684472852733e-01
9.999614715552360700e-01
-8.060618986091524496e-01
-7.860880225196740234e-01
-5.998347460743398418e-01
-3.464666847889308343e-01
-9.999784646814332545e-01
1.910431368976175104e-01
9.986162307727484977e-02
-5.998442468310547504e-01
-5.724125791207656383e-02
9.998537894802543846e-01
1.943530155218948507e-01
1.970512290506474806e-01
-4.270784289492095265e-02
-4.203055986902668462e-01
-3.544590203837183484e-01
-3.214946234869701658e-01
3.971270559440915338e-01
-2.527449932513979869e-01
1.000007630484130994e+00
9.999592285014033965e-01
7.961834865940804404e-03
2.017735387757362553e-01
1.902116018658533692e-01
-6.601196334093772933e-02
-1.606498912332188778e-01
-5.999820066358965143e-01
-1.000120240946952732e+00
1.951769188825262513e-01
-6.967960776906239467e-03
