-6.000787425711491263e-01
-5.999662708065393035e-01
1.000056740451133130e+00
4.042633695311279030e-02
-9.999849677641137191e-01
-7.810081287707975051e-01
-6.000262548469162960e-01
-5.583296772341957148e-02
-7.897992498708299447e-01
-3.133385872888771462e-01
1.001301503084120054e-01
-9.998947684252603718e-01
2.084041793928061159e-01
-1.156212207028611653e-02
1.799096051457958201e-01
4.031613287326725747e-01
8.995629319662636417e-03
-1.000085224974470943e+00
1.928813861157201437e-01
5.365665452015568049e-02
4.022515161617779555e-01
4.006468837298250985e-01
-3.175627543399678343e-01
-7.974328114275804902e-01
-1.000042524508234942e+00
4.071158690717707751e-01
-2.631072468040866474e-01
-6.000995037975515034e-01
-4.184131254700029778e-01
1.000814600087844841e-01
-1.000129156395060281e+00
-8.068711798643868338e-01
-7.857118044720828864e-01
-1.000104657243019224e+00
-1.027665595714982207e-02
1.000006810652840805e+00
-1.000121076303298606e+00
9.999070481579581671e-01
4.226368395695422331e-01
-6.000552433556999299e-01
9.999282033858780672e-01
-8.005245061052199684e-01
-3.076554766961265841e-01
1.000445212992709665e-01
-3.487540295599351747e-01
4.124623094661219458e-01
1.001148722318508516e-01
1.000423095307174243e-01
9.996261032287021009e-02
2.113683994703183799e-01
-1.000089904391388007e+00
-7.961528056959773503e-01
4.001076426464376112e-01
4.073894193160443322e-01
-2.371293062668797802e-01
-1.000091760180347622e+00
-7.952610923548265598e-01
4.020971125921009026e-01
-7.126812290070196065e-02
-1.000005869468570951e+00
-2.721742750920143339e-02
3.946131289682338616e-01
-1.000092875203181908e+00
-3.205098765376588332e-01
-1.000016423920363717e+00
1.001238388708595578e-01
-9.999710030443110798e-01
4.918258757072860310e-02
-8.043838089334434116e-01
4.118704084193487436e-01
-6.000045538618028473e-01
-3.238475558241540875e-01
9.988652674182428581e-02
1.987434541542612218e-02
2.054357697648518111e-01
9.986227287602839064e-02
2.043202776592230596e-01
9.999992405079387581e-01
-4.269467956253512192e-02
-7.983129408746589828e-01
4.123895954826151122e-01
4.114285005254291749e-01
1.878740701686378300e-01
2.033664009186047505e-01
9.998188572061947887e-01
3.923824300894582784e-01
-1.000060288834956790e+00
-6.001928841823177541e-01
-1.000126139311134033e+00
4.773605280920045768e-02
-9.999743203741934261e-01
9.986620184911457199e-02
1.001505479936851684e-01
-6.002517163368771280e-01
-7.011881676807450725e-02
-8.013530751503701310e-01
-8.163192798693132968e-01
-1.564380236623009457e-01
3.959744557088152317e-01
-2.947730723645916040e-01
3.932138605893701899e-01
-8.173818493629378956e-01
-3.756906316559815440e-01
1.000628953483998912e-01
9.978394599894474526e-02
9.999550772482453942e-01
5.326453225573027361e-02
4.080035068193740289e-01
1.001247646118821610e-01
-2.595934302706945918e-01
2.085828873251520665e-01
-3.040798460404203762e-01
-5.999424206464102349e-01
1.000050902038189582e+00
3.998351895551323643e-01
1.979526822959289389e-01
9.990259073204031670e-02
1.000053358382069657e+00
-1.000069631210329657e+00
4.159758160041863162e-01
1.000006481644239109e+00
4.179831800955012278e-01
9.977385304690668255e-02
3.924479636398147675e-01
-5.999650107146276001e-01
3.976011365504408812e-01
-2.932704575384180168e-01
4.032632063685632207e-01
1.000001911209387639e+00
1.000011202681375000e+00
9.996952076946989674e-02
2.072579595686546150e-01
3.943493758619337486e-01
-8.011155908973746076e-01
9.998669620995531693e-02
1.000034681585041607e+00
9.999213947806367964e-01
-9.999425463492517263e-01
-5.999931314298191376e-01
4.038357492660220593e-01
4.711326084922320967e-02
3.956138089960797855e-01
9.991091524786757661e-02
3.879817530703635886e-01
6.254802174029648609e-02
-2.871363958129417027e-01
-6.000205546118858591e-01
2.065410487763104652e-01
9.999027661726319627e-01
-9.998250833060421394e-01
-8.010166603570543220e-01
9.999614539525495394e-01
4.119877031191954697e-01
-5.998832574611093760e-01
1.001716104810256580e-01
9.385838409287672324e-02
-3.389363345382233050e-01
-8.034524457323479751e-01
2.017318828959050181e-01
1.001934362213634383e-01
9.999157274801319106e-01
1.836651726708119214e-01
1.946291176266166656e-01
-2.810376630994385616e-01
-1.000147034606388319e+00
8.054183764453676231e-02
3.932045433547905477e-01
-8.141163423969092205e-01
1.995021098388591041e-01
9.998616860073630264e-01
-8.014464267043722723e-01
-5.998260382079420028e-01
-9.999440456599524296e-01
7.601526183166010947e-03
-3.733819429577583393e-01
-6.000386976500942104e-01
-2.443935578105342621e-02
2.018871219907771852e-01
-1.000146512099633123e+00
1.000163418177788088e+00
-7.904065558505417588e-01
3.942090016317307821e-01
-2.789815061733547097e-01
9.998523167289068425e-01
-1.000013346237907497e+00
-4.126801477812902519e-02
1.865908303608711793e-01
1.001409835064566434e-01
-7.969917495096792148e-01
-2.442138553507688381e-01
2.324354575265048101e-02
-3.318719832111605150e-01
1.927891953460192931e-01
6.541793462872534659e-02
-5.998952528875663992e-01
-5.999925634546141584e-01
4.053032350391511662e-01
9.998659010752676268e-01
9.985141071626323084e-02
-3.389522166529694847e-01
1.959495374822420588e-01
9.997178424260810825e-02
1.000023455983964915e-01
-7.849201746230258792e-01
-5.998005256389017381e-01
-5.999582706536643606e-01
9.999362882665755459e-01
-6.000274209753106991e-01
-5.999825333858024301e-01
1.000086852757069433e+00
2.191601139981486368e-01
-7.929275767914089057e-01
3.917414542141509082e-01
3.980541794789083099e-02
2.005602791996692613e-01
-8.082699055248049325e-01
-9.999488452069530409e-01
-7.706600189115694333e-01
-9.999380515800276870e-01
9.999854007033001091e-01
9.999599336555657914e-01
-7.907916242869713619e-01
-2.914724415035141458e-01
-7.721193354617093829e-02
-8.011973013045690095e-01
1.000054995265681201e+00
-6.000212313117737617e-01
1.000013875706559641e-01
-9.998587719805037688e-01
4.014695254186609330e-01
2.089256185745423100e-01
9.999214164026331009e-01
-6.000959144454091065e-01
-5.999593862814036616e-01
-3.200267932832152606e-01
9.999367856000446197e-01
1.001425737578371944e-01
1.000034048968124534e+00
1.000061917325891780e+00
-9.999314562252002991e-01
3.991154353712887404e-01
9.985607370472841804e-02
3.952827190002471403e-01
1.000487618647202537e-01
8.285122805096320486e-02
1.572736734959448478e-03
1.964520152284754684e-01
4.014123830463393605e-01
-7.935507376800168267e-01
-6.002403763290334870e-01
3.889869307171704982e-01
1.000194497315509023e+00
5.264108204686795967e-02
-7.989583411710253769e-01
3.963810044751752693e-01
-7.703661193178741595e-02
2.030708046052198956e-01
-9.999803311343080647e-01
-3.109650133615429746e-01
4.004313912511413553e-01
1.968151318276705475e-01
-4.078904770709670252e-02
9.999480641011186943e-01
1.000044191953412653e+00
1.000068987887302363e+00
1.000572915853767120e-01
-7.130989286550495909e-02
-9.999298301340178163e-01
-3.263426767962545605e-01
-1.961110245484759818e-01
9.999642561332536816e-01
-7.832158475972884615e-01
-7.969836385776349896e-01
-6.000676634655112140e-01
-3.098722774893387655e-01
-1.000089177405783625e+00
1.898419616859011172e-01
9.992729822559269504e-02
-6.000904759984079240e-01
-8.964133813962658556e-03
9.998907201045219573e-01
1.924568212722613525e-01
2.013660849416768761e-01
3.705020336302899259e-02
-4.068942123225842145e-01
-3.576159421755737422e-01
-3.415314318874068111e-01
3.973784633444252812e-01
-2.755754490431318593e-01
9.998198972398018025e-01
1.000092346486881834e+00
-1.069920727231545021e-01
1.887556942210946165e-01
1.993018764564019329e-01
-1.048723413377626312e-01
-2.889869089272489866e-01
-5.999677154608132890e-01
-9.999374289241792502e-01
1.968604348878228161e-01
6.230672370613955791e-02
