-5.999834373081885941e-01
-5.998917320685412946e-01
9.998898245797948059e-01
6.289151719828577070e-02
-9.999425596606861255e-01
-7.987584156679169434e-01
-5.999974293777238232e-01
-1.508424097231447769e-02
-8.112245618460822705e-01
-2.623669532933989856e-01
9.998347464001448859e-02
-9.999942625022292253e-01
2.062721726562992131e-01
-2.402340459739819509e-02
2.029672642507620028e-01
3.963306569001103230e-01
1.559797840087806531e-02
-1.000010125905732794e+00
2.050388928427983037e-01
-6.600136665742049880e-02
3.970325205488147713e-01
3.842808549093726933e-01
-2.685675012820993302e-01
-8.013029201885054631e-01
-9.999062826686787586e-01
3.806415724251693833e-01
-4.087091264988111927e-01
-5.999590033453698901e-01
-2.978447060499187504e-01
1.001486962442791340e-01
-1.000035523256608494e+00
-7.987201857581807118e-01
-8.126115318547525446e-01
-1.000181660999149624e+00
-1.307436826325556189e-01
9.999277234457857322e-01
-1.000010492397836126e+00
9.999394100593841372e-01
3.919431313468068057e-01
-6.001368045517662120e-01
1.000101199879869673e+00
-8.031645382981235093e-01
-2.812347773447799182e-01
1.000374294155741556e-01
-2.976351322578379976e-01
3.946540886457024500e-01
9.991463724958823955e-02
1.001861387413756771e-01
9.981993007034499488e-02
1.830103996056256510e-01
-1.000077627169423167e+00
-7.945771325622649206e-01
4.119489877652435239e-01
4.096933021349621895e-01
-3.182113138845663047e-01
-9.999341997337385379e-01
-7.948236046343409855e-01
3.989456226312687037e-01
5.045968866332098401e-02
-1.000043713651535437e+00
9.424159722823310936e-02
4.078866220960042366e-01
-9.998347796045168323e-01
-3.595808165598464723e-01
-1.000047300346023293e+00
1.001280001284168830e-01
-9.999202704990244328e-01
-1.125436235227989662e-02
-7.967118427864509078e-01
3.927470912047484330e-01
-6.000785747068850817e-01
-3.881115244154636490e-01
1.001256251384547574e-01
7.977604983780609005e-02
1.994638833763122121e-01
1.000191606839576225e-01
2.016458813175175391e-01
1.000017929335492273e+00
-9.281418377419201407e-03
-7.877674599950219569e-01
3.874264059029632334e-01
3.916001389101614327e-01
1.932366215225361783e-01
1.805428235398299774e-01
1.000067701390245034e+00
3.962505588687413316e-01
-1.000035679223364227e+00
-6.000395609101401018e-01
-9.999538164206019930e-01
-8.367018046729692016e-02
-1.000083705899530440e+00
9.995542610802728156e-02
9.988199689133525627e-02
-5.999914632358739341e-01
7.960593828108595768e-03
-7.815201162940470514e-01
-7.919290459240307944e-01
-4.028628019226506707e-01
4.058273355741106037e-01
-2.401053248146498842e-01
3.975254856037147566e-01
-7.970291536610624172e-01
-2.525329520131821548e-01
9.990773722332116358e-02
9.992407951530157817e-02
9.999156858664807190e-01
-9.505395701368997419e-03
3.835549099965040454e-01
1.000050469311772466e-01
-3.073179367575000764e-01
1.964341747635452717e-01
-2.679191244693167606e-01
-5.999549931533840752e-01
1.000001325758250736e+00
3.962550204761889905e-01
1.969152300833015012e-01
9.999966105013398388e-02
1.000096082541665821e+00
-9.998826008432182277e-01
4.094627693794057333e-01
9.998184854735306937e-01
4.089221392725981286e-01
1.000755092009212172e-01
4.195463698398514407e-01
-6.000782976391563217e-01
4.027199273162108684e-01
-3.094327683605131440e-01
4.174495744380037898e-01
1.000139022162355396e+00
9.999335148312541444e-01
9.997983271439028763e-02
2.101198550893036976e-01
3.869761333267771053e-01
-7.880725968619184396e-01
1.002073482239194541e-01
9.999755848887240672e-01
9.998812617604511122e-01
-1.000021389145804296e+00
-5.998387148385549983e-01
4.132367738776398514e-01
6.791557314572896353e-02
3.881405175787750461e-01
9.997466064950018272e-02
3.832814675927108672e-01
1.521050111568352792e-01
-2.914989843850272488e-01
-6.001182917858467469e-01
1.954736746921505175e-01
9.999875610035241502e-01
-1.000099145003147116e+00
-8.137742876413381898e-01
1.000219388568819756e+00
4.054168962898336281e-01
-6.001538913386705865e-01
1.000274438078924549e-01
9.186069322407477283e-03
-2.912575470130995270e-01
-8.220361479182990427e-01
2.045018459110010955e-01
9.989679386929686822e-02
1.000013198485860233e+00
2.006158160860981032e-01
2.003345137625074379e-01
-3.492697139581605881e-01
-1.000096764292376372e+00
-3.908919535221150321e-02
3.944356197239431427e-01
-8.101480614208700359e-01
1.991306643032261514e-01
9.999866388889298019e-01
-8.021190971706435580e-01
-5.999760105805568289e-01
-1.000075339183918999e+00
-1.074724307341807031e-02
-2.660898226872429606e-01
-6.000877294003856832e-01
-2.054478799335369282e-02
2.047446560472905297e-01
-9.997592755068321901e-01
9.999844803095471191e-01
-8.070514634387317976e-01
3.898162353072086583e-01
-2.827818674193874893e-01
1.000011032202792860e+00
-1.000028493059513801e+00
7.497911711265607682e-02
2.117744317076751537e-01
1.001435582049416961e-01
-8.133869677382508101e-01
-3.418154839655631050e-01
-5.544036488920243283e-02
-3.082986704448193449e-01
1.976882294374971705e-01
3.053240924957175209e-02
-5.999984488256321358e-01
-5.999666432296686391e-01
4.143668991581517802e-01
9.999834325011746072e-01
9.996397248086112686e-02
-1.981557300863018567e-01
2.108657541720409256e-01
9.994814085847768259e-02
1.001118450132031934e-01
-7.971370116868987665e-01
-6.000541100942672346e-01
-6.000559412848790464e-01
9.999620603132205465e-01
-6.001410426016617894e-01
-5.999116630166698716e-01
1.000074090404732940e+00
1.975611522363769357e-01
-8.078455976134927274e-01
3.920117780071825653e-01
-6.604765242298703959e-03
1.987603672440889646e-01
-8.005194110340434488e-01
-1.000041962967925802e+00
-7.929502014525727782e-01
-9.999570690780394955e-01
9.999794737622915708e-01
1.000063376765570444e+00
-8.034801004431395555e-01
-3.436865710216907011e-01
5.633669286707381624e-02
-7.987585503018143074e-01
1.000007358056845375e+00
-5.999194503162870173e-01
1.001825974041831158e-01
-1.000063344071131510e+00
3.973033289007674718e-01
2.005968654236731097e-01
1.000023238186434238e+00
-5.997870277036790876e-01
-5.998657835984371189e-01
-2.418675297925055034e-01
9.999079477016542539e-01
9.990228897734418356e-02
9.998357980169098047e-01
1.000040831958938226e+00
-1.000037264587022356e+00
3.981750602696718100e-01
1.000440518507259569e-01
4.089685779004268440e-01
1.000951490794515647e-01
-8.420728508696495584e-02
-2.345132109861341151e-03
2.141487346720958029e-01
3.895709781068323885e-01
-8.070931285412178413e-01
-5.999685474683734698e-01
3.968505957425029207e-01
1.000077937891644675e+00
2.660456725642850254e-02
-8.001207326175698853e-01
3.961573750380052994e-01
-2.332736216982394042e-02
2.035391473492553227e-01
-1.000033465861911441e+00
-2.477564310670551939e-01
3.954824810647842304e-01
1.956204701435516335e-01
6.764078878202245274e-04
9.999497222424595932e-01
1.000032692423491909e+00
1.000069322832451535e+00
1.000482358809371281e-01
-4.869722917229671322e-02
-9.999342611455468433e-01
-3.636603893706386037e-01
-3.202854128137422318e-01
1.000036495158685312e+00
-8.089872668408756295e-01
-8.108488375578920548e-01
-5.998846031377050858e-01
-2.265700435676524793e-01
-1.000152891035922309e+00
2.074381026863348909e-01
1.001352733363219533e-01
-5.999458610524037727e-01
3.958791170667084330e-02
9.999525987535750060e-01
1.899810338644329077e-01
1.915873161819997839e-01
-9.651924962422836485e-02
-2.602566348322447043e-01
-2.849700587583395284e-01
-2.491844828066667739e-01
3.957205890307511909e-01
-3.034381056145603051e-01
9.998280320182771908e-01
9.999944955090964704e-01
-2.084308713055248174e-02
1.899804764764912446e-01
1.996122338252934447e-01
-9.849560035011542536e-03
-3.027949058795516568e-01
-5.999922848731760183e-01
-9.998147276994288069e-01
2.072558677856631559e-01
-8.843576152198645568e-02
