-6.000005910846409884e-01
-6.000902698915783207e-01
1.000051064227723163e+00
-3.074891324630801837e-02
-1.000178082496383070e+00
-8.085416232115635315e-01
-5.997639987648185622e-01
-7.016623169252049486e-02
-7.983612352134392687e-01
-3.569137745739647816e-01
1.001140314133365516e-01
-9.999283010135494587e-01
1.972074302776955501e-01
-6.964757748005802503e-03
1.971291675509318220e-01
3.953957032753656065e-01
-1.154621627853085614e-02
-9.999238291006926627e-01
1.979503803276217166e-01
9.733066109115375009e-03
3.968835716008264902e-01
4.066395173966477761e-01
-2.572351197207249918e-01
-8.166539478624498249e-01
-9.999335037149615912e-01
4.044550898711442577e-01
-2.671220731337156096e-01
-5.999651848398624976e-01
-3.372120025637938556e-01
1.001054911512823803e-01
-1.000139126242749033e+00
-7.979440799012794683e-01
-7.954740562471986909e-01
-9.999974444752228742e-01
3.762946641924837243e-02
9.999793363754257980e-01
-1.000086024893305892e+00
1.000064258376478721e+00
3.937385043551838715e-01
-5.998139888508113859e-01
9.999146130150430301e-01
-7.957785133486509066e-01
-2.660642642187657225e-01
9.991276690768202684e-02
-2.749129172276806865e-01
3.927401285875365411e-01
1.000583077831743301e-01
1.001666338390845706e-01
9.986238988190761223e-02
1.977753489461775982e-01
-9.999449257888836096e-01
-7.820121633350812784e-01
3.959952249527589618e-01
3.976889905269836434e-01
-2.581340178328725976e-01
-9.999455976674946900e-01
-8.030300300666539659e-01
3.963190172105102160e-01
-7.466042779470759283e-02
-1.000007608764911238e+00
6.030859701420160368e-02
4.095854385304689149e-01
-1.000094148993868837e+00
-2.406404631417617401e-01
-1.000006054119915611e+00
1.000123192808237693e-01
-9.999613473698459876e-01
8.871143016800375758e-02
-7.851850347992843648e-01
4.124577388749693374e-01
-5.997865150513008725e-01
-3.362356771338974593e-01
1.000550502280467685e-01
-6.526668791297110528e-02
2.134890567616694046e-01
9.994814240516573800e-02
2.019539425065035587e-01
1.000005399633727921e+00
-3.927890015843817084e-02
-7.781131368745006771e-01
4.056688385043367151e-01
3.863011313741321340e-01
2.070174816994193034e-01
2.045369396729679046e-01
1.000065846341612774e+00
3.932153046218510584e-01
-9.998725639877009685e-01
-6.001254625170758805e-01
-9.999570467847004318e-01
7.105067982397170190e-02
-9.997445943877802943e-01
1.002369864376887049e-01
9.976354180475507927e-02
-6.001116878132625176e-01
-3.770058793151891824e-02
-7.776432883882267166e-01
-8.154824335487040887e-01
-3.591289277315518058e-01
4.086855780616376888e-01
-2.901664602178836705e-01
3.886798509917471778e-01
-7.903804663259361707e-01
-3.303592007891263949e-01
9.978954971267431362e-02
9.999760198846928405e-02
9.999132203715921374e-01
2.402565606593936101e-02
4.132650480406346860e-01
1.001185843337149828e-01
-3.452106413363150716e-01
1.925231785990911548e-01
-2.774796594300042440e-01
-5.999613645634771508e-01
9.999157918098671161e-01
3.974502279806464422e-01
1.967400549631360962e-01
9.997555998781919306e-02
9.999624391053045791e-01
-9.999449922289345150e-01
4.021513370467717507e-01
1.000020481244095372e+00
3.971914902877370368e-01
1.000680553419895091e-01
4.070475927343879530e-01
-6.002557319618017084e-01
4.111606248652321938e-01
-3.050798751740549930e-01
4.127394733026854556e-01
9.998942555735814697e-01
1.000080070422801670e+00
1.001945490292051322e-01
1.891283472964940260e-01
3.959546642869516409e-01
-8.046767779360267658e-01
9.995119011080746962e-02
9.999424036834372309e-01
1.000046942052676080e+00
-1.000176914687868734e+00
-5.999791134151992722e-01
3.859965442609058495e-01
9.197946154413913500e-02
3.898292238277562549e-01
1.000488442607062045e-01
4.068466677569591017e-01
2.514182625128592169e-02
-3.315290296634120226e-01
-6.001348402822087591e-01
2.008394569078053860e-01
9.999445655972503122e-01
-9.999541721963060015e-01
-7.918897034975548310e-01
1.000067668681851263e+00
4.129060084828616306e-01
-5.998881432708309536e-01
1.001674061178601388e-01
2.688511699496558272e-02
-3.143489658191213065e-01
-7.914857031817951194e-01
1.899297558560180399e-01
9.988731660118939371e-02
9.999944785731067487e-01
2.025667384582381658e-01
1.903849514777582463e-01
-2.919967432192503431e-01
-9.999151527573373333e-01
-2.886262283192650435e-02
4.067318633760390045e-01
-7.938230693801767712e-01
2.067100974461098806e-01
9.998984043223348994e-01
-7.922957159430727980e-01
-5.999615156914928082e-01
-1.000007020683487236e+00
-1.621106987216458517e-02
-2.508629351874601676e-01
-6.001850067209288930e-01
-8.903238608773811347e-02
2.006425545110325503e-01
-1.000017067976343155e+00
1.000056928588215488e+00
-7.927840529275544945e-01
4.134811516470586201e-01
-3.190797142632660344e-01
1.000102374673919048e+00
-9.997621691933635812e-01
2.248335105803235534e-02
2.244043415064346514e-01
1.000761862591348084e-01
-8.014988772187900956e-01
-2.521091224486057270e-01
-3.801338668751877425e-02
-3.084188566271743315e-01
1.819977755851213963e-01
-1.866977554412403359e-02
-5.998211650928226835e-01
-5.999112207592300905e-01
3.852988587495898565e-01
9.997775863241534777e-01
9.971186473670391737e-02
-2.112293252970499080e-01
1.980122472730719840e-01
1.000877286313508335e-01
9.994450541819466238e-02
-8.072970882638681456e-01
-5.999673854262601580e-01
-5.999554918033981332e-01
1.000127737974530362e+00
-6.001459545917202654e-01
-6.000045861773720679e-01
9.999416626551926868e-01
1.748326418391483172e-01
-7.947338051952417270e-01
4.106282774860742224e-01
3.766794323538099482e-02
1.894977676652907228e-01
-7.983378278423521879e-01
-1.000097139270473612e+00
-8.049250581653616399e-01
-9.999669155544189669e-01
9.998451416223629318e-01
9.999000392604182608e-01
-8.057268604240190868e-01
-3.155001567723285105e-01
-2.811691096834409431e-02
-7.955462059300251187e-01
9.999831030644589225e-01
-6.000184910185925036e-01
9.998383660117779459e-02
-9.998905539392212161e-01
3.967492504641296769e-01
1.924192162369758041e-01
9.998686455606955459e-01
-5.999187460211247158e-01
-5.999169082494617555e-01
-3.134355828998537929e-01
1.000035275281359715e+00
9.988825379681340322e-02
9.999284518209289319e-01
9.998601894081247110e-01
-9.999308183167686659e-01
4.051456870388323583e-01
1.002782677551350282e-01
3.875548290347738400e-01
9.988213512401165894e-02
-3.201994667731903471e-02
-2.236806351051666766e-02
1.981153488491599890e-01
4.078211253794150060e-01
-7.860802054250721760e-01
-6.000323394044033698e-01
4.003921878195397799e-01
1.000030325391295660e+00
-3.073659818340442051e-02
-7.825537347016247036e-01
3.956295560656054588e-01
-1.577171422598077147e-02
1.985375308951675688e-01
-9.998681815931331762e-01
-2.649097416839800712e-01
3.951702268527538253e-01
2.027462179851691193e-01
1.117540467486347056e-02
1.000147240341792365e+00
9.999674616394090831e-01
1.000154274167793567e+00
9.989925552480892479e-02
-7.485219513676344937e-03
-1.000051708298786091e+00
-3.457004227353028258e-01
-2.895410836310025604e-01
9.999552510445649522e-01
-7.921479922399732310e-01
-7.961851687642038655e-01
-6.000286056224307663e-01
-2.976715145226968562e-01
-1.000001535360107718e+00
2.059936690032349582e-01
1.000032371645793450e-01
-5.999030494775358102e-01
-1.336312039682819447e-02
1.000191459558672280e+00
2.208444495961670029e-01
2.095741969293013762e-01
-2.769682709218299066e-02
-2.380744231151326606e-01
-2.239099225503353718e-01
-2.887077237223293902e-01
3.959137405508940111e-01
-2.901157785320602756e-01
9.999383058490316500e-01
9.998756451512598176e-01
-2.186405670655511280e-02
2.051852234978058243e-01
2.136342325396610731e-01
-5.055950384277878643e-03
-2.819606125193524493e-01
-5.999928825377257580e-01
-9.999767949212655660e-01
1.949766389592757498e-01
-1.416054128005663285e-02
