-6.000610134149085839e-01
-6.000375443646800422e-01
1.000034031158078207e+00
7.755829263367390938e-03
-9.999199158797473785e-01
-7.851628634005609619e-01
-5.999353398256589420e-01
7.388157591959336468e-02
-8.043554929879461746e-01
-3.408923208344878386e-01
9.987435676724666644e-02
-1.000138629652930655e+00
1.983329304573041019e-01
3.243181126254446496e-03
1.990402346282308665e-01
4.114594459235494384e-01
-3.603870187795087804e-02
-9.999196138551103008e-01
2.173046106020015411e-01
2.550563255339858421e-02
3.894971208644260607e-01
3.969051009497737703e-01
-2.847392081234597083e-01
-7.934067277425144171e-01
-1.000054622569150009e+00
3.969017656249628212e-01
-2.936048171762922765e-01
-6.000017639918566736e-01
-3.211320625872402523e-01
1.000366951026481349e-01
-9.999865376710876941e-01
-8.065775586614457593e-01
-8.003930639705586492e-01
-1.000043279631162907e+00
9.374617867457281373e-02
9.999084101455983919e-01
-9.999473142541663861e-01
1.000018840666773601e+00
3.870416307845221393e-01
-5.998730059641618206e-01
1.000183522083289533e+00
-8.150708981902634598e-01
-2.163960429490435766e-01
1.001222331507671676e-01
-2.854128433355483940e-01
3.960699897722224083e-01
1.000158371969125243e-01
1.000758534503302238e-01
1.001587857753233612e-01
1.852961255214536918e-01
-1.000111306888269214e+00
-7.963563366643725550e-01
3.962876558135123295e-01
4.158334046248189364e-01
-2.610142150189203036e-01
-1.000013132761797374e+00
-8.097828155541022532e-01
3.699042739852237416e-01
2.365205430565108305e-03
-1.000136086320748019e+00
5.600839469939860454e-02
4.172320986369882911e-01
-1.000028962467903959e+00
-3.484393024765732871e-01
-1.000002878333257073e+00
1.000530494950434696e-01
-9.998939416788517054e-01
5.470182787340574504e-02
-7.779629646732635351e-01
3.944047911828456598e-01
-6.000171398957103719e-01
-3.490042081066175306e-01
9.998402954266792653e-02
-7.182634418100375395e-02
2.106774685806610814e-01
9.989083851267600844e-02
2.008617689297778897e-01
1.000064553949265855e+00
2.314957822847898625e-02
-8.059674897258687354e-01
3.948235698386212689e-01
3.843314477076296698e-01
2.127679337617282007e-01
1.806209704133839855e-01
9.998460434368662275e-01
4.004602782366417646e-01
-1.000027964624026433e+00
-6.000215156475796618e-01
-1.000075195415624396e+00
3.765595728443946882e-02
-9.997438671850175096e-01
9.995614834014822370e-02
1.000487176566660780e-01
-6.000818109203238659e-01
5.022710756645969860e-02
-7.974913160617318475e-01
-8.097239462187046932e-01
-3.072178138036624206e-01
3.886403553139438638e-01
-3.057991523157503333e-01
4.041474710123117431e-01
-7.973993966443934100e-01
-3.192415462298453521e-01
1.001108481455211668e-01
1.001082661779171823e-01
1.000094463961134217e+00
-1.606475792735499383e-02
4.134910501245268599e-01
9.982542073710114205e-02
-3.520487111644748923e-01
1.989720173702996808e-01
-2.957862692435657137e-01
-6.000611956088723886e-01
9.999371049494352182e-01
3.974766166920458699e-01
2.006107813989152500e-01
1.000318456748176682e-01
1.000019041502431705e+00
-9.999609104157384243e-01
4.045918490440451598e-01
9.999557375992482733e-01
4.096627254773210769e-01
1.000490782748214291e-01
3.998223702926002598e-01
-5.998613994368497959e-01
4.055630866944818225e-01
-3.450224533132048577e-01
4.017045202436733131e-01
9.999622839238407890e-01
1.000032177674046396e+00
9.992033181425165334e-02
2.062129611087080150e-01
4.115485313245295096e-01
-7.869335654698960125e-01
1.000764939203301063e-01
9.999713513911273610e-01
1.000017825544455619e+00
-1.000038279228376625e+00
-5.998380105254211836e-01
4.031639438293850297e-01
3.149344610552181484e-02
4.103113254699771728e-01
9.999592391087235022e-02
3.818617891468598091e-01
5.824633984418556287e-02
-2.387265821010100264e-01
-6.000880546646797375e-01
2.137212032359712688e-01
1.000197277967551424e+00
-9.998393669872108758e-01
-7.959778403643886779e-01
9.999464066483241265e-01
3.883759661729883073e-01
-6.000287926046089515e-01
9.999196763273809907e-02
8.009846849319482431e-02
-3.001496754349273210e-01
-8.114217742214254736e-01
2.114210971786794346e-01
9.993116290572798266e-02
1.000189891961724475e+00
2.027582310672432497e-01
1.966518593984773189e-01
-4.164955372685675283e-01
-1.000271605786783313e+00
2.077022516666123669e-02
4.078160821250214618e-01
-7.819934451503689488e-01
2.077064074755960721e-01
9.998702585507212026e-01
-7.870746748727723840e-01
-6.000254998892148306e-01
-9.999405340474046833e-01
-6.381656267535749938e-03
-3.702150459560315521e-01
-6.002405760531086543e-01
3.098408611566807677e-02
1.931818523489546580e-01
-1.000184188398033802e+00
1.000119714299781304e+00
-7.957463159898074956e-01
3.806266072832628078e-01
-3.363473147113034134e-01
1.000086432073756137e+00
-9.998954242794364511e-01
6.581111778986162286e-02
1.933502644230715717e-01
1.000628679513352881e-01
-7.927362779755188216e-01
-3.085449631417718774e-01
6.247998160760744393e-03
-3.512427418309111982e-01
2.013340965932776949e-01
-1.243716409404695827e-02
-5.999775613432866139e-01
-6.001128378910337569e-01
3.994607650926899622e-01
1.000092667017640657e+00
9.974582727773000090e-02
-3.489972207246274105e-01
1.998990197163868221e-01
1.000980864956246552e-01
9.988463395991503679e-02
-7.890295770558093391e-01
-5.998472691748570895e-01
-6.000644110812726195e-01
9.999183770373522018e-01
-6.000468186996373854e-01
-6.000097319972741428e-01
1.000012348594168099e+00
2.061245281953766051e-01
-8.084822536047673314e-01
3.924416549259203690e-01
2.731090817848948193e-02
2.089040241539175669e-01
-8.108632137989530975e-01
-9.999943650091542846e-01
-8.087471070628885483e-01
-9.999206629386608869e-01
9.998767075551255878e-01
1.000028608474375025e+00
-7.804253673506676980e-01
-3.344064455287746873e-01
4.868133289452898638e-02
-7.975378626451768982e-01
1.000091684792820956e+00
-6.000729426660355026e-01
1.000711907134238521e-01
-1.000031223356492971e+00
4.132430027895993008e-01
2.143138333118648209e-01
9.999968692719484187e-01
-6.000151466137990663e-01
-5.998863072950942898e-01
-2.962111807024593868e-01
1.000059003189071705e+00
1.000056404163787299e-01
9.999044557354171969e-01
9.998989472174564241e-01
-1.000056180144047291e+00
4.036338010557803391e-01
1.001294014706457791e-01
4.045145615026509711e-01
1.000900541274041405e-01
-4.338956363099716329e-02
6.426474757033511127e-03
1.984041672412702462e-01
3.982259000062415288e-01
-7.922433423208206094e-01
-6.000436843669287867e-01
4.222972531330328461e-01
1.000106797507609668e+00
1.364606517853203006e-02
-7.955139209238066833e-01
4.093781828262330058e-01
1.752747544951320166e-02
2.141326613266942569e-01
-1.000018619786682939e+00
-2.111200857974844802e-01
3.887449451119576183e-01
1.989733347411694053e-01
-3.990436642042206189e-02
1.000036669579903448e+00
1.000055387842422094e+00
1.000031142246373017e+00
9.997745434041678536e-02
5.481157957489306981e-02
-9.999755049640214333e-01
-2.316389504497846086e-01
-3.531050486091172891e-01
9.999048029689525663e-01
-8.014977834549560365e-01
-8.062971910131565556e-01
-6.000487099473046371e-01
-2.019114557002076316e-01
-1.000033308413018407e+00
1.995928693038311608e-01
1.000295629395010488e-01
-6.001576294236974363e-01
1.639692336040997345e-02
1.000032463679075168e+00
1.917766781746598481e-01
1.921060395673397370e-01
-1.805899566992651833e-02
-2.979224028521484380e-01
-3.052425097000440180e-01
-2.384423444455656127e-01
4.196043444482822626e-01
-2.622877325308859975e-01
1.000143423916279195e+00
1.000084977357461158e+00
-1.554631897556947584e-02
2.011119011873472584e-01
1.974891565108242986e-01
-8.547672073712725416e-02
-3.090250289000561201e-01
-6.000888994328748005e-01
-9.999590174084478367e-01
2.231654733161086424e-01
-5.740902914082957748e-03
