-6.001217446171509540e-01
-5.997927291203810629e-01
9.999579019807653957e-01
6.536583423597379372e-02
-9.998251539778825192e-01
-8.046825329094988710e-01
-6.000357952763649694e-01
3.664704341807352439e-02
-8.108506295751969351e-01
-2.797416707870754582e-01
9.982235661346026967e-02
-1.000035403381442700e+00
1.825404940866986736e-01
2.709082213646216153e-02
1.977070814618421546e-01
4.063248840729444811e-01
-2.384036542551839707e-02
-9.999598209288610429e-01
2.053149448455550974e-01
-5.608874213046677326e-02
4.009146966998776151e-01
3.880074765093903810e-01
-3.945312298763616332e-01
-8.045935059167390602e-01
-1.000193908213824479e+00
3.987987015085165399e-01
-2.166222694198219889e-01
-5.999465507712929968e-01
-2.987681759984339158e-01
9.997785096176212138e-02
-9.999591000564629351e-01
-8.016898905193290403e-01
-7.988482068304664230e-01
-9.999524615550849926e-01
9.186708453269907745e-03
9.999867616732186493e-01
-9.999558579255035662e-01
1.000048802969051298e+00
3.928547654559658153e-01
-5.998013569564348835e-01
9.999636075629303456e-01
-8.094441243135375164e-01
-2.107013043720952494e-01
1.000520892202938494e-01
-3.031325143856440363e-01
3.980934672348354630e-01
1.001901034531462731e-01
9.996291621932669458e-02
9.994114509338146435e-02
1.938065949422271839e-01
-9.997300907149839766e-01
-7.833392789041838666e-01
4.155561436453056312e-01
4.134187018567768712e-01
-3.326040708479846564e-01
-1.000078959819130864e+00
-8.134648179365067122e-01
3.854455837022108811e-01
5.804003270545173010e-02
-9.999686163936292171e-01
-4.118237205836875608e-02
3.870281670631838256e-01
-9.998453641633177069e-01
-2.851696233408564929e-01
-1.000020847780477951e+00
1.000470426931208551e-01
-1.000351554846954594e+00
-4.036382369889341196e-03
-7.923761364455038647e-01
4.054941613365682929e-01
-5.999441288553736262e-01
-3.426845549508803490e-01
1.000391526734721176e-01
-4.996351338252530416e-02
1.921088917439601196e-01
9.991991348883015600e-02
2.033376263443428533e-01
1.000000994199650384e+00
1.159181452231658168e-03
-7.983623340729385509e-01
4.080794311199650304e-01
4.008595796701454606e-01
2.093351321365153894e-01
2.084352639064088741e-01
9.998580713836452416e-01
3.963106041951668934e-01
-1.000072193049579505e+00
-5.998739441105755965e-01
-9.999446297800672623e-01
3.153131464152063301e-02
-1.000018163537553129e+00
9.996922659600052108e-02
9.996711895590966457e-02
-6.001321887064174909e-01
-3.002216790313437522e-02
-7.895532198755219611e-01
-8.113132785872054775e-01
-2.769370640856164134e-01
4.111785683531046787e-01
-3.013728304724332951e-01
4.175928737746740782e-01
-8.012929582013489371e-01
-2.831885963022278130e-01
1.000258691749009998e-01
1.000030887734276314e-01
9.998698250613397009e-01
4.104684100886483306e-02
3.992710734034844999e-01
9.993738879721729418e-02
-3.379399842431066725e-01
2.017090945006273228e-01
-2.779959129686982444e-01
-5.999131494584357682e-01
1.000018406705263985e+00
3.857859279000446229e-01
1.971240537338153076e-01
9.991743058606171457e-02
9.999446845307660148e-01
-1.000071198549520757e+00
4.015543875303782539e-01
1.000094138377636277e+00
3.909581135739628732e-01
1.000455502141115727e-01
4.061714798756849154e-01
-6.000902374341310352e-01
3.914912150429657456e-01
-3.088804431759701874e-01
4.052366725358743649e-01
1.000028165546564596e+00
9.999830667224605119e-01
9.995243717780588621e-02
1.986446591678858731e-01
3.861404213891878601e-01
-8.141097009233695392e-01
9.996247596765429899e-02
9.999533068165066263e-01
1.000040595762546447e+00
-1.000155176231962484e+00
-5.999189755509317656e-01
3.856117038684386822e-01
3.774518916264082286e-02
4.052741231703268499e-01
1.000309634931869640e-01
3.991682012275465929e-01
-2.620676281309698361e-03
-3.279396046755367888e-01
-5.998576860521683818e-01
2.098073604351460841e-01
9.999541737029653543e-01
-1.000056899927819876e+00
-8.074681567209405220e-01
9.999996189717812456e-01
3.931954969273753209e-01
-5.999726714208346579e-01
1.000277471849186639e-01
1.163515874877004384e-02
-2.257628293032477584e-01
-8.079884129221986955e-01
1.870771302313248285e-01
1.000442125555597028e-01
1.000113565281224970e+00
2.097659272483428095e-01
2.047786912597245879e-01
-3.775100098762211864e-01
-1.000267824327899957e+00
7.561052852591985951e-02
4.025008406639515868e-01
-7.710576771637885907e-01
2.013661705768962085e-01
1.000082929946730870e+00
-7.945600142881416028e-01
-5.997980007208733033e-01
-1.000134803068489342e+00
-2.217110695493256303e-02
-2.677485047265785179e-01
-5.998313629373779321e-01
-8.172751895346941353e-03
1.976293102005630131e-01
-1.000185105207711089e+00
1.000111122375078265e+00
-7.878992934914458290e-01
4.082464237023068487e-01
-2.512218621494834436e-01
1.000193398936094491e+00
-1.000103351154747910e+00
7.432931083192785560e-02
1.925438354353892767e-01
9.994545896869135027e-02
-7.956798534220343999e-01
-2.886012082774560561e-01
-6.511022084954266875e-02
-2.511031743418677964e-01
1.946976867854801896e-01
6.572663511590934315e-02
-5.997795625950754772e-01
-5.999002430907605099e-01
4.027263655241655749e-01
9.999282966481625179e-01
1.000225273174565749e-01
-3.039669335999868327e-01
2.000599284385765064e-01
1.000305131969341649e-01
1.000967631071379565e-01
-7.928615420040875383e-01
-5.999724723991312070e-01
-5.998711458278945807e-01
1.000140871900026651e+00
-6.001203624844252404e-01
-5.999322201687281586e-01
1.000153515100554280e+00
2.154920435001535239e-01
-7.931299833891026774e-01
4.000024686938218332e-01
-4.388808780361239115e-02
2.185433293532446641e-01
-7.988314227408234158e-01
-9.997913963771865031e-01
-8.086301229722199224e-01
-9.998310268984779148e-01
1.000159106248613039e+00
1.000054860506667032e+00
-7.945343046116921659e-01
-3.230368908629278613e-01
5.728651425995129332e-02
-7.925684279957366796e-01
9.998129211930615323e-01
-5.999678290695199534e-01
1.001118976919417175e-01
-1.000001024001622829e+00
4.023722783195787800e-01
1.815885026635067345e-01
9.999718250199646219e-01
-5.999077735183612203e-01
-6.000890800284385262e-01
-2.797824404032454026e-01
9.998261855345028648e-01
9.992086722873518012e-02
1.000046678546788748e+00
1.000023897206000489e+00
-9.999623192963099649e-01
4.034058480316440876e-01
9.974425014158047609e-02
4.155687002064303859e-01
1.001360855992936283e-01
-2.706912413149906160e-02
2.568347585072408568e-02
2.000023792757112118e-01
4.031080162836418457e-01
-7.930151303691669318e-01
-5.999727240659911143e-01
3.979122295456224423e-01
9.999740027670518394e-01
-3.854735321041734275e-02
-8.138696863088854538e-01
3.883896231897112084e-01
-5.628166292169478613e-02
2.006199450903553838e-01
-9.999798065989200513e-01
-2.495862859162959468e-01
3.863924077457078221e-01
1.990423721109940425e-01
4.841684651091999331e-02
9.999600693348440483e-01
9.998637719310495831e-01
1.000014943107890408e+00
9.998009074751171288e-02
-6.070850293460179625e-02
-9.999736297026292631e-01
-3.271480347039489311e-01
-2.591451183895839838e-01
9.999587718045201967e-01
-7.960916781135441989e-01
-7.982033518539748407e-01
-6.000742550312052614e-01
-3.120513006783751098e-01
-1.000013128081777669e+00
2.044980672924712195e-01
1.000111564552212257e-01
-6.000375002626955334e-01
-2.124687167858855044e-02
1.000021886529882220e+00
2.216696568754223939e-01
1.853262859967969856e-01
2.977646574649337255e-03
-2.968954290111328609e-01
-2.180535962754218682e-01
-2.135490491059334750e-01
3.884449848844527264e-01
-3.412295441661818973e-01
9.999200189077641632e-01
1.000013233449579708e+00
-6.842976488219247588e-02
1.819438352823938010e-01
2.176605522705609141e-01
1.078225996455973307e-02
-3.089022772418497653e-01
-6.000103982024612703e-01
-9.999351413032681046e-01
2.039563548058968556e-01
-7.105698947489538786e-03
