-5.999183269070242908e-01
-6.001403504183480120e-01
9.999835035398171312e-01
-3.791932465598211316e-02
-9.999954157743929928e-01
-8.090516094134159175e-01
-6.001120873254742749e-01
-4.996064439864099371e-02
-7.951019147542064403e-01
-2.318191856542331786e-01
1.001360612141381362e-01
-9.999695833909582054e-01
2.015499277110987808e-01
7.240674190332098935e-03
1.795940609071884353e-01
4.001695932253960253e-01
-3.755597284615384834e-02
-1.000022444063308091e+00
2.114727082936657121e-01
-3.708635883601493766e-02
3.814007086479742625e-01
3.979694139308205258e-01
-2.337636622257811547e-01
-8.032476251223770181e-01
-1.000026865304741941e+00
3.960758252430162107e-01
-3.450452589775452883e-01
-5.999810696639324981e-01
-2.591013636920384000e-01
1.000012832706441424e-01
-9.998443242883617854e-01
-7.943785738841108168e-01
-7.927597643836163943e-01
-1.000064466070292424e+00
-6.111210000780930435e-02
1.000052757582738483e+00
-1.000029169405115326e+00
1.000143568107373149e+00
4.109377963476737450e-01
-6.000406958484666431e-01
1.000176613565182615e+00
-7.963057266335609174e-01
-1.844904207713617961e-01
9.996215771138972084e-02
-3.002270556173643468e-01
4.002359837694210998e-01
9.991874241615322783e-02
1.001355257230020362e-01
1.000170543561355319e-01
2.077678631208342286e-01
-9.998884207993848916e-01
-8.138706812614442399e-01
3.931005853820508378e-01
3.925896202229968157e-01
-2.924677170289819439e-01
-9.999249029873319428e-01
-8.198756355392057271e-01
4.061653971667918417e-01
5.334071392113930860e-02
-1.000127176254807182e+00
-1.625593144789061473e-02
3.885644456981408035e-01
-9.999636617403838690e-01
-2.677790830780766296e-01
-9.998138793015097781e-01
9.990225052234301406e-02
-9.999485003936451344e-01
-1.595752889539833394e-02
-8.035934964744360087e-01
3.618954909676603271e-01
-6.000483074874656264e-01
-3.407666159295131281e-01
1.001183515759184878e-01
8.396121579480594899e-02
2.111994834523364672e-01
9.997557125483284846e-02
1.967498971107727868e-01
9.997905362130730111e-01
-2.805035462485113915e-02
-7.892679014496852830e-01
3.848310665944850717e-01
4.167563733936656134e-01
2.087744200078003876e-01
1.779194210516840680e-01
9.999745431019273489e-01
3.929464253978622867e-01
-1.000020685900330886e+00
-6.000513431653203833e-01
-1.000134209550040509e+00
6.236883421918745091e-03
-9.998860958087512074e-01
1.000995162274328221e-01
9.997926444145777136e-02
-6.000809566953865248e-01
5.421904942120645693e-02
-7.868601144218164700e-01
-8.186885883296618482e-01
-2.344120679770325399e-01
3.778000632984801488e-01
-2.922615675051271622e-01
3.953130334369911458e-01
-7.845195305336226665e-01
-3.546447512819544401e-01
1.000048239298764047e-01
9.999330307607838531e-02
9.998678767271297341e-01
6.742515275893619722e-03
4.116969588433057048e-01
1.000732128308604307e-01
-3.350874682603366406e-01
1.967058146869329061e-01
-2.897653512945711496e-01
-5.998965503244259034e-01
9.999269159150393493e-01
3.982471035424454131e-01
2.072635391128737070e-01
9.992905931370128780e-02
1.000069535831924483e+00
-1.000116362848453733e+00
4.146259631873453477e-01
9.998386876937321865e-01
3.984104369597126216e-01
1.000369989841899260e-01
4.026219305280372973e-01
-6.001406642898235999e-01
3.988665148138789696e-01
-2.635378532211274938e-01
3.984849583991124100e-01
1.000075616669060752e+00
9.999504427349419355e-01
9.986944602433324436e-02
1.974732100330244544e-01
3.823796554058056518e-01
-7.950179646662430821e-01
1.001311216555803713e-01
9.999572771208518063e-01
9.999824473998077945e-01
-1.000093939577985536e+00
-6.000340179166339105e-01
3.969375310858706540e-01
-4.171254713188610186e-02
4.049757815547090356e-01
9.995724778444521619e-02
3.853230767229022247e-01
-6.023414010112575906e-02
-2.615371258158993850e-01
-5.999582587542278134e-01
1.837775222283048737e-01
1.000085339720005351e+00
-9.999647554406045913e-01
-8.003467959587178271e-01
1.000234790413493169e+00
3.946682396540328597e-01
-6.001387564547692177e-01
9.988035120096142028e-02
-9.111484830628924225e-02
-3.917920270129345295e-01
-7.829179887125373716e-01
1.949385442588445760e-01
1.001114704159857816e-01
1.000125223121968387e+00
2.058998073020454622e-01
1.954845961965882284e-01
-2.749347664902753174e-01
-1.000134376682650705e+00
-1.907916424847727610e-02
3.769617508226264513e-01
-8.030295611490408936e-01
2.031065280155256170e-01
1.000170273682491118e+00
-8.078918354564312843e-01
-6.000705187381722983e-01
-9.998332156556060113e-01
-3.062812119331305427e-02
-3.349117748352775092e-01
-6.000426518203072490e-01
-4.715990959519406056e-02
1.883959467207187155e-01
-1.000087641427650054e+00
1.000136810781935504e+00
-8.070062046427503022e-01
4.058009890263938324e-01
-3.152794652305914158e-01
1.000030497941111207e+00
-1.000095523389733065e+00
1.792199896681192714e-02
1.925707662823121225e-01
9.995343486589974846e-02
-7.990833783005203417e-01
-2.516069747576846760e-01
3.653676815102004788e-02
-3.621786473393933670e-01
2.039342897623760698e-01
9.478570961620537069e-03
-6.000010567823141905e-01
-6.000732217383187850e-01
4.006612715767606803e-01
1.000004473895501844e+00
1.000401417722515257e-01
-2.713472430182524708e-01
2.052486601731271509e-01
9.990867646208702324e-02
1.000589091761473343e-01
-7.886435777069601416e-01
-5.998090204802692949e-01
-5.999701252517282146e-01
1.000050433557537533e+00
-6.001474041273777704e-01
-6.000597050943896615e-01
1.000062054169442938e+00
1.963611722751110178e-01
-8.020691340415628812e-01
3.938422830891329385e-01
-6.040564904173777866e-02
1.909456659583973759e-01
-8.019873575111733377e-01
-9.999287749110469248e-01
-7.769057972841070248e-01
-1.000037297655913315e+00
9.998342044260526418e-01
9.999638103895343022e-01
-7.954592217689860911e-01
-2.422431194669820986e-01
-5.364592062823410334e-02
-7.976874685540138454e-01
1.000188123911055715e+00
-6.000138668625997207e-01
9.995456180938304402e-02
-9.998274310757282457e-01
3.879933103121984694e-01
2.106203220393330078e-01
9.999138203699561300e-01
-5.999607728249041205e-01
-5.999506119785730229e-01
-2.958212657987404626e-01
1.000110226717213280e+00
9.998907756615864340e-02
1.000126320686969050e+00
9.999367394016147603e-01
-1.000085107068433343e+00
3.998876585863357924e-01
9.983810268405556021e-02
3.928121460502147499e-01
1.002030843544597788e-01
-2.583308862346822554e-02
-4.259687070090298344e-02
2.094416134894043768e-01
3.814845653979321294e-01
-7.879503294336083208e-01
-5.998817435284701238e-01
3.836624822287516556e-01
1.000079011711792365e+00
-6.866713173062061193e-02
-8.018130360966478909e-01
4.045241867218035137e-01
-6.362438717727625370e-02
2.059511299572792387e-01
-1.000034405855504183e+00
-2.466525912822840338e-01
4.243225641555634642e-01
1.955563491482276428e-01
-8.085364087478073836e-02
9.998982125611101113e-01
1.000250323852678980e+00
1.000028761949135481e+00
9.993811704970124998e-02
7.123619435576125647e-02
-1.000080540520309036e+00
-3.788599031090956748e-01
-2.336949185056509393e-01
1.000261284003013396e+00
-7.877436581046046715e-01
-7.855840804102994790e-01
-6.001393519171559499e-01
-3.993833275421331264e-01
-9.999755365251207229e-01
2.126380938440747270e-01
9.988581438615488917e-02
-6.001675210975724317e-01
1.273772248106851412e-01
9.999507227249921915e-01
2.049098311243111592e-01
1.904114362065253419e-01
-7.630641520926412236e-02
-3.182554251058603012e-01
-3.019902285456316227e-01
-2.776823436790583077e-01
3.974216575237779492e-01
-3.443853425047523897e-01
9.999815511171036286e-01
1.000199962902255324e+00
-3.351983021530786921e-03
1.997648990134668623e-01
1.854012813580968033e-01
1.883633880657371862e-02
-3.142365642158178041e-01
-5.999313298060243715e-01
-9.999677041268504318e-01
2.020985763618360354e-01
8.867947438692775838e-03
