-5.999605169333385168e-01
-6.001386867273630354e-01
1.000028028149652304e+00
8.765711021825726978e-02
-1.000026612811287574e+00
-8.039355801479317609e-01
-5.998613331789509617e-01
2.956108572527124320e-02
-8.000899749829504248e-01
-2.829366294269717308e-01
9.985992124949022442e-02
-9.999251566787412671e-01
2.041273209458500382e-01
4.750959570191129466e-02
1.991713015358913264e-01
3.881742790417167521e-01
1.262510569980210620e-02
-9.998626572259534662e-01
1.858465673082499159e-01
-1.315992163361656003e-02
3.823108292039900657e-01
3.911263697719712384e-01
-3.584585126325671167e-01
-7.891631212504869319e-01
-1.000070930297049410e+00
3.912190105971569132e-01
-2.596228557562800798e-01
-6.001237804471948323e-01
-3.489456363643504977e-01
1.002538421137868507e-01
-1.000008665379393147e+00
-7.916757492331777391e-01
-7.917020563905010633e-01
-9.998901874727219585e-01
3.052990039775079281e-02
9.998904339820088305e-01
-1.000074601711531175e+00
1.000048950012134563e+00
4.107671174402967029e-01
-6.001677215208435223e-01
1.000172139563906493e+00
-7.940661603561580684e-01
-2.047386320231391332e-01
1.001781767010047619e-01
-3.201648845514414865e-01
4.260606525771311603e-01
9.999437205008634977e-02
1.000296127142655811e-01
9.996776945670925174e-02
2.054793354515815074e-01
-1.000066561107013197e+00
-8.065281915610958974e-01
4.018703452891375094e-01
4.173731948918675827e-01
-3.120709312960242565e-01
-1.000120951856755980e+00
-8.005503328347652880e-01
4.114002851786312531e-01
3.335946304228378650e-02
-1.000027508930571907e+00
-4.164888651598529223e-02
3.900613943347084889e-01
-9.999230494877487940e-01
-3.429355243091784522e-01
-9.999241142884840450e-01
9.987764705093621354e-02
-1.000152762116568450e+00
5.195693685576426024e-02
-7.952335806482331293e-01
4.095853499048996982e-01
-5.999277431307508124e-01
-3.485968414258308612e-01
1.000014605218595282e-01
5.355658567814855150e-03
1.907074966840693608e-01
1.000730969011625754e-01
1.984473432853215979e-01
9.999669446779195781e-01
-4.557335977448052217e-02
-7.994760997894493348e-01
4.159481539196894784e-01
4.035872331098818711e-01
2.140655294268787312e-01
2.081749370415938161e-01
9.998992451724610930e-01
4.006719127658341928e-01
-1.000061997856867890e+00
-6.000667544290668731e-01
-1.000012616695553413e+00
-2.917415433610727818e-02
-1.000042340738211966e+00
1.000834669890301037e-01
1.001310301749470388e-01
-6.000382425727845970e-01
7.599944565264923901e-02
-8.000844178566330900e-01
-7.911738270478676505e-01
-2.046537369524715211e-01
3.986649857705094613e-01
-3.651413598548500783e-01
4.050957919862019363e-01
-8.099898941128211849e-01
-3.380400949083817164e-01
9.996261188789380692e-02
1.001859325459900640e-01
9.999289753080619070e-01
1.966769654156797983e-02
4.014467685694347310e-01
1.000916774039410789e-01
-2.900521708146674427e-01
2.024014758080927290e-01
-2.142978827001006670e-01
-5.999816716478312273e-01
1.000022973630207979e+00
3.811165203092887754e-01
2.166690450323232320e-01
9.979024531193458891e-02
1.000000689474007665e+00
-1.000015572455621005e+00
3.983453175529628743e-01
9.999369093165353384e-01
4.003386121374141737e-01
1.000362729986574578e-01
3.836938416338460667e-01
-5.999391306304050486e-01
3.911723056622453676e-01
-2.372372880309031040e-01
3.969824467580758132e-01
9.999909160464629521e-01
9.999692158957005361e-01
9.997487449682887495e-02
1.895714418007503621e-01
4.094121873911946707e-01
-7.965762886796502462e-01
9.993771323174077681e-02
9.998954295539310699e-01
1.000088748362740532e+00
-9.999928050508828381e-01
-5.999015086216057391e-01
3.977836467354726180e-01
-2.369530501777358713e-03
3.941151031425855766e-01
1.000324927365471156e-01
4.140021862268731256e-01
3.956922962002090011e-02
-3.051016784896139478e-01
-5.999176276825887166e-01
2.024840990313648004e-01
9.999630431669893627e-01
-9.999870726437894985e-01
-7.858807488718240197e-01
1.000118109316779247e+00
4.131463513987808089e-01
-6.000405919593040371e-01
9.988007170143789470e-02
-1.897340204736555971e-02
-4.238970729734514720e-01
-8.213796599416745003e-01
1.871310699610362061e-01
1.002427405231540725e-01
1.000027715926985916e+00
2.184083958316791474e-01
2.123411980423681455e-01
-2.683034847079379115e-01
-9.999229573524841541e-01
-1.271395562311620001e-02
4.148024782130219634e-01
-8.235745588533187611e-01
1.992222786773761856e-01
9.998884647454659991e-01
-8.180347100750355871e-01
-5.998511168045447262e-01
-1.000095672263335400e+00
-4.957792774612782482e-04
-2.631420921205914198e-01
-6.001617881660498144e-01
-7.492784420767678588e-02
1.957215551495263550e-01
-9.999070482871024179e-01
1.000057530875838596e+00
-8.034494673959873268e-01
3.785413967076574626e-01
-3.730467155100764542e-01
9.999694134486990515e-01
-9.999782249499910014e-01
2.779541217922108093e-02
2.033331347127115274e-01
9.991457447319473939e-02
-7.934357555536819540e-01
-2.363626970290183538e-01
-4.696441786923017184e-03
-3.310579100631436122e-01
2.136309860386641779e-01
1.619489577162340488e-02
-5.999543327398253467e-01
-5.999297341290523722e-01
3.931302973231032283e-01
9.999150110110811562e-01
9.995155180697222475e-02
-2.883217377571719031e-01
2.013889161836744934e-01
9.996293106216337654e-02
9.989477374408067822e-02
-8.000697374308155529e-01
-5.999964454014284909e-01
-6.000164315630370782e-01
9.998586419144301907e-01
-6.001374678731241641e-01
-6.000177859285455995e-01
9.999130303174396106e-01
2.103617854066283932e-01
-7.963721909654890574e-01
4.217319285509377180e-01
3.694286284671232518e-02
2.132158955211586326e-01
-8.022950803800852349e-01
-1.000050513998040458e+00
-7.861482714150240803e-01
-9.999560140389368579e-01
1.000033003708572954e+00
9.998832715087272449e-01
-8.000443129745877791e-01
-3.154011302306433673e-01
1.318457624003662766e-02
-8.041087447174505298e-01
1.000077175054934209e+00
-5.999049545559534957e-01
1.000764592707572287e-01
-1.000040015582887021e+00
4.007891622448923608e-01
1.950963332423134022e-01
9.998389632136752692e-01
-6.000518731681169227e-01
-6.000533845507233233e-01
-2.497199455406804991e-01
1.000043937282435236e+00
9.993123357812065677e-02
1.000041157868505559e+00
9.998331008383736229e-01
-1.000098371299153577e+00
3.982334405535781219e-01
1.000619597504797537e-01
3.914471556664468332e-01
1.000520854324911529e-01
2.073961080302521437e-02
-1.279018405751188581e-01
1.937477461074162410e-01
3.875169023881736008e-01
-7.992976017950116363e-01
-6.000236457541316959e-01
4.016184948149940648e-01
9.999688777731683409e-01
5.510565992097013303e-03
-7.909486784905069845e-01
4.062375390828842359e-01
6.188235127472018621e-02
1.978433525517133695e-01
-1.000123320654951131e+00
-2.998067330009152598e-01
4.055236449389686970e-01
2.014016851842007350e-01
6.507442132100627052e-02
1.000008698649074157e+00
1.000152315121481950e+00
9.997087638241988206e-01
9.991469924614047871e-02
5.094056183594600912e-02
-9.999307741061775889e-01
-3.974163125633942695e-01
-3.251241028950329071e-01
9.999058076646003546e-01
-8.140019533536244634e-01
-7.864928514890329181e-01
-6.000232578863229360e-01
-3.112437627155509867e-01
-1.000030364381861103e+00
2.136846601372941468e-01
9.981035506521562795e-02
-6.000656247635222096e-01
-1.092814917480123271e-01
9.999231196787420339e-01
1.927732284590040757e-01
1.903054844367984277e-01
-7.675167140442751279e-02
-2.926957173792609779e-01
-2.652953562186526892e-01
-2.763496920576306026e-01
3.981416902178515627e-01
-2.640109791148574914e-01
1.000172643462924560e+00
9.999764858062932804e-01
-1.950649502023381332e-02
2.134798808721385388e-01
2.096476373199748500e-01
1.060251426510248618e-01
-3.067963401599765327e-01
-6.000450444035148045e-01
-1.000052688771278175e+00
1.965826734025854783e-01
6.258423748313245161e-02
