-6.000560263087237889e-01
-6.000704733139390346e-01
9.997885667783625863e-01
-7.556470160613549397e-03
-9.999285623452757177e-01
-8.104745492966456410e-01
-6.001557170928847329e-01
8.378864277669051397e-02
-8.084191056589091762e-01
-3.099241813552231495e-01
9.993730380684930081e-02
-1.000116489804369291e+00
1.805942394187672884e-01
-4.549300136945486073e-02
1.927015640871355129e-01
4.263556019620961535e-01
-6.236972038776339433e-02
-9.999777556173021775e-01
1.953352244179621944e-01
-6.020815724667305871e-03
4.077957961934439712e-01
3.995785814837880534e-01
-3.165276500800529025e-01
-8.062996502627143292e-01
-1.000265627749457265e+00
4.056641155513504016e-01
-2.848617955548063962e-01
-5.999596944018431577e-01
-2.865925767798985779e-01
9.997197720592460035e-02
-1.000169688127453993e+00
-8.013038334944314611e-01
-8.031651348452083505e-01
-1.000020448748109247e+00
1.865087070986693385e-03
9.999345789104823190e-01
-1.000069924177451330e+00
9.999170886815748061e-01
4.009568330874089814e-01
-5.999070869729841160e-01
1.000053075365494371e+00
-8.021124481125341266e-01
-3.563701150197410850e-01
1.000423284338259472e-01
-3.140054093556347570e-01
3.890960002553850994e-01
9.995379554477408501e-02
9.994479433027170234e-02
1.001376650365942145e-01
2.033656319951781810e-01
-1.000205657174682461e+00
-8.127451888520520473e-01
4.031098775955973545e-01
3.857422077219641032e-01
-3.232834434253518130e-01
-9.999738427821794895e-01
-8.085766428707467091e-01
3.969226491415371316e-01
-7.621190589409926330e-02
-9.999620352940389312e-01
-2.943775487167897900e-02
3.906279801586866052e-01
-9.999982120615942272e-01
-2.936103466069800438e-01
-1.000078741728319232e+00
1.002116306081067554e-01
-1.000010440701985193e+00
-3.272772376955506574e-02
-8.096941095706220448e-01
3.912480491772434288e-01
-6.000235953901560393e-01
-4.200267442710406973e-01
1.000511596365067229e-01
6.591907938572620813e-03
1.930912377398051605e-01
1.000241718918788852e-01
2.173534233861155462e-01
9.999898374459709194e-01
4.091372918808938025e-03
-8.087458496175174982e-01
4.019360862891805941e-01
4.045563510313724409e-01
2.090532377493908023e-01
2.126125515283287803e-01
1.000012286607804946e+00
4.123619033121420641e-01
-1.000148188195987720e+00
-6.000417290801580705e-01
-1.000108170546200492e+00
4.276797848579351469e-02
-9.998466432642366675e-01
1.001249987203221004e-01
9.991387851591998492e-02
-6.000083352088960709e-01
8.896295598321800335e-03
-8.004745856182646779e-01
-7.979742764304759151e-01
-3.261697632339267128e-01
4.034421181879721541e-01
-3.182953701942661806e-01
4.156183577291256981e-01
-7.874905183366017747e-01
-3.076631461042269589e-01
1.001093016361748050e-01
1.000582389465072414e-01
1.000013653339578923e+00
7.370586276846084750e-02
4.051128517640800175e-01
9.999082796032697507e-02
-2.799527974278677167e-01
2.144375398078256501e-01
-2.503902440868613910e-01
-6.001203707541142851e-01
1.000160086343566457e+00
4.029046478414115007e-01
1.913079227431128682e-01
9.996468282992690413e-02
9.999259575124377353e-01
-1.000065803852810742e+00
4.108308223511832891e-01
1.000023434398833011e+00
3.957861722921506287e-01
1.000399286548454558e-01
3.850982390735574468e-01
-6.000477501413369330e-01
3.948597040892446453e-01
-3.542658223630692493e-01
4.124583210291117852e-01
1.000084904504102701e+00
9.999711457117974600e-01
1.000903577384591459e-01
1.906025367914160884e-01
4.025827535998003914e-01
-8.068390115660821760e-01
9.996985239119753064e-02
1.000032698103170414e+00
1.000039061502590698e+00
-9.999266386407404950e-01
-5.999724682509216533e-01
3.924367276831211004e-01
1.589897360936693912e-02
4.080902113453452884e-01
1.000320171918932383e-01
4.036820890736314560e-01
8.146215669994730235e-02
-2.239971727409976188e-01
-5.999619651849250612e-01
1.963234158750947755e-01
9.998362600209742546e-01
-9.998268313531725182e-01
-7.984835569536145039e-01
1.000013886712416422e+00
3.882162557141494719e-01
-5.999639032177623843e-01
9.996439839514384418e-02
-9.757349974966268713e-02
-3.386220305671199249e-01
-8.004653652014995791e-01
1.941798645399785139e-01
1.000706519140367595e-01
9.999779227408456261e-01
2.105479748261633310e-01
2.039534372838187615e-01
-3.544495590443376143e-01
-1.000010360069484516e+00
6.814700642924179097e-02
3.969437258092573528e-01
-7.870648912423300336e-01
2.046574249604680984e-01
9.999702755775026208e-01
-7.912500610086874442e-01
-6.000764316833381296e-01
-9.999451436608162158e-01
8.981958379347415589e-02
-3.324720100064969541e-01
-5.998726503934596055e-01
-4.536445655768474305e-02
1.952578032743315650e-01
-1.000032698198288772e+00
1.000198790445395503e+00
-7.990327281530716919e-01
3.974096017293706762e-01
-4.415950082946485389e-01
9.999653218500791363e-01
-9.999497779949472198e-01
-2.880725868401155798e-02
1.982858467193233110e-01
1.000247812106083295e-01
-8.059978598914010472e-01
-3.352424020606388222e-01
7.835845913692822060e-03
-3.025316645700936169e-01
1.952546957656440818e-01
1.236175100995708792e-02
-5.998869227166463425e-01
-5.999458209360102323e-01
3.958280442058561555e-01
1.000038668427828181e+00
1.000431163905436960e-01
-3.464289222719670880e-01
2.139794742576575926e-01
1.000050479489652672e-01
1.001070667095129846e-01
-8.098100572600085423e-01
-6.001065092361392850e-01
-6.001131674059247967e-01
9.998489973068694914e-01
-5.999452396066891069e-01
-6.001165967708907978e-01
9.997155457000929113e-01
1.942568470855682294e-01
-8.112229054370024839e-01
4.000422957147113379e-01
-8.092613617972804763e-02
2.016333169435191586e-01
-8.026741913133190742e-01
-1.000133457164707140e+00
-8.019694018132151880e-01
-1.000079232322549361e+00
9.998747621441420597e-01
9.999626870536642009e-01
-7.945812280080151169e-01
-2.209985115922024068e-01
3.596022790359641730e-02
-7.985577354544020068e-01
1.000027994899389761e+00
-5.999973161408740374e-01
1.001449014954524513e-01
-9.999247644748215924e-01
4.136936210732471420e-01
1.862993899998996172e-01
1.000062641734531077e+00
-5.999833606462877666e-01
-6.000051882765221611e-01
-2.138393833710255376e-01
9.999848204456985856e-01
1.001928907778777272e-01
1.000026494140801248e+00
9.998463264360372138e-01
-9.998838576339448281e-01
4.008643790255149719e-01
1.000805049478374481e-01
4.030560209597510157e-01
9.998484719436792623e-02
3.455701435617333089e-02
7.266063840514207228e-02
2.063727069581574314e-01
4.038109533935347328e-01
-8.018848905456575915e-01
-5.999086754422194856e-01
4.006391747351543686e-01
1.000151513220185029e+00
-1.910731657665508398e-02
-8.005713225821375900e-01
4.070831139235276397e-01
7.957886249611334506e-02
1.944184074749344127e-01
-1.000005049251427192e+00
-3.477506097425441256e-01
3.989857919387541085e-01
1.912534835557908319e-01
-1.191067195357401604e-02
9.999739777139288188e-01
1.000105949605220923e+00
9.999256766093864712e-01
9.996283152176722864e-02
-2.286645242334520503e-02
-1.000189632811236962e+00
-3.313861794838601771e-01
-3.082629832984445373e-01
9.999861907204744549e-01
-8.088363995807267282e-01
-8.005053988117603048e-01
-6.000720770404577298e-01
-3.090596736374495723e-01
-9.999903049665016530e-01
2.182841176597334898e-01
1.000372093764995696e-01
-6.000167425783461406e-01
1.906383757164814563e-02
9.999352485956746195e-01
2.118681065310180356e-01
1.963533039118131318e-01
1.058210197683618903e-01
-2.304490185942252300e-01
-3.973652517449343113e-01
-3.579611161378637441e-01
3.982447097780345002e-01
-2.981091297856314215e-01
1.000067212440268749e+00
1.000050132166128813e+00
-8.294921030316740329e-02
1.919665297690913985e-01
1.820634898936902002e-01
-9.925543219422858221e-02
-4.239693439710835454e-01
-6.001139748530713858e-01
-1.000126442485780087e+00
1.779584459699453391e-01
-1.929954148904899566e-02
