-5.998477250494875790e-01
-6.000145834082759588e-01
1.000031269994496874e+00
-4.135371799580887103e-02
-1.000094266696661682e+00
-7.968950772564087348e-01
-6.000052269466845667e-01
-4.356330204010183671e-02
-8.145367794644623460e-01
-2.940410056824851459e-01
9.994998912586912365e-02
-1.000043107186717517e+00
2.047884273552200984e-01
-5.041600193391655715e-02
2.009902374336628161e-01
3.930847094415431675e-01
-3.549508815683116020e-02
-9.999121070226288932e-01
2.120972904059483521e-01
-6.439599307256333068e-03
3.915229557433302365e-01
3.888874876534310077e-01
-2.775948677837538070e-01
-8.080381956078911410e-01
-1.000116756196795409e+00
4.036081227932753479e-01
-2.206672835792001797e-01
-6.001752945255686145e-01
-2.752349713162530187e-01
9.987483471616535879e-02
-1.000062888151989071e+00
-8.068884740622263019e-01
-8.113509703325889610e-01
-1.000049768176441978e+00
-1.475955666730814630e-02
9.999743965625734754e-01
-1.000004607234963316e+00
9.999317868564289169e-01
3.981736802759738292e-01
-6.000291998989819575e-01
1.000056311288489264e+00
-8.098947507903184739e-01
-3.013874944414121626e-01
1.000135898270564233e-01
-3.488950104886486825e-01
4.156599180225113987e-01
1.000129688576154446e-01
1.001359710294902755e-01
9.994487579090249874e-02
2.153288132802766153e-01
-9.999134863251438743e-01
-8.151264774025208659e-01
4.065275913364255755e-01
4.051871827758311562e-01
-2.378177394954440471e-01
-9.997947658148299555e-01
-8.127872365035540003e-01
3.924281743886245399e-01
-1.768318189534238971e-02
-1.000150416144743204e+00
2.958186310458263413e-02
4.105166214273809899e-01
-9.998753160168538656e-01
-2.743851174162127982e-01
-1.000050135435455845e+00
9.965926931229422692e-02
-1.000175900044133925e+00
7.358341071994259526e-03
-8.145134339830902848e-01
4.000572679763595429e-01
-6.001431128673897497e-01
-3.075947437407460239e-01
9.984738386191946424e-02
-5.515596702771448367e-02
2.001679746366267221e-01
9.999967774064054404e-02
2.152306317062434027e-01
1.000063220310096757e+00
5.821266726124767893e-02
-7.790888228480794542e-01
4.012450671171897132e-01
4.028356516916123953e-01
1.996880799618403479e-01
1.906846775047395248e-01
1.000062302719122664e+00
3.961568118598972621e-01
-1.000005653416309759e+00
-5.999626736357300816e-01
-9.998523981875051536e-01
-5.478559580930058431e-02
-1.000156799514689387e+00
1.000503819490569241e-01
9.999269302807423099e-02
-5.999889310923687269e-01
5.585935959869884476e-02
-8.027789507838680727e-01
-7.993011218015303454e-01
-3.078994424722684142e-01
4.117545751324365177e-01
-3.003152050324946476e-01
3.963994200611332119e-01
-7.992098614420751757e-01
-3.614829204997511702e-01
1.001494018698354804e-01
1.000946303759035483e-01
9.998926143955039203e-01
2.776370405479635858e-02
3.971358960251431536e-01
9.992558598163359118e-02
-2.208779194063784090e-01
1.960003846384939796e-01
-2.502426603862833998e-01
-5.999193106156488486e-01
1.000042479321906708e+00
4.019583302730175833e-01
1.779902420617551217e-01
1.001243773012590044e-01
1.000027107384954927e+00
-1.000034298318736470e+00
4.075762645934349893e-01
1.000200279555836680e+00
4.013450924550776011e-01
9.984934214961382892e-02
3.951924650304283193e-01
-5.997949936331471443e-01
4.085857337493588037e-01
-2.742626136224693978e-01
3.956874980498732430e-01
9.999630258568421581e-01
1.000106320777363722e+00
1.000939216009430061e-01
1.997327973424624648e-01
4.117157009920098254e-01
-8.014999095562005405e-01
1.000365841404062123e-01
1.000181117820680088e+00
9.999387119225701115e-01
-1.000197848603499473e+00
-6.000917361831703545e-01
4.158520453938334138e-01
2.908294957434916575e-02
3.921250477556738057e-01
1.000390598631508560e-01
4.029573140337144865e-01
2.048720423128923621e-02
-2.472469412676284728e-01
-5.999297480099885505e-01
1.923437268694966618e-01
1.000025177660356590e+00
-1.000179332100488594e+00
-7.977201763806678336e-01
9.999822636340350845e-01
3.859394077807696832e-01
-5.999081578712435192e-01
9.988117354679759696e-02
-1.080056133116756231e-02
-2.800151940610042800e-01
-8.040592882553132537e-01
1.846047107426555534e-01
1.000386044411153558e-01
9.998179289266903025e-01
2.079304884030421796e-01
1.884589574936071654e-01
-2.633536908736800464e-01
-9.999820637107813548e-01
1.973930414620436030e-02
4.056375999867191107e-01
-7.965182782299458086e-01
2.009591092446318672e-01
1.000154888327047908e+00
-7.888724438819960660e-01
-6.000313152476877132e-01
-9.999361156738707512e-01
-3.243551648995698922e-02
-3.093199738570598378e-01
-6.001110153475986975e-01
-4.441812842791018068e-02
2.009320114352713682e-01
-1.000251803609252699e+00
1.000164227639436687e+00
-8.097380092997001899e-01
4.043754626731573265e-01
-2.048770405421626306e-01
9.998963503013089671e-01
-1.000015271773770253e+00
6.322976098062428607e-02
1.877707105834326429e-01
9.990436988208264979e-02
-7.911232236627260272e-01
-2.908438050893270010e-01
2.726180566913195824e-02
-3.638293209952848106e-01
2.000588909596770215e-01
-5.922217886150912868e-04
-5.999010542515179623e-01
-5.998971055133470731e-01
3.940009655687530254e-01
9.998383656497037419e-01
1.002030101457702937e-01
-2.426864248872608876e-01
1.913367925550900628e-01
1.000866513263139190e-01
9.994673168195016000e-02
-7.950072115524908778e-01
-6.000186487625761567e-01
-6.001529700122628652e-01
9.998363373153912326e-01
-6.000837607729594403e-01
-5.999399254591297748e-01
9.998813932506075419e-01
1.989013575548289059e-01
-7.953529747293481833e-01
3.977376180701822084e-01
-4.007635585263111949e-02
2.018201286027425101e-01
-7.927771086896401309e-01
-1.000006955938028241e+00
-7.917644092113069743e-01
-1.000105005224750654e+00
9.998659117296370136e-01
1.000000629222868032e+00
-8.099640666768451736e-01
-3.428622371966596472e-01
5.245173369105834982e-02
-8.089491063568104989e-01
1.000073188558919135e+00
-6.000033308930147191e-01
1.000435353740544847e-01
-1.000100926391334966e+00
4.006406973518786829e-01
1.971300935944401422e-01
9.998952507146801061e-01
-5.998325667702988362e-01
-5.999997719289374976e-01
-3.366073954101496124e-01
1.000017936927830142e+00
9.995115262346818130e-02
9.999024495043281613e-01
9.999462552823989991e-01
-9.999583964239662226e-01
4.107325469929570816e-01
9.987273608884299214e-02
4.095073386973220875e-01
9.987250821232328268e-02
3.816898533155767964e-02
-2.859592632962704162e-02
2.069338176888449177e-01
4.005966108942572435e-01
-7.954488586258980920e-01
-6.000921454324993354e-01
3.815852110883080073e-01
1.000117071424583504e+00
1.278545619439531433e-01
-7.981017638919611912e-01
3.897257204085738391e-01
1.599905477066413881e-02
2.107041525602537380e-01
-9.999843547095526031e-01
-2.543780038142016142e-01
3.959065442520414702e-01
1.968392904355098783e-01
5.838696582962760173e-02
9.999668683973665928e-01
1.000052727511425266e+00
9.999147263121629381e-01
9.999187983533837365e-02
-3.171472759221707904e-02
-9.998967610388537208e-01
-3.150621522832399157e-01
-2.953734368647398245e-01
1.000019904496301182e+00
-8.010906562656284757e-01
-7.864545007958028133e-01
-6.001047671710578735e-01
-3.603765053119696860e-01
-9.999730678053422306e-01
1.982263104870160830e-01
1.000236141298721237e-01
-5.999113673543864378e-01
-6.186887989681819078e-02
9.998702668311416630e-01
2.046526792638315717e-01
2.100278259670110836e-01
6.784120958435442550e-02
-3.530659259518769133e-01
-2.922488000348621995e-01
-3.199303823156868787e-01
3.998840661120853235e-01
-2.704337631088344907e-01
1.000187709787803136e+00
1.000012199096378618e+00
3.011594371224575808e-02
2.035409415015886903e-01
2.028942634173976911e-01
-3.100895110442339342e-02
-3.364100131771724511e-01
-6.000773047494916135e-01
-1.000068202254036365e+00
2.042113796289618810e-01
1.112843211417860467e-01
