-6.000569824628588789e-01
-5.998687956453903070e-01
9.999669201066683222e-01
7.834145296470967912e-02
-1.000013984747026630e+00
-8.027495867967175958e-01
-5.999859277917348743e-01
-1.713401857255225300e-02
-7.814678064217996933e-01
-3.852170670072960212e-01
9.997437569990495765e-02
-9.998688395642680860e-01
1.990057307388121699e-01
7.333735318779885382e-02
1.832066277491016804e-01
4.170671266740882399e-01
-3.432447815315525091e-02
-1.000050511298721689e+00
2.031783696266520334e-01
-7.473675284885981929e-02
3.943357991370008420e-01
4.065652740632165751e-01
-3.023755995691074783e-01
-7.910379104965847841e-01
-1.000105270934255941e+00
4.100136321848578680e-01
-2.708679144922495063e-01
-5.999353331401099387e-01
-2.765730936211890922e-01
9.989527705235060062e-02
-9.999234222656646631e-01
-8.013890539165555715e-01
-8.213055581026372787e-01
-9.999933656700776829e-01
2.745171885105472664e-02
1.000102268945231909e+00
-1.000050388482102370e+00
1.000091616636739511e+00
4.077305335734035530e-01
-5.999823333756948429e-01
9.999146818280137960e-01
-8.093449976304567528e-01
-2.090985377517937116e-01
9.989606887854325656e-02
-2.926505295960288300e-01
4.203612504140815664e-01
9.995793391431354036e-02
9.998325934879351284e-02
9.993983519156524054e-02
2.109578295265243930e-01
-9.999636719138784713e-01
-7.859602841708962506e-01
4.001110898063012233e-01
3.787097202468699964e-01
-2.598970140704472964e-01
-1.000021275916052277e+00
-7.947165477494160246e-01
3.929802325366855698e-01
1.616465765673182065e-02
-9.998644813320419766e-01
9.642579453023436553e-03
4.018564465105159966e-01
-1.000075592179453965e+00
-2.671550744401083866e-01
-1.000110259103458743e+00
9.996813741381359308e-02
-1.000065700348935493e+00
1.031126368376402147e-01
-7.941847042865883832e-01
4.129051323002306262e-01
-6.000043621392634474e-01
-3.459894386506572883e-01
9.990894511341133488e-02
-2.807813462884004713e-03
1.833600037117238124e-01
9.994085283800550890e-02
1.946621075825550884e-01
1.000019489402910855e+00
2.713665120462949859e-02
-7.988479255629566955e-01
3.947673557330289573e-01
4.002433441633547195e-01
2.087348110994915462e-01
1.994003676629603206e-01
1.000010942588807961e+00
3.946980512897589333e-01
-9.998387776459622955e-01
-6.000798581839480450e-01
-9.999295134037555766e-01
5.430774167575663780e-02
-9.999950317788434129e-01
1.000256887873020584e-01
1.000874114488273375e-01
-5.998448834935897755e-01
1.712585627271974095e-02
-7.994579002548649616e-01
-7.941798605290092405e-01
-3.063111493195207480e-01
3.989357734296969937e-01
-3.277433064270636742e-01
3.964870163498618871e-01
-8.012555544583692679e-01
-2.498988764618225167e-01
9.998495065883013233e-02
1.000189254763633601e-01
9.999158969219213988e-01
-1.253571320897098329e-02
4.142918652721372386e-01
9.993216983661522279e-02
-2.863265779344371653e-01
2.182140711108350728e-01
-2.750067439538717018e-01
-5.999592578248413854e-01
9.999526385800385775e-01
4.003631356251950990e-01
1.988056338764369324e-01
9.993817301655007201e-02
1.000047217861628868e+00
-1.000136687768790944e+00
4.131166406331553964e-01
1.000143457973361460e+00
4.032243267520529972e-01
1.000159993699337307e-01
3.967635615775882418e-01
-5.998343398489954792e-01
3.942785810461897356e-01
-1.832242456059930968e-01
3.962402079850166348e-01
9.999918597840109502e-01
9.999069780636695715e-01
1.000155442614490964e-01
1.917103807975173158e-01
4.069662464519695488e-01
-7.893552478047863863e-01
9.996426074848237253e-02
9.997749922696528291e-01
9.999309357259746900e-01
-1.000008170062237634e+00
-5.999619852510233997e-01
4.020861253976532601e-01
3.304474259214401632e-02
4.018652947018531707e-01
1.001132394156059452e-01
3.986863857955359469e-01
3.240464227162836476e-03
-2.889846367591386578e-01
-5.999612319217876300e-01
2.197427987733711063e-01
1.000077008003259715e+00
-1.000005627570431876e+00
-7.968460907087222544e-01
9.999737050467822908e-01
4.061680737320558232e-01
-6.000350456021208423e-01
1.000374555940927584e-01
8.373841965649156394e-02
-3.276515243294277901e-01
-7.994961065079392304e-01
2.091924936143976232e-01
9.991346798577768751e-02
1.000051528053535366e+00
1.868154432525521991e-01
1.766392954649572133e-01
-3.729989896929876148e-01
-9.999251237321191699e-01
6.248928959955658835e-02
4.115935334889522235e-01
-8.023841816392860427e-01
2.011541296316878280e-01
9.999642287353017744e-01
-8.064450709674981788e-01
-6.000652464070006520e-01
-1.000047616492626856e+00
5.453740226705303118e-02
-3.052904699367666175e-01
-5.999942012718978424e-01
4.113001464086213713e-03
2.037565151490553228e-01
-9.999693240922872262e-01
9.998733961474349785e-01
-7.960507717538219952e-01
3.992860059625514824e-01
-2.836025570101907700e-01
1.000105924009736524e+00
-9.997940049872591217e-01
7.037432241273097744e-02
1.965173999436176655e-01
9.993812289618569933e-02
-8.032949514014769976e-01
-3.542790507642791797e-01
-2.642203358513105227e-02
-3.948160464662460178e-01
1.825749966932238844e-01
5.132455666523924598e-02
-6.000481121731942036e-01
-6.000203440412481548e-01
4.010648396552301542e-01
9.999952348973324412e-01
1.000787031711230096e-01
-2.329008110852678615e-01
2.155929176289471672e-01
9.990636043071103589e-02
1.001145384512776154e-01
-7.952091342852961597e-01
-6.001341423629505956e-01
-5.999274491868354930e-01
1.000099314074578194e+00
-5.998905333670827567e-01
-6.000659178401075433e-01
9.998758504786319223e-01
1.989679642316549424e-01
-7.993232519878135101e-01
3.997633696305467055e-01
5.793764474395382558e-02
1.904964960720695322e-01
-8.004585162287876088e-01
-1.000024542631162250e+00
-8.059331796468472975e-01
-9.998038140261479301e-01
9.998380316908097587e-01
1.000076336160371060e+00
-7.996021461919372575e-01
-2.556385899068378542e-01
-7.798480205309749058e-02
-8.074893833457716941e-01
9.999192355795897269e-01
-6.001877655900494934e-01
1.000890237407504046e-01
-1.000042277079994602e+00
3.975150307501404412e-01
1.961348731738040696e-01
9.999589357295537440e-01
-6.000263495297918359e-01
-5.999844149035754581e-01
-2.205367287385902597e-01
9.998809086102405930e-01
9.986221470146867951e-02
9.999151810408797303e-01
1.000005728778950109e+00
-1.000080219248041580e+00
3.969221677289288541e-01
9.992311157584328474e-02
4.014986142420273185e-01
9.986241057441493096e-02
-3.957119355942054217e-02
-4.550788401844525072e-02
1.965360028415213400e-01
4.108309965203787439e-01
-7.976294150716187747e-01
-5.999738244174669388e-01
4.014936845031835122e-01
1.000077892519828593e+00
-1.346750092891463258e-03
-7.956856608274358589e-01
4.046507222177996299e-01
5.032570989945176626e-02
1.984247021128817401e-01
-1.000036833147775361e+00
-2.490308467280304972e-01
3.974062100923287377e-01
1.997919420126229306e-01
5.025235455562776510e-02
9.999076163479182489e-01
1.000158701767115410e+00
9.997931913041806506e-01
1.000178454381345367e-01
-4.442467813924533965e-02
-9.998818720513450442e-01
-2.349919472030064238e-01
-2.364468578599900339e-01
9.999889661889220793e-01
-8.075471920898504852e-01
-8.076401420990511060e-01
-5.999279380406734585e-01
-2.910186194958794270e-01
-9.999921976209461549e-01
1.926324590821346106e-01
1.001076391110425484e-01
-6.001035877279233821e-01
-8.586489498860792879e-02
1.000109252488108336e+00
2.072736281281863657e-01
1.836223396290768695e-01
1.708712353118632329e-02
-1.778301574604109203e-01
-3.698254014935501433e-01
-3.245343447464210662e-01
3.830008410694354937e-01
-2.043002141922441450e-01
9.999420636670437457e-01
1.000076482596789385e+00
-4.238522435464561061e-02
1.966697153323226643e-01
1.967433392227563305e-01
-2.028361882655946302e-02
-3.716037178559698506e-01
-6.000532924655622713e-01
-9.998625057093879498e-01
2.166161275873412784e-01
5.504645200281696460e-02
