-6.000746546690750582e-01
-5.998379018650720207e-01
9.999836305831214522e-01
5.746884812941099180e-02
-9.998741335055373325e-01
-8.142810013413653847e-01
-6.000177573725926639e-01
-2.294516254624598406e-02
-7.910029222450616349e-01
-2.911588503869320110e-01
1.000786478635624782e-01
-1.000069762204809143e+00
2.111442007631334494e-01
2.319967403893571575e-02
1.977196431280789646e-01
3.911651678130316223e-01
-2.711892800129844447e-02
-9.999321886785104141e-01
1.834460322514308572e-01
3.355944476352708955e-02
3.999439039746462421e-01
4.060139860074089557e-01
-2.796238569188663758e-01
-8.098733792162882139e-01
-9.999213686226878783e-01
3.925771905806738626e-01
-3.121499291545805632e-01
-5.999503947464166487e-01
-2.235531841739087366e-01
9.984517841993445497e-02
-9.999306670098149219e-01
-7.928237181497741481e-01
-8.042605943322457263e-01
-9.998361960637939250e-01
-4.243351872251294177e-02
9.998670993894271941e-01
-1.000230972082247760e+00
9.999256608329496476e-01
4.071453726046819765e-01
-5.999961409048636396e-01
9.998689706776336950e-01
-7.996053816070274323e-01
-2.842898106769548572e-01
9.998395997860468065e-02
-2.654049410479708548e-01
3.979186047881625443e-01
1.000239187179909894e-01
1.000153583265115109e-01
9.984387276838457836e-02
1.855927024283236804e-01
-9.998497157047688821e-01
-8.184052429700829911e-01
4.164631316874073952e-01
4.095279420612813470e-01
-2.681910693999930984e-01
-1.000116993409798871e+00
-7.949771124432897240e-01
4.001932869343863830e-01
2.081541931967986758e-02
-9.999594496250316933e-01
4.642257757077947189e-02
4.117950378794733579e-01
-1.000260447808801523e+00
-3.950479715682087556e-01
-9.998065592878070396e-01
1.001583297762779073e-01
-1.000072578199280082e+00
1.981511823635373135e-02
-7.902460870923032621e-01
4.070110108228056078e-01
-6.000499015260346569e-01
-3.275270516111259411e-01
9.995290251475991150e-02
8.439493926324173612e-02
2.006053356893333917e-01
1.001149835448582603e-01
2.057352771335104191e-01
1.000181351625235360e+00
-1.397226802432979115e-02
-7.928348939510375670e-01
3.930410269608908269e-01
4.067225412728568967e-01
2.006738227675844422e-01
2.092255279800029899e-01
1.000051546297036964e+00
3.871074711631537490e-01
-1.000159520025100335e+00
-5.999860616711076844e-01
-1.000085670908094748e+00
1.756640596632320639e-01
-1.000138198719834115e+00
9.995969179853439468e-02
9.996365967229045579e-02
-5.998424545495172344e-01
-4.584752008464248324e-02
-7.980322912897233056e-01
-7.883443176153080989e-01
-2.702204642504716370e-01
3.997876955312585912e-01
-3.239484263850433976e-01
3.933972560382539840e-01
-8.094668618847760122e-01
-3.574758264513811512e-01
1.001205635589662440e-01
9.989967294051928237e-02
9.998588822235298101e-01
-9.445857301652841806e-03
3.928032877098995845e-01
9.990299200032842775e-02
-3.410857760591516907e-01
2.027224739737518988e-01
-2.051482967153429038e-01
-5.999848856297480548e-01
1.000080945541600652e+00
4.044326540831539862e-01
1.931862911606872790e-01
9.998912305458078353e-02
9.999361707795452192e-01
-9.999318354578126122e-01
4.004994670626239039e-01
1.000125234418833386e+00
4.171660200001505170e-01
9.981365452048229781e-02
4.070982591769606862e-01
-6.000257839512247449e-01
3.988037591001385995e-01
-2.687351636561830515e-01
3.904002434482519712e-01
1.000074172816729945e+00
9.999938151875186199e-01
1.000777810240693483e-01
2.034907608881346419e-01
4.194345384661163356e-01
-8.034622701680055323e-01
1.001854239050111450e-01
9.999762687607752776e-01
1.000077383096366068e+00
-9.998259921478550583e-01
-6.000657811979196454e-01
4.042169927942709795e-01
4.437556467580348885e-02
4.021982686929208572e-01
1.001698015550469001e-01
4.094427189112544996e-01
3.732090052942976799e-02
-2.494094222669887562e-01
-5.997810154378566683e-01
2.063179229715001173e-01
1.000002948540362757e+00
-1.000011253508025000e+00
-7.964536721965002064e-01
1.000067364692573069e+00
3.825638676291268636e-01
-6.000475523959104551e-01
1.000732821988606219e-01
-2.710974761496545357e-02
-2.355086374970830898e-01
-7.879516502038269588e-01
1.946572263885630594e-01
9.983875807263911661e-02
1.000081570156900135e+00
1.963548056833319122e-01
1.936727935579491411e-01
-2.850654324417863372e-01
-1.000117251154504450e+00
-2.893022265186369693e-02
3.977303722867899238e-01
-7.886962435180241426e-01
2.034122160157711412e-01
1.000096052123606638e+00
-7.908377067828974427e-01
-5.999338121017512293e-01
-1.000079764814435945e+00
-1.252165635884400219e-01
-2.626803470883694591e-01
-6.000529469628059775e-01
5.600351925442921541e-02
2.104812342615007270e-01
-1.000229937948315051e+00
9.999925144882034767e-01
-8.080626043001324366e-01
4.180210010389233122e-01
-3.479547663249141776e-01
9.999444651978237619e-01
-1.000075617873036782e+00
-5.002726104680060718e-04
1.930790004413792116e-01
9.998533603851299245e-02
-8.002623452835365692e-01
-2.439689691318597253e-01
-8.794526091488188979e-02
-3.085388530541717245e-01
2.041099572144748076e-01
5.631196833358027842e-02
-6.000058269864033678e-01
-6.000949165666391583e-01
3.940064768948454144e-01
1.000180171206905388e+00
9.986438311983658611e-02
-3.185278197391739896e-01
1.886368223545658307e-01
9.993877330825373662e-02
9.990388994558870028e-02
-8.021215356112931794e-01
-6.000600280412822229e-01
-6.000101964119969322e-01
1.000103723040890902e+00
-6.001510384663903963e-01
-5.999246291631837869e-01
9.998082826308506421e-01
1.820809179447749060e-01
-7.975518282671337778e-01
4.086085048847334367e-01
-5.280038092356317825e-02
1.989221402937123295e-01
-8.096096569807128551e-01
-9.999676123844046804e-01
-7.982078762886248846e-01
-9.996439748084583465e-01
1.000066930526958275e+00
9.999933323476488667e-01
-8.194676621678037565e-01
-2.529489487355308097e-01
-2.951497357928090093e-02
-7.981262743191586129e-01
1.000137293630355195e+00
-5.999179316290547126e-01
1.000933808390652574e-01
-9.999143442231045453e-01
3.961481719789351486e-01
1.976234262481885995e-01
9.999693655364298994e-01
-5.999888153720037698e-01
-6.000633789747267244e-01
-3.085535521900078515e-01
1.000074381935956547e+00
9.999328602746189454e-02
1.000132084748846184e+00
1.000049757066999501e+00
-1.000211796629239203e+00
3.983030410730016846e-01
1.000312505176812750e-01
3.833308983725919883e-01
9.994746847949005641e-02
6.209522026496833158e-02
4.730662902859660013e-02
1.967384966410335723e-01
3.949972224899598872e-01
-8.016005325867729958e-01
-5.999079494852561645e-01
3.765467325132037524e-01
9.999762694480516245e-01
-4.609756843543227900e-02
-8.022444885629950173e-01
4.068375837907052817e-01
2.035419891447202284e-02
2.222748640611936499e-01
-1.000150055635814050e+00
-3.028349732027992292e-01
3.957739546509215223e-01
2.200182198966014191e-01
-6.382120999922467897e-02
1.000041941606404805e+00
1.000153252776248447e+00
9.999766552408460019e-01
1.000782063305221958e-01
3.663176221382380415e-02
-1.000033756002933982e+00
-2.635932319693576886e-01
-2.833444204651816567e-01
9.999787673222176876e-01
-8.144728238141512033e-01
-8.007179177807737247e-01
-5.999390359213578883e-01
-3.524166282233080483e-01
-9.998524202319274412e-01
1.935358792795961180e-01
1.001861836935505762e-01
-6.000509481902119857e-01
-6.488379666456512221e-03
9.998595627125931307e-01
2.080680549744295948e-01
1.997109127551304208e-01
-7.757213867817272512e-02
-2.599450737900074748e-01
-2.853450143569992159e-01
-3.359512152007358976e-01
4.000893870563608234e-01
-2.883083538691207925e-01
9.999808246672975409e-01
9.999824585563347190e-01
5.141992134304145673e-02
1.991938441931221382e-01
1.868926394680756609e-01
1.996491668610289507e-03
-2.953266845564537224e-01
-6.000088894237343151e-01
-9.999472284366539565e-01
1.952816126174031774e-01
-4.792953135024161093e-02
