-5.997929446625230865e-01
-5.999359201268847919e-01
9.999621775194540430e-01
5.256123896879586616e-02
-1.000031100165158726e+00
-7.870132916958441083e-01
-5.998715153684994750e-01
-5.247963866193849913e-02
-7.930182282340978439e-01
-2.599523761218884288e-01
1.000620425978109851e-01
-9.999089814428379075e-01
2.202406807087493867e-01
3.425429455442975668e-02
2.069027129958186939e-01
4.039794258471191002e-01
7.420482277266791937e-02
-9.999852542248088838e-01
1.912957292451572533e-01
4.013957115480897703e-02
3.990932730881560087e-01
3.923503882818593080e-01
-2.939540962793211198e-01
-8.074924243555450243e-01
-9.998245125029898706e-01
4.025437968700187885e-01
-2.670096836776110205e-01
-6.000281938601035314e-01
-3.237805462772062048e-01
9.995668017371954484e-02
-9.997600152920217420e-01
-7.839156539345162322e-01
-8.073904067468163914e-01
-9.999116066096653821e-01
-1.110361705254628434e-01
9.999036712492338497e-01
-1.000119241437330109e+00
1.000072136956636326e+00
4.010304779143675225e-01
-5.998602130847680014e-01
9.998448395802609356e-01
-8.215335315017717743e-01
-3.318600405053255820e-01
9.983341019873304134e-02
-3.566042713626008664e-01
4.004732646415053443e-01
9.999800114703620568e-02
9.987508584079196616e-02
9.994912643205407232e-02
1.955224435899665658e-01
-9.999825627375834580e-01
-8.249912352820563122e-01
4.033555286965637143e-01
4.100540695383042000e-01
-2.823897332197600751e-01
-1.000179299082356144e+00
-8.045461368849325945e-01
3.738825303979985692e-01
-2.114601989950315453e-02
-9.999888771431858503e-01
-1.506986525390259339e-02
4.058644799913620482e-01
-1.000240806938707649e+00
-3.606836549881622944e-01
-9.999743576577090343e-01
9.977937804527962917e-02
-9.999721502710586796e-01
4.594858199261264015e-02
-8.012639014728606401e-01
4.012434495105028365e-01
-6.000046972264317935e-01
-3.091516907802348557e-01
9.993887609742711786e-02
-3.660030109949397037e-02
2.034161720344377922e-01
1.000337972206036541e-01
1.832899769016166358e-01
9.999481309237426840e-01
-4.741951378971279163e-02
-7.884615419858403973e-01
4.039774470730003175e-01
4.099341040543951764e-01
2.097538315215903837e-01
1.919887929528890647e-01
9.998412870374325800e-01
4.076326256541764059e-01
-1.000011167755105346e+00
-6.001161840071849163e-01
-9.998186364009826743e-01
8.284183320193623870e-03
-9.998476114141721105e-01
1.000750286982580589e-01
1.000243146034868608e-01
-6.000205870836144983e-01
1.543446446785857844e-02
-8.068516591115845182e-01
-8.054501515097312048e-01
-3.072238319437378684e-01
3.923123561841603824e-01
-3.665696551442676476e-01
3.879686465951630026e-01
-7.939311644647225608e-01
-2.782741013696485299e-01
1.000181286109225742e-01
9.987160516992761583e-02
9.999692934935271449e-01
5.325484283364927823e-02
3.876078900503314162e-01
9.988177179830835806e-02
-2.978771153928315707e-01
2.119611088342162331e-01
-2.923149812941618353e-01
-6.000224690535503891e-01
9.999248693511315622e-01
3.976939259749481259e-01
2.125745783844749381e-01
9.998574290763545536e-02
9.998185519784291708e-01
-9.999664353828149332e-01
4.069808142115494132e-01
1.000143416643568983e+00
4.054301740182296721e-01
9.989766823060146350e-02
4.083699921210954820e-01
-6.000858926407388605e-01
3.863042658879854430e-01
-2.784684134692604340e-01
3.950427398577838756e-01
1.000085318781045229e+00
9.999604593342034109e-01
1.001517511497463098e-01
1.948762212100817737e-01
4.050702833213901677e-01
-8.099542052929948888e-01
9.993802618433239582e-02
1.000057833719292466e+00
9.999253366061240378e-01
-1.000182532701541005e+00
-5.998909022112759448e-01
3.911658687655025224e-01
2.005846590580198652e-02
4.051182121257017599e-01
9.987676004233260463e-02
3.927540640545164052e-01
-7.153945568438112301e-02
-3.839778320777712528e-01
-6.000592798583599397e-01
2.028945374434950322e-01
9.999838572528245706e-01
-9.999088254828831790e-01
-8.111453638362781104e-01
1.000224127523520634e+00
4.007760301592008245e-01
-5.999568179385501576e-01
9.996064906149544627e-02
-5.615621930902468112e-02
-3.388050915586244827e-01
-8.125156276644844855e-01
1.849191779566419225e-01
9.990299206064168214e-02
1.000080114604578130e+00
2.076191027470286055e-01
1.937125156594811104e-01
-3.476051893044417307e-01
-1.000030680719283804e+00
-6.843675469383921073e-04
4.049726672784334514e-01
-8.014108401726711683e-01
1.945102467788183964e-01
9.999657938341358632e-01
-7.999870803626487614e-01
-6.000806010487758080e-01
-1.000030532179544629e+00
2.819726682157260370e-02
-2.339038261831771492e-01
-6.002066465205764256e-01
3.159438399975721817e-02
2.124603905211187027e-01
-1.000010066446776591e+00
9.999504449150792285e-01
-8.031115788969247493e-01
4.199590835651567655e-01
-3.556481969106946028e-01
1.000005236914055518e+00
-9.999978846100052721e-01
-7.362293968547874157e-02
2.070189054128427353e-01
9.987198095188443148e-02
-8.093047662710400880e-01
-2.886629013623712159e-01
3.988333282036294475e-02
-2.664044460259751834e-01
2.044277293914394111e-01
7.312539386706676248e-02
-6.000226849269266749e-01
-6.000042964422529490e-01
4.011565825630574178e-01
1.000066045024783579e+00
9.995336279836575244e-02
-2.730594357706868647e-01
2.134984520079498127e-01
9.981045535246617362e-02
1.000331642397965237e-01
-8.068624019268278991e-01
-6.002611268023717583e-01
-6.001312224883612600e-01
9.998542243879620095e-01
-6.001235146788201913e-01
-5.998599098825564413e-01
1.000145705733693990e+00
1.949219991205854985e-01
-8.111085716395087797e-01
3.911499448821142977e-01
6.159988233756326370e-02
2.053298781720556410e-01
-8.026607904736015042e-01
-1.000067366563664795e+00
-8.004726677839523186e-01
-1.000037722119344608e+00
1.000071197350645757e+00
1.000098521681613395e+00
-8.039168256019952885e-01
-3.249190508178338432e-01
-2.640885083156631341e-02
-7.973741845169898257e-01
1.000009502459491273e+00
-6.002767028988065245e-01
1.000743835444178054e-01
-9.999933465716815961e-01
3.825434459601912418e-01
1.988365367475853074e-01
9.999939457642152973e-01
-6.000357597218257677e-01
-5.999963590411090397e-01
-3.375325295190002572e-01
9.997837129670846812e-01
9.993643958194538268e-02
9.999281365914003405e-01
1.000028023671611921e+00
-1.000057465188965988e+00
3.929579466063125026e-01
1.001508869452627792e-01
3.903900092215349393e-01
9.996430728759360396e-02
-5.902093049442797001e-02
-1.637322318731983944e-02
1.897598982992427519e-01
3.928339150508448618e-01
-8.004292574966741514e-01
-5.999367999226641324e-01
3.939638520913476549e-01
9.999629059713750490e-01
5.595920217190952090e-02
-7.898742267254919014e-01
4.027479774704691984e-01
-6.294973039242031387e-02
2.067705095219138089e-01
-9.999462457177964447e-01
-2.975076570402148679e-01
4.018638931226373168e-01
1.887350799166262472e-01
-4.727360867456498195e-02
1.000148440624608392e+00
9.999453095374485345e-01
9.998759933181812221e-01
9.992770596123866367e-02
-7.467792097879426272e-02
-9.998599927778413221e-01
-3.866389033146409582e-01
-3.725459947617859591e-01
1.000009704619670980e+00
-8.149808548649679629e-01
-7.843295524801715546e-01
-6.001103182233471500e-01
-2.814468013133054058e-01
-9.999947947866442144e-01
1.985105813932483976e-01
1.001016106512160192e-01
-6.000151221388785316e-01
-4.404071394783663773e-02
9.999191992329854450e-01
2.043334460685383713e-01
1.859279602520378383e-01
-7.135695040898609428e-04
-3.542729620684348379e-01
-3.566850060120317911e-01
-4.418569620376347484e-01
4.051555892055312968e-01
-2.920570642252699467e-01
9.999352494931079693e-01
1.000289262596715911e+00
-2.377144158648977768e-02
1.923037773143150553e-01
2.117243090554985496e-01
-2.478612838187872064e-02
-2.360968804545393041e-01
-5.999140361206537486e-01
-9.998934768059539735e-01
2.081812785096544549e-01
3.096304686751391588e-02
