-6.000678795574980740e-01
-6.000588783918817670e-01
9.999845532114609581e-01
1.945207392429926241e-02
-9.999859791474237092e-01
-8.072394295928508878e-01
-5.999278611215418389e-01
1.682937199095639602e-02
-7.797872294869069298e-01
-2.603411637689050373e-01
1.001576410512473314e-01
-9.999408500723341309e-01
1.929536456333181826e-01
-2.786232297342236194e-02
1.920376124222951120e-01
3.883174037826304659e-01
-8.188082304133013911e-02
-1.000052877480094082e+00
1.760931035206366735e-01
-4.764101758170571910e-02
4.156187713079921853e-01
4.141475038646366125e-01
-2.784172436849252086e-01
-8.027044378758484422e-01
-9.999979780451360156e-01
4.016800546737568922e-01
-2.214700180946618802e-01
-5.999252208038583500e-01
-2.699105813345721305e-01
1.000275478286259956e-01
-1.000219334769973933e+00
-7.949167949985321835e-01
-7.973167670448676470e-01
-1.000050411310248411e+00
1.420602628908166146e-02
1.000072153084268223e+00
-9.998914599740945652e-01
1.000137306424565997e+00
3.950413932219517532e-01
-5.998916551800377306e-01
1.000079162840272540e+00
-8.138189321669418996e-01
-2.657249049047585299e-01
9.978063014250300455e-02
-2.705472892878044711e-01
4.077335423130409309e-01
9.998602744392788566e-02
9.999828335477260743e-02
9.994448149783836943e-02
2.041935228016026060e-01
-1.000042274800234221e+00
-7.981736523314246767e-01
4.095883269279907424e-01
3.965596013112220874e-01
-2.268424262906078015e-01
-1.000069347244427309e+00
-8.209498111484757610e-01
3.941614599198852154e-01
-3.239520155125880096e-02
-1.000014214532618517e+00
1.740657104058710922e-02
3.887508127720731288e-01
-1.000064325066525761e+00
-3.050534348341938928e-01
-9.999223911697748823e-01
9.968449864753735346e-02
-1.000052982478823571e+00
8.469764813467235698e-03
-8.032874192369605648e-01
3.947380794982078833e-01
-5.998955228725690869e-01
-2.475287153676960505e-01
9.980299874246527370e-02
-8.422396107341129437e-03
1.868170122944638467e-01
1.001453692480334806e-01
1.848682605034941695e-01
1.000113594658768923e+00
2.406562416273225202e-02
-8.046939555871936989e-01
4.009037022851688059e-01
4.080095972183852560e-01
2.000250977394978646e-01
2.037221946237772197e-01
1.000156543251800034e+00
3.933372450297283329e-01
-9.999425225689145824e-01
-5.999697557910800283e-01
-9.997603078760352036e-01
-1.293743703142375204e-02
-9.999681912842975917e-01
9.985719381911749293e-02
1.001091039936375382e-01
-6.000642844134543852e-01
4.449025871498141910e-02
-7.998301838374515249e-01
-8.124366620426585195e-01
-2.494251100551067302e-01
3.924787529347908976e-01
-3.043657562776059256e-01
4.043623621043931915e-01
-7.979250250817748746e-01
-3.142253919535666906e-01
1.000939098428287877e-01
1.000000353081795246e-01
1.000191631912416002e+00
-3.110096981555212844e-02
3.842892689021270014e-01
9.976074814138402580e-02
-2.748563942651259806e-01
2.128047088458500102e-01
-2.773629439254490792e-01
-6.001024115241545553e-01
1.000114851913183500e+00
4.096633658054613658e-01
2.035923102048356748e-01
1.000240008151293963e-01
1.000092591562747213e+00
-9.999942097811401753e-01
3.994187514484058288e-01
9.998982586692166663e-01
3.990517889329575629e-01
9.986905537285048484e-02
3.858597207049353495e-01
-5.999020631480822541e-01
4.050651578388518304e-01
-2.712555781402284372e-01
3.973857426725507236e-01
1.000040244837967274e+00
9.999993402872298098e-01
1.000509421522014497e-01
2.103339665837958838e-01
3.883445912817690138e-01
-8.117174221531603395e-01
1.000541484605174392e-01
1.000018627960087336e+00
1.000035013908641579e+00
-1.000095302776060846e+00
-5.999535907520280320e-01
4.005776286624425642e-01
-2.034560799867271563e-02
4.028823919393155761e-01
9.987705749996660110e-02
4.086362753134353265e-01
4.488267733537861653e-02
-2.934465314485421028e-01
-6.000576525976585307e-01
1.974181644296445493e-01
1.000206537238107929e+00
-1.000160262631131891e+00
-8.068360203973655720e-01
1.000027053306146163e+00
3.972242595613271199e-01
-5.999908313985780062e-01
1.000292433598397035e-01
4.158445625719510430e-02
-2.171915493204289449e-01
-7.914378874434137012e-01
1.858620788709337557e-01
9.997108529073402139e-02
9.999569790494525767e-01
2.146893425949226997e-01
2.196362163662856359e-01
-3.084827970297143729e-01
-1.000086019223812128e+00
8.780338044536162029e-04
4.196977125683724608e-01
-8.114965935399699459e-01
1.917410381683206377e-01
1.000113383850885995e+00
-7.903484334594869098e-01
-5.999495958287736075e-01
-9.999300269628939031e-01
-3.988408181065959679e-02
-2.369744582593860671e-01
-6.000413117594503021e-01
-7.717967321850820184e-02
1.787068732995775733e-01
-9.998485461034452015e-01
9.999975244098153748e-01
-8.030833554314715794e-01
4.045626081217170711e-01
-2.490683609879393301e-01
1.000073812368878379e+00
-1.000133020962554298e+00
-1.744785249274920236e-02
2.020104344803664298e-01
1.001009688563383182e-01
-8.043242880800619554e-01
-2.385109807603769949e-01
3.902881363425789434e-03
-3.252857605929437845e-01
1.984799202435968968e-01
-3.130513066206239148e-02
-5.998714369358947307e-01
-6.000858893407233774e-01
3.929865072636423151e-01
9.999831343421898833e-01
1.001027500914813823e-01
-2.987819331789567379e-01
1.854359532049324466e-01
9.987728616585153651e-02
1.000588495344776757e-01
-8.016518900557441096e-01
-6.000438507563000679e-01
-6.000254562739478770e-01
1.000034277423405449e+00
-5.999454213119861379e-01
-5.999600946034230331e-01
9.999829436357329238e-01
1.966495013380881451e-01
-7.938370168742633348e-01
3.924949717901078938e-01
-4.985307397264239319e-03
2.028270427102279450e-01
-8.032871043770802855e-01
-9.999936503927232545e-01
-8.020520614675655802e-01
-1.000050755489409582e+00
9.999164448201469657e-01
1.000012402448497539e+00
-7.832419850972169861e-01
-2.968190238318397234e-01
5.068359572572470051e-02
-8.082493388476613694e-01
9.999670362202081053e-01
-6.000247040773870610e-01
1.000523192824974289e-01
-9.999912632669926138e-01
3.923058960796100281e-01
1.905269818762447831e-01
9.998751408711769040e-01
-6.000217849946822835e-01
-6.002425724093193304e-01
-3.121829777113465099e-01
1.000047359412661985e+00
9.999795990862563044e-02
1.000106975195742098e+00
9.999785493188987351e-01
-9.999744877448419889e-01
3.799778731611911375e-01
9.999318501198665998e-02
3.997702337423769681e-01
9.998273179284077050e-02
-5.739244496673445023e-02
-4.636338588120308968e-02
1.902989040912904384e-01
3.945326244163852580e-01
-8.022688128141814978e-01
-6.000202812741824987e-01
3.995883043133220958e-01
1.000076599563583857e+00
2.608236772690362970e-02
-8.170045497102771392e-01
4.014205803217409940e-01
3.234058860325410290e-02
2.139730236782649564e-01
-9.998568137050419802e-01
-3.882101597509012292e-01
3.907547177772788261e-01
2.124783979022431546e-01
1.887249491765744663e-02
1.000053940845121225e+00
1.000156163102968510e+00
9.998833603394948755e-01
1.000419387140977917e-01
1.441581082742670987e-02
-1.000063728883109349e+00
-3.022845212776015811e-01
-3.472594000387284052e-01
1.000146891382257985e+00
-8.016484845613309762e-01
-8.063706421836075444e-01
-6.000536137195557895e-01
-3.339855307752016556e-01
-9.999463106048734895e-01
2.051876350258030612e-01
9.991720398260317548e-02
-5.998562964666896979e-01
2.751719775047138661e-02
1.000012990230375820e+00
1.992276199404808823e-01
2.149471810323882459e-01
-4.443426229647520070e-02
-2.959938948431766192e-01
-1.512045163963679772e-01
-3.048981159433952204e-01
4.037817876078325652e-01
-2.822881536001412561e-01
9.999444147163890628e-01
9.999845825842154090e-01
-2.435088133832342960e-02
1.929790256799354120e-01
2.120361531946988176e-01
-9.230385117459938282e-02
-2.736154653635455847e-01
-5.999665067064510193e-01
-1.000099441504449516e+00
1.992808812296253951e-01
-3.684586128049602283e-02
