-6.001005215635824008e-01
-5.998527454398384640e-01
9.998719223877031714e-01
6.381264962968445642e-02
-1.000045948305352539e+00
-8.095407142354876795e-01
-5.999995506674339341e-01
9.711758723222101153e-03
-7.931545915132980351e-01
-1.730679900899429469e-01
1.000797146153776379e-01
-9.999136972436003523e-01
1.812479132216109345e-01
-9.332930456712199008e-03
1.854727706696737421e-01
3.964342793408690002e-01
-7.636189666680411048e-02
-9.999360724271006973e-01
2.035080082687132919e-01
2.780982781437678700e-02
4.199983615891891287e-01
4.190533156005741278e-01
-2.926763057614324981e-01
-8.027908887972871055e-01
-9.999748322021253522e-01
4.152526320475340982e-01
-3.543359032007794562e-01
-5.998144471732227423e-01
-3.493960875099757502e-01
1.001645436004875850e-01
-1.000106862550075526e+00
-7.993411682175645128e-01
-7.901496459220630486e-01
-1.000017437734229242e+00
1.172634194133248889e-02
1.000003790281983607e+00
-9.999968759331145929e-01
9.998667546945262385e-01
4.069751076828491687e-01
-5.999064216423360962e-01
1.000065352161899179e+00
-7.946123223188994444e-01
-3.518045808601503177e-01
9.997884506466235555e-02
-3.044692590924009123e-01
4.050941118660785212e-01
1.000541570843245381e-01
1.000929820429452416e-01
9.995279867959770692e-02
1.900601870891218681e-01
-9.999410115487545880e-01
-8.028388943693235413e-01
4.014211701472752969e-01
3.867481144817150329e-01
-2.148719342119715658e-01
-1.000035951958597735e+00
-8.121892857641900276e-01
3.834981334935832487e-01
-6.150324578585755764e-02
-1.000137215510544131e+00
2.397313631530957612e-02
3.946491331408928938e-01
-9.999465759455179459e-01
-2.104140874991175525e-01
-1.000032366233885028e+00
1.001527982457389859e-01
-1.000048228672807848e+00
-9.723000404943910047e-02
-7.816131857198421740e-01
4.105931604006730629e-01
-6.000988811578233939e-01
-3.116508681223602584e-01
1.000876827839613376e-01
7.511921855007712596e-03
1.925490421183074230e-01
9.994605820393549778e-02
2.064352440284915602e-01
9.999555512668528712e-01
-6.744760552642418971e-02
-7.982339946243309781e-01
3.958393266886856554e-01
3.902551663990243003e-01
2.045570749271876099e-01
1.976236939422935379e-01
1.000035881311351016e+00
4.072454266563706460e-01
-9.999419772436388687e-01
-5.998781852399258652e-01
-1.000031380164550177e+00
3.757302458298814041e-02
-1.000162261528212415e+00
9.989955993617033458e-02
1.000569576125835691e-01
-5.999625829967190072e-01
-1.566288925160394530e-02
-7.950824079641647391e-01
-7.948608204628171414e-01
-2.768659451185305209e-01
4.016138542397348354e-01
-3.824968802507884291e-01
3.954955505033997398e-01
-7.911509214350320729e-01
-2.463542970180968017e-01
9.999699091614301649e-02
9.997224729957206180e-02
9.999579792221278129e-01
-2.151714107754927260e-02
3.986871337195499465e-01
1.001069572300398447e-01
-3.176267787502216056e-01
1.942165823569962924e-01
-3.330137339640903416e-01
-5.997779179761159041e-01
1.000211137729769328e+00
4.010033709731005147e-01
2.078479599173131409e-01
1.001057756361779794e-01
9.999821179485725020e-01
-1.000125121728630218e+00
4.110934881667089313e-01
1.000118756549283061e+00
3.962060276911276158e-01
9.991343533160518264e-02
3.961915129461868190e-01
-6.000413379658767754e-01
3.973154193518756983e-01
-3.954198510182364568e-01
3.826710993314294540e-01
9.998531028225394746e-01
1.000068612286093561e+00
9.994277579089766439e-02
1.798090154137052532e-01
4.168456110239997514e-01
-7.896634867250198475e-01
9.987398603913054396e-02
1.000045395894630706e+00
1.000149677706318796e+00
-1.000027585029515720e+00
-5.999334670332601149e-01
4.095911313022245204e-01
-5.459857586782650499e-03
4.141899282153357342e-01
1.000150876717983972e-01
3.923115312748607364e-01
4.232863794145686615e-03
-2.495523483195504211e-01
-5.999214237121184290e-01
1.993749211296409474e-01
1.000043409464814514e+00
-9.999887614263306412e-01
-7.998175055609361150e-01
1.000024961131608991e+00
3.950299062442890752e-01
-5.998929331974136581e-01
9.992197175967691691e-02
2.724468901730757453e-02
-2.537907993182571542e-01
-7.928549669020885649e-01
2.064119617378744331e-01
1.000032871938954515e-01
1.000001723478937343e+00
1.988523772215537166e-01
2.008108093467383670e-01
-2.469321389883680773e-01
-1.000029171219129376e+00
-8.354121165305992969e-02
4.057030655769748306e-01
-8.085070137850007832e-01
1.893880370929018064e-01
1.000036970685240556e+00
-7.797162724102993936e-01
-6.000145311404526671e-01
-9.999439352326724428e-01
-5.108310054239653675e-02
-2.476042791022363410e-01
-6.000396737386258783e-01
1.039706230282018765e-02
1.925950852890449816e-01
-9.999980106723670437e-01
1.000029592675785395e+00
-8.017268247272846260e-01
4.174068000709733051e-01
-2.369257697374517191e-01
1.000103410750705635e+00
-9.998977609956545276e-01
-9.359801825707041861e-03
2.023854945413857409e-01
9.999409482258198034e-02
-7.987898599316620718e-01
-3.653582341226254138e-01
-6.742120993587948086e-02
-3.211866285819788835e-01
1.853734598268253764e-01
-4.055809964384653882e-02
-5.996867073599003728e-01
-6.001839950527197987e-01
3.929397996309578756e-01
1.000038214999250830e+00
1.000013840688180472e-01
-3.362883653338740175e-01
2.124341288216942680e-01
1.000252777719469743e-01
1.001059507898099665e-01
-7.919448588520767718e-01
-5.999224365286801586e-01
-5.999674623789251759e-01
9.998166824916605577e-01
-6.000024967830315248e-01
-5.999608465171372140e-01
1.000101875238323945e+00
1.956414796237687659e-01
-7.938077389705906484e-01
3.970011713480914861e-01
-3.208246716013726102e-02
1.979787814486310693e-01
-8.037605020639075892e-01
-9.999917983881262407e-01
-7.927802702734041418e-01
-9.999072515272680040e-01
9.999822366691668574e-01
9.998714132503508933e-01
-8.062775555177454923e-01
-3.431802783846483740e-01
-4.132270205157847348e-02
-8.023055872432411917e-01
9.998283710225999155e-01
-5.999560068430861426e-01
9.980295571269245936e-02
-1.000025779582899954e+00
3.939966487957666796e-01
2.190057768960202988e-01
9.998661201719469815e-01
-6.000207250737488174e-01
-6.000540894757900867e-01
-2.675451880565429819e-01
1.000039305869118378e+00
1.000338241414158863e-01
1.000220518201327735e+00
1.000092207234638542e+00
-1.000088383071207954e+00
3.861874041570218519e-01
9.991024676490410650e-02
4.005541347873364799e-01
9.994271088963913030e-02
-5.793678779912861398e-02
1.833488937188955392e-02
1.963597018219845058e-01
3.994747961917953782e-01
-8.126688349199279182e-01
-5.999070778290812589e-01
3.837582907374761931e-01
1.000013478883316154e+00
-2.361281867911714516e-02
-8.191432917873422426e-01
4.069892907735845888e-01
1.098317214717172037e-02
1.954229259331917434e-01
-1.000009285130599723e+00
-2.741491046627150818e-01
4.130078842889199908e-01
2.040750826120376615e-01
-5.930735542693403584e-03
1.000144392512917868e+00
9.997732372417850177e-01
9.999214307833653725e-01
9.991544668964422171e-02
6.450106225772050082e-03
-1.000007977352581179e+00
-3.162740399542888214e-01
-3.360553925145879917e-01
1.000108004432861852e+00
-7.934379901265793400e-01
-8.042494703142610835e-01
-5.999877202142999133e-01
-2.671550556594850523e-01
-1.000017854712589305e+00
2.062721118977300372e-01
1.000648021256344833e-01
-5.999714671276971112e-01
1.076597773611746023e-01
9.999504456306841371e-01
1.981535675225222226e-01
1.936302220539447005e-01
2.050285818586326803e-02
-2.505695192358056156e-01
-2.925013586568506185e-01
-2.632170473644701580e-01
3.928265347005042707e-01
-2.897083995862580474e-01
9.999424743419896844e-01
1.000037904707644865e+00
-2.205900656808006816e-02
2.096692943620011573e-01
1.994549897887671897e-01
-5.708893746195943183e-03
-2.759098777996678020e-01
-5.999096964744504712e-01
-1.000071727965791357e+00
1.924628736237796178e-01
6.359608705098306058e-02
