-5.999721911141642217e-01
-6.000513758628538419e-01
1.000033694413304364e+00
4.136519771888119701e-02
-1.000136992936114577e+00
-8.068202726854417639e-01
-5.999773441443483346e-01
-1.906068325243191752e-02
-7.991463493437085397e-01
-2.881238721308397865e-01
1.000423051923540474e-01
-1.000210970548209621e+00
1.891930066201491234e-01
6.078538452762701980e-03
2.075501418555287525e-01
4.149394075432163431e-01
-7.120119000901224682e-02
-9.997195229851773002e-01
2.058776535484481973e-01
3.993627567274056489e-02
4.096955665277964287e-01
4.014174420676859811e-01
-2.383730342422950288e-01
-8.048652739553751045e-01
-9.998975572229098496e-01
4.034889558592237302e-01
-2.966751066845823015e-01
-6.001380749742158960e-01
-2.417038003387788625e-01
1.000703361838658489e-01
-1.000064071237630747e+00
-8.013696566197423543e-01
-7.970755844554051617e-01
-1.000095553148061089e+00
-3.612511855391811050e-02
1.000147000933592434e+00
-9.999253941256532885e-01
9.999624348562944354e-01
3.943162344676421349e-01
-5.999953808777197528e-01
1.000141695569391809e+00
-8.000771778318447325e-01
-3.127146383282437547e-01
1.001083687748616224e-01
-2.612801092297279970e-01
3.968432963188605056e-01
1.000357875081715059e-01
9.997082098961625196e-02
9.999702770168510113e-02
2.089058983598663932e-01
-1.000154357990877374e+00
-7.861107635943710426e-01
4.006707329646913007e-01
3.801933977753407801e-01
-2.901755006791225666e-01
-1.000019091351963096e+00
-8.099362929127054134e-01
4.248758576445185176e-01
-1.028314610812455232e-01
-9.998997550976447268e-01
-2.181767732531009196e-02
3.950274989494991784e-01
-9.999908997644467723e-01
-3.974268475580608473e-01
-9.999449563829102550e-01
9.991183541479679853e-02
-1.000012328963900909e+00
5.753477763204948442e-02
-8.005344819191360095e-01
3.933828423058426949e-01
-6.000959968848246229e-01
-2.959832830594195663e-01
1.000103350827510756e-01
-9.927550264549481543e-03
1.942856157550608975e-01
9.999854046265105323e-02
1.883661026718866371e-01
9.998841984264811300e-01
8.020238293718059963e-02
-7.810793692204888172e-01
4.004282915003081200e-01
3.934782460864730269e-01
2.158639675080663844e-01
1.945954757330268792e-01
1.000193706318155407e+00
4.126552951719797413e-01
-9.999432470389719718e-01
-5.999803015666000938e-01
-1.000151076179206289e+00
-9.150221118987322821e-02
-9.999844923640635042e-01
9.987628035115778125e-02
1.000105274434379132e-01
-6.000634952908779907e-01
3.952777590013318437e-02
-8.126038184877540926e-01
-7.847735411954477325e-01
-2.682844666097759512e-01
3.791041392632614748e-01
-2.202717195694402497e-01
4.126741322668204814e-01
-8.112368697993611599e-01
-2.750533094124648081e-01
1.000248423330706293e-01
1.001666219206189673e-01
1.000091996552425311e+00
1.064081729382234352e-02
4.010685561580728531e-01
9.981803357686901135e-02
-3.295555268391557879e-01
2.012279502637087936e-01
-3.033294073999588947e-01
-5.999626010051518632e-01
9.999802059717061153e-01
4.009496726140669987e-01
2.019358771408616415e-01
1.001300393409319672e-01
9.998744943044248767e-01
-9.999674298411580509e-01
4.113923360046914390e-01
9.998544798382091869e-01
3.949155966960563591e-01
9.998482184184873112e-02
3.738476458264674007e-01
-5.999198084099366390e-01
3.917460050456773590e-01
-3.768681886962069183e-01
3.922311177406553884e-01
9.998835019619592979e-01
1.000127063003611427e+00
1.001160864150574675e-01
2.041282753462102251e-01
3.944461992111221171e-01
-8.037950347670318463e-01
1.000638177840359883e-01
9.999069004540876993e-01
9.999123464356040047e-01
-1.000135562929924227e+00
-5.998592697657425532e-01
3.957024668151626345e-01
-4.995423654343025821e-02
3.923062588985087862e-01
9.987944882648849831e-02
4.027433315164991035e-01
1.428315099414491189e-02
-2.533820252516923999e-01
-6.001166417211085680e-01
2.047685512043861955e-01
9.998785387932908053e-01
-9.999460241909987612e-01
-8.174334648904580947e-01
1.000004188139810735e+00
4.191841320795608450e-01
-6.000322876886281520e-01
9.995933288456691768e-02
-8.868144433125799142e-02
-2.610758550359327246e-01
-8.006668332608922745e-01
1.971568930327301794e-01
9.988794557546314123e-02
1.000043012707497070e+00
2.062455308687318190e-01
1.951603998086020586e-01
-4.015786066848004432e-01
-9.999052229935112557e-01
3.286072410690024648e-02
4.075300509242478775e-01
-8.007430650712982212e-01
2.091245407836727632e-01
9.999703283486683913e-01
-8.041154127048181222e-01
-5.999767634519406201e-01
-9.999245707200614675e-01
-6.386659085004237069e-02
-2.785375394077538314e-01
-5.999327435282324483e-01
5.461592884049624314e-02
1.935306276419205551e-01
-9.999287595710925070e-01
1.000120502718313542e+00
-8.047607170772786978e-01
3.842280536003044866e-01
-3.177432706030006715e-01
1.000216702659709078e+00
-1.000011742111897917e+00
-5.325752836545116775e-02
2.072428659808583096e-01
1.000085223771185056e-01
-7.949835158713307592e-01
-2.944513083184706059e-01
-9.452653190561992325e-02
-3.423688673542100713e-01
2.033119439010251939e-01
-6.495088845238551232e-04
-6.000586455104469641e-01
-5.999476035839655941e-01
3.984341472790737249e-01
9.998943801383545216e-01
1.000882162949763010e-01
-3.333656928431228961e-01
1.786822798416998759e-01
9.998709811829288585e-02
9.997741735973159072e-02
-7.940535895003340006e-01
-5.999395809259615575e-01
-6.000887491189518252e-01
9.999247062623779492e-01
-6.000646035253576205e-01
-5.999543536413398659e-01
1.000033013929567227e+00
2.018291458905792091e-01
-7.963273095611504981e-01
3.998167683608602196e-01
1.161768675152892623e-02
1.999839813429202529e-01
-7.902298091423805015e-01
-1.000133701649153384e+00
-7.791925493819520376e-01
-1.000132555783302957e+00
9.999764677409802571e-01
1.000009538254297281e+00
-8.012297113910017421e-01
-3.673128159168959628e-01
5.894801119007409690e-03
-8.057302834743047537e-01
9.999467825026807644e-01
-5.999455963813428161e-01
1.000855013869795807e-01
-9.999319412178805377e-01
3.901259930840086931e-01
1.882896300521303690e-01
1.000063561946905377e+00
-5.999741265225259079e-01
-5.997834362593009727e-01
-3.028382311951143269e-01
9.999685599811581893e-01
1.000365191504985207e-01
9.999521161832765070e-01
9.999273414446246955e-01
-9.999259701417414492e-01
3.994197223320436474e-01
9.998814347114114154e-02
4.112023639257286201e-01
1.000289385470750220e-01
-5.512684507846134230e-02
6.271117933608107153e-02
1.930272622579317643e-01
4.012252312619819516e-01
-7.951819611933108600e-01
-5.999859647543993590e-01
4.032971537951132723e-01
1.000113913959779444e+00
-1.033171127335955237e-02
-8.051016774474144544e-01
3.979451138268875754e-01
6.458688227587097708e-02
1.988256412169502607e-01
-9.999714157856179897e-01
-2.692850780468034610e-01
4.094970091956328662e-01
2.003137876586438826e-01
5.350139601552814095e-02
9.998617595617129705e-01
9.999086823570959570e-01
9.999572463388773924e-01
1.000317071207916658e-01
1.751250141569623761e-02
-1.000068392539632756e+00
-3.823850616043857897e-01
-2.777988578784627016e-01
9.998345308998815018e-01
-7.922478572846465283e-01
-7.938649512894143667e-01
-6.000406842603219770e-01
-3.496329257830060322e-01
-9.999571430580500575e-01
2.096589999425295392e-01
9.999487297492511140e-02
-5.999254969270916282e-01
2.775356639966285524e-02
1.000115720256654628e+00
2.141968682861564166e-01
2.047057992505798008e-01
1.517692687768043037e-02
-3.102500065112902550e-01
-3.076899704085277465e-01
-2.843226861595135047e-01
3.828996008388773631e-01
-3.195235359751700810e-01
9.999563463258605012e-01
1.000066097655229136e+00
-1.006023591832029378e-02
2.014396483244601799e-01
2.056526983865698543e-01
2.451682041460223963e-02
-2.820532019249173961e-01
-6.000439942596258458e-01
-1.000004993067237891e+00
2.066446443923653786e-01
3.529472583314355316e-02
