-5.999011623101401236e-01
-5.999963406833607182e-01
9.999901690159523904e-01
-7.124515467404712865e-02
-9.999766350436597451e-01
-8.127115345227767795e-01
-5.998710430100624436e-01
1.392145693360527514e-02
-8.016630811096503439e-01
-3.498225953480793016e-01
1.000671638825129939e-01
-1.000004666819019672e+00
1.816671579963976269e-01
9.816452142216674018e-03
1.988351204642420378e-01
4.023393265576811761e-01
-3.676557795110623611e-02
-9.999340385499871919e-01
2.078696640451216382e-01
1.961883111517481390e-02
3.955277637437410454e-01
4.094214637112938981e-01
-2.788543054974923496e-01
-8.172175276196796956e-01
-1.000011906690287500e+00
3.946102761118729374e-01
-3.194625683522974713e-01
-6.001037618456965816e-01
-2.415328558935283809e-01
1.000269903438518598e-01
-9.999405180011337047e-01
-7.850844939239178810e-01
-7.989192468170347450e-01
-1.000022022733188631e+00
-1.007318802005798403e-01
1.000069494836109962e+00
-1.000004435375900780e+00
1.000080083725335189e+00
4.046285081742092005e-01
-6.001425997726619332e-01
1.000089127608444928e+00
-7.860003543617877231e-01
-3.292985662653746814e-01
1.000172867361785595e-01
-2.890878582961111110e-01
4.015631024387490977e-01
1.001101819216967531e-01
9.994633347445042171e-02
1.000169545837771429e-01
2.111885364196783577e-01
-1.000088874743698453e+00
-8.159551576524202154e-01
4.000652891256220589e-01
4.030036110044507569e-01
-2.767658600663774893e-01
-1.000141835828469272e+00
-8.090600773409696300e-01
4.100840896482200737e-01
3.328658930097378593e-02
-1.000089606740591552e+00
4.315493833505334997e-02
3.934324874383631210e-01
-9.999358736657575353e-01
-2.242941382746348189e-01
-9.999347469497024132e-01
9.997488259914827369e-02
-9.998625869309955005e-01
-1.989669319458690910e-02
-8.009334970168424661e-01
3.938921097134883698e-01
-6.000185570087843701e-01
-3.134723614957827253e-01
9.991558938807819368e-02
-6.896420018850688699e-03
1.891642309530765509e-01
1.000681189788373421e-01
1.953420953657505343e-01
1.000160655021855582e+00
6.647573758467338612e-02
-8.080906784169991086e-01
3.928926505361045041e-01
3.779981337864794511e-01
1.989922423272881546e-01
1.994072587745762681e-01
1.000119798725072728e+00
4.158365169585296894e-01
-9.999356829954367809e-01
-5.999970245968474503e-01
-1.000197263450341545e+00
2.942745849972475125e-02
-9.999776087364955490e-01
9.996459294742834900e-02
1.000175986500772274e-01
-6.000845936496899125e-01
-5.919130786136167499e-02
-8.016111714685311140e-01
-8.100130437050564458e-01
-2.865536662658952904e-01
4.063738280055387841e-01
-2.441192871739452097e-01
4.007182144269864632e-01
-8.086258981586532668e-01
-4.512068935788079993e-01
9.981515280672316470e-02
9.993971071835276720e-02
9.999906870040763396e-01
2.415896851206193394e-02
4.103721008139789572e-01
1.000228690054963121e-01
-2.936463740556030100e-01
1.988513715652130975e-01
-2.650384337715906424e-01
-6.001355084368426018e-01
9.998686323630554540e-01
3.962767788942185843e-01
2.061112930325350312e-01
9.996788370972001236e-02
1.000129619080758259e+00
-1.000085616828972013e+00
3.914905990727329255e-01
9.999792069152552143e-01
4.080927735970985570e-01
1.000269572007596308e-01
3.886278059280589003e-01
-5.999466241211772743e-01
4.072403559686205154e-01
-1.972546680164004029e-01
4.071495654350905102e-01
1.000009129680216713e+00
9.998901947891819519e-01
1.000660998668787133e-01
1.933082907559099117e-01
4.019349732286496280e-01
-8.061424517958667435e-01
9.989699931598740312e-02
9.999491012089848363e-01
9.999483035289846722e-01
-1.000132725232655062e+00
-5.997011704055755787e-01
4.102149940927236615e-01
-1.810806129367325754e-02
4.194487957609762119e-01
1.000345747069346647e-01
3.919522716259660755e-01
3.250854071697636396e-04
-3.105892685224527772e-01
-5.999520664975772632e-01
2.045787126717720783e-01
9.998069766077728460e-01
-9.998101867561961509e-01
-8.015857928160642354e-01
1.000170364837766890e+00
3.861300104682879875e-01
-6.001486573889597276e-01
1.000423871607328541e-01
3.135130670031060357e-02
-3.300707297899413972e-01
-7.866348018068251013e-01
2.154418895968454317e-01
1.000838604131803478e-01
9.998178318940301734e-01
2.011589399388834243e-01
2.072582969743284598e-01
-3.607979878966535159e-01
-1.000095645983858583e+00
-4.508420651060521256e-02
4.045986948360557056e-01
-7.830421586725141436e-01
2.059833624680670328e-01
9.998729834454777032e-01
-7.902170700858397456e-01
-5.999933348103626551e-01
-1.000248024679821546e+00
5.128855525635546246e-03
-3.275537183013051967e-01
-5.996935779923339149e-01
-4.056031635381984746e-02
2.181213637503314762e-01
-1.000037494308334551e+00
1.000067310264125764e+00
-8.034221411434754323e-01
4.117872294314721127e-01
-3.154449671718957404e-01
9.997704329057983674e-01
-9.999318084991611899e-01
-8.029199665006353515e-02
2.030522345030686404e-01
9.997446300435756938e-02
-8.096244475580165467e-01
-2.243031496859804186e-01
2.996011684856461632e-02
-3.525799553601266512e-01
2.092992537230010941e-01
-5.798010035041111648e-02
-5.999141716366340749e-01
-5.998072175375636084e-01
4.097472405459482991e-01
1.000004334156460173e+00
9.993426943734956547e-02
-3.087978469842957430e-01
2.156461821710372595e-01
9.992292417727954845e-02
9.998024082727662021e-02
-8.071854885523731538e-01
-6.000994138827941971e-01
-6.000760062688494934e-01
9.998954499661506512e-01
-6.000276388320768817e-01
-5.999813276779958349e-01
1.000151757121942708e+00
2.017601487612153688e-01
-8.045443041490901726e-01
4.006703548214077815e-01
-3.358339872504553097e-02
1.884635937580652343e-01
-7.986610903031523545e-01
-1.000221918020179901e+00
-8.077140811988854363e-01
-1.000024635804765527e+00
1.000017235712891583e+00
1.000010373566806443e+00
-8.134668281306206561e-01
-2.284781236765254242e-01
1.766084674521332595e-02
-7.909934629588079025e-01
9.999873288946808936e-01
-5.998049687182442913e-01
9.992197011252677841e-02
-9.999652448003144567e-01
3.993489288345433708e-01
2.133041167773135072e-01
1.000135850072188415e+00
-6.001054638412854914e-01
-5.999900213650364300e-01
-2.204651682266002277e-01
1.000028230279539576e+00
9.996861788421260164e-02
1.000114237945047835e+00
1.000008066671951967e+00
-1.000135575502691276e+00
3.918335552300998836e-01
1.001968861361230978e-01
3.968600892378679745e-01
9.988225730226761578e-02
2.467712943277222681e-02
-7.201829140108804983e-02
1.923998104320371605e-01
3.993568091211394111e-01
-8.006661285681732076e-01
-5.999025709374291582e-01
3.995184631989946999e-01
9.997379362361931143e-01
-9.634447496882213302e-03
-8.084730440074946456e-01
3.905254044110790801e-01
1.105345843517351566e-02
2.132428593754538415e-01
-9.999245003246743924e-01
-2.304118429281022951e-01
3.938941005884697977e-01
2.047003685101186632e-01
-5.886585324928687163e-02
1.000016850386650002e+00
1.000077407366738447e+00
1.000134262137885699e+00
9.985933642810793098e-02
1.213370425842127676e-01
-9.998373366846617927e-01
-3.020150951567601161e-01
-3.077009880519979146e-01
9.999585615762864865e-01
-8.008532325553431308e-01
-7.899035442616456626e-01
-5.998936383939719175e-01
-3.994311815130247023e-01
-9.999225926000560039e-01
2.021025152950319814e-01
9.987251153387630143e-02
-5.999080299020870255e-01
-1.770245988569314408e-02
9.998263418948777348e-01
2.012454690627455689e-01
1.952057082027336965e-01
-2.797155775364754127e-02
-3.922813981706154141e-01
-3.124093924236280850e-01
-2.257184749284085190e-01
4.108432199794527229e-01
-2.468627780747668365e-01
1.000012037758948313e+00
9.999421780273198834e-01
-9.982986269309808425e-02
1.979156192399220415e-01
1.949882762160538574e-01
-6.115023379802343728e-02
-2.877861331121069899e-01
-5.999094096234222073e-01
-1.000016632270018579e+00
1.952195741905668191e-01
5.329523284646266179e-02
