-5.999139480412750691e-01
-6.000481017268161077e-01
9.999883846762707140e-01
-5.502409423561299695e-02
-9.999080049595592268e-01
-8.197872595381964222e-01
-5.998270447178453146e-01
-1.393040442071491469e-02
-8.007282290742130382e-01
-3.440164293707378973e-01
1.000536294009658905e-01
-9.999698022512300000e-01
1.990850262916426250e-01
-6.272052298118845765e-03
2.242040381390116854e-01
4.214344610656491907e-01
7.324237026153800068e-02
-9.999783511311673978e-01
2.034182249777830298e-01
1.093634458963572108e-02
3.987219000650355505e-01
4.053715301730897447e-01
-3.099391257750742645e-01
-8.192603311200021832e-01
-1.000155169381406584e+00
4.049571091735924000e-01
-2.081376309159949645e-01
-5.999946480805395943e-01
-2.426372135887805426e-01
9.982834097249143612e-02
-9.999906338133086603e-01
-8.103409391904531356e-01
-8.154262356745171081e-01
-9.998728674041894582e-01
-1.591036666740745439e-02
1.000185590007139247e+00
-9.999471321130660728e-01
9.999093618643227765e-01
4.056142029789272518e-01
-5.998110388530031312e-01
9.998863092286027765e-01
-8.028467565422822139e-01
-3.703010273665229279e-01
9.996423319144305542e-02
-1.765951832717025383e-01
3.896136677251222369e-01
1.001306847210546580e-01
9.997655649902092989e-02
1.000121452457382321e-01
2.019352630975341512e-01
-1.000010193663114055e+00
-7.859559851534930752e-01
4.194475163263337580e-01
3.989151824990200268e-01
-2.957204664803823047e-01
-9.999917375435870559e-01
-7.902285382018107152e-01
4.057475590691014267e-01
-5.059722692808056588e-02
-9.999934568055856010e-01
-1.731600768568781340e-02
4.055881818365424940e-01
-9.999993966148256197e-01
-3.808201692860406218e-01
-9.999967013996406973e-01
9.991920209461373215e-02
-9.999588210408673072e-01
9.265830806678155770e-03
-8.032030608259899118e-01
3.852486766983149180e-01
-6.001023548842633337e-01
-2.843641781077415054e-01
9.990933830256612525e-02
4.316449449672171701e-02
2.091718246393037828e-01
1.000352330767651787e-01
2.188581373563099342e-01
1.000047108730259149e+00
-1.729581102823489480e-02
-7.927294782440807985e-01
4.038108442129328401e-01
4.080501815553277956e-01
1.916824268848633384e-01
2.001421187601213625e-01
1.000058273315452162e+00
4.033000612578449551e-01
-9.999881517279199938e-01
-6.000242850187827992e-01
-1.000150066558932682e+00
-1.472199013849586182e-03
-1.000096234594368694e+00
9.994499934227921156e-02
1.002382721543526589e-01
-5.999904653013679035e-01
4.935127210105598461e-02
-7.965470031418396823e-01
-7.827430313840929577e-01
-2.219019464954808396e-01
4.019130102456229814e-01
-2.663297105970475753e-01
3.901938074032534343e-01
-8.078641927324189398e-01
-3.247694299504423343e-01
1.000029536480310649e-01
9.997503708353018548e-02
1.000110580507517666e+00
-2.656476238797064390e-02
3.964782071102205263e-01
9.996225669740937958e-02
-3.009852119732662756e-01
2.157840812974324285e-01
-3.107941315969552365e-01
-5.999933170493025880e-01
9.999475786669554944e-01
4.162719628958190254e-01
2.086834600501463188e-01
1.001089854885287150e-01
1.000107990886904163e+00
-9.999381951668686597e-01
4.181154064191551778e-01
1.000095565424671928e+00
4.090603960780881954e-01
1.000643637177949935e-01
3.974527212549590627e-01
-6.000244554462140778e-01
3.936167992104226410e-01
-3.021391479584971118e-01
3.966056475517020785e-01
9.999541080751984667e-01
1.000139236776844243e+00
1.000119778375957447e-01
2.099634558944203921e-01
4.095439022036106436e-01
-8.005711127388067672e-01
9.992491802058696415e-02
1.000040181358359259e+00
9.999459274435932299e-01
-9.998675785371348157e-01
-6.001536626075378855e-01
3.978967516828446627e-01
3.656459480157796260e-02
3.936743220062980386e-01
1.000402242039131750e-01
4.057153748849969821e-01
-1.318948876879867151e-02
-2.980531277382110766e-01
-6.001849075945334677e-01
1.758701102572753916e-01
1.000039560106442682e+00
-9.999711924124369267e-01
-8.112096045922658760e-01
9.999657619503480310e-01
4.125132321014659542e-01
-6.000626217596978229e-01
1.000418858450370513e-01
-4.430605029873704165e-02
-3.229798771479747144e-01
-8.056857163787947140e-01
2.183891805074162640e-01
1.000923942044131265e-01
9.998039374111792332e-01
1.969357858294676078e-01
2.002199582355533858e-01
-3.635379781138340927e-01
-9.999045897232025082e-01
2.358664947306562606e-02
4.093421834200356435e-01
-8.039499486305012876e-01
1.733363370691145544e-01
1.000103624582986184e+00
-7.996488341794564247e-01
-5.999886436911304743e-01
-9.999927896223808066e-01
-5.250409925116857057e-02
-3.594198653799942633e-01
-6.001368375794366994e-01
-2.005994252954454785e-02
2.074339884072751716e-01
-1.000088956522039663e+00
9.998147003223988305e-01
-7.858565040909978316e-01
3.797609729062770834e-01
-3.040181370431616070e-01
9.999450256158975980e-01
-9.999211104699733399e-01
4.143662383402487576e-02
2.119006604133524263e-01
9.997240574503078736e-02
-7.973347224809652634e-01
-2.146894160384950623e-01
-3.638534240254606700e-02
-2.972493719581214000e-01
2.035586762796881000e-01
9.683081261572190623e-03
-5.999050682956680314e-01
-5.999525330983830340e-01
4.128201280585632182e-01
1.000225089138349288e+00
9.998027325687001976e-02
-2.620457809926600157e-01
2.141284768559226781e-01
1.000669496393232216e-01
9.999714123152662892e-02
-8.065158987423293180e-01
-6.000763498399208640e-01
-5.999548239728736965e-01
1.000065666104932305e+00
-5.999418863042828010e-01
-5.999469830789521119e-01
1.000146944914863889e+00
2.035581147785401335e-01
-8.119295037169840246e-01
4.162149155926078703e-01
2.889248574645413015e-02
2.024662190091919556e-01
-8.019381504582102638e-01
-9.998507796163940142e-01
-7.967181345127560821e-01
-9.997654644525331147e-01
9.999948112408015843e-01
9.999351522361705769e-01
-8.008220713072756736e-01
-2.908647360385927527e-01
1.522632619075890703e-02
-8.065033247095834135e-01
9.999464810812916937e-01
-5.999791085190442352e-01
9.980590631995753248e-02
-9.999524740790323163e-01
3.972755983223022480e-01
1.923637598640109969e-01
9.999933787307410116e-01
-6.001741131646601835e-01
-5.999650174338208020e-01
-2.777945572166765076e-01
1.000011020718538424e+00
9.992623403698609741e-02
9.998456470995593648e-01
9.999162453375763926e-01
-9.999372854477832639e-01
3.842116676840256484e-01
9.995079493237794821e-02
3.964069207329393718e-01
1.001256883666594016e-01
2.840732010491748422e-02
1.044267708506820685e-01
2.005066402845004925e-01
4.096455100292871743e-01
-8.246918948860025855e-01
-6.000071645770505002e-01
3.825562233805114842e-01
1.000018566124591946e+00
2.213626865502145435e-02
-7.837943188210326761e-01
4.040910227347063177e-01
-4.028949650125625975e-02
1.857749851543216701e-01
-9.998928503496584685e-01
-2.468266911709070810e-01
3.998732838634410092e-01
2.067009838320660875e-01
3.345719762749011644e-02
9.999599676712286334e-01
9.999239385836075078e-01
1.000233790686624324e+00
9.972714794122823634e-02
-6.764470704944179624e-02
-1.000008894210942634e+00
-3.274281006691404095e-01
-3.667348770150484771e-01
9.998343590527989377e-01
-8.023391658678793448e-01
-7.852838182487870133e-01
-6.001556074686258402e-01
-3.159639558500520473e-01
-9.998731635862565525e-01
2.073342683459764024e-01
9.986384113275723062e-02
-6.000026445180134393e-01
6.617894521666077556e-02
1.000005751148408617e+00
2.035530966021330268e-01
2.165262014595026041e-01
2.287543180651187974e-02
-2.762663708300767129e-01
-2.737602318521955014e-01
-2.754899086504437600e-01
3.867688410208815486e-01
-3.265970284096449960e-01
1.000084503765734212e+00
9.999213043866709283e-01
-3.736544062888708800e-02
2.210528282409536249e-01
1.885929726005929064e-01
4.551398563053099533e-02
-2.287196393510805281e-01
-6.001325230743834727e-01
-9.997950668992996448e-01
2.012965479644587830e-01
-1.202356933945492382e-02
