-6.000033670705086086e-01
-5.999526874170214574e-01
9.997786996142007387e-01
5.135040908388245270e-03
-1.000035937103165296e+00
-7.867363134529916646e-01
-6.000303112893395907e-01
2.808125933253196108e-02
-8.107991492807838929e-01
-2.522063653324469468e-01
9.996046885672943416e-02
-9.999158364249856046e-01
1.768396459343920257e-01
-8.347029809603605244e-02
1.923630288947621447e-01
3.975038539950639938e-01
3.850134513371260975e-02
-1.000029529460477073e+00
1.945031730538229753e-01
-2.673158805066003230e-02
4.099160817941760460e-01
4.046724423623417333e-01
-4.068450064666178645e-01
-7.887065064416626248e-01
-9.999852469984334968e-01
3.987604522832275955e-01
-2.784685327728427251e-01
-6.002161597459539921e-01
-3.341218924930816625e-01
1.001583190209935359e-01
-9.999496478014912038e-01
-7.892636845938745260e-01
-7.853460106547197617e-01
-9.999651650606773412e-01
4.519223553730117304e-02
9.998909485153544274e-01
-9.999219961312479921e-01
1.000055247848855799e+00
3.975824830216418415e-01
-5.999919260979197366e-01
9.999717420552404201e-01
-8.034800456149564507e-01
-3.174186788925465463e-01
9.987107403732335686e-02
-3.070755984001101169e-01
4.047587239821618388e-01
1.000312855838661752e-01
1.000992482458105542e-01
9.998068067545137771e-02
2.129870969959183347e-01
-1.000035586689067335e+00
-8.089568470043175807e-01
4.122984628130628160e-01
3.918454688799095642e-01
-2.677319610366858393e-01
-1.000077537272969774e+00
-8.077212116631729000e-01
4.165593979155854387e-01
5.760276132821293138e-02
-9.998049534321392651e-01
-1.042815611508315365e-01
4.061961281517933453e-01
-9.999770513806801597e-01
-2.820735020449497976e-01
-9.999696885356206266e-01
9.993947184500369396e-02
-1.000188054874534327e+00
-1.398423325404479084e-02
-7.886307708399942218e-01
3.992288297989204926e-01
-5.999870241810616456e-01
-3.143594424056234127e-01
1.001389016854002528e-01
-6.430358776792526043e-02
1.938445015621811374e-01
9.994754260583182948e-02
2.001728520590646543e-01
1.000023558678269087e+00
-5.913166340480838223e-02
-8.117785671162802696e-01
3.871202215434306204e-01
3.989169861947054474e-01
1.997522350096523625e-01
2.198301979428426700e-01
1.000016084243661618e+00
4.019813938921797947e-01
-9.998110623908648131e-01
-6.000445692451267243e-01
-9.999901376967833544e-01
1.415673330388717011e-02
-1.000123015439703389e+00
9.989163859450053695e-02
1.000232738942870708e-01
-5.999623062293382159e-01
-6.094969316260093195e-02
-7.971214565451373302e-01
-8.058667673878006088e-01
-3.070365448165014999e-01
3.945740248013568929e-01
-2.015569160989615916e-01
3.913701428229132695e-01
-7.897712596561748954e-01
-3.801631313043208893e-01
9.994728749712609994e-02
9.998462692887248593e-02
9.998904192574472605e-01
9.894185717688440407e-02
4.071939137637466399e-01
1.000855110391133951e-01
-3.314164779863769672e-01
1.932036403242062550e-01
-4.094228406408949583e-01
-6.001497072963571933e-01
1.000076071444925274e+00
4.042354207703103275e-01
1.906071319407850462e-01
1.000082092744384032e-01
1.000083480558174642e+00
-1.000078291057498125e+00
3.958326307099549468e-01
1.000113706682926207e+00
3.891234621400315730e-01
1.000291230828797839e-01
3.896226951594722876e-01
-5.999400935395570178e-01
4.071209400240003440e-01
-3.125263275293558296e-01
4.044329467203371942e-01
9.999606991918579268e-01
1.000050917648003690e+00
1.001702283967078472e-01
1.924802680421517920e-01
3.946588899692988761e-01
-8.240978315091758155e-01
9.984849588903364770e-02
1.000063888373647902e+00
1.000025361012259806e+00
-9.999674803814435631e-01
-5.997275486659762178e-01
3.981863371330943147e-01
-4.751826688453016784e-02
4.014641021373182017e-01
9.994904111110008982e-02
3.948136245066781180e-01
1.089273932981700034e-02
-2.496408494457253435e-01
-6.000011522332869829e-01
1.937168763783600756e-01
1.000013432369244004e+00
-1.000002975931236548e+00
-8.002634382381316192e-01
9.999460437725187223e-01
3.949922362238016960e-01
-6.002020086186303782e-01
1.000102281889902883e-01
8.974707911415935602e-02
-2.552383221027161864e-01
-7.910760489502067783e-01
1.909101529281748977e-01
1.000103693674127964e-01
1.000150073032441300e+00
1.805667803894383250e-01
2.021121161753480222e-01
-2.022355072529523901e-01
-1.000130428136178695e+00
-5.044003831461014997e-02
3.771815608842846168e-01
-7.936085387941510527e-01
1.981408078175544152e-01
1.000096891556789602e+00
-8.112446866154127134e-01
-5.998999152190296336e-01
-1.000038811210733236e+00
2.953415233226711067e-02
-3.288044316276238499e-01
-6.001132537002088485e-01
-7.251502288572966859e-02
1.850122031512391463e-01
-9.998592580651082251e-01
1.000167465820193557e+00
-8.107513083926254360e-01
3.991790944218294723e-01
-2.975024953107237025e-01
1.000081641881493510e+00
-9.998815676286827436e-01
-5.386234256955982477e-04
1.977344762789079169e-01
9.993344301394263551e-02
-8.038048726363047347e-01
-3.160733282932490784e-01
-1.416752336648608585e-02
-2.411117657881928777e-01
1.985147280928908076e-01
4.274502159554742151e-03
-6.000049630220218866e-01
-5.999226654360656497e-01
3.979568466837817287e-01
9.998801646485281358e-01
1.001102865768504907e-01
-2.726771920726943632e-01
1.818951882784939911e-01
9.991082495837901034e-02
9.994119111281124512e-02
-8.203658337554492475e-01
-5.998367812188740711e-01
-5.999605757717410004e-01
1.000128112321641005e+00
-5.999869194110571957e-01
-5.999890545325673452e-01
1.000076352305759420e+00
2.174302579926866152e-01
-8.041111023178640904e-01
4.192349999785033865e-01
-2.621014344166227791e-02
2.015638302677350557e-01
-8.017122244082872662e-01
-1.000030190886456838e+00
-7.994744528290063101e-01
-9.999163362469184468e-01
9.998951193758693901e-01
9.999805065907542145e-01
-7.827333610713351764e-01
-3.680513454344974678e-01
3.953068508006522125e-02
-7.855602114807331837e-01
1.000059368046606112e+00
-6.000247045081439357e-01
9.988687561413611693e-02
-9.999885648490517420e-01
4.079777550996347979e-01
1.838574109384489286e-01
9.999760711770990795e-01
-6.001882982150997803e-01
-6.000248096818487920e-01
-2.267710986669982665e-01
9.999935173501381946e-01
1.002685080694071945e-01
9.999182403616619919e-01
1.000007286669180484e+00
-9.999515864338387461e-01
4.117392832572491224e-01
9.998395175154060899e-02
3.996630184086680804e-01
9.982801070488214745e-02
1.153839242671961113e-01
-9.835899781754842142e-02
2.098977162582191247e-01
3.964916717852947636e-01
-8.001617040124108238e-01
-6.000725878750063913e-01
4.087328451046524092e-01
1.000093476294363182e+00
-1.986920773521291816e-02
-8.156235141320544724e-01
4.030685634379077009e-01
4.320241152897521392e-02
2.063419310025518816e-01
-1.000083071552072989e+00
-1.932681164287199382e-01
4.114585164112619653e-01
1.964547110313484835e-01
-2.419570082216340387e-02
1.000018448881485833e+00
9.999776798135889821e-01
1.000050891634985062e+00
9.981753256425419940e-02
-7.778629645636972456e-02
-9.999071007016676615e-01
-2.516931468125070959e-01
-2.132616062606128016e-01
9.999487048244486420e-01
-8.106271983654778079e-01
-7.873756764570490896e-01
-6.000653855028129646e-01
-3.346823455785232215e-01
-1.000055249530358292e+00
1.952907477658062663e-01
1.000527991127901917e-01
-6.000038978613423390e-01
1.751500703940090265e-03
1.000076266488185039e+00
2.064096807383765664e-01
1.814356868141216717e-01
3.308208058057014733e-02
-3.817716207585148402e-01
-2.297386464828983232e-01
-3.458225377759427954e-01
4.021748140606591360e-01
-3.759749693565253015e-01
9.999680857938767486e-01
9.998735288887161676e-01
7.415846512314230865e-02
2.005625497423770276e-01
2.014479478854387384e-01
2.287425291786643680e-02
-3.835453007406545711e-01
-5.998538072419372646e-01
-1.000109304323432369e+00
1.980289103536397866e-01
9.624803923659261407e-04
