-6.000368258695395474e-01
-6.001305417947473408e-01
1.000025496515867918e+00
-6.289836874822592183e-02
-9.999036293937408892e-01
-7.979957166199737051e-01
-6.000671574329826674e-01
-4.085110738642584033e-02
-8.111280636313301651e-01
-3.277351938165355971e-01
1.001615258585804025e-01
-9.999825654813699893e-01
1.995643445485395240e-01
-6.230613898120282435e-03
1.926964947230637992e-01
3.967691181291919666e-01
-3.920624448042375754e-02
-1.000224107614062552e+00
1.897405294695537481e-01
2.533439623713888873e-03
3.921873204460700202e-01
3.971793212647287130e-01
-2.738829191042426170e-01
-7.860177801061387637e-01
-1.000021054762227912e+00
3.920423714779797675e-01
-3.140016067719414439e-01
-5.999495711447345725e-01
-2.805624835339436962e-01
9.995255936079659731e-02
-9.997962994783843316e-01
-8.121645260528685961e-01
-7.923229703735831242e-01
-1.000031823338296322e+00
3.138320638698618298e-02
1.000100929572935282e+00
-9.999746537377577349e-01
9.999284958962633141e-01
3.889887244508958286e-01
-6.000396954105060576e-01
9.999170097382207301e-01
-8.021944986459711435e-01
-3.020253302731273348e-01
1.000530238337941497e-01
-2.526063600182614222e-01
4.040894088858365540e-01
9.981637602430440404e-02
9.996984570889423660e-02
9.997914397997204050e-02
1.812474207963225004e-01
-9.999201222815592427e-01
-8.012427411099903862e-01
3.966484232064420579e-01
4.058242506001695782e-01
-3.212682290883526193e-01
-1.000036434917172867e+00
-8.149526198751481099e-01
4.030538763595196694e-01
1.901320257705620478e-03
-9.999425341614652796e-01
-2.454758506540952873e-03
3.980455003242578949e-01
-1.000153416637990178e+00
-3.368577008054941535e-01
-9.997750604747952519e-01
1.000099907427915713e-01
-9.998569511327705106e-01
-2.457208118471052027e-02
-8.172949777321446563e-01
4.033607074512178814e-01
-5.999595528925752985e-01
-2.121241282170437115e-01
9.997890530675997145e-02
1.390233753207897188e-02
2.056025004510465826e-01
1.000413296741908958e-01
1.936351198857765299e-01
9.999858482622389078e-01
7.130315309251648859e-02
-7.903030304089705416e-01
3.938604354983767375e-01
4.045031235713378304e-01
1.954858612649854888e-01
2.029607024323788478e-01
1.000026547144711841e+00
4.195215190802568661e-01
-9.999556957188302508e-01
-6.001213975975527859e-01
-9.999416994515557544e-01
6.871966252290954980e-02
-9.999186519975279408e-01
1.000420233576542473e-01
9.998108518754932061e-02
-6.000310365881421637e-01
-2.788941760109101171e-03
-7.956231974036135357e-01
-7.862753220111490249e-01
-2.921156898597244145e-01
4.073763805124600568e-01
-3.206884832535296104e-01
3.780469705826492999e-01
-8.048028878349073878e-01
-3.181858192439783184e-01
1.001913498300509159e-01
1.000343983436182554e-01
9.999486232877969893e-01
-4.393377685133097871e-02
3.811447319252717625e-01
1.000105535431566467e-01
-1.461803727473249548e-01
1.897171018314358915e-01
-3.344329750365082066e-01
-5.999754696307108004e-01
9.999741608241877744e-01
3.930557514747389236e-01
1.810970284257047147e-01
9.998693219549034672e-02
1.000034668009893934e+00
-1.000092302481274675e+00
4.055424189727071527e-01
9.999998332857504835e-01
3.892150036453262407e-01
1.001042637712587918e-01
3.895503475771711632e-01
-6.001768490382823895e-01
3.938989024040887577e-01
-2.705157871778610112e-01
4.132508936098707175e-01
1.000087163515316568e+00
1.000014862952784522e+00
9.978154758580222439e-02
1.866871340755368036e-01
3.883813487751157090e-01
-8.000752188016954092e-01
1.001166218969809646e-01
9.998023035668653913e-01
1.000053387222751944e+00
-9.999090301677499015e-01
-6.000126656264764824e-01
3.940359168083574781e-01
2.923699003608478189e-02
4.009367280553196022e-01
9.988361790020477970e-02
4.085148486617782848e-01
-2.777859165553882813e-03
-2.938744337751769131e-01
-5.999477008469537020e-01
2.003417601195233710e-01
9.999466447626087495e-01
-9.999551260677098652e-01
-7.861365325778060242e-01
9.999226942399821461e-01
4.063025076076821063e-01
-6.000349044326246384e-01
9.984753998221213012e-02
-3.984836117705509856e-02
-2.922900168208737437e-01
-8.168111915240376941e-01
1.895326389218546514e-01
1.000356850179278390e-01
9.999251227870864511e-01
1.795550951459855549e-01
2.053455114167064832e-01
-2.460917147085858181e-01
-9.999631808093391028e-01
-2.206602992052932727e-02
4.030877503876535983e-01
-8.208008427219865011e-01
2.069864804101873568e-01
1.000071251341563050e+00
-8.007750962925507254e-01
-5.996981038019886245e-01
-9.999240249620797716e-01
4.863713127944165743e-02
-2.826447487671338576e-01
-6.001226565930689594e-01
2.859941847442558360e-04
2.046295564133354117e-01
-1.000082502191592893e+00
1.000162570838735832e+00
-7.916849573334291401e-01
3.947632077071348555e-01
-3.643674442741812181e-01
9.999644880073866871e-01
-1.000087420262322224e+00
4.519401774453766368e-02
1.953817980668179077e-01
1.000655572317594583e-01
-7.930875026478997336e-01
-2.263516030476000473e-01
-5.104100736332715244e-02
-3.005962615919093306e-01
1.986545910516329672e-01
-1.053048896820193850e-03
-6.001007075142484881e-01
-5.998876323544763967e-01
4.037862775012854288e-01
1.000088431384251964e+00
9.992849606085422998e-02
-2.617271839541678857e-01
2.113546402548082404e-01
9.997192949185249033e-02
9.995669334576243181e-02
-8.046001265600336572e-01
-6.000283998958231280e-01
-5.999769368472658293e-01
9.999505745432193393e-01
-5.999928773141797178e-01
-6.000361447785402813e-01
1.000084940840947567e+00
2.171979822591986464e-01
-7.848331049879159194e-01
3.922472593506046157e-01
-6.951591335903523072e-02
2.011511768088097563e-01
-8.040002017748677510e-01
-9.999773716222633002e-01
-7.910929681835798810e-01
-9.999958833606368280e-01
9.998543785468780865e-01
9.999282333332288886e-01
-7.996413397189962025e-01
-3.801662744990995657e-01
7.428515716541231328e-02
-7.978652787330073881e-01
9.998257561566957774e-01
-5.998327459299738207e-01
1.001061683792049822e-01
-1.000021582479418525e+00
3.728790580194276116e-01
1.909332264425795678e-01
1.000014558090774663e+00
-6.001273951532494211e-01
-5.999781524402916233e-01
-2.711829864700076587e-01
1.000178263657419686e+00
1.000608945905800823e-01
1.000076266662093039e+00
9.999772464342061573e-01
-1.000055871409990305e+00
3.949067166415815566e-01
9.990272454622106668e-02
3.955776281433123209e-01
1.000811506640188475e-01
8.910646299110718330e-03
5.946141891623821923e-02
1.977052682576819487e-01
4.249261756699161952e-01
-8.072729861039660282e-01
-5.998262386519181977e-01
3.877798703510961786e-01
9.999167342229963173e-01
-1.644159291285378008e-02
-7.886052854856567818e-01
4.094977485600710954e-01
-6.256869428352347662e-02
2.045733010715892752e-01
-1.000104002021273031e+00
-3.064744496546958907e-01
4.036651226738980358e-01
1.979377720620423831e-01
-7.519820431958640361e-02
1.000091684938908987e+00
9.998949020480868422e-01
1.000002648761868729e+00
1.000736300710493160e-01
9.368660934581499872e-03
-1.000177811092731739e+00
-2.464464104490424745e-01
-3.012561165017833553e-01
1.000003489292932368e+00
-7.999022243922127018e-01
-7.981478308735656668e-01
-6.001696008344483690e-01
-3.382162123705703127e-01
-1.000086411587131074e+00
1.973626639578255071e-01
1.000090318482638602e-01
-6.000556682718433121e-01
-4.089278412740535162e-02
9.999322624810266236e-01
2.067802235928206112e-01
2.120563055767408778e-01
-8.247833790524013858e-03
-2.979130857331727111e-01
-2.140190572341616193e-01
-3.217339199285137452e-01
3.973041396603665398e-01
-3.530326457192926037e-01
1.000121410754788442e+00
9.999778829241305900e-01
-2.761288029482121542e-02
2.056898447094217541e-01
2.190306491661486166e-01
4.529946609445639760e-02
-3.641379001326545684e-01
-6.001992017060275852e-01
-1.000019533651550718e+00
2.094022147692992941e-01
-4.664667406853760523e-02
