-5.999055620273743283e-01
-6.000771770025287166e-01
9.998731488699478254e-01
-8.299232257031349813e-02
-9.999495136489996439e-01
-7.898925632559165022e-01
-6.000702082820510430e-01
2.038962029322019184e-02
-8.011816097758228672e-01
-3.280037434413191622e-01
1.000702372915152766e-01
-9.997929480064039476e-01
2.040686189216430746e-01
6.122409565430864120e-02
2.032021326084683110e-01
4.009473054902776834e-01
1.969343835379530963e-02
-1.000199940986535641e+00
2.019770456207445886e-01
-3.737976948960148454e-02
4.131697462928355935e-01
3.901575061449960025e-01
-3.445849808342881793e-01
-7.910658429019808979e-01
-1.000017402073024586e+00
3.982551005986074699e-01
-3.138731990450636111e-01
-5.999832243128678799e-01
-2.604859427302393948e-01
9.995832228274673104e-02
-9.999031489486850388e-01
-8.048497699448917686e-01
-7.931240675327763112e-01
-9.997948816525873417e-01
-2.348220490279856465e-02
1.000094016754972115e+00
-9.998774925707480943e-01
1.000034153920398738e+00
3.898881356674503418e-01
-5.999430346820465720e-01
9.999986496899195831e-01
-8.084525992674241879e-01
-2.708130720095560107e-01
1.001128498702650305e-01
-2.906134218315494233e-01
4.199061591123113280e-01
1.000265190689929862e-01
1.001088859593797231e-01
9.985714999793555979e-02
2.017172948731388304e-01
-1.000055942195862579e+00
-7.966068488138711157e-01
3.958580993188571262e-01
3.983176231487317587e-01
-2.153679800871209915e-01
-1.000083852159934894e+00
-8.024532134721844567e-01
4.043121386196756317e-01
4.374270627976933890e-02
-1.000146068708748004e+00
7.440743033779821658e-02
3.900483341122658598e-01
-9.999021074711418322e-01
-2.611499757599786142e-01
-1.000022170125094201e+00
1.000086342637697412e-01
-9.999457187854328133e-01
7.143046821871749941e-02
-8.208290788116113790e-01
3.806235343315417241e-01
-5.999946677362866243e-01
-3.096239416557722279e-01
9.988709284345548278e-02
-8.688345109862364093e-03
2.073309522540756344e-01
9.989812335734385429e-02
2.066840647131704678e-01
1.000019455867973139e+00
-9.361195339939169802e-02
-7.999862929301888581e-01
4.107789729755947916e-01
3.842966568310702269e-01
1.975234189157681897e-01
2.156192367246083652e-01
9.999511860560184040e-01
4.055095160492172002e-01
-1.000079151347069928e+00
-6.001109828945045965e-01
-9.999232784041766076e-01
7.095794339605780710e-02
-9.998646076586440445e-01
1.000512109325730620e-01
9.995021580175429687e-02
-5.998994744620862463e-01
-1.192136137364793180e-01
-7.875594734872867209e-01
-7.898254781745718267e-01
-2.279847796909298396e-01
4.084488903199192666e-01
-3.621795567021278694e-01
4.074756279423236704e-01
-8.029064679545094840e-01
-2.781752350210062730e-01
1.000286469632948871e-01
9.998835380176160359e-02
9.999379407950861331e-01
-8.037480428897880724e-02
4.023494264326870629e-01
1.000984101622577199e-01
-2.398509868115514809e-01
1.751552653351031164e-01
-2.882881612744419009e-01
-5.999762829552718335e-01
9.999489087369467510e-01
4.080909370305961792e-01
1.908473356404497556e-01
9.998257332810142617e-02
1.000060172664124947e+00
-9.999942801348806753e-01
3.928692998270695291e-01
1.000120876640633982e+00
4.076802369943217652e-01
9.992689223708589585e-02
4.087484784253304637e-01
-6.000483964585519026e-01
3.874227470304516530e-01
-3.025990691478870342e-01
4.028012802115253366e-01
9.998248145631405404e-01
9.999571189296633245e-01
9.993030833901260512e-02
1.953740653690777818e-01
4.090258953406291642e-01
-8.043970286838796335e-01
9.990996580206065736e-02
1.000131537252414216e+00
1.000029171248390192e+00
-1.000013110492321111e+00
-6.000002564556832230e-01
4.013264692098351127e-01
-1.138735250228715620e-02
3.956034592233571567e-01
9.991940684937651584e-02
3.818719565221901924e-01
-2.605625223487026410e-02
-4.510886010090028875e-01
-6.001493681797349655e-01
2.138280090032625147e-01
9.999852708273587742e-01
-1.000027655159374085e+00
-8.009512359080568356e-01
1.000140690710726199e+00
3.922989153103782489e-01
-5.999803686246708567e-01
9.997980461846522893e-02
-1.083740339755850379e-01
-3.371863154439343480e-01
-8.098028108769705913e-01
2.056992133157105329e-01
9.999571689342708070e-02
9.999540762046741360e-01
2.266331921996553589e-01
1.914537021498448344e-01
-2.752330074270231686e-01
-9.999154791944034892e-01
8.363193836076421306e-02
4.088984130104115211e-01
-7.935351607536118568e-01
2.016365243004814567e-01
1.000118818029089640e+00
-7.916091184011024851e-01
-6.000419221039759998e-01
-1.000040897727258349e+00
-1.238945890189113198e-02
-3.085433910290855120e-01
-5.998210429287332834e-01
1.737191351449117807e-02
1.984499974238939923e-01
-1.000148247853160255e+00
9.999146489936983073e-01
-7.938958338104311618e-01
4.019317685538528750e-01
-2.902158926042135434e-01
1.000029822708683236e+00
-1.000015980073988064e+00
-1.819859483782916565e-03
2.135939792693912487e-01
9.986017876948195815e-02
-8.007203272935266014e-01
-2.780494721424948135e-01
9.614887169324921878e-02
-3.414150924322637559e-01
2.009920057307490460e-01
-4.909328098475829183e-02
-5.999388106324480274e-01
-5.999990924865582498e-01
4.129200718310966356e-01
9.997592136773838511e-01
9.997206210587213093e-02
-3.173602177705202032e-01
1.885704209845742441e-01
9.985556592867611547e-02
1.001413654161857764e-01
-7.983161796256914577e-01
-5.999640650488040627e-01
-5.999465272982265063e-01
9.999985437838387892e-01
-6.000373641058840413e-01
-5.999162122370976791e-01
9.999081166042951274e-01
1.919231574228907888e-01
-7.897871513759308071e-01
4.117334577655623051e-01
-1.146129490855422525e-02
2.139530799279686368e-01
-7.996098963814244343e-01
-1.000004798137666739e+00
-8.079051563384681556e-01
-1.000050152344721610e+00
1.000037938103764290e+00
9.999249523254858385e-01
-8.107701774866628019e-01
-2.631705347361654179e-01
4.642362697302224867e-02
-8.097797408452866996e-01
1.000038583784803370e+00
-6.000976858358366695e-01
9.998272107602088066e-02
-9.999159761644604849e-01
4.260792138167984744e-01
2.145456409533855191e-01
1.000078202000411753e+00
-6.001704723242194950e-01
-6.000696055946765917e-01
-2.769289191311755660e-01
1.000063792021387954e+00
1.001075272696171498e-01
1.000229500903957236e+00
1.000022976324060897e+00
-1.000024097000903334e+00
4.002014387770588266e-01
1.001649908326149585e-01
4.056442797368475794e-01
9.998960902758040337e-02
6.487997785015479912e-02
-1.676812195891184964e-02
2.063873744689215251e-01
3.876224651169370983e-01
-7.879193528815048309e-01
-6.001222548702724868e-01
3.884189411933760550e-01
9.998865119256939993e-01
6.846796827427185927e-02
-8.067227118110815720e-01
4.191061279568269460e-01
6.732093591606716498e-02
1.992316383116530254e-01
-1.000000995013161642e+00
-2.995882233908098713e-01
4.023130432114154220e-01
1.969747776883580548e-01
-3.157994533966491935e-02
1.000147612225198213e+00
9.997929120842542483e-01
1.000073491788882274e+00
1.000705544336618347e-01
2.754970284488220816e-02
-9.998488385681806312e-01
-3.231609681461453665e-01
-2.545978598901479373e-01
1.000088784572477296e+00
-8.016217462318325770e-01
-8.070783332897457640e-01
-5.998209416175361852e-01
-2.583545088084090446e-01
-9.999752998671859183e-01
1.951817331735336558e-01
1.001148784296679861e-01
-6.000809354968806852e-01
-1.830108677320823815e-02
1.000132315099727665e+00
2.041394001051942686e-01
1.719275006120557503e-01
6.954476053871830321e-02
-2.372231173039750507e-01
-3.181647589828122125e-01
-2.857857280796804456e-01
3.996817906050468272e-01
-2.567908649478115035e-01
9.999845173765794515e-01
1.000042759092589773e+00
6.986392888010889424e-02
2.040115215310248364e-01
2.008639257961435665e-01
3.479972038431677211e-02
-3.508183053598329382e-01
-6.000869523390736093e-01
-1.000003420598558401e+00
2.055275208031922818e-01
3.381253362084039871e-02
