-6.000263680290853774e-01
-6.000569556709202113e-01
1.000072457859326081e+00
9.052085462878568453e-03
-1.000086817567393371e+00
-8.013251064905499987e-01
-5.999461034896165224e-01
-8.223355575676377649e-02
-8.149604863598340909e-01
-2.750780242500533435e-01
1.000116159053497933e-01
-1.000074555243403385e+00
2.018986666041356348e-01
-1.306280835190518422e-02
2.117362660879958669e-01
4.031742339956986276e-01
8.712212458402940340e-02
-1.000091723958252743e+00
1.968158896977424410e-01
1.444653406948953958e-02
3.996046625295111565e-01
3.850269228791920462e-01
-3.825911346653716461e-01
-8.058329616032364751e-01
-1.000073252253982581e+00
4.166035706983483577e-01
-2.562530638880800571e-01
-5.998105683171701674e-01
-3.570291841300662905e-01
1.000200291295018223e-01
-1.000132798041476256e+00
-7.837534134720739454e-01
-7.882496006071940675e-01
-1.000073598811099140e+00
-6.226615018853442346e-02
9.999855047223074056e-01
-9.999522061959933428e-01
9.998279861098544608e-01
4.126757400774009321e-01
-5.999268013659724286e-01
9.999557764554152239e-01
-8.018070684406963800e-01
-2.911375290149829098e-01
1.000004893635181857e-01
-2.223570653160794053e-01
3.969574481827020662e-01
1.000449813367594171e-01
1.001860997846648893e-01
9.998940566198386004e-02
2.076195307595327111e-01
-9.999647962762625575e-01
-8.046009844717217918e-01
4.121810260642107537e-01
3.985714030686930975e-01
-2.942141467364843277e-01
-1.000178608098603261e+00
-7.821624594616121140e-01
3.960060198142081322e-01
1.070408552825691251e-01
-1.000038847349309812e+00
-9.392093818174257480e-02
3.889764839732968160e-01
-9.999749713372831916e-01
-3.245714837079240467e-01
-9.998145460339994406e-01
9.995673013550515629e-02
-9.999060252472501409e-01
-2.551899832014617106e-02
-7.996141087220606236e-01
4.046568346478112144e-01
-5.999776194576731392e-01
-2.103203255209185052e-01
1.000307660526006254e-01
2.023861825749594459e-02
1.801813175522141708e-01
9.990984022170389112e-02
2.012200315730654221e-01
9.999968730502019065e-01
3.327422127205539870e-02
-8.045531874363609504e-01
4.051055067103707663e-01
4.159471088800348881e-01
2.082021929743649580e-01
2.075694616302717344e-01
9.999703520264574541e-01
4.208534285233169747e-01
-1.000217301391690627e+00
-6.000738102449358902e-01
-9.998954420457920600e-01
-3.493311025479069187e-02
-1.000351777559380206e+00
1.002176499706995960e-01
1.000595364641884977e-01
-5.999662953010408417e-01
1.616321510022642946e-02
-8.002284756824074030e-01
-8.189896194386139250e-01
-3.382501878136814910e-01
4.073879883489613940e-01
-3.021862234093020128e-01
3.995541442464384807e-01
-8.175125913218056484e-01
-3.302847948647427700e-01
9.985520861169856766e-02
1.000189138393109134e-01
9.999953380080151000e-01
-1.977503162476620946e-02
4.174393601146734745e-01
1.001750659830569073e-01
-4.204732034942997299e-01
2.043641400967027844e-01
-2.759019489372386280e-01
-6.000640351140761330e-01
9.998293275438513428e-01
4.281539337739609929e-01
1.821550911327952105e-01
1.002155674100014965e-01
1.000043404066489838e+00
-1.000035335439783513e+00
4.071489400151218629e-01
1.000014724097862517e+00
3.939260096680595735e-01
1.000208883716804525e-01
4.148068869583264040e-01
-5.999343870843940607e-01
3.955400998078870134e-01
-2.867151839513971123e-01
4.078855567733676857e-01
9.998453494542389741e-01
9.999277629537299816e-01
1.000866739918933462e-01
1.971653007477993658e-01
4.205112622686634771e-01
-8.310337802514947692e-01
9.988179180362682930e-02
1.000139462327495288e+00
1.000057836816432566e+00
-1.000031272969838847e+00
-6.000239077218380013e-01
4.113293783414555538e-01
6.619003744698344696e-03
4.034039654095571970e-01
1.000985031412837123e-01
3.751837467803053050e-01
2.484913466641591739e-02
-2.945496297840812239e-01
-6.000700934612851478e-01
1.820785231100059409e-01
9.999308514167969397e-01
-1.000051918801704298e+00
-7.964330360768191452e-01
1.000068780461751849e+00
4.052158844428018214e-01
-5.998312563025045563e-01
9.996058752329994856e-02
-3.296441347370789032e-02
-2.872559098077009376e-01
-7.917884499394775011e-01
2.056885627451215393e-01
9.988217800594476059e-02
9.999504913002702500e-01
1.880175492407222260e-01
1.884629985332155755e-01
-3.563813299292947212e-01
-9.999963199461453511e-01
6.414206478889478147e-02
3.912004782134699266e-01
-7.747784966844829535e-01
2.318886019512361174e-01
1.000122021460467137e+00
-8.144716317604634437e-01
-6.001414574017238657e-01
-1.000096416191697646e+00
-2.910647845388987867e-02
-3.285394597147749951e-01
-5.999115733314188681e-01
-3.387912725410020809e-02
2.028250710393825762e-01
-9.999018847150376033e-01
1.000156602164664621e+00
-7.898462869452769208e-01
3.859995988964222136e-01
-2.876205945587119728e-01
9.999459488841403454e-01
-9.999944689003458231e-01
3.450480829952937232e-04
2.048050878563231203e-01
1.000331598700697766e-01
-7.938090723499581225e-01
-3.087276153972385306e-01
3.502161521967395164e-02
-2.406375256388565975e-01
2.096782440033299610e-01
4.173211983378135453e-02
-5.998546802247195497e-01
-5.998852376541294884e-01
4.047962304015589874e-01
9.998517453137601985e-01
9.980650765642673505e-02
-2.749603956566551988e-01
2.016067896638416845e-01
9.998445480715510703e-02
1.001151425848587351e-01
-8.030960774024757942e-01
-5.999463656307545412e-01
-6.000619689145227920e-01
9.997692273340147429e-01
-6.000802562922974426e-01
-6.000669829745002293e-01
1.000074669710221631e+00
1.980645089334660269e-01
-8.089936118153914224e-01
3.832603601602010968e-01
4.037626223828941208e-02
2.095645646256258932e-01
-7.996275078182114582e-01
-9.998911211331262816e-01
-8.090263240330007877e-01
-1.000130539614098035e+00
1.000069715877899723e+00
1.000007208554194227e+00
-8.074199045888681425e-01
-2.865330269300992994e-01
3.352918981127724768e-02
-8.128928421571409713e-01
1.000044230777480392e+00
-5.999528139975891516e-01
9.992589105998893328e-02
-9.999500208433924620e-01
4.098010058878897022e-01
2.075239986725380126e-01
1.000073935781019774e+00
-6.001498666939709681e-01
-5.999536559369569311e-01
-2.997035992717034802e-01
9.998216953963459108e-01
9.995632380692004437e-02
9.998614664942689911e-01
1.000019965405328781e+00
-1.000018957125176300e+00
3.995197142685266711e-01
1.001215161610702203e-01
3.938548934397090306e-01
9.994147631621315420e-02
-5.047187927006156587e-03
1.417014375233951844e-02
1.918413310459432530e-01
3.966078030452968584e-01
-8.158509449572717287e-01
-6.000645583013343165e-01
4.034563755904704840e-01
9.998880346601566327e-01
9.967329071643627261e-03
-8.018486596673213285e-01
3.875926883919732502e-01
-1.254487151702606690e-02
1.959102332826009873e-01
-9.998722263555289702e-01
-2.646991998662227563e-01
3.892646122532453790e-01
2.189065816248368102e-01
-3.114265758815734642e-02
1.000006655011499879e+00
9.999719601659781132e-01
9.999073611674652584e-01
9.995640939460644081e-02
7.481228576529277974e-02
-1.000128649346017751e+00
-2.662623188800595231e-01
-2.885541923128813746e-01
1.000013592770400361e+00
-8.053534507738133730e-01
-7.744446700478309076e-01
-6.001423828087916190e-01
-2.448623552995603248e-01
-9.997930417809492987e-01
2.174240713846612438e-01
9.989384170894512194e-02
-6.000716067390059472e-01
2.906970005048368361e-02
9.999166045312237738e-01
2.112527704950653840e-01
2.032025766812420864e-01
-6.505227754315422162e-02
-4.200493996717755141e-01
-3.213970268324003454e-01
-3.439899644545470481e-01
3.840506258154989250e-01
-2.336068736026528092e-01
9.998823786900985500e-01
9.999729460082824595e-01
3.767766112697713832e-02
1.980824153776601648e-01
2.134139263024385780e-01
3.525531917629481926e-02
-1.636769705965966382e-01
-5.999384598084879228e-01
-1.000199432406339906e+00
2.033085649661417749e-01
8.793701442202192520e-03
