-6.001280046377988064e-01
-6.001668617509079429e-01
1.000137901589881695e+00
-1.060285056035175089e-01
-9.998866280732697787e-01
-8.058153296669944288e-01
-5.998866177570855163e-01
-4.472975677306203005e-03
-7.995085318655379414e-01
-3.545996781465416414e-01
9.993369340931128331e-02
-9.998793276134643193e-01
2.089893225689520018e-01
1.368654864133434694e-03
1.935338326749492244e-01
4.069228383430915641e-01
-5.210109762572769088e-02
-1.000055407352526515e+00
1.967036484866089563e-01
1.853031861492506621e-02
3.937487689110239497e-01
3.818863883369391643e-01
-2.673784729866207077e-01
-7.791671566015505590e-01
-1.000198476693861194e+00
4.010385638043627021e-01
-2.827345106966332455e-01
-6.000411625771916446e-01
-3.258904264160812914e-01
9.990774194649069961e-02
-9.999017243910423014e-01
-7.795398874390528920e-01
-8.009261492248161973e-01
-1.000254630183642579e+00
7.647846692412851866e-02
9.999842278251672711e-01
-9.999721850187953676e-01
1.000072705464133627e+00
4.013308837298413256e-01
-5.998763471093490063e-01
9.999337745463742211e-01
-7.939057584570878845e-01
-3.342796080093277111e-01
9.998359239248129360e-02
-2.759265445911499581e-01
4.026628625953138085e-01
1.000120588432225899e-01
1.001061823009802010e-01
9.990173198041425728e-02
1.848799288446913991e-01
-9.998434463215793988e-01
-8.118570761544038339e-01
4.083500989491488653e-01
3.995124761640402311e-01
-2.580978292896441428e-01
-1.000186837535244733e+00
-7.885040042995952181e-01
3.867829695673567492e-01
8.763570305223107593e-02
-1.000076390161632300e+00
5.408675921600360204e-02
4.089648101330108365e-01
-9.999819191542494989e-01
-2.824109617371853842e-01
-1.000134330782587178e+00
9.999533144775263338e-02
-1.000030965338095656e+00
-1.581022579300672345e-02
-8.076595436958597940e-01
3.950120455439489198e-01
-6.000144182786368852e-01
-3.507295555147748045e-01
9.981024062090398941e-02
-1.367010048156278978e-03
2.083507372722611939e-01
9.992597742279357709e-02
1.928705345247927194e-01
1.000013024596867695e+00
-2.850319740894863979e-02
-8.067190389192951949e-01
3.925221969201266869e-01
3.978923253113533232e-01
1.910385906129149769e-01
1.986068115828031888e-01
1.000034672169498595e+00
4.095034324603606390e-01
-1.000079929279519497e+00
-6.000888638579920942e-01
-9.999009222488028925e-01
-1.151645354524149546e-02
-9.998635249743650366e-01
9.990159597466760633e-02
1.000902849558801683e-01
-5.997475486302651371e-01
1.167046708339664340e-01
-7.861256328302603791e-01
-7.920250633475500734e-01
-2.397714342169753043e-01
4.038795075445061333e-01
-1.912562471902592709e-01
3.995681601626402402e-01
-7.747117900078761554e-01
-2.967886861288500100e-01
1.000959013716181262e-01
9.993853787162189362e-02
9.998493032038764383e-01
-5.760792859290216929e-03
4.062971148263520016e-01
9.998871655132957059e-02
-3.042194965606785373e-01
2.101108785486412445e-01
-3.054101013373938800e-01
-6.001082305588930632e-01
1.000031739597550651e+00
4.032202684773608659e-01
1.975121013426015537e-01
1.000397541044096700e-01
1.000015311145283858e+00
-1.000092281727897436e+00
4.085621643133044989e-01
1.000251469453587783e+00
3.986459925749230027e-01
1.000299867179734042e-01
3.995109252125581545e-01
-6.000255983658627779e-01
4.019922284955839697e-01
-3.264246302424819168e-01
3.900483594851394398e-01
1.000119165708464264e+00
9.999258876501926352e-01
1.000797045028883892e-01
1.910698949286122883e-01
3.975824384739933270e-01
-7.979687493222717976e-01
9.999693094072004129e-02
9.999196710790588805e-01
1.000075318602809515e+00
-9.999499269343796737e-01
-5.999880782206006291e-01
3.994978152986154440e-01
3.991544444013694903e-02
3.920236186550838942e-01
1.001268856502120219e-01
3.965648291127343850e-01
5.664184039733752285e-02
-2.787820367102545882e-01
-5.999410163405101137e-01
1.976073656282960889e-01
9.999546685374366417e-01
-1.000005010513871362e+00
-8.032509378106944542e-01
9.999018992803688777e-01
3.890274548849240732e-01
-6.000670594498717092e-01
1.000811485988123972e-01
-6.380781011488344430e-03
-2.635352933618845261e-01
-7.922007890693554266e-01
1.845932562116723297e-01
9.998211422394616410e-02
9.998131225347491879e-01
2.035483385154853719e-01
1.988982408348628217e-01
-3.419580795612998658e-01
-9.999543224754982029e-01
1.932908561842185818e-02
3.839246952365541476e-01
-7.811986464362671301e-01
2.005708035377655740e-01
1.000081217851294779e+00
-8.028945469962732728e-01
-6.000400569976561682e-01
-1.000138983296634976e+00
9.772754341841787332e-03
-2.555075541281274232e-01
-6.001459387513435884e-01
-3.029314735663186237e-02
2.014513963042377231e-01
-9.998516395852489191e-01
9.998280419886589332e-01
-8.072284518003987053e-01
4.034615083974225080e-01
-3.488997721207169889e-01
1.000017000122411792e+00
-9.999998577296153046e-01
4.990912124192667387e-02
1.865894256228833592e-01
1.000246185073523364e-01
-7.968897921061612877e-01
-3.096091789245900561e-01
9.312316558972850988e-02
-2.696564154096149912e-01
1.832269668390433259e-01
3.191166241916340574e-02
-5.999567864932245920e-01
-5.999141720090427343e-01
3.931044830865616513e-01
9.998584993222934258e-01
9.977818761912932155e-02
-3.137303750622960075e-01
2.035808035538420324e-01
1.002465325327959456e-01
9.985864888883730361e-02
-8.124036650262043135e-01
-5.999726770477066262e-01
-6.000943721887118665e-01
9.999738739054493397e-01
-5.999173507468229527e-01
-5.999744957749661989e-01
9.999950993215740436e-01
2.185586068729998555e-01
-7.936687789984567809e-01
4.097416154927324694e-01
-1.709936200994770748e-03
1.864404371859552934e-01
-7.880756482881237091e-01
-1.000107642288251331e+00
-8.091305651647018315e-01
-1.000001125594012441e+00
9.998007445839975915e-01
1.000010958080601808e+00
-8.006225291944650824e-01
-3.011154850900734647e-01
-1.099659964687378644e-02
-8.014319247557711856e-01
1.000072619830688403e+00
-6.000037990976040403e-01
9.982849234018006945e-02
-9.997947965310045593e-01
3.999434287933795740e-01
2.032813518467585789e-01
1.000047793911380323e+00
-6.001526852075924623e-01
-6.000506797141280657e-01
-3.307780567147381445e-01
1.000073347579302663e+00
9.987551621435475369e-02
9.999896214766714753e-01
9.999297463843277445e-01
-9.999796339929595268e-01
4.213359308071866205e-01
1.001261714945231446e-01
3.978783780512321622e-01
9.999796256248937032e-02
1.404809697549127406e-02
-1.462761654792862649e-03
1.869645760044629512e-01
4.034162636631905552e-01
-8.206428073950451374e-01
-6.000535315634376587e-01
4.204816978084842116e-01
1.000158573043635313e+00
-6.078724916516765886e-02
-8.087113642501353450e-01
3.896362638214845853e-01
-9.353238625615510615e-02
1.968271895604618571e-01
-1.000028885381134769e+00
-3.062887706496589257e-01
4.183186399252216137e-01
2.063796636214325908e-01
-9.673463993298839214e-03
1.000013260473487264e+00
1.000136987076567285e+00
9.999182498880166969e-01
9.989879185720540455e-02
2.364026702789724654e-02
-1.000099598914800714e+00
-2.970449163308104823e-01
-3.047588013412171892e-01
9.998750523636179555e-01
-7.921793881808003590e-01
-7.970204436638727019e-01
-6.000972788251797141e-01
-2.665238251990870721e-01
-9.999836813441240757e-01
1.812192298993427764e-01
1.001291136123218933e-01
-5.999446734970534933e-01
-1.707881746062526324e-02
1.000007251012410503e+00
2.077005143956836830e-01
2.066622886949044391e-01
-4.284464494558111458e-03
-2.792660259417353852e-01
-2.820998160489417428e-01
-2.275780808748170680e-01
4.125130688448858662e-01
-3.175564259714998006e-01
1.000125489757356378e+00
1.000090127214618763e+00
2.866958817676634394e-02
2.158226069030113048e-01
1.881490192546909912e-01
2.763744260535879946e-02
-2.261143184072624546e-01
-6.003514861313916651e-01
-1.000035696853675438e+00
2.088197346509075292e-01
-5.592001184906613548e-02
