-6.000111623642462311e-01
-6.000756959754520725e-01
9.999213345636845940e-01
6.805394937589724635e-02
-1.000029636864028681e+00
-8.173316464962533390e-01
-6.000422632575773685e-01
-6.774757488503567633e-03
-8.008497392396372039e-01
-2.876781039928389405e-01
1.001701676178693018e-01
-9.998911098443349355e-01
1.990054630616568676e-01
3.476126832445063791e-02
1.888984518007994495e-01
4.002627840248516033e-01
8.954375749449999811e-02
-1.000018525617006437e+00
1.905890201419224161e-01
4.740239012485484259e-03
3.984410231828805493e-01
3.959643517687266856e-01
-3.410970886353412723e-01
-7.990522048902416463e-01
-9.998040739758786710e-01
4.122188104803874431e-01
-3.281065617331006545e-01
-5.998643930042277805e-01
-2.301222634109578724e-01
9.994969163105246746e-02
-9.999812227798841047e-01
-7.949370953693667419e-01
-7.994371262284076796e-01
-1.000130055132442797e+00
5.458913465921665792e-02
1.000069711258743110e+00
-1.000124514128660325e+00
9.999599455793708458e-01
3.923366935454663529e-01
-5.998566664865927489e-01
1.000121437596793728e+00
-8.026605677063588518e-01
-2.801783397879069049e-01
9.997755934509901243e-02
-3.108361580339023544e-01
3.906284597835638639e-01
9.988159873600345462e-02
1.000733928019356123e-01
9.990371731170520631e-02
1.841565650121815001e-01
-1.000015280889061220e+00
-8.026011771909168369e-01
4.080649866623173305e-01
4.037484518796862765e-01
-3.379631732441897296e-01
-9.999516309751933507e-01
-7.786065421036308942e-01
4.087075824779319855e-01
5.521312922170105303e-02
-9.999057946539571251e-01
6.336045948644372650e-02
4.185772383402814323e-01
-9.999539341730832032e-01
-3.196266570281809383e-01
-9.999251807365393541e-01
1.001712917908260669e-01
-9.998587841061384873e-01
2.024832925785083337e-02
-7.882555873972658667e-01
4.067450762203358994e-01
-6.000900968817534098e-01
-2.907274373883228513e-01
1.000526021607019561e-01
-4.241588947547266474e-03
1.894917146879034897e-01
9.987541710196363998e-02
2.123748322262178911e-01
9.997000213545826908e-01
-3.388639762081122747e-02
-8.071694762867693829e-01
4.134715164347865790e-01
3.921360952492695118e-01
1.869221082277539581e-01
2.014478310585473830e-01
9.999929399094462656e-01
4.052537787943328307e-01
-9.997817586097649256e-01
-5.999548339485455406e-01
-1.000078399367773541e+00
-9.182451987730738674e-02
-9.998432404752330971e-01
1.000342355092989632e-01
1.000564090061638045e-01
-5.998267413333790987e-01
-1.951196191563581844e-02
-8.066580227008804949e-01
-8.033007776935595645e-01
-4.411583999874312267e-01
4.105982417298483789e-01
-2.671821650858269281e-01
4.072625899357167345e-01
-7.866766924853276777e-01
-3.937633415415040528e-01
9.996402850297401999e-02
9.995106112683328770e-02
1.000109484720919317e+00
-4.554620926868409823e-03
3.949307146787106593e-01
1.000814890418952746e-01
-3.331182127618422251e-01
1.932184111956609940e-01
-2.700853097187774221e-01
-6.001065012407141852e-01
9.999061082742107809e-01
3.921189830659784215e-01
1.939006529234744702e-01
1.001249307237436492e-01
9.999764396289516633e-01
-9.999733626863561708e-01
4.230585880395453247e-01
9.999370912083339613e-01
3.868843287727551372e-01
1.000428060919262424e-01
4.063797485585653457e-01
-6.000811164284648447e-01
3.940304699158199697e-01
-3.389330171767153121e-01
3.896283617669406563e-01
1.000036797851777237e+00
9.999214061455011793e-01
1.000951688101068965e-01
2.081598015565215287e-01
4.094023353568148615e-01
-8.148599476962792298e-01
1.001563057429820242e-01
9.999479051404032148e-01
1.000054754684755354e+00
-9.998239272363035335e-01
-5.999844685970143754e-01
4.201293706165970532e-01
-2.960188456747484334e-04
4.005967086599829252e-01
9.996067565485536321e-02
3.999117509872531784e-01
-5.176903900289833715e-02
-3.137644959652830523e-01
-6.000841911091926439e-01
1.966974358240799747e-01
9.999918735884295584e-01
-1.000044429087478814e+00
-7.931106938826636421e-01
9.998562422696557483e-01
4.071399802127682599e-01
-5.999939814138212091e-01
1.000541643361508443e-01
-4.176599283348178537e-02
-3.383102250576734971e-01
-7.912167086644849023e-01
2.119890650388479014e-01
9.980541347205995617e-02
9.998863450985279178e-01
2.220269256576869465e-01
1.911014129501599490e-01
-2.112655959140067874e-01
-1.000051329214066698e+00
-2.319414333210102416e-02
3.811005723446027060e-01
-7.935861693360529712e-01
1.998816263571484009e-01
1.000001014406018074e+00
-7.955563652492840809e-01
-6.002234608039173080e-01
-9.999626747695509188e-01
-2.887325037785947596e-03
-3.655343815566607368e-01
-6.000163826060098682e-01
-2.262556706233828652e-02
2.070092134900664294e-01
-1.000069090823820339e+00
9.999947872607228838e-01
-7.815246520455035872e-01
3.963083645488931772e-01
-2.780492834422275683e-01
9.999095133958686432e-01
-1.000019745541296912e+00
-2.605599487365260758e-02
2.083256604087772579e-01
9.984516746896676676e-02
-8.112063676366358944e-01
-3.043379447880183442e-01
4.883468239656723470e-03
-2.903143485596189066e-01
2.061733000107588976e-01
3.530545610035928233e-02
-6.000081094181617392e-01
-5.999115285663799702e-01
4.019113808784672837e-01
1.000079392507079445e+00
9.995617162829324720e-02
-2.148736802315721339e-01
2.064041320791616396e-01
1.002268409281639877e-01
9.996930548920546222e-02
-7.958162877744645591e-01
-5.999488320308804523e-01
-6.000182461916852006e-01
9.999629481565104339e-01
-5.998670908257609513e-01
-6.000246696574303984e-01
9.998804193717364397e-01
1.991049418337179078e-01
-7.870437221889398094e-01
4.169307845333395934e-01
6.881878199380679628e-02
1.881820380528926306e-01
-7.955129731381171965e-01
-9.999295084594949090e-01
-7.938834040504049172e-01
-9.999637235664529111e-01
9.999795983606041272e-01
1.000058358686765070e+00
-7.955546560457651406e-01
-3.407228470394583209e-01
-2.763632387818036953e-02
-8.080576007251892845e-01
1.000088346446913690e+00
-6.000014464221256061e-01
1.001169205260295514e-01
-1.000067394442736290e+00
4.008448468119675256e-01
1.863620386678445928e-01
9.999116694760215029e-01
-5.998725638598969567e-01
-6.000726105155712586e-01
-3.535926229498710383e-01
1.000102537708878359e+00
1.000548032737919868e-01
9.998803126422698417e-01
1.000003752234482013e+00
-9.998855229920583509e-01
3.912624200188248302e-01
1.000820382135196585e-01
3.935002893763599463e-01
1.000710215644419893e-01
1.179600137688993078e-01
-4.204516404505523330e-02
1.943307091601194636e-01
3.864028436032053149e-01
-7.958367340209863139e-01
-5.998244912346274438e-01
3.895239553254538634e-01
9.998791097074118950e-01
-1.496088400060534111e-02
-7.932790962630744680e-01
4.175605156428410791e-01
4.867322174467473422e-02
2.042343201311377920e-01
-1.000011546609487434e+00
-2.812434093897010490e-01
3.976723215656174926e-01
1.957043171731971121e-01
4.089066106512065368e-02
1.000192655313154821e+00
1.000098489909337252e+00
1.000144328858576070e+00
1.001825475677213528e-01
-1.069969249291191811e-02
-9.999768758741347519e-01
-2.985357960972903624e-01
-2.974979117747939550e-01
9.998551502056797213e-01
-7.971350989185213010e-01
-7.871565633945281082e-01
-6.000309809932937721e-01
-2.737027740338375259e-01
-9.999774620750062626e-01
2.053140088761457593e-01
9.987425334525044940e-02
-5.998683393127779429e-01
4.431173769349806835e-02
9.999367782018619977e-01
2.024281243219374637e-01
1.846553938893966962e-01
2.218850017282695403e-02
-3.121587304994000722e-01
-2.117618074716843546e-01
-3.619355893346092867e-01
3.915784948459179460e-01
-1.867872446450640489e-01
9.999090175367507660e-01
1.000145058003863552e+00
4.110640717022256974e-02
1.984407474588386622e-01
2.025408854801148406e-01
-4.052078233476033575e-02
-3.459204667561516788e-01
-6.000107905745866166e-01
-1.000123566326796221e+00
2.091429624020376410e-01
-5.519567632038577254e-02
