-6.000681361404995862e-01
-5.999656005405546999e-01
9.997918524696943754e-01
1.423492550988027239e-02
-1.000004854343461425e+00
-7.901258933305135290e-01
-6.000786019374066971e-01
4.943733667092522349e-03
-7.967971573270541397e-01
-3.122496141186109631e-01
9.999837415787524164e-02
-9.998599749862769892e-01
1.856581882658612237e-01
-1.404359842154448423e-02
1.948478479796652285e-01
3.981357233080577984e-01
-4.408256555932453524e-02
-9.999051310715665331e-01
2.050828470157476102e-01
2.053920744524243350e-02
4.006566852044042282e-01
4.112793515582053305e-01
-2.524941622621091897e-01
-8.106348478856899575e-01
-9.998406539750235300e-01
3.956115562478970116e-01
-1.903955486311197931e-01
-5.997776966817252031e-01
-4.491416811942384735e-01
9.977479401371158740e-02
-1.000093068091050030e+00
-7.913354921363351391e-01
-7.958657648681112251e-01
-9.999996131850630299e-01
-7.092847349322320416e-03
9.999241812176080657e-01
-9.998957427383251551e-01
1.000095121074021653e+00
3.949054702597139532e-01
-6.000627905882210955e-01
9.998045931217370841e-01
-7.970931361760300593e-01
-1.499761883619678271e-01
1.000402756815063215e-01
-2.871013099191969120e-01
3.928346009611756728e-01
9.989824833910711244e-02
9.999788329005936116e-02
1.000832113818489327e-01
2.044744029433459009e-01
-1.000097406661365707e+00
-8.051717216349812967e-01
4.061569594351901458e-01
4.103991411173666393e-01
-4.094823007138082005e-01
-9.998364137526061235e-01
-8.024042121044480114e-01
3.975648634894552447e-01
2.116070597618174495e-02
-9.999144350903681477e-01
5.043202153893192041e-02
4.042129839411062742e-01
-1.000018372774429842e+00
-1.866896177412820101e-01
-1.000004540231442141e+00
9.994031952338484903e-02
-9.998402823586891586e-01
-1.036565885795619479e-01
-7.880764050736351889e-01
4.123574333681764847e-01
-6.000041582118806893e-01
-3.567761435988565655e-01
9.992417113966692299e-02
2.554057043777567537e-02
1.901109556083814267e-01
9.992286029871630393e-02
2.139362067846836690e-01
1.000033616369600198e+00
3.353956488136029118e-02
-7.942251296697699914e-01
4.163153138389847907e-01
3.855090495352292423e-01
2.007158986182232263e-01
2.001685755588568649e-01
9.999770864698370731e-01
3.959791376601683455e-01
-9.999838038040181898e-01
-6.000043706223729956e-01
-9.999645648309462009e-01
-7.613975992196911347e-02
-9.999592320439442128e-01
1.000488401923579490e-01
9.999544864582217418e-02
-5.998814639731161469e-01
-3.441704830812356009e-02
-8.091157026275828112e-01
-8.021973465385635604e-01
-2.974306197580003364e-01
3.978365244062200823e-01
-2.748007173346686538e-01
4.154656697483281036e-01
-8.035091740067090704e-01
-3.353114376585232259e-01
1.000224381951166919e-01
9.992734266246890151e-02
1.000081489315924443e+00
6.162561629639197458e-02
3.776186467874711461e-01
9.986449539329951552e-02
-3.096513228062909850e-01
2.032468962147577218e-01
-3.380610743923643802e-01
-6.000786887223670263e-01
1.000106128123064764e+00
4.081062102102805400e-01
1.712339217598756735e-01
1.002097821302612157e-01
9.999786798803523835e-01
-9.999899041782533970e-01
4.071883791258639196e-01
9.999326488018738246e-01
3.932114100200863049e-01
1.000785024191547801e-01
3.825611281283257670e-01
-6.000418399213975906e-01
4.053921606562282398e-01
-2.728246181702481121e-01
3.905388110821491621e-01
1.000110477590246072e+00
9.997877237972002673e-01
9.986553550772103716e-02
1.985954376001113353e-01
4.003861892246642351e-01
-8.079237605223366092e-01
9.990957601366622087e-02
9.998439518030762807e-01
9.999883700520693086e-01
-1.000041657219244318e+00
-5.999817878930604476e-01
3.808404105637350767e-01
-3.370270855486747624e-02
3.942734572024746420e-01
1.000111761430450691e-01
4.077653348958756307e-01
-3.307393860857155143e-02
-2.635712276248746155e-01
-5.999407393639618613e-01
1.842471157062918752e-01
1.000117795926185771e+00
-1.000092708297219524e+00
-7.889617245074820318e-01
1.000016330786610341e+00
3.990537127147243401e-01
-5.999699376305608345e-01
1.000953426262565504e-01
5.728013115123878340e-02
-3.676749077940894006e-01
-8.037802581599736707e-01
2.066617668174534628e-01
1.002259217801963892e-01
9.999649523335170098e-01
1.922671663330376424e-01
1.972254578500809430e-01
-2.532231156574273334e-01
-1.000032134868819256e+00
5.700489149700728800e-03
4.025233768332716622e-01
-8.021272700478891959e-01
1.958467707673630653e-01
9.997591392639054719e-01
-8.016983367956584949e-01
-5.999319118267613105e-01
-1.000087283188430876e+00
-2.634588832775226590e-03
-3.540352213326488640e-01
-5.998886120120057175e-01
2.636319113877663364e-02
2.055551756565703048e-01
-9.998291051257589546e-01
1.000034006425980282e+00
-7.990765489286499879e-01
3.962682026179283334e-01
-2.555299488604428348e-01
1.000012735650230633e+00
-1.000116076511678109e+00
-1.675897135495414692e-02
2.185166096039012629e-01
1.000353517716845025e-01
-8.007941519480258341e-01
-3.137752473057259794e-01
1.170949525836891165e-02
-3.023845731483703059e-01
1.919005279217832760e-01
-3.535016031140786330e-02
-5.999595617375326206e-01
-6.001295254567945436e-01
4.152060476220499896e-01
9.999955239928179918e-01
1.001106967783774865e-01
-3.083832054087412011e-01
2.063002399036117929e-01
1.000662353224906070e-01
9.993418708853957222e-02
-8.148876530885358349e-01
-6.000494515740879553e-01
-5.999612075692963842e-01
1.000121677165706879e+00
-5.999492023701604726e-01
-6.001006954174948893e-01
1.000023318084252377e+00
1.779779374332804975e-01
-8.050133526147380536e-01
3.988141743646051451e-01
2.236977804503168313e-02
2.030172237736948826e-01
-8.090194905460871277e-01
-9.999992284759984251e-01
-7.931856097433315211e-01
-9.999194391245805891e-01
1.000024430953377452e+00
1.000028817427175865e+00
-8.161526100406848450e-01
-3.784059180902913377e-01
-6.008471951023520996e-02
-7.916821791043232581e-01
9.999037217043214021e-01
-5.999982136457079340e-01
1.000286106328867330e-01
-1.000061833008898837e+00
3.958838626635452496e-01
1.918858604563139503e-01
9.999074873892553894e-01
-6.000632846878770632e-01
-6.000223421712809202e-01
-2.640396610453021875e-01
1.000053215767635617e+00
9.998028855467490372e-02
1.000011068938765790e+00
9.999224447854235809e-01
-9.998980582032296338e-01
3.906308957945174298e-01
1.001350552666779720e-01
3.862074048939728721e-01
1.001055550301531982e-01
1.553310794038488367e-02
-6.822874450226822096e-02
2.035587860676407179e-01
4.132101476488284630e-01
-7.903798627135205646e-01
-6.000767150817395423e-01
4.013367416807701593e-01
1.000117000512887211e+00
-2.497941726016332867e-02
-7.952790477432836180e-01
4.160274893101046367e-01
-8.158638519543644219e-02
1.969860813706509062e-01
-1.000026533085762726e+00
-2.491461513481013912e-01
3.922237829203191750e-01
1.867906733299835031e-01
4.802545239205770894e-02
9.998971282130560967e-01
9.999182793485074106e-01
9.998905825139738912e-01
1.001694181879409923e-01
4.656292143517004600e-02
-1.000085369287186721e+00
-3.335465061298792389e-01
-3.085600438502362763e-01
9.999634403009342032e-01
-7.837248810723196346e-01
-8.168107564690550992e-01
-6.001704727258196925e-01
-3.034527767433556900e-01
-1.000135579136375075e+00
2.080260129746557829e-01
1.000346388763574679e-01
-5.999755764151221138e-01
3.938700443516487959e-02
1.000048932272263658e+00
1.892459988007838823e-01
2.218960103457570665e-01
6.321814299358158307e-02
-3.103552007374092980e-01
-2.509911064857721641e-01
-2.354295235193276659e-01
4.081157454558962949e-01
-3.638418947424645333e-01
9.999960926179053411e-01
1.000079333516751712e+00
-4.939803046607784548e-02
1.959347153613988091e-01
2.095415354457198509e-01
-2.446620410863946035e-02
-2.530399494028832685e-01
-6.000469645308990074e-01
-1.000077134903980314e+00
2.071574186821963648e-01
4.096770934209662679e-02
