-5.998985785415850147e-01
-5.998465038869781329e-01
1.000055999715500077e+00
1.049108188502931305e-02
-1.000073444976415704e+00
-8.127795035768964338e-01
-5.997879157027179442e-01
1.735532204471723280e-02
-7.947952124210465596e-01
-2.997045853431342111e-01
1.000514837203755891e-01
-9.999295985037016665e-01
1.870373382649352934e-01
3.084199586966423698e-02
2.064737982068819144e-01
4.031333423340413002e-01
-9.051993575136529913e-03
-1.000092095620688903e+00
1.928988538783116269e-01
3.714815820495614377e-03
4.020631407846003147e-01
3.864756047244342074e-01
-2.334220630143705455e-01
-8.243280236749747081e-01
-9.997889769492376288e-01
3.983072558418455089e-01
-2.248894637518871753e-01
-6.001004903215163555e-01
-2.642211250562498948e-01
9.998091457296721940e-02
-9.998822156879912937e-01
-7.966628280344639768e-01
-7.942873623290493956e-01
-1.000040357669274460e+00
-2.380012671041771902e-02
9.999839976016517973e-01
-1.000055418737648472e+00
9.999429132967387890e-01
3.986806879032473439e-01
-5.999345158960889268e-01
1.000098330304373340e+00
-7.947693908988927580e-01
-2.750844911541492355e-01
1.000203983342324854e-01
-3.575453531056626000e-01
3.999096025981176417e-01
9.977730414406359161e-02
1.000488456212981769e-01
9.994312246939671129e-02
2.005290265124775595e-01
-1.000118034683506130e+00
-8.015631814199445371e-01
4.005716096663008430e-01
3.887523198304969618e-01
-2.723009587199031190e-01
-9.998496200325903693e-01
-7.953578916552092037e-01
3.961707459170238366e-01
-3.063459202148952065e-02
-1.000118029060404368e+00
-3.665473011493394079e-02
4.083517889254372202e-01
-1.000039993452569220e+00
-2.798187909192977330e-01
-9.998726829262502003e-01
1.000151235403572564e-01
-1.000199468006351733e+00
7.595575018308417525e-02
-8.093086103121498454e-01
4.035454987366767221e-01
-6.001890250566978002e-01
-2.676204244526509402e-01
9.994372886753798146e-02
-2.624229085978342646e-02
1.893590124683650344e-01
9.989669182007844539e-02
2.079195598782073440e-01
1.000020079102604598e+00
3.160479435096786444e-02
-8.042476600830159583e-01
4.006499444492395146e-01
4.067903517577448058e-01
1.898379032368085473e-01
2.035476852271678183e-01
1.000065475190015984e+00
4.000272615131574838e-01
-1.000096872550680249e+00
-6.000348015158933901e-01
-1.000127869476415521e+00
-7.690019113501217474e-02
-9.999761190880417372e-01
9.993802285033472066e-02
1.000471377415045882e-01
-5.999591381441379268e-01
-4.065692221268966955e-02
-8.124804724760366081e-01
-8.044623203862141247e-01
-3.008134423254641976e-01
4.050312737740463520e-01
-2.851303184945445657e-01
3.968234730058792792e-01
-7.968361647130322023e-01
-3.261140640217414788e-01
9.990945796428274406e-02
1.000260252529078658e-01
9.997883670597325079e-01
2.141204213984904819e-02
3.832483463210465957e-01
1.000381306826383099e-01
-2.676585614273969682e-01
2.007745803369607451e-01
-2.660106097077297171e-01
-5.999633510242037282e-01
9.999249657553985760e-01
3.985597065283304485e-01
2.101491884701298385e-01
9.987583922240333978e-02
1.000029570440652993e+00
-9.998905796472810081e-01
3.880888081018631364e-01
9.999282713742853046e-01
4.185935370290552737e-01
1.000153527388349672e-01
4.065783022107601896e-01
-5.999038077702537608e-01
4.002499700045226150e-01
-2.609344323643292829e-01
3.974453405629270186e-01
9.998106983281780380e-01
9.999332646434138105e-01
1.002348650125251678e-01
2.181379794860266730e-01
3.955966015068028141e-01
-7.993451959488796499e-01
9.995572184992865261e-02
1.000167625763494827e+00
9.999113832349764142e-01
-9.998479483931252965e-01
-5.999912702135745679e-01
4.081911393438075741e-01
4.447160091356988643e-02
4.076487652415912710e-01
9.981756709937347760e-02
4.080576191157062049e-01
-1.079067724237221283e-02
-2.957903030630100738e-01
-5.998492276661937517e-01
1.965877550529224471e-01
9.999009393873005136e-01
-1.000250292550907805e+00
-8.022552628229192573e-01
9.999878083028511666e-01
3.961174884474829572e-01
-6.000326122036894194e-01
9.981162760415653035e-02
-1.315042491442901251e-01
-3.308136110215122438e-01
-8.212309569615374727e-01
1.824574407602527759e-01
9.988324027765024815e-02
1.000199891086862802e+00
2.029277612758011995e-01
1.955983968421993735e-01
-2.897934890492397941e-01
-1.000029316163874027e+00
-4.596288556802247821e-02
3.905477503480672685e-01
-8.060591248372162010e-01
2.049087702154348545e-01
1.000159352560448633e+00
-7.983695333386026105e-01
-6.001802461085636864e-01
-1.000113664874959118e+00
2.457753835648575358e-02
-3.887185771996122252e-01
-6.001279257822668134e-01
-2.753678397011265558e-02
2.024683063687582607e-01
-1.000081984241790511e+00
1.000143450595112560e+00
-7.847569353038074125e-01
3.891737976221471551e-01
-2.577250265492047610e-01
1.000110500245809497e+00
-9.999291203142421924e-01
-5.089543817876649584e-02
2.079447099337211613e-01
9.993524603144479657e-02
-8.008488354061127357e-01
-3.382679984763379832e-01
-8.865979723459982420e-03
-3.221067937195690734e-01
1.977712452306037427e-01
2.977905688748525015e-02
-5.999441792246924532e-01
-6.000669171694454906e-01
3.952716409822500943e-01
9.999814864223356414e-01
1.000478124123187901e-01
-3.705506640781316974e-01
2.127177732068945282e-01
9.989734305199089726e-02
9.970098250504719206e-02
-8.023149453154735378e-01
-5.999047365186258585e-01
-5.999218855254605520e-01
1.000144504819566071e+00
-6.000010019809572936e-01
-5.999816741206525084e-01
9.999267913527478679e-01
2.009538147226975768e-01
-8.163548641363053138e-01
4.007641575680407908e-01
-4.154785215621939476e-02
1.943550704185064426e-01
-8.077213273908206981e-01
-1.000031254625979527e+00
-8.096477389419701742e-01
-9.998587674779342294e-01
1.000080995815827212e+00
1.000080898732881751e+00
-7.890394439240633329e-01
-3.083795548310425128e-01
-6.305048558946072315e-03
-7.849579219610064440e-01
1.000008730084482877e+00
-5.998834074666504756e-01
9.979536376276840204e-02
-1.000007390120667639e+00
4.041662009973444047e-01
1.873670197572412932e-01
1.000019544982872821e+00
-6.000064250693870616e-01
-6.000687668989527213e-01
-2.930307143913304935e-01
1.000009167151072687e+00
9.990817448549543789e-02
1.000050265956996531e+00
1.000192790545167520e+00
-1.000028347995155942e+00
3.784817229383929393e-01
9.993743207458327671e-02
3.958624030690609530e-01
1.000110239900110082e-01
-5.508493653138875346e-02
1.109004559474627109e-02
1.954393192677641167e-01
3.992534653474599793e-01
-7.969143225362972371e-01
-5.998953125405812603e-01
4.087635610804866704e-01
9.999678312791182577e-01
4.305848071294574031e-02
-7.974902452877212777e-01
3.968998548748823296e-01
9.147156330397823720e-03
1.884862996366039323e-01
-9.999031892017148371e-01
-3.022926060132420378e-01
3.931646861093567313e-01
1.883477996604973892e-01
-6.919084156203234026e-02
1.000063216035091740e+00
1.000048968917780945e+00
1.000099806919518386e+00
9.996636526685089008e-02
-2.842720715442195387e-02
-9.998876897514469286e-01
-3.002562040465668325e-01
-2.257038949483156087e-01
1.000032722917076233e+00
-7.940400358355257371e-01
-7.971085535947580736e-01
-6.000135226604139671e-01
-3.039553039785845567e-01
-9.999204540635363569e-01
1.976390962343824442e-01
1.001285046719665728e-01
-5.998850710531207220e-01
2.003394162334296361e-02
9.999391174011472705e-01
1.997278880811977353e-01
2.134167846249893363e-01
2.966694637243189828e-03
-2.893296431872501850e-01
-3.885898066532982864e-01
-2.949891232442913291e-01
3.961622403507666368e-01
-3.419107893402192344e-01
1.000062670596454151e+00
1.000005185001420660e+00
-4.600968815404059276e-02
1.896765314915477008e-01
2.064177985286054229e-01
-9.170617940670926227e-02
-3.888591928796703012e-01
-5.998639667585793367e-01
-1.000018662042542195e+00
1.987729458732086785e-01
-2.163240481057839351e-02
