-5.999833388788162747e-01
-5.999290758086417430e-01
1.000034456368330771e+00
8.445702987449772714e-02
-9.999489417058302632e-01
-8.185668440934532608e-01
-5.999606087480554573e-01
-6.611766279670483470e-02
-8.026197768711765823e-01
-2.417232345951885464e-01
1.000066873361468434e-01
-1.000017323572258920e+00
2.033342023199240234e-01
6.924701991708945986e-03
1.932838500206406074e-01
3.855137692909161862e-01
1.059670276676672428e-02
-9.999953772995973100e-01
1.822595721110715217e-01
-1.139596306660610736e-01
4.012432240272477135e-01
3.848897710554749496e-01
-2.979388505478626215e-01
-8.052384326723729391e-01
-9.998656893710932136e-01
4.008171245527147319e-01
-3.800226358965710927e-01
-5.999315800081824746e-01
-2.934940470040652838e-01
1.000948979982737852e-01
-1.000046025109254888e+00
-8.072294029139354121e-01
-8.071882600585718048e-01
-9.999435892461016051e-01
-3.400027804729206099e-02
9.999477359854014313e-01
-9.999680615296822062e-01
1.000081271388222337e+00
4.005426035242761751e-01
-5.999873484772223486e-01
9.999257725599955959e-01
-8.038359256993027335e-01
-3.161393524186892900e-01
1.001595201657692752e-01
-2.770860029767596711e-01
3.994928398759814425e-01
9.980834618167325201e-02
1.000824650133925048e-01
9.978185623852328656e-02
1.950562843354511633e-01
-9.999657107511872312e-01
-7.897244886712895262e-01
3.789744114994410551e-01
4.005713962465181632e-01
-3.716317935839356101e-01
-1.000059013248918660e+00
-8.055425394955167961e-01
3.939938346081172105e-01
-6.574586926739217803e-03
-1.000078262586448385e+00
-5.251013703559096607e-02
3.930264272059521558e-01
-9.998816047912960636e-01
-2.980262962199121124e-01
-1.000016536093723207e+00
9.978841409950052477e-02
-1.000016233286971978e+00
-2.406440601005804814e-02
-8.159042282424660009e-01
3.982849548826012387e-01
-6.000264337968641559e-01
-2.804563833983472754e-01
1.001476646106867485e-01
-5.927633527644624034e-02
1.904078603851669382e-01
9.997553602219320934e-02
1.978429202313637392e-01
1.000015102846583348e+00
1.144321664910765389e-02
-8.119897828444161414e-01
4.016956090781664268e-01
4.000479266172345394e-01
2.127851820891977219e-01
2.114891195356475850e-01
1.000029963122291976e+00
3.885720220878201570e-01
-1.000082093022716334e+00
-6.001147854083078714e-01
-1.000041460550192163e+00
-1.509332594980267866e-02
-9.999962487396929500e-01
9.999787967240542086e-02
9.975595342003075461e-02
-6.000866378748536123e-01
-1.792696803223954929e-02
-8.221119356104917841e-01
-7.895082785719863550e-01
-3.166898816930809324e-01
3.973768517485869456e-01
-3.045552364665363165e-01
4.101420727500296182e-01
-7.768355531858390783e-01
-3.108465788521156403e-01
1.000167721652158448e-01
1.000368547590670260e-01
1.000027057568574129e+00
-2.545568045414864367e-02
3.862393498070758602e-01
1.001662139030193299e-01
-3.135280175014140136e-01
1.995454797672949476e-01
-2.663547270813185208e-01
-6.000407417185378289e-01
1.000105585147210485e+00
3.997427205486775437e-01
2.018725935723056364e-01
1.001530059295837605e-01
1.000079092475005371e+00
-9.999763216789819831e-01
4.061601982544594813e-01
1.000140883845154649e+00
4.161246480254648383e-01
9.985177218640382824e-02
4.241974062425107883e-01
-5.999884305885951896e-01
3.997910521687376151e-01
-3.239695964779010229e-01
3.900529880049220521e-01
1.000055370081804451e+00
1.000050105624444630e+00
9.974380532657695086e-02
1.902993264473371859e-01
4.115136074714777492e-01
-8.067163790526086231e-01
9.998750721897803340e-02
1.000229177669182956e+00
1.000042539488886995e+00
-1.000061502703187166e+00
-5.999772523885782416e-01
4.001288737821068753e-01
9.748633141242993294e-02
4.062051955873731135e-01
9.996286084258204641e-02
4.028090759617379280e-01
-1.018975590553027194e-01
-3.451820748095407732e-01
-5.999970852978669944e-01
1.960458052788211225e-01
9.999723222139151879e-01
-1.000007151420203577e+00
-8.346271183939516503e-01
9.998544605566902499e-01
4.187014599373614088e-01
-6.000034904526451163e-01
9.993305111062196489e-02
-1.906857051227426117e-02
-3.924408471875082682e-01
-7.952944852900285522e-01
1.903695857821125215e-01
9.999123380530572369e-02
1.000029623183724903e+00
2.067715012838388655e-01
1.918620409155065154e-01
-2.562900393544232935e-01
-1.000066522399913449e+00
7.005935323853011709e-02
4.061203771422523534e-01
-7.830303812426455679e-01
1.972797477420468182e-01
1.000033082840554144e+00
-7.955062968501926957e-01
-5.998859722947933459e-01
-1.000261491520107793e+00
-7.760798896169515682e-02
-1.679464868330619864e-01
-6.000511095513504367e-01
-2.801903006239868724e-02
2.125530809504256879e-01
-9.999483093439451853e-01
1.000159068843507137e+00
-8.061377786036159065e-01
3.886132454939745240e-01
-3.076359065261187187e-01
9.999054141765766346e-01
-1.000116325636532633e+00
2.315274350726912941e-02
1.979622384822560255e-01
9.986468500584649854e-02
-8.051644796196144593e-01
-2.550775308387735474e-01
-2.791683710756746178e-02
-3.244996891426120689e-01
1.987063118088883418e-01
-2.076652934056812463e-02
-5.999183581177088831e-01
-5.999312115678285817e-01
3.939778888812124347e-01
9.998738506782491875e-01
1.000272899575883473e-01
-3.020103093278571071e-01
2.068213277881002787e-01
9.981033635556230132e-02
9.991599409204360294e-02
-8.006915663715369336e-01
-6.001434452894195415e-01
-6.000440172527883309e-01
1.000001392212215068e+00
-6.000706723563397071e-01
-5.998164302038698770e-01
1.000073804859976656e+00
1.916291615369013490e-01
-8.065856982745404080e-01
3.992947177129630432e-01
-5.060460499752317265e-02
2.031024523480724486e-01
-8.142338545666972793e-01
-9.999830009324254254e-01
-8.053841064690411278e-01
-1.000071777887995506e+00
9.999976565077316470e-01
1.000157107759520159e+00
-7.873753956294529122e-01
-3.299119871192389142e-01
3.901508053412234417e-03
-8.165079627144653518e-01
9.999878637266212955e-01
-5.999104108591287732e-01
9.991978317544458754e-02
-1.000149032181884889e+00
3.837270259860116606e-01
2.088608418746070450e-01
1.000066055663676234e+00
-5.999233226667082253e-01
-5.999201939755552937e-01
-3.036287706000455056e-01
1.000025776359251051e+00
9.976278209648657691e-02
9.997963954375231888e-01
9.996939852998132370e-01
-9.999820662860057219e-01
3.952895323385189341e-01
1.000200839337792857e-01
4.039234966283622441e-01
1.000442035619808490e-01
-8.658711549267993079e-02
3.335561481085475705e-02
1.873198669836508012e-01
4.028257415644360129e-01
-8.204583466543430292e-01
-5.999481230366969786e-01
3.830013188263913237e-01
1.000041619842670260e+00
-1.808655463937803784e-02
-7.777730996838924105e-01
3.968493957673185357e-01
2.590898608670492986e-02
1.930409045838552551e-01
-9.998928001699523005e-01
-2.702560032103306087e-01
3.951907637424600939e-01
2.024103890146316254e-01
6.608077815302690339e-03
9.999449486162136358e-01
1.000083878438321472e+00
9.999943373849227157e-01
9.995942607592044060e-02
-3.641106954439096710e-02
-1.000090467472600997e+00
-3.154570875011881714e-01
-2.819635865553064002e-01
9.999487774301043519e-01
-8.092354609763972029e-01
-7.991722083335480731e-01
-5.999597336283792881e-01
-2.541925146933904922e-01
-9.998007129460946274e-01
1.936308373677568251e-01
9.995277612442073079e-02
-6.000336377740254079e-01
1.075913899047268446e-02
9.999594716722371990e-01
1.936977030206684103e-01
1.997941765133904035e-01
1.204681953298641917e-01
-2.074754822397448240e-01
-3.968772503607934654e-01
-2.916620812450910760e-01
3.962937884838361735e-01
-2.823916172119245727e-01
9.999597896560912247e-01
9.998748994020973946e-01
-3.933445360252563888e-02
2.162027560082558642e-01
1.894163648471407224e-01
8.078500303134254767e-02
-3.156274293310473711e-01
-6.001023214398695238e-01
-1.000068945337450055e+00
2.031433377814960417e-01
-2.659945967128825653e-02
