-5.998150418399352812e-01
-5.999876018690947221e-01
1.000137726498900204e+00
-3.278428324114539272e-02
-9.998478549249255609e-01
-7.885856330013866211e-01
-6.002157699938929225e-01
2.710608524364167523e-04
-7.825263842820863180e-01
-3.468794083771034598e-01
9.978641212259745097e-02
-9.999023620544381652e-01
2.175879596626748569e-01
8.050583843478525958e-02
1.777962168568236745e-01
3.897436413230069840e-01
5.024403964459647765e-03
-9.999092974826686575e-01
1.876772060144620002e-01
-4.361209639262886295e-02
4.094262618383537888e-01
4.029510019530041509e-01
-1.924497748459308433e-01
-8.006810312147611963e-01
-9.999741953388181503e-01
3.956580736362478312e-01
-2.808640732929100214e-01
-6.000361178227824333e-01
-2.223657839906287570e-01
1.000844574010126692e-01
-9.999449230559731561e-01
-7.985918513483093450e-01
-7.916975588455766877e-01
-9.999965523391689537e-01
2.303604936342087614e-02
1.000043280930659639e+00
-1.000068287963644886e+00
1.000110893779738719e+00
4.145867043149010223e-01
-5.998652795759505940e-01
9.999890019623304260e-01
-8.120072119119357001e-01
-2.997513947236810083e-01
9.994857056148127861e-02
-3.118660825172857587e-01
4.010778266212821630e-01
9.993902801802609370e-02
9.987424675608171099e-02
1.000202764917525744e-01
1.975275258454646798e-01
-1.000059272568018631e+00
-7.969954463527102462e-01
4.029935024686406853e-01
4.096499659548957228e-01
-3.415029420225823564e-01
-1.000206166106540895e+00
-8.140960730430759629e-01
3.887372896357544905e-01
5.592703067183536769e-02
-9.997799619961735829e-01
4.708886124791240857e-02
4.075326663608932476e-01
-1.000053127499927808e+00
-2.109895262625198775e-01
-9.999061075198475423e-01
9.992802786052182307e-02
-1.000038685464018862e+00
-7.533365636844359392e-02
-7.812387533205289447e-01
4.184969545484442666e-01
-6.000701382581117294e-01
-3.357847691353551545e-01
9.992846484790633699e-02
6.788917746018311578e-03
1.972003224713177461e-01
1.000250717647600263e-01
1.938519633727292524e-01
9.999257152978192620e-01
-2.441876793739026358e-02
-7.880810972915502921e-01
3.995596034892390791e-01
4.001129423540231711e-01
1.989214027967957377e-01
2.253741135806443530e-01
9.999564338632979110e-01
4.157276917216627954e-01
-9.999296979274796549e-01
-5.998602040492519993e-01
-1.000005198472982970e+00
6.972127403285564851e-02
-1.000126896304975865e+00
9.994265468362620308e-02
9.995374775777939036e-02
-5.997695119699312238e-01
1.065320043414625349e-02
-7.863014987079942619e-01
-7.937263460559629280e-01
-2.624718111845031898e-01
3.856216659944410319e-01
-1.970583998639287016e-01
3.918029042135078854e-01
-8.040929737272060063e-01
-2.388756437325813275e-01
1.000571980030217634e-01
9.993092556402366489e-02
1.000227056637091216e+00
-9.691852776223372837e-03
4.230348825945416391e-01
1.000331782521368951e-01
-2.344380898486071174e-01
1.872296896471938588e-01
-2.559722387132786769e-01
-5.997837906811296360e-01
1.000112711683090794e+00
4.017793192024112225e-01
2.037121888192309771e-01
1.001796773906228899e-01
9.999070479165028669e-01
-9.999387288347854064e-01
4.103084349667883712e-01
9.999833909684183730e-01
3.951641699567953192e-01
9.982214590344423710e-02
3.948981925936607129e-01
-5.999376318971424427e-01
4.229014827229448659e-01
-3.055376916907627804e-01
4.025698177913375475e-01
1.000159489838649218e+00
1.000049674111224585e+00
9.974073549537861016e-02
2.176009959881293476e-01
3.904890295616317286e-01
-8.016390285093180079e-01
9.997895420583664816e-02
9.999655813903040036e-01
1.000146314546633830e+00
-1.000015079390004891e+00
-5.999965359889476435e-01
3.923495659831110483e-01
9.011432588580289837e-02
3.995595932939953188e-01
1.000611083816846381e-01
4.128890412134096355e-01
-4.215455281459071918e-02
-3.067912170793783977e-01
-5.998453498489978442e-01
1.872774901357935895e-01
9.999860962356273975e-01
-9.997917319930477165e-01
-8.109862820959683472e-01
9.999171776721216265e-01
4.219084393408821798e-01
-6.000237161787489448e-01
1.001339365067586001e-01
-5.690194243430438115e-02
-2.548312441603511891e-01
-8.053958231039149984e-01
2.038371158328788346e-01
9.997454050234777512e-02
1.000058286582719447e+00
1.967909675463623553e-01
1.967306034019666028e-01
-2.836103768089932586e-01
-9.999361221015340417e-01
-1.235846537471796402e-01
3.993804407893266628e-01
-7.924567730302723989e-01
2.037218846935359984e-01
9.998921038992791832e-01
-8.040860352512263498e-01
-5.999015824219992021e-01
-1.000068527952754360e+00
-4.172989914060978855e-02
-3.638572226909444485e-01
-6.001743956080548559e-01
-3.844716706020651076e-02
1.939623370222281207e-01
-1.000003832169947371e+00
1.000133403253012920e+00
-7.981757187106696128e-01
4.131243842873189021e-01
-2.769223991610003655e-01
1.000148479824434444e+00
-9.997851838554617787e-01
1.498026150800717618e-02
2.234852349467563171e-01
1.000172107113359160e-01
-7.942172546686184775e-01
-3.069511520674071403e-01
-4.359559512100546347e-02
-3.106290124459992197e-01
2.129372182218167153e-01
-1.965839971052349422e-02
-6.000526497267738568e-01
-5.999858538592351964e-01
4.008968701454025396e-01
9.999396413173623488e-01
9.995072133948755544e-02
-3.056276921047452189e-01
1.880053770506348865e-01
1.002196563166653509e-01
9.990673954049031358e-02
-8.077664412851197628e-01
-6.001584882399023657e-01
-6.001436592140275694e-01
9.999542005606119055e-01
-5.999350218766932308e-01
-6.001117689908714858e-01
1.000023166042691480e+00
2.014650914032719009e-01
-8.080409010797173774e-01
3.956159151947917785e-01
-7.802721629206645082e-02
1.930278407227311310e-01
-8.087027647029062516e-01
-1.000035940725081174e+00
-7.976013140221626108e-01
-1.000063484718232587e+00
1.000062958584353678e+00
9.999723047938831044e-01
-8.057396009112925972e-01
-2.762310398901291486e-01
5.795915686048656174e-02
-7.934294991522820029e-01
9.999606147916185739e-01
-6.001789373141904749e-01
1.000309069134253243e-01
-9.999148806477705653e-01
3.962041488029986458e-01
2.029753826123751048e-01
9.998574547140446356e-01
-6.001199729065429533e-01
-6.000006468954475203e-01
-2.874411483936405998e-01
1.000023476971642289e+00
9.987430255879380103e-02
9.999846953879981681e-01
9.999007992081117013e-01
-1.000018756308820089e+00
4.093214810919698632e-01
1.001967139392695022e-01
4.021705408314817376e-01
1.000429621142728542e-01
6.597210628401301014e-02
-2.818345070600009050e-02
2.073172290285372199e-01
3.920488836672036959e-01
-8.038449569749389623e-01
-6.000705085358311042e-01
3.886735144655924512e-01
1.000150665149482476e+00
-1.735179615530632255e-02
-7.916036946952312858e-01
3.910375614544127632e-01
-9.128733553288671809e-02
1.903441258160332161e-01
-9.998677174251766608e-01
-2.169016798466577023e-01
3.984722300877629464e-01
2.078011296638312411e-01
-1.668943230363234900e-02
1.000068278132935529e+00
1.000053905956315603e+00
1.000068726691844212e+00
9.996716119742951601e-02
-2.402872937191126435e-02
-1.000027884339523609e+00
-2.733959308948132327e-01
-3.512062143808761805e-01
1.000042021136767545e+00
-8.068199769268415977e-01
-7.929204252366425232e-01
-5.999980926385921620e-01
-2.279330111715615614e-01
-1.000019645117595779e+00
2.014045784730927602e-01
9.993790823495417308e-02
-6.000040515190253609e-01
1.083380851769559852e-02
9.999680020982499862e-01
2.042658748632548149e-01
2.059581859864118847e-01
4.887898481073636031e-02
-3.461024707893468055e-01
-2.493894034940957460e-01
-3.424779249581640928e-01
3.912069645211224134e-01
-3.210552357030105886e-01
9.997840118027387923e-01
9.999191778065911196e-01
1.338816522528763209e-01
1.985444346171713892e-01
2.006903147220411576e-01
3.010128954364173562e-02
-3.033412451071952343e-01
-6.000432003682883986e-01
-9.999562689620179468e-01
1.892012153747260894e-01
-3.544537277885814047e-02
