-6.000703854700103479e-01
-6.000601736915085471e-01
1.000116558309082526e+00
-7.621527908286307440e-02
-9.998368249036322375e-01
-8.043543569061897269e-01
-5.997502986451822560e-01
3.134998621767043619e-03
-7.923688636614693026e-01
-2.086670285334763508e-01
9.995856532380024972e-02
-9.999050611872294381e-01
2.005960277155558746e-01
4.375135969410404169e-02
2.055936888500802806e-01
3.885364583697562546e-01
4.317859791138772829e-02
-1.000064780607335058e+00
2.035354850279803285e-01
-3.423862346095748327e-02
4.026392949812079292e-01
4.068792432594856012e-01
-1.421093013408454842e-01
-7.915687777986293305e-01
-9.999252702485801336e-01
3.914624699960306820e-01
-3.375601813488019465e-01
-6.000596929818413638e-01
-3.188161519174867453e-01
9.984257762005914472e-02
-9.998869028634894685e-01
-7.868558463114418977e-01
-8.077216207606172649e-01
-9.999716432132824684e-01
4.138973093010240439e-02
1.000046931131371775e+00
-1.000077906158841401e+00
1.000192481219624785e+00
3.854513931254994752e-01
-6.001077151413736210e-01
9.997818759344889727e-01
-8.083704227296789613e-01
-3.168766955398448770e-01
1.000479207826926453e-01
-2.233810232982597621e-01
3.915302843214430450e-01
1.001872665246817673e-01
1.001337672782814242e-01
1.001219668059108586e-01
2.139473591202677993e-01
-9.999085495286004210e-01
-8.051551504786133018e-01
3.924619728215901771e-01
3.892826101180113518e-01
-3.493042932467435580e-01
-9.997265174412044431e-01
-8.018788168819876994e-01
3.930331672242018404e-01
-1.121400551771443814e-02
-9.999610119549752207e-01
1.082033632717802479e-01
3.957789290452157771e-01
-1.000009068660467682e+00
-2.685077016678960038e-01
-1.000038024853123098e+00
1.000359722114152333e-01
-1.000254647907028227e+00
5.483136408346388907e-02
-8.140087310959586153e-01
3.814819090658295719e-01
-6.001556126454558049e-01
-3.493077397817703766e-01
1.000249924343379893e-01
2.007831853654868867e-02
2.221951214142548203e-01
1.000044379201704969e-01
2.142387802420920584e-01
9.998151986933835333e-01
-6.267265925489706735e-02
-8.112331683491239565e-01
4.094707433993367007e-01
3.966673864068943067e-01
1.979299204776927834e-01
1.862748459842679671e-01
1.000066359613425160e+00
4.122984272015007279e-01
-9.999019063831066090e-01
-5.998575887692564335e-01
-9.998527611125410663e-01
1.400281000386676203e-02
-9.999143005624639979e-01
1.000513657514652127e-01
9.999896536721393503e-02
-5.999306467442250268e-01
-7.425002742033348646e-02
-8.032341693119615655e-01
-8.091378712806905904e-01
-2.606552057132532907e-01
3.949199194653614242e-01
-1.967911486355760631e-01
4.008240042866825781e-01
-8.005537759449395940e-01
-3.755649171919955287e-01
9.989683402464899498e-02
1.000646548760278642e-01
1.000122156203690382e+00
3.067337417918480566e-02
3.995607625990160727e-01
1.000050636542226395e-01
-2.871586093674791673e-01
2.114929397814854506e-01
-3.356213268364766078e-01
-6.000077949217259565e-01
9.999994597564397791e-01
3.968138045132506564e-01
2.016088059234869279e-01
1.000254090278664687e-01
9.999866538724144771e-01
-1.000171113592178251e+00
3.817159144551127148e-01
1.000238527776828201e+00
4.089610667181936554e-01
9.998406694573704068e-02
3.957813248003972939e-01
-6.000273455835910541e-01
3.986052141492403833e-01
-3.374620318931558782e-01
4.150831971623814565e-01
1.000010428831181075e+00
9.997820727405235530e-01
1.001169249069412681e-01
1.887397947369005569e-01
3.929342559932691437e-01
-7.993902105115023859e-01
1.002940425873045660e-01
9.999873566890720156e-01
9.998500751045527046e-01
-1.000031786076589047e+00
-5.998717117215111028e-01
3.879420096407713570e-01
7.147842212525261363e-02
4.122576563433250074e-01
1.000136916858791469e-01
4.071752744903532895e-01
2.686249000871428552e-02
-2.169180946628785911e-01
-6.000275999356963208e-01
1.980749290376764282e-01
9.999388175302259540e-01
-1.000179756495555461e+00
-7.941453941980508580e-01
9.998433231694131562e-01
4.082947859705418625e-01
-6.000835857790675076e-01
9.989070609328225270e-02
6.756909199981149527e-02
-3.127861059354937190e-01
-7.962494872410211810e-01
2.025408230805697818e-01
1.000959717329948373e-01
9.999229539069539596e-01
2.277985182643816053e-01
2.001353002498082734e-01
-2.755017940886548833e-01
-9.999446733291957878e-01
4.654784096811510202e-02
3.952983558983881318e-01
-8.093484554181421542e-01
1.960253399985428802e-01
9.998735633615155605e-01
-8.024217005815784676e-01
-6.000480913009381689e-01
-1.000086792550543668e+00
-2.112230407873466262e-02
-2.166800556968902502e-01
-5.998624388259355955e-01
7.057075120686358283e-02
1.839454962565861273e-01
-1.000029313324844349e+00
1.000020875247227492e+00
-7.954799228743498762e-01
3.959497443243759074e-01
-3.394174436882790302e-01
1.000004504743670086e+00
-1.000116291702729310e+00
-5.884850719249992701e-02
1.884817911787523004e-01
9.996613554693473125e-02
-7.932216131098096534e-01
-3.750231783272015007e-01
3.234324779095893582e-02
-4.168633747449318472e-01
2.105508948925201851e-01
5.012043733943256918e-02
-5.999460560277497523e-01
-5.999085786269626741e-01
4.037316913102839688e-01
9.999895851714243333e-01
9.991624558890718766e-02
-2.681114670218660012e-01
2.043773745114384199e-01
1.000360177846791598e-01
9.996485510421303233e-02
-8.098824521080976169e-01
-5.998552839677218085e-01
-6.000556920432541519e-01
9.999140282650292866e-01
-6.000613350784722577e-01
-5.999082543867102491e-01
9.998905869354908216e-01
1.949537243048294621e-01
-8.027007196888434892e-01
3.900449447107278700e-01
5.709593214939596290e-03
1.938171067804813630e-01
-7.978490352893097270e-01
-9.999506327622438295e-01
-7.961929593003438388e-01
-9.999688994420325994e-01
1.000070649925892674e+00
9.999555207876673624e-01
-7.853756021563789158e-01
-2.990417956534553445e-01
8.271160511905162327e-02
-8.139563946077525980e-01
9.997276816727810322e-01
-6.000830466421542830e-01
9.999101860739749437e-02
-9.999381110106102533e-01
3.835439673135347949e-01
2.075567776645304841e-01
9.999647630321747416e-01
-5.999595397331771718e-01
-6.001383601414610469e-01
-2.139649514829480015e-01
9.998862102403869301e-01
1.001218534105635244e-01
1.000045100451739888e+00
1.000023436837907953e+00
-9.997337116691275005e-01
4.028887469359907492e-01
1.001218747485467797e-01
3.906839765453694602e-01
9.982114575827000236e-02
-4.218431503461281262e-02
-2.342300920397531391e-02
2.046857191634976203e-01
3.997929110952025411e-01
-7.885120324091300370e-01
-6.001843533241268958e-01
3.968612940044045634e-01
9.997646821501326997e-01
7.423673404561098588e-02
-8.047502469235414679e-01
3.947805413709841171e-01
-2.407320700158113377e-02
2.041021892278837568e-01
-1.000007284611335923e+00
-3.567253899052797994e-01
3.914442027725134610e-01
1.871713809574143128e-01
1.004337002845670512e-02
1.000204231912339203e+00
9.997857689990965468e-01
1.000010645386319341e+00
9.990923140571769667e-02
-7.185151084007630751e-02
-9.999071606914951005e-01
-2.957993966742076819e-01
-2.876850200591496431e-01
1.000034733786522523e+00
-8.017154640267026844e-01
-7.898402872771126404e-01
-6.000308017838923424e-01
-2.892053252133674479e-01
-9.999161649282228836e-01
1.936499553421964226e-01
9.994551103742699283e-02
-6.000527927845139553e-01
-1.649106105129504590e-02
1.000147320914286597e+00
1.918268594625113788e-01
1.932662829339490407e-01
7.873718590083100474e-03
-3.021383193553063284e-01
-2.964952068619646219e-01
-2.268525097087852327e-01
4.109591053172280128e-01
-1.502558784082995147e-01
9.998052441688466407e-01
1.000168504265866787e+00
2.720810649566917164e-02
2.116929938506555142e-01
1.955862405789966785e-01
1.802721012715125318e-02
-2.120835699328276758e-01
-6.000565286805873422e-01
-1.000024931359141833e+00
2.132404500656067403e-01
-4.655383299145095244e-02
