-6.001425097647625773e-01
-6.001483841695474108e-01
1.000062937389624151e+00
5.280548921990657618e-02
-1.000137661222376462e+00
-8.037864434661544655e-01
-6.001628730381699528e-01
8.050370801716470390e-03
-8.171696319803483100e-01
-2.668761907220016383e-01
1.001510736604507984e-01
-1.000084730921305676e+00
1.827637799829170961e-01
-9.342131611541751313e-03
2.018549494080455475e-01
4.024286445870401407e-01
-2.004384962142438317e-02
-1.000102882352764677e+00
2.107594842955447245e-01
-5.456809566453535432e-02
3.860927664632400336e-01
3.958911321459754884e-01
-2.833890108691923815e-01
-8.112629663004664593e-01
-1.000020336304969115e+00
3.891521298359429393e-01
-2.678445375520763783e-01
-6.000393930220535577e-01
-2.906049020486279888e-01
1.001597149538622639e-01
-9.998897148052146022e-01
-7.920733380013799119e-01
-8.009925507523067978e-01
-9.999675973125372597e-01
6.045704073398910222e-02
9.999725855813201836e-01
-1.000026290763000647e+00
1.000092613907258343e+00
4.203568194593470531e-01
-6.001538504355203862e-01
9.999921779554443724e-01
-8.001484673030888617e-01
-3.806362292512306400e-01
1.000735055886762676e-01
-3.127974172938104980e-01
4.146576781340130524e-01
1.000464868110349514e-01
1.001236825586728357e-01
1.001294613776082254e-01
1.966777669970092846e-01
-1.000175963630773879e+00
-7.992822828992575124e-01
4.039049269532409836e-01
4.089315725974237425e-01
-2.936706832891027297e-01
-1.000079756323027480e+00
-7.923524263844703430e-01
4.170017852277860815e-01
-1.263259309040513229e-02
-9.999479079781542490e-01
3.786118434767102303e-02
3.924492713929602639e-01
-1.000085812926569284e+00
-3.435297770930564876e-01
-1.000037297323103536e+00
9.991893806128571143e-02
-9.997495720642044503e-01
-9.013484975896319043e-03
-7.998280737831476861e-01
3.877298638616275550e-01
-6.000579320095275060e-01
-3.242109063168173155e-01
9.992866800632983770e-02
-7.079642338192197737e-02
1.998847991629439380e-01
1.001016152605572473e-01
2.089675300125179713e-01
9.998505511388204869e-01
8.381537918128283138e-02
-8.018945695540983243e-01
3.933671328901598430e-01
3.932187998930350981e-01
1.986346663055767181e-01
1.883524600607733857e-01
9.998346656651891928e-01
4.081016567189297284e-01
-1.000023032495384934e+00
-6.001540997820946632e-01
-9.998380801886523894e-01
-8.939050061135225822e-03
-9.999137959711229540e-01
1.000989524920820745e-01
9.991483591238012330e-02
-6.000641061726906811e-01
5.400390121717577735e-02
-7.926175464396643111e-01
-8.200580955903741254e-01
-1.808935129213706250e-01
3.883330454846405377e-01
-2.375740251226482747e-01
3.930726806414361896e-01
-7.938188172827802536e-01
-3.350624346401836484e-01
9.999223531012099708e-02
9.988808563743256652e-02
1.000136449343492551e+00
5.458337693235944255e-02
4.101409907466159743e-01
1.001212664310899142e-01
-3.463265492568232684e-01
1.953839025409184471e-01
-4.180387977344842132e-01
-6.000768658148112333e-01
1.000014850848595094e+00
3.938140148143841057e-01
2.307846578800291648e-01
1.000982921279671006e-01
1.000276940821188676e+00
-9.999135024436219821e-01
3.986862556516115874e-01
9.998624459311897805e-01
3.968947250451281827e-01
9.999941490173901160e-02
4.059603386446886675e-01
-6.000593619695666625e-01
3.945785784734416879e-01
-2.522059440290256860e-01
3.989409730771327212e-01
1.000096588381544915e+00
1.000123083667237012e+00
9.993648658220462278e-02
2.262347372992019601e-01
4.085888539853727019e-01
-7.920701135181307251e-01
1.000346137601418606e-01
9.999914303100404522e-01
9.998609939168853211e-01
-1.000109067331938828e+00
-5.999774704622149457e-01
4.118658171595949158e-01
-4.393739232418489640e-03
3.923169244439607684e-01
1.001267389993560353e-01
3.960447528741134482e-01
-5.969313109930257655e-02
-3.579851496553987933e-01
-6.001490020192760122e-01
1.835415191773518140e-01
1.000061969623570857e+00
-9.999649430130242989e-01
-8.122696061472782780e-01
9.999372102257112482e-01
4.004217557482089851e-01
-6.000197843032305522e-01
1.000518863286697646e-01
2.144629235065165229e-02
-3.134564986114475871e-01
-7.872270457551389100e-01
2.125101166535981467e-01
9.996111457045456228e-02
9.999506338734455158e-01
2.055706061741243706e-01
1.970090195945951306e-01
-3.114091718937406217e-01
-9.998871716232355933e-01
3.558239790481262238e-02
3.958613700704515237e-01
-7.927456364397991173e-01
1.892864757798773945e-01
9.999904841830841162e-01
-8.145319320687085529e-01
-5.998878591738112664e-01
-9.999834575056950614e-01
5.144310388375102072e-02
-2.587386164905381425e-01
-6.000318512929545545e-01
7.261738703663796202e-02
2.191939299240263095e-01
-9.998498140595918349e-01
9.999118686771854003e-01
-7.976596348807780679e-01
4.179315622388040108e-01
-3.159879351400940450e-01
1.000050744756661336e+00
-1.000013923219134737e+00
-5.235163341181288399e-02
2.002440224557838488e-01
9.997144404052352162e-02
-7.994800890481807976e-01
-3.600709258819022041e-01
-4.869337087604581893e-02
-3.128759442659895806e-01
1.922575506801380285e-01
-1.700003268622374622e-02
-5.999826831103690639e-01
-6.001075513878059153e-01
4.002458960838041202e-01
9.999568890819967582e-01
9.988982744805571801e-02
-2.746749651296742645e-01
1.990527125184849422e-01
9.994118832298373722e-02
1.000377791264574906e-01
-8.094752993247975592e-01
-5.999035427642536167e-01
-5.999866032517729986e-01
1.000052559724312395e+00
-6.001750495844057065e-01
-5.999710864762342055e-01
1.000091121739871802e+00
2.070537790059328864e-01
-8.069192117804127040e-01
3.906582058112280098e-01
-1.169011102594609899e-02
2.023790872372606964e-01
-7.864413993415513282e-01
-9.999497727021807725e-01
-7.956256124402019125e-01
-1.000093864757876094e+00
1.000078833427946234e+00
1.000146980601330782e+00
-8.062347503715707742e-01
-3.194694107684434847e-01
-1.565247938554108556e-02
-8.036965091918191195e-01
1.000056212268993994e+00
-5.999813100901190133e-01
9.998118344563740323e-02
-9.999780989226161321e-01
3.901375220388186849e-01
1.945331032632438284e-01
1.000063141752944862e+00
-6.000191098473331985e-01
-6.000184258675054227e-01
-3.349515988112622411e-01
1.000007180003897433e+00
9.985405322853051213e-02
1.000170044548241766e+00
1.000116136412543488e+00
-1.000097235570198695e+00
3.942370974760694424e-01
1.001495161483199475e-01
4.021359745627819393e-01
1.000974328119603185e-01
-1.943404671200274535e-03
1.546869373552868521e-03
1.787039022276374622e-01
3.989237086999316562e-01
-7.927481178851943922e-01
-6.001025046662156193e-01
4.045779949284286081e-01
9.999614064463033802e-01
-4.328269951517513259e-02
-7.916178977734611433e-01
4.119610242775255116e-01
-3.535899995358360304e-02
1.905179692925218493e-01
-1.000022959088154195e+00
-3.517442574331651195e-01
4.124067063186900306e-01
1.990109228036580358e-01
-4.765514887554841983e-02
9.999791976366414481e-01
9.999325151292796088e-01
1.000085198547240983e+00
9.999198154114796733e-02
9.540542681638765343e-02
-9.998806376322785239e-01
-1.959192285108063980e-01
-1.949744890988045487e-01
1.000084165586936136e+00
-8.183776679743357541e-01
-7.853440568785630127e-01
-6.000904416280670173e-01
-3.924705122121421863e-01
-9.998703761791866151e-01
2.181695555704993295e-01
1.001936896808732352e-01
-6.000397015578378124e-01
7.763999338581297274e-03
9.998869207301551709e-01
2.000116253218103823e-01
2.055852990721142304e-01
1.274692867392075192e-02
-2.957998927883736529e-01
-2.650258875224683619e-01
-2.479015013669345346e-01
3.965061645894794040e-01
-2.609372276131399770e-01
1.000094277397320486e+00
1.000011822581737597e+00
7.586446552261255638e-02
1.880698527273244325e-01
2.172951777343959112e-01
-3.649159653149160187e-02
-3.417963171155514179e-01
-5.998898545896659273e-01
-9.999955734205615565e-01
1.834774013176926066e-01
-8.913606507298941703e-03
