-5.999349909360802702e-01
-5.999394821495589447e-01
9.999521920996481406e-01
3.166527703740833221e-04
-1.000200592552692669e+00
-8.002345565270052585e-01
-6.000667367583478740e-01
-3.152656131848225601e-02
-8.007217260735334241e-01
-2.344862134918037078e-01
9.996634792658330715e-02
-1.000071500376219502e+00
2.027145888954479946e-01
-1.120804117889082595e-02
1.920854727972819143e-01
4.057201764339124495e-01
3.552310096321729949e-02
-1.000106107005952927e+00
1.972068998863399369e-01
2.125309087480853690e-02
3.934593417672938576e-01
4.085787705335416353e-01
-2.831443777772114645e-01
-8.138193184985034190e-01
-1.000056798954258142e+00
3.988851496225270798e-01
-2.263756969307582634e-01
-5.997467690784791250e-01
-2.765664776072119801e-01
1.001234018244842872e-01
-1.000153759345298488e+00
-8.298216809391195659e-01
-7.907501123261712062e-01
-9.999476002150899934e-01
1.523503310026225015e-02
1.000010343060924178e+00
-1.000033224132740761e+00
1.000098913003044876e+00
4.093566379567265545e-01
-5.998512414132454174e-01
9.999583333598329737e-01
-8.084472898265033791e-01
-3.850524496812826047e-01
9.993551718916839077e-02
-3.526548310170566358e-01
3.995964002114105185e-01
1.001149220111010318e-01
1.001381287806945852e-01
9.993229013600292421e-02
1.927870683552464215e-01
-1.000027324014749919e+00
-7.960832440662864995e-01
4.009460296160547998e-01
4.061483462215721985e-01
-3.752272146703063416e-01
-1.000027241431351577e+00
-8.001131250724635713e-01
3.990785592913735358e-01
6.398960346947070443e-02
-1.000004246290289833e+00
-5.026724183022205500e-02
4.096051582575560013e-01
-9.997505982884548059e-01
-2.752307799980379110e-01
-9.999787103647017616e-01
1.001876499375644186e-01
-1.000111705793924832e+00
7.331792650466927019e-02
-8.000914027270923379e-01
4.019497822177287016e-01
-6.000479446237961811e-01
-3.739445231705033623e-01
1.001204909347977595e-01
3.896697296946985412e-02
2.019360245403817311e-01
1.000718971673624641e-01
1.848262544641479377e-01
1.000109097400206482e+00
2.390551308580710771e-03
-8.063583158449484367e-01
4.048899153902725256e-01
4.067804520937148838e-01
1.884731390917759319e-01
1.881245120568369456e-01
9.999848612676117687e-01
3.875363868644517429e-01
-9.999985119520553578e-01
-5.999449082342098727e-01
-9.998097720341220240e-01
4.486618145500689825e-02
-9.999994436372826589e-01
1.000412161953626311e-01
1.001504383981751123e-01
-5.999877577918553140e-01
2.678320818655774427e-02
-8.197826690536328398e-01
-7.994238553613833842e-01
-3.318158909419148817e-01
3.977506094908946910e-01
-3.283117838023009161e-01
4.117243695143959492e-01
-7.761327164178239979e-01
-3.494171258574105265e-01
1.000672996827609434e-01
1.000701997681401750e-01
1.000060790297039315e+00
-2.635503450967796243e-02
3.982233027223646138e-01
9.999126570391096702e-02
-3.285364394041621061e-01
2.081226335490565515e-01
-3.594509429062279215e-01
-5.999761146516572330e-01
9.998168218495936399e-01
3.904462214410120424e-01
2.009497781627216095e-01
9.999394146497556091e-02
1.000036611267615116e+00
-9.999932645647249263e-01
3.885707848514890483e-01
1.000029183981388181e+00
3.774394399618148932e-01
1.000756666798578443e-01
4.012729784765137198e-01
-5.998577000437977924e-01
4.262810430500407199e-01
-2.749615512051608590e-01
3.979993080315998855e-01
1.000017253152089003e+00
1.000007071165293748e+00
9.987732727269130195e-02
1.895944134734839359e-01
4.049134320240054818e-01
-8.075827477777050012e-01
9.991814944376110896e-02
9.999957959679527386e-01
9.999063769555807113e-01
-9.999899175765128989e-01
-5.999889090568162331e-01
3.882352517636660227e-01
-4.893780114157021688e-02
4.070340461506050111e-01
1.000808292758020857e-01
4.080722908898594681e-01
-2.526976080212260667e-02
-3.190751295025623935e-01
-6.000430914118746184e-01
2.100075941015269176e-01
1.000214142558422559e+00
-9.998416248764800951e-01
-7.946875815917040509e-01
9.999738972995189101e-01
4.021277942416562334e-01
-6.000138474826348656e-01
9.992759497874036112e-02
7.002698811681458413e-02
-2.833424272922622777e-01
-8.082255830981003308e-01
1.963532152594270330e-01
9.992059630947316973e-02
9.999189841079408891e-01
2.163346994294689241e-01
2.043988053541736238e-01
-3.392371562137764807e-01
-1.000001446342990263e+00
1.001106170951524162e-02
3.933891673975711822e-01
-8.031567753303752166e-01
2.057539737021389925e-01
9.999891021924346424e-01
-7.983433222803799634e-01
-5.998366234419424403e-01
-9.999629579312747651e-01
-1.205071226823826031e-01
-2.856103263689769856e-01
-6.000115584617097264e-01
-3.684201481334069966e-02
2.149480803806816664e-01
-9.999627001864599407e-01
1.000048123384264187e+00
-8.033122662207854425e-01
4.279013044542321897e-01
-2.706348613905510403e-01
9.999791628889997952e-01
-9.998871721407223134e-01
-1.140620038156872768e-01
1.955873016112366636e-01
1.000806996567465412e-01
-7.969332452487153384e-01
-2.980886862610033217e-01
-3.210117023843624129e-02
-2.719900537825556963e-01
1.947302850094336790e-01
-5.327915154283370536e-02
-6.001063124121034376e-01
-5.998211392917491835e-01
3.953388367653238866e-01
1.000025200092513389e+00
1.002543644053017907e-01
-2.595169997376464699e-01
1.965301859343212831e-01
1.000504465384270542e-01
1.000198286029004846e-01
-7.952960573091416574e-01
-6.000629427476984468e-01
-6.000795048526220699e-01
1.000019329624835640e+00
-5.999037632156861699e-01
-5.998476478559031655e-01
9.999841503112332219e-01
2.001031752432924082e-01
-8.062520215002206836e-01
4.000362665461300038e-01
5.319775592372514433e-02
2.052010873073994157e-01
-7.889204963652444169e-01
-1.000060745606032198e+00
-8.093221001741018883e-01
-1.000102493380317981e+00
1.000141597057127463e+00
1.000072189796403332e+00
-7.933463371221759486e-01
-2.358222246979777559e-01
2.146936170271298086e-02
-7.943158652256510077e-01
1.000081259363205799e+00
-6.000322686900602109e-01
9.997026736975501982e-02
-9.998316046741929641e-01
4.114994754654437981e-01
2.042488747048064601e-01
1.000043892934257439e+00
-6.000528123184933893e-01
-6.000714706565127843e-01
-2.299311275548083233e-01
9.999315879024648357e-01
1.001723486473333202e-01
1.000093674799871435e+00
1.000083630982660843e+00
-9.998664152567255936e-01
3.823872455791579861e-01
9.994332267719037433e-02
4.148972992230958723e-01
9.999051411733043959e-02
1.822323721168618918e-02
7.924440135163191012e-02
2.074082047592186451e-01
4.198174842152864183e-01
-7.988419425574976307e-01
-5.998419744878885629e-01
3.998991887175772919e-01
9.999395860935272884e-01
7.504556912534031399e-02
-7.953830056686466143e-01
4.092823163568181655e-01
-2.160669643936724560e-02
1.922974096410128564e-01
-1.000010639093999343e+00
-3.057907904224786977e-01
3.800556608565390793e-01
2.013099941975271812e-01
1.055240133757837963e-02
9.999033117081267408e-01
1.000095039688497334e+00
9.998733681610177948e-01
9.997327609190752307e-02
-6.084123864432004064e-02
-1.000016002441297625e+00
-3.314721742192663911e-01
-3.484340147200005178e-01
9.999941955231119728e-01
-8.031941682134274840e-01
-7.998358105675640317e-01
-5.998665986585758336e-01
-3.071911862118129610e-01
-1.000056965945447018e+00
2.063200470215880988e-01
1.000448367034399155e-01
-5.999904361581137602e-01
3.709015588824367965e-02
1.000090388836486044e+00
2.132356477757700319e-01
1.964693277040016062e-01
4.518409941659015661e-02
-1.728252374394012303e-01
-2.757759680876318842e-01
-3.338615877039439184e-01
4.078370836241734243e-01
-3.401900946407592219e-01
1.000113578417213489e+00
1.000086534084057455e+00
-3.961458249669255749e-02
2.052533374698159996e-01
2.112910163318230117e-01
2.471780356376218624e-02
-3.031794924172495076e-01
-6.001287255714000679e-01
-1.000108058166431002e+00
1.998956595628366972e-01
3.679599753035841386e-02
