-5.999648033466929986e-01
-5.998945977224007242e-01
9.999383590590510407e-01
-4.742917935657404299e-02
-9.999657324634142475e-01
-8.095184080995601050e-01
-6.000108330256752609e-01
-4.351379044349010239e-02
-8.053811389312338642e-01
-3.809506174779767607e-01
1.000198098217639914e-01
-9.999797837362778274e-01
2.015645908211610715e-01
1.185777236596739607e-02
2.189307210345777244e-01
3.958125935380171212e-01
-4.376545279751207357e-03
-1.000091537465276792e+00
2.060317787326909622e-01
5.309452864298213476e-02
4.155622747630354219e-01
4.060937124429511713e-01
-3.261695050309212918e-01
-8.156310260933221645e-01
-1.000048417332553230e+00
3.982314253201018617e-01
-3.175397073463993025e-01
-6.001433785354237660e-01
-3.398492256425841296e-01
9.995993202161111701e-02
-1.000021405310392630e+00
-7.983147012998996761e-01
-7.949928224740191451e-01
-1.000017751850793113e+00
5.939326476581680003e-02
9.999890049480832932e-01
-1.000134928129301048e+00
9.999365893226408453e-01
4.049746623779917898e-01
-5.999256624371547275e-01
9.999251032778420090e-01
-7.842760455188437785e-01
-2.591781009554511295e-01
1.000150471275377262e-01
-3.492577896060385378e-01
4.172119860063410735e-01
1.001789075551581670e-01
1.000153080331222799e-01
9.987231553507701365e-02
2.195338972449710213e-01
-1.000194188931979644e+00
-7.883655045471354983e-01
3.997152905784972510e-01
4.106829868468582223e-01
-2.646687810417179265e-01
-1.000179441761341659e+00
-8.106575175612361628e-01
4.048865218487653350e-01
3.923675667122167310e-02
-1.000139934714539214e+00
-6.380801576827603572e-02
3.863450760131397210e-01
-1.000257944159746559e+00
-3.124993597671589241e-01
-9.999225775789293280e-01
9.995468925074516009e-02
-1.000043893397276173e+00
1.987970063048462993e-02
-8.160904046682243562e-01
3.888970951448014191e-01
-5.999890242299966703e-01
-3.407073978167191042e-01
9.987069590678494813e-02
-4.019548712873823038e-02
1.781699657563267924e-01
9.999441524054639152e-02
2.153507694565461872e-01
1.000061298282157729e+00
-3.515835617814386943e-02
-8.105296736670881685e-01
3.848296948111864513e-01
3.960534960658873005e-01
1.945929174853421317e-01
1.916984240948593210e-01
9.999947758583324076e-01
3.966813799380340955e-01
-1.000071720465940173e+00
-6.000435826843918408e-01
-9.998678708045274366e-01
-1.316883679407605812e-02
-9.999729492073948789e-01
9.982462625975067894e-02
1.000924456663269818e-01
-6.001071727494181607e-01
-1.550803430799369605e-03
-7.926490280983395920e-01
-7.816457710979732854e-01
-2.879608362197641491e-01
3.992045357404264139e-01
-2.714150714404642284e-01
4.051387762589566677e-01
-7.987389474890972396e-01
-2.928370320996814269e-01
1.000073255070030864e-01
9.989487040244311722e-02
9.999634288089437328e-01
-5.786257371005815164e-02
3.981362622075793611e-01
1.000553974290244452e-01
-3.198125749906333692e-01
2.087952864913691919e-01
-3.296650456665913276e-01
-6.001472362074501410e-01
1.000059796647548627e+00
3.929946207593404961e-01
1.916408844885275631e-01
1.000410614788576485e-01
9.998461292176564763e-01
-1.000053864270537662e+00
4.061482500765745129e-01
9.999905313095056592e-01
4.019942888538431403e-01
9.997656457624630455e-02
3.966413423614658096e-01
-6.000179712210684801e-01
4.022525431741096336e-01
-3.871892057627829287e-01
4.121735623199559995e-01
9.999088817672032725e-01
1.000088684360361579e+00
1.001467001595437029e-01
2.001224231412059573e-01
3.969063066085889435e-01
-7.812345050583193728e-01
9.994923971533022089e-02
9.999984021810817136e-01
9.997746875541049238e-01
-1.000105378087548180e+00
-6.001002355877900207e-01
4.210657918954181511e-01
-5.151630391141342330e-02
3.948281136555679693e-01
1.000385070974765395e-01
4.219893060327275514e-01
-4.715411488607524314e-03
-3.038818113739075732e-01
-6.000263427357032109e-01
1.844198522640017879e-01
9.998449627711227805e-01
-1.000112557602343299e+00
-8.090605518643968486e-01
9.999006399099615860e-01
4.310533473989770492e-01
-6.000196363178239567e-01
9.999338571341102877e-02
7.046299010906606486e-02
-2.698456784048838819e-01
-7.986327280033783671e-01
2.047793314550653276e-01
1.000701453686289877e-01
1.000018972270587891e+00
1.971533038401929727e-01
1.823181588355781424e-01
-2.596324217792680966e-01
-1.000057443882291563e+00
2.328892354533279238e-02
4.032138138165772268e-01
-8.023656184272011105e-01
2.013342584476772446e-01
9.999683246358465061e-01
-8.002719684856334226e-01
-6.000345802291795483e-01
-1.000026440344625733e+00
1.430456177037537635e-01
-2.964486778428895297e-01
-6.001237714924487765e-01
5.369098534116351074e-02
1.940219740490611577e-01
-9.999572702266172897e-01
1.000028582556723222e+00
-8.082532182664428078e-01
3.988323514527864488e-01
-2.769883185487918564e-01
9.998527725656461973e-01
-9.999813055259778594e-01
-3.029042190228951100e-03
2.012876700478639924e-01
1.000648744086733155e-01
-8.016497590190002631e-01
-2.807437674932946603e-01
5.483198529935918997e-02
-3.289566119566903479e-01
2.039338786776903334e-01
-4.717616167536898414e-02
-5.999318250054149759e-01
-6.000258386691718071e-01
4.075322533742635200e-01
1.000050704937161861e+00
1.000307215599960386e-01
-3.393251996959082417e-01
1.994020873847633102e-01
9.994346999460761161e-02
1.000771950805105087e-01
-7.988803480666509804e-01
-5.998921060475456146e-01
-5.999470013171037674e-01
9.999245162885957994e-01
-6.000957601288997578e-01
-6.000447414379550537e-01
9.999195822567665815e-01
1.932085336560376287e-01
-7.892351151503930184e-01
4.028006206174859494e-01
1.233871018754739285e-01
1.888413701361859875e-01
-8.044688787367776373e-01
-1.000052751700807097e+00
-8.127641263565019702e-01
-9.998863568784334133e-01
9.999662109745858229e-01
9.999696768545411896e-01
-8.071541065147788130e-01
-3.172137330489125384e-01
7.307790171420801284e-02
-8.034351488791665608e-01
1.000124385769718405e+00
-5.999602244442684418e-01
1.000166516885630519e-01
-1.000160980333024696e+00
4.098077344857573023e-01
1.983341407371453924e-01
1.000149248728702478e+00
-6.001312694897792399e-01
-6.001089649880217980e-01
-2.823100978868622324e-01
9.999561149806013294e-01
1.002014037134995456e-01
9.999490024999088122e-01
9.999190295236692894e-01
-1.000098984444711014e+00
4.029299667696311094e-01
9.995047283587950304e-02
4.102343036114741714e-01
1.000986758310231789e-01
-5.540246072466538385e-02
5.290691373731816471e-02
2.023021968126162973e-01
4.033946710437246175e-01
-7.986177085894270444e-01
-6.000891108185421041e-01
4.153564434313461451e-01
9.999977395767571942e-01
5.294003206342996759e-02
-7.939604809652244244e-01
4.131777045797846437e-01
-5.203735455764185031e-02
1.980342874011363774e-01
-9.998381783891882035e-01
-3.387627190434362445e-01
4.212096556952346638e-01
1.939808751850646273e-01
5.927091317884891630e-02
9.998798338195564739e-01
1.000027659060882090e+00
9.999698618105864467e-01
1.000348991239768670e-01
-9.266050237132042455e-02
-9.999735970684060504e-01
-2.901127861420342846e-01
-3.110592792920813254e-01
9.999769577577365398e-01
-7.951435236795084682e-01
-8.008123705832953521e-01
-5.999941182484690438e-01
-2.987307039862114877e-01
-9.999377235172505207e-01
1.985339662434167096e-01
1.001221804360192397e-01
-6.002039247415631440e-01
-2.178884751563702621e-02
9.999118614790079018e-01
2.124304174063800510e-01
1.952898595676814397e-01
2.507130671686648785e-02
-3.297456699573153571e-01
-3.272985796248785162e-01
-3.464978722664384669e-01
3.983785035457728108e-01
-2.286596762173649100e-01
1.000062430058046736e+00
9.998953236502273745e-01
1.115096913180849969e-01
2.044699262393476213e-01
2.069161955031646460e-01
-3.366808553387682507e-02
-2.975619236893025099e-01
-5.998667778328152789e-01
-1.000107947933643437e+00
1.944231598387827775e-01
-3.573996111912181028e-02
