-5.999470474884137650e-01
-5.998750814227193917e-01
1.000037819040587417e+00
8.355505429435162177e-04
-9.999813937370896078e-01
-8.002662416793008271e-01
-6.000296246074078299e-01
-7.278675338794282634e-03
-7.903794842268266896e-01
-4.287019833205245600e-01
9.992347891826405815e-02
-9.999324312989238406e-01
2.093563795195099442e-01
-2.709406206337610160e-02
2.001550723838658175e-01
4.244565198713779464e-01
3.250776227043406137e-03
-9.999762671188894281e-01
2.110676191525233114e-01
-2.420419217688282720e-02
4.010923144952861508e-01
3.957763644194967068e-01
-3.266870998829761730e-01
-8.134008201239166791e-01
-1.000088771143344379e+00
4.070631482559545766e-01
-2.959701983065375352e-01
-6.001640168705443257e-01
-2.490503502932955304e-01
9.992939211900191132e-02
-1.000014941571052640e+00
-7.945115946011612751e-01
-8.065145454190855157e-01
-9.998959393148406649e-01
6.421491827256453969e-03
9.999798001486764898e-01
-9.998874087005275024e-01
1.000104491569024701e+00
3.951816034194687299e-01
-5.999159711086481384e-01
1.000096737848793715e+00
-8.169906828225894646e-01
-2.782019960239661693e-01
1.000922186300027827e-01
-2.740918930940220988e-01
4.060915865619041942e-01
9.981486668956535135e-02
1.000305649958283943e-01
9.995159782183136998e-02
1.957749205549590421e-01
-9.998834709577993918e-01
-7.942632406226508568e-01
4.030416664044200736e-01
3.937618174560109652e-01
-3.393208133694746720e-01
-1.000135878362583330e+00
-7.831199011441430935e-01
3.837702616703884129e-01
-1.966245498236507058e-02
-9.999555360983547470e-01
-3.898767738739566946e-02
3.791657247807904696e-01
-1.000168782103681320e+00
-2.656571848930029955e-01
-9.999879216813785110e-01
9.998631495733006913e-02
-1.000153496646586149e+00
-3.218544822677648384e-04
-7.912207880967403462e-01
3.845740083062935688e-01
-6.001079656364407544e-01
-3.083165901515287910e-01
1.000768396207718375e-01
3.192484084157228702e-02
1.940080372982584400e-01
9.995498784215940680e-02
2.066262519928997454e-01
9.999298887479693976e-01
-7.534031306713639964e-02
-8.138502898917243655e-01
4.041464125302586807e-01
3.920590099514731919e-01
1.986181505277558046e-01
1.913104316514112058e-01
1.000070355219431439e+00
4.055058182679301959e-01
-9.998436120439819774e-01
-6.000459370221572497e-01
-1.000150914488157960e+00
5.464997989514111532e-02
-1.000079986571067003e+00
1.000105594082736082e-01
9.994467281696688132e-02
-6.001221595688984722e-01
7.346119379221396906e-02
-8.077420325335854523e-01
-7.883807685166912549e-01
-3.198009872763636352e-01
4.066402972272732952e-01
-2.504545323964542658e-01
3.989719683900758151e-01
-8.072745847556497267e-01
-2.777340032805493131e-01
1.001215802271792354e-01
9.998106279025607834e-02
9.999781219074944660e-01
9.852783677240652821e-03
3.903937685513567124e-01
1.000183646117177305e-01
-3.259305824865552648e-01
2.120096209105950535e-01
-2.924085471441287831e-01
-6.000116927439214098e-01
1.000000739882002998e+00
3.971207155228728136e-01
1.974315586525955124e-01
1.000543420510797143e-01
1.000153295238608298e+00
-9.999759050729334353e-01
4.239947226659643853e-01
9.998505902974265114e-01
4.062794423947094224e-01
1.001875682679915780e-01
4.038484939993415290e-01
-5.999760111810016339e-01
3.968279584685557304e-01
-2.914079852147290484e-01
4.138389719146935430e-01
9.999434868296415146e-01
9.997551859238185124e-01
1.000634796958260186e-01
1.921523468028685511e-01
3.946740791458195896e-01
-8.035118811616872581e-01
9.998345880770634353e-02
1.000046261407824932e+00
1.000110779997486654e+00
-9.999247934985502351e-01
-6.002208652273163247e-01
4.072223023114859841e-01
3.206958622328875963e-02
4.025841021899001504e-01
1.000352048149990014e-01
4.097030183283695282e-01
-2.283397868026579985e-02
-2.932229620053767305e-01
-5.998732467325769147e-01
2.025020268456017569e-01
9.999752583202129452e-01
-1.000052082501100781e+00
-7.906438961808626154e-01
1.000022328658152215e+00
4.000092624962539589e-01
-6.001224844597115027e-01
1.000532638799924018e-01
7.756186617979571318e-02
-3.090215655508662951e-01
-8.134063939601324789e-01
1.959230682534585655e-01
1.001135777986643938e-01
9.999925815150595421e-01
2.003428832750503708e-01
2.081985876176822292e-01
-2.380187542456231597e-01
-1.000037617155524305e+00
-2.096075339610852309e-02
3.930271618090391272e-01
-8.138236890934027468e-01
2.032720307765792378e-01
1.000148774989015221e+00
-8.088076473969679769e-01
-5.999915131570427995e-01
-9.998857855521641191e-01
-6.073096319409452409e-02
-2.750140255300473902e-01
-5.998129351955052702e-01
4.384891983942667930e-03
2.107811185774688956e-01
-9.998645487961033140e-01
1.000034570010067236e+00
-7.964550528211661318e-01
3.986292927106690476e-01
-2.244944298888481848e-01
9.999913809414565646e-01
-1.000092380335629638e+00
-3.850145731979218167e-02
2.073494915204831257e-01
9.999665663253251568e-02
-8.018577972907647844e-01
-3.278677570609714875e-01
6.763677650336179237e-02
-2.588575119887145948e-01
2.108672285682458847e-01
1.543793236753015531e-03
-6.000645666252397703e-01
-6.000612308886605906e-01
4.000722230671840407e-01
1.000009500988380040e+00
9.996297496239819891e-02
-3.284309563560616207e-01
1.946207123153800567e-01
1.000838762715618585e-01
9.982222970721600641e-02
-7.962139073033378533e-01
-6.001334452796133201e-01
-5.998253861619171623e-01
1.000079245306247255e+00
-6.001285988546636307e-01
-6.000087410864795023e-01
9.999996212097500559e-01
2.038295211418276465e-01
-7.954937022682493364e-01
4.044042942772380633e-01
6.658733857750567808e-02
2.059654963002484074e-01
-7.963355201893267399e-01
-1.000037492168636355e+00
-8.010431607984160873e-01
-1.000091406995734289e+00
1.000010279844618877e+00
1.000022038123302481e+00
-7.879786129199649602e-01
-3.968297844129345386e-01
5.362746407813229199e-02
-7.973331547416728782e-01
9.999497002507424792e-01
-5.998111467484158466e-01
9.990600491770465497e-02
-1.000034352543341054e+00
4.038703899024380095e-01
1.947090844025206879e-01
9.999356109129341474e-01
-5.998702623221892072e-01
-6.002028144334995430e-01
-2.618728010475671608e-01
1.000037972358432059e+00
9.988659057790670592e-02
9.999724714438825712e-01
1.000006664917962640e+00
-9.999292868032720882e-01
4.136803222596912022e-01
9.995203515993997256e-02
3.938468602354956438e-01
1.000043351474680930e-01
7.833430727590234843e-02
-8.423563429803748726e-02
2.019064128292600846e-01
3.927345255238307575e-01
-7.958050822898057319e-01
-5.999792646320543099e-01
4.054669771558143121e-01
9.999039660042454702e-01
2.915558868722251118e-02
-7.990266390412437136e-01
4.101751775440568570e-01
2.932607410040775908e-02
2.056474066066395767e-01
-9.998702888753732143e-01
-3.589557658931644135e-01
3.900912330825529462e-01
2.060008262063093010e-01
6.965884028560802473e-03
1.000232929742554067e+00
1.000080711222740781e+00
1.000079419437358341e+00
1.001691500023570575e-01
-9.530042902715599173e-02
-1.000008252543571619e+00
-3.175669096590789664e-01
-2.810083420543645905e-01
9.998471817641854109e-01
-7.928167511694477199e-01
-7.893136961208975233e-01
-5.998965680167702708e-01
-3.317981385326769783e-01
-9.999832329143703014e-01
2.002829868839901828e-01
1.000014480558790164e-01
-6.000113443099943655e-01
-2.647928262159764470e-02
9.999149195165335513e-01
1.889216521468110865e-01
1.929963443835545911e-01
-3.797181819091465654e-02
-3.229166114482669436e-01
-3.963647486172628409e-01
-3.008908283425191788e-01
4.165701898727422470e-01
-3.319920534644855148e-01
1.000016981082229028e+00
9.997349168447698942e-01
9.440973151519335693e-02
2.123404581826208726e-01
2.000548906082195433e-01
-9.060845660272640045e-02
-3.157625538079592564e-01
-6.000990466292532854e-01
-1.000149790500392211e+00
1.945621551213698175e-01
-3.519305769073608620e-02
