-5.999612866349850471e-01
-6.000627161005878119e-01
1.000033110042283235e+00
1.467983377307824355e-01
-9.999970955693213703e-01
-8.159092131614645860e-01
-5.998784797947978031e-01
2.546751946933004801e-02
-8.116052105867497257e-01
-3.388586435185255707e-01
1.000938685606338474e-01
-9.999125190045344835e-01
1.956089108819612232e-01
7.559233416182163656e-02
2.039559664337285971e-01
4.058347707899137013e-01
-7.157738593120706490e-03
-9.999569239153843769e-01
1.886402820227830179e-01
-2.977029311373435676e-03
4.164957208464115657e-01
4.164796399934758142e-01
-3.417647567785025986e-01
-7.873535829418319976e-01
-9.999603868686154362e-01
3.985542962137961776e-01
-2.379952949516701832e-01
-6.000867234283641105e-01
-2.451472610789316442e-01
9.999640672551217413e-02
-9.998606699426424438e-01
-8.085980892928515962e-01
-7.877654296921097199e-01
-1.000110965731221491e+00
6.812761012409527042e-03
9.999705006742125590e-01
-1.000001078159194368e+00
9.999635765777185048e-01
4.071407008531375826e-01
-6.000312704802408525e-01
1.000086060355376727e+00
-8.038404193638188922e-01
-3.363558281066929001e-01
9.988582578455400263e-02
-3.276498867049474351e-01
3.905704311346072100e-01
9.990214178659906352e-02
9.993398984746854063e-02
1.002060878482427253e-01
1.984618733392349843e-01
-1.000049961620407490e+00
-7.840508706164964758e-01
3.924668621104341337e-01
4.054022292390695448e-01
-2.745524934113249826e-01
-1.000094250678086327e+00
-7.956648482802060052e-01
3.819520882516526106e-01
9.208471849385753763e-03
-9.999547451595475200e-01
-2.205001764892555033e-02
3.984364176982417294e-01
-1.000102742126941280e+00
-2.802812996384279054e-01
-9.999959489346020858e-01
9.997468493432878911e-02
-1.000005174106694872e+00
-6.483457534174018322e-02
-7.888652758349142813e-01
3.992910537228109846e-01
-5.997973508547645993e-01
-3.168166564595786827e-01
9.985327346044142738e-02
1.825444921343303585e-03
2.178485161894437583e-01
1.000929740944263985e-01
2.051281547151841966e-01
1.000160634355716116e+00
7.718671885774937638e-03
-7.862903554657484362e-01
4.060745480920778250e-01
4.132219007799065036e-01
2.010836019479695369e-01
1.936690618886672544e-01
1.000006721429402168e+00
3.943713285453571138e-01
-9.999904188982748909e-01
-5.999397337597727198e-01
-9.999107247128574683e-01
6.684957692552999375e-02
-1.000124881330092697e+00
9.988328131940869825e-02
9.985191338529302019e-02
-5.998180663284635727e-01
2.472290434672811538e-02
-8.039884740286346032e-01
-8.079404861696196649e-01
-2.945021905815049523e-01
3.884243805970127306e-01
-3.090992689409030603e-01
4.046234546893902051e-01
-8.058504163669609754e-01
-2.882289869706706753e-01
1.000097275797261209e-01
9.987079880326311943e-02
1.000043374499757887e+00
2.966204631981374240e-02
4.046104209501045212e-01
9.981123821481767411e-02
-3.922297218967296661e-01
2.010049942201477813e-01
-2.318165531045489058e-01
-6.000716803477904593e-01
9.999256602230320867e-01
3.916770016622569961e-01
1.958240530614975550e-01
1.000188810137142975e-01
9.999817475271927103e-01
-1.000116429254155115e+00
3.977371576104978823e-01
1.000081400030676360e+00
3.982916254349569973e-01
9.999918667044377374e-02
4.045080439551441143e-01
-5.999801562592678161e-01
3.920492985812223941e-01
-2.177270976303166128e-01
3.981667979635633015e-01
1.000023685504742632e+00
1.000030632378467566e+00
1.000649301397171648e-01
2.048796493244543493e-01
4.044316177674361357e-01
-8.094741384990551403e-01
1.001474779628687833e-01
9.998944070622606262e-01
9.999160763979592081e-01
-9.999893119119213081e-01
-5.998155272824270412e-01
3.958101447504330794e-01
-4.542899580302622170e-02
4.087356312491999821e-01
9.989355913116075569e-02
3.966031287917209935e-01
-6.973917872495791204e-02
-2.393547357049483904e-01
-5.999180474442765698e-01
1.994564265292585736e-01
9.998703129634642917e-01
-1.000146414174876375e+00
-7.867813404518314568e-01
1.000055581898885215e+00
4.168904024756170945e-01
-6.000128617583675439e-01
9.984939248739768680e-02
-1.240846974493442154e-02
-3.046805201032348198e-01
-8.067487931675796364e-01
1.859571025801148303e-01
1.001974367098954766e-01
9.998236349631507425e-01
2.011721536546695610e-01
2.004341351329634868e-01
-3.110216719270516572e-01
-1.000154945751138502e+00
-2.206356748109248450e-02
3.949525608967238144e-01
-7.970251036837302516e-01
2.047231972865143634e-01
1.000036573150377306e+00
-8.158146894563782503e-01
-6.002026062548524443e-01
-1.000123539456744481e+00
-2.489447026371556081e-03
-3.113056583081361128e-01
-5.999379439897656319e-01
-3.557931912469115832e-02
2.082913970030718653e-01
-9.999816610998185640e-01
9.998382911880813184e-01
-7.954020698663554212e-01
4.123242247627290080e-01
-2.504899356991839854e-01
9.999476625920638018e-01
-9.998914250509676194e-01
-3.360801860728373364e-02
2.049639348595065913e-01
1.001997232950738864e-01
-8.025466658895366034e-01
-2.714519770424375644e-01
-1.197197902878432141e-01
-3.468734145163097082e-01
2.102758536370392395e-01
4.894968358964546518e-02
-5.999446273655150152e-01
-6.000229982264758677e-01
3.971641362892738281e-01
9.999905873515446686e-01
9.998720689085406621e-02
-3.030515760526472091e-01
1.998419137172728066e-01
1.000232930738388648e-01
9.996709624586473664e-02
-7.919482722538994102e-01
-5.999438805482839587e-01
-6.000519064740230668e-01
1.000136304346446403e+00
-5.998041899545701883e-01
-6.000393983203649029e-01
1.000149307830255907e+00
2.067598289941469936e-01
-8.010881663401936414e-01
4.202185628685508045e-01
4.666391816121200076e-02
2.029798552881762752e-01
-7.830252750171943221e-01
-9.999368501484945382e-01
-7.982713320831497095e-01
-1.000080996099107722e+00
1.000098128566398126e+00
9.998043065453894318e-01
-7.887015967074706424e-01
-3.662882599967879349e-01
-1.432711706127689014e-02
-8.014714812675599598e-01
9.998928083753446661e-01
-6.000807467333203471e-01
1.000966517593520066e-01
-1.000066831625260333e+00
4.155423856225582968e-01
1.734019756429191761e-01
9.998018769820921081e-01
-6.000974119093342996e-01
-5.998814492701520784e-01
-1.988913576529942051e-01
9.998782557307597241e-01
1.000385147031685323e-01
1.000149985362530858e+00
1.000236047663819017e+00
-9.999791355358528255e-01
3.884697242013542273e-01
9.990147970080534567e-02
3.876426911040333212e-01
1.000483951827595280e-01
-2.213906762123694569e-02
-5.787860609846071092e-02
2.056618590243861622e-01
3.976672125637040756e-01
-8.016869155346199038e-01
-5.999617659275352510e-01
3.928454120056749654e-01
1.000105055105945162e+00
-4.442459370302820343e-02
-8.001030257244883259e-01
3.876539967199358339e-01
-1.504622453275078833e-02
1.995010126093580693e-01
-9.999176976401288330e-01
-3.433040399115707131e-01
4.155227821450775960e-01
1.927289226799988320e-01
-7.852018498939777880e-02
1.000053114172229307e+00
9.999239474549284079e-01
1.000101394505475527e+00
9.992079777590685830e-02
-3.257381664381319569e-02
-9.999304898598461167e-01
-3.335540581998400755e-01
-3.222555501791891097e-01
1.000056911273065507e+00
-7.925529849590678966e-01
-7.920376026985843643e-01
-5.999946566378958623e-01
-3.101401466269437801e-01
-9.999542197253090681e-01
1.779025257751088718e-01
9.998860913804927253e-02
-5.998641633361937453e-01
7.267982857966058530e-02
1.000030848601880962e+00
1.980745663465440232e-01
1.928721442870502678e-01
3.730034313065313384e-02
-1.985590995470664089e-01
-2.861868128628442531e-01
-2.468448366981599862e-01
4.129284566795874412e-01
-2.495705496108188426e-01
9.999076520012442071e-01
1.000279586920755470e+00
-4.005042422943749097e-02
1.914914867139221877e-01
1.984786440277207520e-01
1.384469792377777675e-01
-2.685305309248842698e-01
-6.000801420636451278e-01
-9.998622345032932568e-01
1.931764632851591945e-01
-3.586908625473116119e-02
