-6.000075182564597043e-01
-5.999814202793454232e-01
1.000021131150856890e+00
1.749124978032316497e-03
-9.999168295555953545e-01
-8.125861837861870773e-01
-5.999787456025981180e-01
-3.114662503810702518e-02
-8.018812498302922975e-01
-2.717885804153816198e-01
1.000418754903537877e-01
-1.000022940726358334e+00
2.037458510830155722e-01
8.584861418978477487e-02
1.955408493209609133e-01
4.146053488428094735e-01
-6.674005936838468128e-03
-1.000093594166449273e+00
1.863572148360573000e-01
-8.251856049845213365e-04
4.024863084106193867e-01
4.312204670527712835e-01
-4.287413895506971828e-01
-8.104304151798935596e-01
-9.998840694395458861e-01
4.062530789486905602e-01
-3.089432374972986839e-01
-5.999574854003990598e-01
-3.213803110979869260e-01
1.001037895267526540e-01
-1.000064386014507756e+00
-7.995322621982443589e-01
-8.154205932195028872e-01
-9.999400895847490034e-01
3.596133432537828439e-02
9.998266439744267764e-01
-9.999318292289809396e-01
9.999843935315402277e-01
4.008412828911211423e-01
-6.000416660329699337e-01
1.000031538874717407e+00
-8.009560101823268718e-01
-2.929959547196293035e-01
9.986544288130150271e-02
-3.597603519658015281e-01
3.995621931522451709e-01
1.000165995561019677e-01
9.990308244950900363e-02
9.989984259053291682e-02
1.979582459529796723e-01
-1.000047054643912192e+00
-8.025679695402965219e-01
4.078664510646309305e-01
3.798585291985503432e-01
-3.019632383040969925e-01
-1.000043886974461227e+00
-8.030837235988694811e-01
4.086654104804341436e-01
4.012332073749089179e-02
-9.999933276723825815e-01
-1.006000073750663339e-02
4.043417509860335879e-01
-1.000168838878159328e+00
-3.043259207218045326e-01
-1.000086922443724324e+00
9.995032702764537758e-02
-1.000015275331811893e+00
1.857994604259666227e-02
-7.958673017717923237e-01
3.842628770196026555e-01
-6.002885029808640027e-01
-2.665666771885647490e-01
1.000292338091662014e-01
2.230099048753125812e-02
2.028276800854703077e-01
9.999577120629714322e-02
1.908808875776646652e-01
9.998976411706620437e-01
-1.644207945185602489e-03
-7.887793626923831347e-01
4.005717468876476284e-01
3.883025621214832301e-01
2.130845387272560787e-01
2.136817941734019399e-01
1.000086433416637943e+00
4.053952273925436889e-01
-9.999103101701249940e-01
-5.999397667798730405e-01
-1.000094631510833221e+00
-1.041129250388528327e-01
-1.000032463721173936e+00
9.998672283306876685e-02
9.979202605600795417e-02
-5.999338544861697597e-01
-1.215223011953894261e-01
-7.984216549535384511e-01
-8.077971236457980320e-01
-3.464931677431350443e-01
3.960670013188504202e-01
-2.250888534036951105e-01
4.142745381307681440e-01
-8.047411281310417053e-01
-2.100770966045867327e-01
1.001309877923031583e-01
1.000615567758208618e-01
9.999258953483303181e-01
3.247844237780711518e-03
3.965878862551815986e-01
9.991715574345687301e-02
-1.923523706092887808e-01
2.067543610026458256e-01
-3.178418432654588899e-01
-5.999479344520686208e-01
1.000075304634386653e+00
3.845735955490199309e-01
2.080277302124625138e-01
9.995911976031271462e-02
1.000003866482055193e+00
-9.999898501591522049e-01
3.910612835667721110e-01
1.000074318179940080e+00
3.845468784135684381e-01
9.999625905194879649e-02
3.992567031740302252e-01
-5.999575028907445651e-01
4.177023927437963913e-01
-3.025574824233452920e-01
3.916089658135640805e-01
9.999050069011283792e-01
9.999840197596553404e-01
1.000362225420524942e-01
2.115810411531821034e-01
4.232342666529883002e-01
-8.019413929025789312e-01
1.000847167965447648e-01
9.999966784512918094e-01
9.998273710568812422e-01
-9.999594105666834709e-01
-5.999719162403590600e-01
3.982317869849295588e-01
3.650893888355522671e-02
3.964204861234466026e-01
9.982624636482508029e-02
4.014510905622731274e-01
8.032353163692567202e-03
-3.264826838632563510e-01
-5.998802979943237412e-01
2.028382769613835401e-01
9.999769780993652546e-01
-9.999181009475052173e-01
-8.073545821084784357e-01
9.999338258105353594e-01
3.938424014635797943e-01
-5.999367238529659252e-01
1.001054267745519616e-01
-4.901579777061251114e-02
-2.054708556771053796e-01
-7.980992745864609050e-01
2.067868427006313847e-01
9.996629127873657428e-02
9.999550673226552666e-01
2.228634423931022401e-01
1.946941352116763613e-01
-3.855085423706844372e-01
-9.998385941815127742e-01
9.100347661132532351e-02
3.854479759132153349e-01
-8.031000703844773936e-01
1.994650795490902351e-01
9.998940581314933462e-01
-8.012837270474449936e-01
-6.000385817059096238e-01
-9.999985104642969969e-01
-1.426331908309728252e-02
-3.556672355976179256e-01
-6.000005882905792287e-01
4.549678220241737403e-02
2.017723256082711580e-01
-1.000024699170257714e+00
9.999533069818621334e-01
-8.083154852708643867e-01
3.933042655942047272e-01
-2.090606278840619892e-01
9.998281772673062173e-01
-9.998169316951582841e-01
-5.227959687791543936e-02
1.862102053672250734e-01
9.985986127863279160e-02
-7.906954064594786669e-01
-2.370756404438917886e-01
6.280051825821144143e-04
-2.503003056265947768e-01
2.060990417536801567e-01
-2.546769343681831374e-02
-5.999683556356443237e-01
-6.000003532600827194e-01
4.121498912652192814e-01
9.998618728640510378e-01
9.994154262140873823e-02
-2.652998145501387905e-01
1.915799740505304272e-01
1.001722364135454180e-01
9.977334160863865486e-02
-7.995603754511335648e-01
-5.999099287503951716e-01
-6.000847700180165223e-01
9.999441768035927103e-01
-6.001953559014805428e-01
-5.997598643406422125e-01
9.998593004263630624e-01
2.128757067704364625e-01
-8.070100398024898647e-01
4.066023476928986580e-01
-5.296404807262408698e-02
1.914997699568598277e-01
-8.089067192119666627e-01
-9.999719385750082123e-01
-7.932933632517725764e-01
-1.000078532455054070e+00
1.000102452152664467e+00
9.999645388745458385e-01
-7.994143451590507432e-01
-3.049458605416863199e-01
1.308460487506736027e-02
-7.951251804209199525e-01
1.000060622893292450e+00
-6.000794623137478689e-01
9.989849181214671692e-02
-1.000042828264067207e+00
4.100402082287729066e-01
2.062726554255809863e-01
9.999192719389350392e-01
-6.000207353866240378e-01
-5.999493698703047828e-01
-3.318343420745812344e-01
9.999162847998472881e-01
9.996122227086684520e-02
9.999899445305587831e-01
9.999814588128085324e-01
-1.000058887271241037e+00
3.878671379506949402e-01
1.000391228756914858e-01
4.006009421134157367e-01
1.000477604280844562e-01
-3.217373731825289712e-02
2.823654349783904019e-02
1.959350079347011442e-01
4.064342472012452689e-01
-8.003815784878910433e-01
-5.998639200295010632e-01
3.879424209311059246e-01
1.000137450627336611e+00
-8.431470212635597261e-02
-7.825154618106029414e-01
3.988380251121817488e-01
1.795718024998031737e-02
1.867961690685055465e-01
-1.000101304528115520e+00
-2.670101579457355712e-01
4.079398640580159108e-01
1.928156122255426930e-01
-4.555216961545412863e-02
9.998973616028439260e-01
9.999906451176722166e-01
1.000141402914543898e+00
1.000722325197805490e-01
5.890580993247010455e-02
-9.999291785255605136e-01
-3.501796719986797202e-01
-3.196823129062116853e-01
9.999605022543420763e-01
-7.797997447842757168e-01
-7.983051490451433807e-01
-5.999483256060775815e-01
-3.705548948459690406e-01
-9.998642378324131830e-01
2.123645564705558542e-01
1.000781159469437687e-01
-6.000545540709063541e-01
7.386798882619706463e-02
9.999503401646260281e-01
2.018201805948156291e-01
1.969217341964535073e-01
-2.806423257716569863e-02
-2.626615098203927134e-01
-3.193771778674397988e-01
-2.430680804508679183e-01
3.961295741859224839e-01
-3.698038915277922500e-01
1.000100980465530975e+00
9.999810386243673799e-01
-2.455134286739395211e-02
2.061256759591827137e-01
1.910055596544059930e-01
-8.389207483425169254e-02
-2.890808282231214776e-01
-6.000140814634523645e-01
-9.998997633484495440e-01
1.941678150518397761e-01
-2.381434477034936534e-02
