-6.000730196084168577e-01
-5.999858001691218412e-01
1.000082713502468135e+00
-3.093779025980234604e-02
-9.998785347520982025e-01
-7.793318546212381071e-01
-5.999421153705037923e-01
7.477798610644280494e-05
-7.946751133309868376e-01
-2.574303710994209071e-01
9.999654441079172673e-02
-9.999830193329298789e-01
2.120595245250160577e-01
-1.897075030400757062e-02
2.118845862170690153e-01
4.026986350180921659e-01
1.793395587236525828e-03
-9.999415263288058409e-01
2.112345229528505286e-01
7.558537558971006876e-02
4.041710746971525769e-01
3.962900808193863811e-01
-2.383880438202406749e-01
-7.958595682263757132e-01
-1.000065454120664166e+00
4.044132446044921281e-01
-2.923045111551077491e-01
-6.002199523265642211e-01
-3.236507484753789465e-01
9.997890799011086016e-02
-1.000076600978634156e+00
-7.911250509162983668e-01
-8.139732853437615656e-01
-9.998972496968435708e-01
-6.994535945464900456e-03
9.998710780323841751e-01
-9.998783080633040221e-01
9.998730096521618593e-01
4.052719483423189994e-01
-6.000280718267412272e-01
9.998808146387089257e-01
-8.125061708097091051e-01
-3.383071385494237360e-01
1.000534906588935596e-01
-3.504125258018053746e-01
3.998926193476110558e-01
9.990433278157150043e-02
9.998593596121130300e-02
1.000515719320431013e-01
2.004144708923506768e-01
-1.000089435902019819e+00
-8.159891356521169481e-01
4.182658517439239443e-01
4.100074905724124252e-01
-2.585646730497098700e-01
-1.000074787714414271e+00
-7.973715126556057964e-01
4.064735116949066418e-01
-7.315469569231780600e-02
-9.999080168562518578e-01
-1.971205916766874400e-02
4.048801000885846602e-01
-1.000039477724069759e+00
-2.530511919230700180e-01
-9.999883676623503304e-01
1.000273223244223658e-01
-9.999418896260012790e-01
-7.653893650238472596e-03
-7.995560469014454386e-01
3.932865477482390681e-01
-5.999262451379588912e-01
-4.223326689148813040e-01
9.989279172755435865e-02
-2.372269370374132519e-02
2.044609417042151933e-01
9.997107318356558692e-02
2.084718015424580073e-01
9.999076298101630123e-01
-2.225535928600782479e-03
-7.933124857808253605e-01
4.030463728649993360e-01
3.839288739789509797e-01
1.934853347422706982e-01
1.880547108434099945e-01
9.999667044733515642e-01
3.933172696024344051e-01
-1.000127985393955310e+00
-6.000484595694485224e-01
-9.999931336822756034e-01
4.371940902623465929e-03
-1.000007656052582350e+00
1.000101760944747953e-01
9.997952380679685225e-02
-5.998639651115222904e-01
-1.744799704615681082e-02
-8.008177954075547111e-01
-7.907261301427103151e-01
-3.529233815946821173e-01
3.955629592171230335e-01
-3.073009710626800062e-01
4.088294653375714183e-01
-8.180783792950034883e-01
-2.734520396516713081e-01
9.988932511139937687e-02
9.990711588860380632e-02
1.000019374655792825e+00
1.722540523845582372e-02
4.034380600981973819e-01
9.995574474041538093e-02
-3.356325269509595199e-01
2.106442529047021783e-01
-2.738281296990145997e-01
-5.999767983298366358e-01
9.999405340932581154e-01
3.910163379776982473e-01
2.091084382277193232e-01
9.993066251326029881e-02
1.000152365710987423e+00
-9.999899358681713091e-01
3.818512365660007291e-01
9.999408686249385836e-01
4.001416435998003673e-01
9.997741334408266622e-02
3.861566750514034974e-01
-6.000365970176549935e-01
4.071613648456621770e-01
-2.275897211167219880e-01
3.984129100978566207e-01
1.000206262020093995e+00
9.998350385862757594e-01
9.993265360473906067e-02
2.076049783027492379e-01
4.161578794471497700e-01
-7.962738780721343446e-01
1.000740201690568931e-01
1.000024622897775828e+00
1.000107965077384309e+00
-1.000112537658964795e+00
-5.998852078901270035e-01
4.017717596054462548e-01
-2.120458032287991790e-02
3.931813053401361224e-01
1.000209346324036352e-01
3.988080179406487957e-01
-2.459024397079284663e-02
-2.800006531817243460e-01
-5.997915487556977343e-01
2.057798268842894462e-01
1.000047977556034695e+00
-1.000134579444613037e+00
-7.868488637421574561e-01
9.998850845066717952e-01
3.931984728637236692e-01
-6.000113055820808228e-01
9.987003409743389071e-02
-2.153982308326822526e-02
-3.799733184559143662e-01
-7.779509896182217332e-01
2.101121296503637437e-01
9.979803266409612017e-02
1.000019911809493456e+00
1.982836422104244933e-01
1.689024624674077546e-01
-3.426860659576039247e-01
-1.000036810617272121e+00
-1.612827362991769639e-02
4.101868487980630529e-01
-8.251839588179948892e-01
1.951177580464285299e-01
9.999024638450512148e-01
-7.870648117646525943e-01
-5.999706687608311606e-01
-9.998650611133710342e-01
9.899479624029187963e-02
-2.738352015128178163e-01
-5.998923033208788391e-01
-4.655033086817758625e-02
2.040635734152496938e-01
-9.997800689045690525e-01
9.998554056925920142e-01
-8.068997997473063011e-01
3.985155362129880752e-01
-2.715322336421978622e-01
1.000113376174484925e+00
-1.000051084953693437e+00
-1.748273018241990745e-02
2.024741615352209922e-01
9.987935912824764950e-02
-8.115858702311098405e-01
-2.840696812302159202e-01
1.031330364579343684e-01
-3.218792327887750049e-01
1.972897774932121373e-01
-5.359134965256166089e-02
-6.002296379421897532e-01
-6.001061438094549283e-01
4.077606352525121047e-01
9.999797700917537613e-01
1.000027857159589417e-01
-2.766967777838143516e-01
1.850379892094730638e-01
9.986969653251660806e-02
9.991182456938096923e-02
-8.180137477348234931e-01
-5.999786579820894916e-01
-5.998662905941357648e-01
1.000027514155593433e+00
-5.999413759557882253e-01
-5.997697630196184848e-01
9.999223752805757037e-01
1.916301613451270869e-01
-8.217496490663341868e-01
3.939333944003818311e-01
3.141644567359043721e-03
1.979600953807149066e-01
-7.860493069983917058e-01
-1.000015357631452106e+00
-7.958594424727627459e-01
-1.000064816948071034e+00
1.000041531718293353e+00
1.000138657736978853e+00
-7.838293316693917268e-01
-2.965615963169518365e-01
7.728933961369059691e-02
-8.048824037760037298e-01
9.999016913202339873e-01
-6.000626163829166915e-01
9.988457785507486031e-02
-1.000028049599537727e+00
3.963048511105580207e-01
1.996541306438809338e-01
9.999444691840853050e-01
-5.998555921231425447e-01
-6.000953396477713975e-01
-2.456348313174601672e-01
1.000164770906843748e+00
9.998436120706719055e-02
1.000211253229651431e+00
9.999111833412991368e-01
-9.999314754057251342e-01
3.881518783151457486e-01
9.993272785786756762e-02
4.064967545026701434e-01
1.001241282129894661e-01
-2.360872770823814470e-02
2.185864418664197617e-02
2.095775237361603427e-01
3.954487016240957886e-01
-7.999640679464282700e-01
-6.000648652009917816e-01
3.900723603455124033e-01
9.999016624901394534e-01
2.567003049513898530e-02
-8.170139072106397116e-01
3.970559471636838089e-01
-7.026693823591738386e-02
1.928525614016957657e-01
-9.999226796985801746e-01
-2.924506988637477489e-01
3.918269471191769826e-01
1.981509359306104501e-01
-3.881138407606826886e-03
1.000057127335995721e+00
1.000057609643807188e+00
9.999216814443594448e-01
1.000797090039521192e-01
7.314588314517550538e-02
-9.999260391703514994e-01
-2.725654748308319331e-01
-3.483725835014316874e-01
1.000085795281840051e+00
-7.848800559859571147e-01
-7.847352307377565284e-01
-5.999662237743305093e-01
-2.842914500308334480e-01
-9.999320237034564629e-01
2.155621210630137008e-01
1.000760427814878506e-01
-5.999314826186525895e-01
2.571936476610992006e-02
9.998410118256558787e-01
2.055181463270187303e-01
2.134434681267821099e-01
-4.691964244750291418e-02
-3.114695298180297778e-01
-2.939852766100255477e-01
-4.436814880422789154e-01
3.826144052260503359e-01
-3.852622742099498510e-01
9.997492002638354025e-01
9.998325291247899260e-01
1.314057183677212227e-02
2.073629069503317712e-01
2.002128591604019348e-01
-5.015913472674270873e-02
-3.192245942778944023e-01
-6.000847904469526206e-01
-9.999202119105351505e-01
2.138364070116425819e-01
1.470074793343000485e-03
