-6.001996041993056252e-01
-6.000833254992866683e-01
1.000087248365025161e+00
4.742355618967572517e-02
-1.000034623512105592e+00
-7.930636578316396790e-01
-5.999593693721614329e-01
1.061944417409263486e-02
-8.078335170287920253e-01
-2.759377707714202321e-01
9.985504944664494453e-02
-1.000223484865830015e+00
1.888217548911498844e-01
-7.687550967532309071e-03
2.014867665003644004e-01
3.742077730103924305e-01
3.719985437156252909e-03
-1.000020798530115052e+00
2.095638127865139810e-01
1.913378318150832369e-03
4.291827556895770335e-01
4.027471208265129277e-01
-2.751973070577972691e-01
-8.001622349562022007e-01
-9.997703385253703390e-01
3.933197066253857899e-01
-3.079705335272924782e-01
-6.000909761817248000e-01
-1.566793896616108239e-01
9.994359307823916239e-02
-1.000156361024133744e+00
-8.045036215614008723e-01
-7.955891119919629162e-01
-1.000070688022619336e+00
2.716860522319305624e-02
1.000142999654747511e+00
-1.000138653334269101e+00
1.000083009793059752e+00
4.160917339872678422e-01
-6.002126526306610366e-01
1.000029266377016945e+00
-7.955078210081698575e-01
-2.899679788051697793e-01
9.984694986939821049e-02
-3.099287251827305689e-01
3.888217373444891600e-01
9.993045996574063949e-02
9.982797795489914416e-02
1.000561434305314579e-01
1.842040038698843363e-01
-1.000130382676776453e+00
-7.986035157219200098e-01
4.007351611565380667e-01
3.928972161744967440e-01
-2.961394184709185695e-01
-1.000182985896619137e+00
-8.159926135746607967e-01
4.052609279175770629e-01
5.560093731099602365e-02
-1.000054244304996010e+00
-1.306328915321915141e-02
3.898957100642856943e-01
-1.000012556419281218e+00
-4.051440297345338393e-01
-9.999154549212675436e-01
1.000358673264570147e-01
-1.000071818314067995e+00
-3.444575216117039956e-02
-7.690925399548058650e-01
4.025458823770088901e-01
-5.999348793392785817e-01
-3.535157908595191190e-01
9.973010942436313919e-02
-3.056048312707057568e-02
2.041593635144249852e-01
9.997131175775203493e-02
1.935282747363743228e-01
9.999480362268121647e-01
8.162750180683055190e-02
-8.033155754759039313e-01
4.055867200958330754e-01
4.111279106435848929e-01
1.799764348324659480e-01
2.074339438585297013e-01
9.999280220747566172e-01
3.856600181229997704e-01
-1.000051322049910763e+00
-6.001283146279685621e-01
-1.000003743532231093e+00
4.146200212773983040e-02
-1.000060650469704937e+00
1.001045281616085303e-01
9.996798624812795742e-02
-6.000050319614215200e-01
-2.626460192249340311e-02
-7.983419344494516734e-01
-8.052732444109913512e-01
-3.386470956257490172e-01
4.082735770387154739e-01
-3.160638463068375925e-01
4.150070017181791693e-01
-7.980894958798326888e-01
-2.940639665082325216e-01
9.997582730634810289e-02
9.995549134737527486e-02
1.000049197294666348e+00
3.858974782525451119e-02
4.108119618757501423e-01
9.996611206448639819e-02
-3.334707800936322908e-01
2.129406702831956599e-01
-2.890640273184406639e-01
-6.000094308398493670e-01
1.000096787008149857e+00
3.867032412365528637e-01
1.906818674949350423e-01
9.985160701316918297e-02
1.000164312658868404e+00
-1.000075108093656073e+00
4.009655672805865212e-01
9.998391276984966991e-01
4.024769205036057285e-01
9.986776439718968168e-02
3.840733010870094333e-01
-6.001289216987413244e-01
3.935206206026838349e-01
-3.751996840376295994e-01
4.075507457720647375e-01
9.999269099654222170e-01
9.999889797747337772e-01
1.000985916109427692e-01
1.844480096000286617e-01
3.908741571608151388e-01
-8.108856130760315750e-01
9.998612903939801955e-02
9.999073752481495436e-01
9.999434118655440296e-01
-1.000105401486239387e+00
-6.002207315726453274e-01
4.085902827264891179e-01
7.577186895288232082e-02
4.005972792259989146e-01
1.000466971968941715e-01
3.936699923569562665e-01
-4.720498637529128155e-02
-2.544319543545658369e-01
-5.999046770398632766e-01
2.121515944538485965e-01
9.999417441218428904e-01
-1.000090579217011832e+00
-8.094637050179739335e-01
1.000135214846106679e+00
4.183714576938413754e-01
-5.999774834016958769e-01
9.971629242863147558e-02
-2.240269535052840603e-03
-3.447036479243245077e-01
-8.020117235099121222e-01
2.116706337157967244e-01
1.001238799302429094e-01
9.998753999429220718e-01
1.890423638360069492e-01
2.127716508547766172e-01
-3.096399500749919542e-01
-1.000143965159739690e+00
1.610011859028711786e-02
4.112653390690639843e-01
-8.052292455130785065e-01
1.950793602902799739e-01
9.997696989144050361e-01
-8.029144514396574506e-01
-5.999817206259628888e-01
-1.000179919418352936e+00
5.328393725773460793e-02
-2.397497127339557887e-01
-5.999925155993754977e-01
-3.619026306182341647e-03
1.890908897316024018e-01
-1.000078494891776471e+00
9.998899768041936698e-01
-8.008259362709089224e-01
4.074035359375760001e-01
-3.605021903605600264e-01
9.999354176839608810e-01
-1.000097715184905534e+00
3.549208898386140704e-02
2.001508242554931871e-01
1.001377480882825466e-01
-8.116270065448528692e-01
-2.304274044100898533e-01
3.267553014509342810e-03
-2.711664526009662790e-01
2.116643220729501895e-01
4.650104375595723316e-02
-5.999673646146584938e-01
-5.998602688646991199e-01
3.888402896767843009e-01
9.999968317581926502e-01
9.991509096481245022e-02
-2.101707509373323957e-01
2.156742822042552188e-01
1.000023483036550365e-01
1.000783931435921953e-01
-8.106792417000343587e-01
-5.999973897380126431e-01
-6.000554604609246168e-01
9.999840725063848801e-01
-6.000723361907646103e-01
-6.001497490390445000e-01
9.999185140826156726e-01
2.176783125477456116e-01
-8.097713989191741568e-01
4.006612510210143530e-01
-2.341648161092377625e-02
2.210001677388306884e-01
-7.969065747745737172e-01
-9.998920733592451260e-01
-8.218190534429959948e-01
-9.998883103827584939e-01
9.999404555712186893e-01
1.000103090630534153e+00
-8.034512261370101438e-01
-3.547544972707041833e-01
-4.369553960193897635e-02
-8.027621070115826818e-01
1.000098899281991027e+00
-5.999852243141874375e-01
9.995878967031138207e-02
-9.999485681014159688e-01
4.028642267916748843e-01
2.113042037702008991e-01
1.000045658458053266e+00
-6.000781227151901209e-01
-5.999320165620589673e-01
-3.985219805316105313e-01
9.999747744356239920e-01
9.989802349157993200e-02
9.999885885155088694e-01
9.999409769731520958e-01
-9.997887084709090599e-01
3.980439290428903210e-01
9.993901417998031500e-02
4.109448962951090523e-01
1.000115562757738497e-01
-4.125691815239185267e-02
5.362248937450127262e-02
1.955149951027898847e-01
3.943341954486935808e-01
-8.139112848971342684e-01
-6.002002004968131077e-01
3.845125954229414167e-01
1.000054567057965027e+00
-3.251185140604637928e-03
-8.054923515176468651e-01
4.140273970418708593e-01
8.025575808796059710e-03
1.973264353304600704e-01
-9.999642892464774002e-01
-2.859302528995937287e-01
4.110265867485485836e-01
1.927149790801288565e-01
3.084051983172749964e-02
1.000051521096794849e+00
1.000028436203928894e+00
9.999661521562318578e-01
1.000816896140797191e-01
-4.483133420160920896e-02
-1.000130920609920704e+00
-2.484921445653433536e-01
-2.951181838556884429e-01
9.999403375538643557e-01
-8.174128904085675718e-01
-7.999902969294483412e-01
-6.000145312776428153e-01
-3.738433795056579911e-01
-9.999609353024822012e-01
2.120030813547033322e-01
9.997940582922391906e-02
-5.999302774689531104e-01
2.866612044409065641e-02
1.000158990350521693e+00
1.984490079578757338e-01
1.892555681339211371e-01
-2.624225719192868622e-02
-3.274569899137160234e-01
-2.716188247099325381e-01
-2.687052124555006638e-01
3.833102646741010089e-01
-2.959772143230155472e-01
9.998986263827246423e-01
1.000095686107099979e+00
-3.718409798562374163e-02
2.001186441654363712e-01
1.808661607564637785e-01
3.286239941958776084e-02
-3.141362205112995243e-01
-5.999984545332551766e-01
-1.000190913558691275e+00
2.193685972049132515e-01
1.547935751551257968e-02
