-5.999192111779424463e-01
-6.002375830785818822e-01
9.999447130002314665e-01
6.818228900851663887e-02
-9.998722430131641303e-01
-8.129040247297586452e-01
-5.999950755816240155e-01
-4.779982523648227538e-02
-8.168353965984012088e-01
-2.478685644071378369e-01
9.993404314318256321e-02
-9.999270139374190070e-01
1.878388958449585255e-01
1.357029298217185022e-02
2.094181532703650039e-01
4.016000965260699829e-01
1.809813423505237523e-02
-9.999069492988749142e-01
1.952639214920295629e-01
-1.099419402084087505e-01
3.949594476178243663e-01
3.870924393286692688e-01
-2.930866494230567332e-01
-8.084063646019804539e-01
-1.000011775728418595e+00
4.057403927769386298e-01
-2.300889369124790584e-01
-6.000672572810276106e-01
-2.739390561913890298e-01
1.001190277043823296e-01
-9.999956377650425221e-01
-8.108896338398764447e-01
-8.009123533029718356e-01
-9.999228386692980974e-01
8.184717476294357807e-02
9.999851032408351159e-01
-9.997398751637226466e-01
9.999562321864366998e-01
4.014589971389762035e-01
-5.999394478314857837e-01
1.000112493565482374e+00
-8.232001132248158992e-01
-2.689358242968296620e-01
9.989484280554443429e-02
-1.863475516342787963e-01
3.840530535447133076e-01
1.000338871505025429e-01
9.991035899267144971e-02
1.000781412599706932e-01
1.927992230858013023e-01
-1.000057890257775917e+00
-7.930452844623253617e-01
3.918884333092477190e-01
3.857719313606302047e-01
-3.309467038180730625e-01
-1.000074559039911826e+00
-7.890587582372290409e-01
4.244640782993044925e-01
-3.637843245974035217e-02
-9.998533320798490553e-01
-2.947092923106963205e-02
4.064880927686392309e-01
-1.000128843421869806e+00
-2.748514146952003023e-01
-9.999126329916152578e-01
9.995815801795804312e-02
-9.999610545733622624e-01
-7.574512984771235302e-03
-8.009608985394315317e-01
3.988022797613752779e-01
-5.999880606279158757e-01
-2.838123541344440559e-01
1.001733178312439881e-01
-9.357462185210363090e-03
1.967638700428425702e-01
1.001801595963327657e-01
1.983853475489077145e-01
1.000012400611034469e+00
3.324571552771439509e-02
-8.080608835686852176e-01
4.259756949644626922e-01
3.891547331535091803e-01
2.045353953226582977e-01
1.970379075852848050e-01
9.997559297796451139e-01
4.038600555570112660e-01
-1.000051571226852953e+00
-5.999431333852892623e-01
-1.000021950477181010e+00
5.836400092666754963e-04
-9.999785282144395548e-01
1.000345760256194233e-01
9.991097251404103263e-02
-5.999516613153752509e-01
-8.744841989388146830e-02
-7.945710473157183706e-01
-7.957967216099598451e-01
-2.482556483152049964e-01
3.991795207410324120e-01
-1.906211749889822338e-01
3.850154467173673711e-01
-8.133301278456851469e-01
-2.796349060594147118e-01
9.994215957380844784e-02
9.998300198276606487e-02
9.998778393028683320e-01
-3.329629449779730049e-02
3.903712617946623609e-01
1.000208216241783993e-01
-2.995965151220709166e-01
2.067304008124414005e-01
-2.937914588724493958e-01
-5.999939165903775962e-01
1.000045829199143421e+00
3.880865722503898940e-01
2.036692985273729495e-01
9.998564368975199068e-02
1.000099680650089695e+00
-9.999678057040656265e-01
4.021010202475055473e-01
9.998124442017722879e-01
4.040350054008955971e-01
1.000176003133054214e-01
4.001169514984443398e-01
-6.000100074644439951e-01
4.025400613128466420e-01
-2.657803086140971827e-01
4.022862299381417261e-01
9.999663226623608514e-01
1.000128711804660009e+00
9.996077231417080378e-02
2.204068312162054677e-01
4.002098751134520183e-01
-7.996252977698073972e-01
9.975808940810233783e-02
1.000004628279793417e+00
9.999707848114866016e-01
-1.000025865617096832e+00
-5.999740031411956442e-01
4.091569992212242823e-01
9.397774124775735982e-03
3.867475469826023304e-01
1.000355711840439782e-01
4.107503637483803094e-01
2.425270932147435832e-02
-2.911644825208423160e-01
-6.000457941009055274e-01
2.154923601681274503e-01
1.000179671205415177e+00
-1.000096964467942051e+00
-7.801739613422291608e-01
1.000053825452570155e+00
3.981321178166860597e-01
-6.000185014865221378e-01
9.987530342256123461e-02
3.059437384745822969e-02
-2.623582760734804453e-01
-8.084662769361962154e-01
1.995458978279146811e-01
9.999342794729319805e-02
9.999666465581756869e-01
2.207444121693599159e-01
2.176422096971048215e-01
-3.178634135071568001e-01
-1.000065543950211522e+00
-1.069071741321767494e-01
4.038161539137902767e-01
-8.043668794172935677e-01
1.966925645727708727e-01
9.999274341555467460e-01
-8.037268646843855890e-01
-5.999017338972376656e-01
-1.000024622766680693e+00
3.489332408149539710e-02
-2.860508077867948140e-01
-5.999796710791259757e-01
5.867224015295296330e-02
2.081983581078003243e-01
-9.999473113838652782e-01
9.997940462630552361e-01
-8.058338319769325908e-01
4.070107742779268678e-01
-2.214595462220886879e-01
1.000078346015627950e+00
-9.998328090680873581e-01
9.420256271808222226e-02
2.145596893994343723e-01
1.000136918752074777e-01
-7.989691962957345961e-01
-3.132157158488667048e-01
2.125641937124267411e-02
-2.817850030892937729e-01
2.101927297139757345e-01
7.076658600430234258e-02
-5.999095300034995581e-01
-6.000651172200849315e-01
4.218298092687780554e-01
9.999488492034042109e-01
9.992532352816091423e-02
-3.184278634364444138e-01
2.017675875041555211e-01
1.000485047440689834e-01
1.001391843334390047e-01
-8.143883231740697282e-01
-6.000564762287834419e-01
-6.003578652317013153e-01
1.000031213123254492e+00
-5.999621979336932087e-01
-5.998601530018400352e-01
1.000051206279402027e+00
1.994635577207819199e-01
-7.946608925828656522e-01
3.993811541639545881e-01
3.923072877160387051e-02
1.955146094457991257e-01
-8.002692081351285847e-01
-1.000007257772891123e+00
-8.158170666374763291e-01
-9.999394283566109820e-01
1.000143068092925525e+00
9.999214437191782379e-01
-8.012446689005978673e-01
-2.294874415799128542e-01
-7.033726743995166730e-02
-7.865944238039772607e-01
1.000202887692681397e+00
-5.999648172330629414e-01
1.000444058929726293e-01
-1.000260485775391395e+00
3.984223429185408949e-01
1.791702286075480266e-01
9.997971888670272866e-01
-5.998422737172676156e-01
-5.999952481640008495e-01
-2.631548879921173367e-01
9.998122723851686766e-01
9.984073489454312056e-02
1.000090965835432444e+00
9.999419609531560171e-01
-1.000071881551871655e+00
3.946965710288422025e-01
1.000170769469669457e-01
4.121226791563774028e-01
9.994977732149741556e-02
4.213746678558689951e-02
-3.209552952810579979e-02
1.988850200452911277e-01
3.983308205651449607e-01
-7.932965635930300241e-01
-6.000547445513705336e-01
3.996925441209754903e-01
9.998274568649909710e-01
5.118190794632219293e-02
-7.931747901946265555e-01
3.788379875952249676e-01
4.118476955603486700e-02
2.177084313231101020e-01
-1.000135020596604196e+00
-3.100628331055776399e-01
3.941726295916156975e-01
2.117628541157627053e-01
5.903406556192705712e-02
1.000055205545701265e+00
1.000070898776262984e+00
9.999347651258894132e-01
1.000777757920318645e-01
2.864016444121181282e-02
-1.000051693828512445e+00
-2.476663940759952776e-01
-3.204654967216390427e-01
1.000072523194376117e+00
-8.029864169651971251e-01
-8.072700493658339083e-01
-5.999702761890933767e-01
-3.415312209137265631e-01
-9.998187469217834078e-01
2.015594916566142425e-01
1.000932318421072914e-01
-6.000568814397431172e-01
-9.192976460697813504e-03
1.000056022109180320e+00
1.900439616672989496e-01
2.023551030623101932e-01
-3.337023007466015379e-03
-2.212495489614925703e-01
-3.730105548564268125e-01
-2.103607202537437493e-01
4.046760522023413742e-01
-2.934595262257208570e-01
9.999248851578123043e-01
9.999703620360049783e-01
-6.449593773341558145e-02
1.943965510543415598e-01
2.012062013250269510e-01
7.520909402396012966e-02
-2.860544168354790528e-01
-6.001077661864783197e-01
-1.000021843745707573e+00
1.993062413232182251e-01
-5.443532316758647148e-03
