-5.998461054162388395e-01
-5.999404702231488917e-01
1.000103957057842274e+00
-2.965477552646210435e-02
-1.000036719119496320e+00
-8.067100919908665180e-01
-5.998697049257960545e-01
6.220179092598744630e-02
-8.103564670369804990e-01
-2.675815689282051713e-01
9.987756405073935917e-02
-9.998563859557753064e-01
2.093264829723135989e-01
-1.991193043709815064e-02
1.928491820168081738e-01
4.107909157145530621e-01
-2.224769812198309701e-02
-1.000104669274796798e+00
2.014282824371621261e-01
4.849385618007370780e-02
4.107934697848505956e-01
4.163927260239728700e-01
-3.915475292557063502e-01
-7.790803041234830584e-01
-1.000001290698062650e+00
4.131536665989846702e-01
-3.035505015992561728e-01
-6.001308115151878786e-01
-2.797156452255058490e-01
9.994294658557251188e-02
-1.000295340236392994e+00
-8.027658506433925645e-01
-7.946500266954862335e-01
-9.999994948834686204e-01
-2.949612880787940219e-02
1.000104474444712954e+00
-9.998187106132240265e-01
1.000139810694504749e+00
3.913230673450908692e-01
-5.998847952033986575e-01
9.999645856827407142e-01
-8.006301973750392653e-01
-3.314237333179223532e-01
1.001443962674506694e-01
-2.677392243135794936e-01
3.843930739700798238e-01
1.001061170994018978e-01
9.992172831845493042e-02
9.983828615365973602e-02
2.070771244975904701e-01
-9.997737847745602480e-01
-8.113691075519169349e-01
4.076423854081800413e-01
4.080620597261730431e-01
-2.938122907308396425e-01
-9.997860497680941538e-01
-8.014911047582238268e-01
3.990482945638838541e-01
6.825876150605869608e-02
-1.000033970039368114e+00
-2.023125306317762051e-02
3.961742291194138565e-01
-1.000033922748950310e+00
-3.116601313930816297e-01
-1.000140319823410895e+00
1.000572496377727244e-01
-9.999340293799133805e-01
-1.626963352339961741e-02
-8.188381951534616787e-01
4.007135477605798801e-01
-5.999605242167536101e-01
-2.630087618305678721e-01
1.000021364837136439e-01
3.304682437202198508e-02
2.006365373663162310e-01
9.994782932968826472e-02
1.952875811126529026e-01
9.999222065665698267e-01
6.675499259637147909e-02
-7.986133107711305135e-01
3.961253089946992212e-01
3.932436516435703910e-01
2.148647757962129923e-01
2.032565814370554946e-01
9.999876717769538015e-01
4.062652167326462060e-01
-1.000103008108058411e+00
-5.999264854883551434e-01
-1.000075195595596211e+00
-2.954744955511955443e-02
-9.999098658421873287e-01
1.000547960563068911e-01
9.998760209469999272e-02
-6.000428234175353426e-01
-4.938459957493861185e-02
-8.134272947635123874e-01
-7.808104326844153009e-01
-3.387890651230139327e-01
4.064570725806709861e-01
-2.790245069058180372e-01
3.993092288205666307e-01
-7.879922995131088959e-01
-2.831469481102889540e-01
1.000610060962153075e-01
9.996361858632836495e-02
9.999942508584981349e-01
3.895109365223801967e-02
4.047959588328995384e-01
9.991535097179872482e-02
-3.704078548412185201e-01
1.977048435882548805e-01
-3.145709334633138843e-01
-6.001787727066769662e-01
9.998618493601140189e-01
3.945647880374216765e-01
2.058960851512526835e-01
9.990271687785726162e-02
9.999304024121313805e-01
-1.000069884763439942e+00
3.992856472737904561e-01
9.999254207512713322e-01
3.936189121876388919e-01
9.994279656716377469e-02
4.003247281945371272e-01
-5.999339469079317810e-01
4.027630997581262418e-01
-2.864756458693542007e-01
3.900505437102348427e-01
1.000179131397247900e+00
9.999464019060055886e-01
9.998945856674830435e-02
1.945076879244310442e-01
4.149793531045105621e-01
-7.919113554605016203e-01
9.996551505344010435e-02
1.000101427230135842e+00
9.999878265931296806e-01
-9.999340049124214591e-01
-6.000224036462541433e-01
3.947140773274075976e-01
-8.785509978431976438e-03
4.087870758502847313e-01
1.000083902868909302e-01
4.009892477911209951e-01
-1.158523562265935669e-01
-3.096583929734733620e-01
-6.001549696795569488e-01
2.000186538314138174e-01
9.999675651001371790e-01
-9.998619856139975282e-01
-8.007923584750881174e-01
9.997991641078368685e-01
3.887349077454972934e-01
-5.999309653436917245e-01
1.000192961341152126e-01
1.688214813625971145e-02
-2.995915392603017424e-01
-8.100692000883960020e-01
1.899269274206891456e-01
9.992883721007211895e-02
9.999072654607215060e-01
1.863217059677208520e-01
1.915104060320829971e-01
-2.764861263272097580e-01
-1.000139114436136900e+00
4.668339985941534660e-03
3.907177093777576826e-01
-7.795689891021528872e-01
1.919921772856090503e-01
9.999847540245554445e-01
-8.202991725015097435e-01
-5.998219566560892835e-01
-1.000080875502771471e+00
-5.295281322723105824e-03
-3.121887482063517294e-01
-6.000050452115617272e-01
5.548294900334084512e-02
1.881444420629501402e-01
-9.999197014978062903e-01
1.000049580732672361e+00
-8.128315802225661857e-01
4.034245226345917201e-01
-2.994615382432927464e-01
1.000069167750595955e+00
-1.000144624984428798e+00
2.714596035547285971e-02
2.056763231523625057e-01
1.001662455883235853e-01
-7.985169694188271050e-01
-2.933421844405220691e-01
1.265063453768183049e-02
-2.612773257239128788e-01
2.004845898797719128e-01
-7.370802514524102400e-02
-5.999765867614267334e-01
-5.997998457907550707e-01
4.029557156958737396e-01
1.000092192378721379e+00
9.996700198951451177e-02
-3.360120873703386080e-01
2.059837864286112319e-01
1.000818095309082972e-01
9.997402506063636507e-02
-8.201022684273944208e-01
-6.001629241264521131e-01
-6.001055746172476724e-01
1.000000699437262996e+00
-5.999966356653193555e-01
-5.998938677290899246e-01
1.000080844037534833e+00
1.823337723392181031e-01
-8.073744773230075999e-01
3.917283558889834705e-01
-8.608357234987520923e-02
2.046560824833623116e-01
-7.845405615715627112e-01
-1.000129615823485585e+00
-8.012682024816614179e-01
-9.998130561682836426e-01
9.998408622624764819e-01
9.999873771756875307e-01
-7.794249976166648386e-01
-2.712121657316309276e-01
-2.148117137255814435e-02
-7.961216490870060003e-01
1.000044650138418367e+00
-6.000609677874191306e-01
9.997067099059553374e-02
-9.999442533081571716e-01
4.045734257409804857e-01
2.151012955934462068e-01
1.000160827807576203e+00
-5.998015972863137701e-01
-6.001088566156099757e-01
-2.840143343903144268e-01
1.000008631649769386e+00
9.997509699516177184e-02
1.000018818033349133e+00
9.998185625155857625e-01
-1.000066768787799321e+00
3.886198059500650115e-01
9.991207912219800258e-02
4.020494854460106571e-01
9.993981844716490204e-02
-3.253245026814843149e-02
-8.142256197488512148e-02
1.979555752720021655e-01
4.064318396214865459e-01
-8.076305395432894496e-01
-6.000360563554576476e-01
3.986031104512078316e-01
9.999117116001259298e-01
-2.822520599369313099e-02
-8.037623285659828420e-01
3.912272984177483925e-01
-2.344748852141424495e-03
1.923013377676013325e-01
-9.999164249370646740e-01
-3.125089777919707323e-01
3.968775557663690723e-01
2.006363032619565556e-01
-4.944886945155278594e-03
1.000140072906538613e+00
1.000030483432084560e+00
9.999082873589132392e-01
1.001517183750114948e-01
-5.633135339312377726e-02
-9.999251950288690072e-01
-3.701881792695309592e-01
-2.912363810673110343e-01
9.999909172928095336e-01
-8.018066020135001803e-01
-7.895755585832877621e-01
-5.999908210523533514e-01
-2.764520659463498564e-01
-1.000008564403392253e+00
1.976731075366963686e-01
9.995536260627770064e-02
-5.999926699668050034e-01
3.945101031006605086e-02
1.000016403028332723e+00
1.694604302596546541e-01
1.974077598805710765e-01
1.196364926552199170e-01
-3.204906878186795094e-01
-2.931053621673586629e-01
-3.645884801945880604e-01
4.149766553156072901e-01
-2.712763006240103136e-01
9.999829231800462237e-01
1.000081947417162942e+00
-3.613230968182370301e-02
2.202662024043441635e-01
1.982830194656500788e-01
7.701099541920458647e-02
-2.751535501664156280e-01
-5.999256104153717351e-01
-9.998909794250339100e-01
2.142789785427755000e-01
-6.204122424282564746e-02
