-6.000424582262499085e-01
-5.999671610580142866e-01
1.000181280930415362e+00
-3.023933769777791339e-02
-1.000062522956685296e+00
-7.938913994847424105e-01
-6.001039898083833091e-01
3.689743011002206974e-02
-7.951081213361278488e-01
-2.908894930725374750e-01
1.000685951385837796e-01
-9.999735287414333040e-01
1.979345771127790365e-01
3.454537691202718558e-02
1.833009564310934814e-01
3.949078704730180633e-01
-3.937483606039095946e-02
-9.998531696578445427e-01
2.023104243039547390e-01
-2.603793933183105869e-02
4.047060966882726207e-01
3.955086349826988923e-01
-3.079106317826623140e-01
-8.038555803528064647e-01
-9.999528177479336533e-01
4.057243869393598046e-01
-3.013429480127904903e-01
-6.000889118695802438e-01
-2.827730467761614963e-01
9.994296096724772371e-02
-1.000156784169958568e+00
-8.072758957961586601e-01
-7.968160011635193607e-01
-9.999123514392409540e-01
-6.184339902540162554e-02
1.000105917925382393e+00
-9.998670565860886539e-01
1.000188745869607709e+00
3.966244915662178183e-01
-6.001744219238051015e-01
9.999439583025805378e-01
-8.008749865968998183e-01
-3.537921737086084373e-01
9.998577895911732460e-02
-1.179031868001443051e-01
3.958925584426117306e-01
9.993671081071639484e-02
1.000245440967048871e-01
1.000734438169251367e-01
2.141373795995549778e-01
-1.000045069557153887e+00
-7.868565271657347315e-01
4.153413635419407890e-01
3.910932877306058653e-01
-2.434854198929796987e-01
-1.000176695818054906e+00
-8.027883919294166448e-01
4.048668334251365186e-01
1.986210095283767046e-02
-9.999170440669878923e-01
1.003502068510026685e-02
3.933566752689222068e-01
-1.000041009989275365e+00
-4.828432332276935690e-01
-9.999989128692022833e-01
1.000918428212825007e-01
-9.998320646750186169e-01
-1.741114767763925902e-02
-8.052728213946466207e-01
3.955567935801233004e-01
-6.002212964937342354e-01
-3.209541608789118206e-01
9.998504038875886957e-02
-5.493242669976011044e-02
1.965797957657255401e-01
9.989459316713118764e-02
2.001864419634941938e-01
9.999451030833714782e-01
7.140799201919567629e-03
-8.085497273716423239e-01
3.998063705086561392e-01
3.937133892021573711e-01
2.040038671658715719e-01
2.015981795802101184e-01
1.000102529957884290e+00
3.909105069309887215e-01
-9.999436568926338698e-01
-6.002153514365660136e-01
-9.999338730899492989e-01
-3.247832141746145873e-02
-1.000145906091393755e+00
1.000948167097614333e-01
1.000997173708906979e-01
-5.998457956483577158e-01
7.372767634576536666e-02
-8.068722912481226528e-01
-7.912228562692621425e-01
-3.803161254148315074e-01
3.953000208266157500e-01
-2.341087992902126658e-01
4.016595728934140297e-01
-8.242509386602759891e-01
-3.123341538439495801e-01
1.000367731698847268e-01
9.998123854468514426e-02
1.000064858657851774e+00
6.673442145264336933e-03
4.022707391617838524e-01
9.998030387947527686e-02
-3.326985866172735284e-01
1.970323795990067961e-01
-3.230792389773294859e-01
-6.000323440289999644e-01
1.000015177331206706e+00
4.099592440381168990e-01
2.196388396953962707e-01
9.995911010002744845e-02
1.000113263515356232e+00
-9.999955716292850960e-01
4.086696957591602342e-01
9.999777895231015679e-01
3.988099283701614928e-01
9.982183661126289853e-02
4.007443770920015025e-01
-6.001346521748408547e-01
4.022820964932055099e-01
-3.347649188413227561e-01
4.028742356915759326e-01
9.998835578612876862e-01
1.000176910720069312e+00
9.986131320309381276e-02
2.124333945485869513e-01
4.231648127371627766e-01
-7.944574828659565213e-01
9.979451962429909673e-02
9.998365135008365767e-01
1.000063979956260951e+00
-1.000045939091362968e+00
-6.000281040398213195e-01
4.114251334702648810e-01
-1.711249462726859363e-02
3.894811621101995636e-01
1.001142201934800691e-01
3.921294925418803978e-01
7.694984780137215097e-02
-2.764715034470696664e-01
-5.999424651154433574e-01
2.039237211505736114e-01
9.999431131906151293e-01
-9.999502488110140197e-01
-7.975285548575306027e-01
9.999359253942623482e-01
4.005216935762435648e-01
-6.000508186946602596e-01
1.001878147418982096e-01
8.664692419289037051e-02
-3.073921414540921049e-01
-8.133919603112053087e-01
2.057969369696252826e-01
9.993123970966194536e-02
1.000056018142849501e+00
1.892185521673014625e-01
1.957898963920441660e-01
-2.640776058385876368e-01
-9.998412361090732725e-01
-9.685149302771917101e-02
3.803747704682752251e-01
-7.795840773662852108e-01
1.842005715325628068e-01
9.999493292565478919e-01
-7.922821805419077990e-01
-5.998368136705516385e-01
-9.999146669107612517e-01
3.511212192097099005e-02
-3.303700297912021688e-01
-6.000395465453017829e-01
6.667520752701248943e-02
2.120369742604002739e-01
-9.998229234585700453e-01
1.000018191948052637e+00
-7.869444744968926431e-01
4.011304255037933530e-01
-3.156447057356137620e-01
9.999639789293872649e-01
-9.999750229705915983e-01
-5.769843598182292782e-02
1.937360886963482576e-01
1.000548104241914676e-01
-8.085567068947320246e-01
-3.626121671975282013e-01
2.895677486406739165e-02
-3.116884123344493829e-01
1.947071645864471012e-01
-3.762406788295336035e-02
-6.000546727410480674e-01
-5.998823285006731343e-01
3.903971905905095907e-01
9.998779792660513754e-01
9.994273184622627648e-02
-3.348742410584982787e-01
2.045434551208816232e-01
1.000109337169845652e-01
1.000299955108767402e-01
-7.857451565764175250e-01
-6.000357835444741772e-01
-5.998385504388433764e-01
9.999193925986982201e-01
-6.000663026734655014e-01
-5.999152240458563989e-01
1.000079431871027325e+00
2.000624336777268308e-01
-7.999976712515056709e-01
4.052751404183383421e-01
-7.354754400572015294e-02
2.026891520445389672e-01
-7.986817301765712918e-01
-1.000037208423711466e+00
-7.974240080307132272e-01
-9.998675868300891389e-01
9.999857262658187196e-01
1.000003299673320578e+00
-8.178486399881035318e-01
-2.695168202758889686e-01
-2.267866557616736445e-02
-7.981486349398436708e-01
9.998333321316320577e-01
-6.000441438208148348e-01
1.000435217706863583e-01
-1.000037138550302407e+00
3.951745861353894718e-01
2.003306532959051034e-01
1.000082899961320493e+00
-5.998885538049033572e-01
-6.000145934614601329e-01
-3.128195984401392904e-01
1.000009385196195089e+00
9.996829299323860274e-02
1.000010699367746891e+00
1.000165058231345272e+00
-9.998530626674720923e-01
4.084711198820861755e-01
1.001765925081489067e-01
4.180798770115530805e-01
9.997864983205151379e-02
7.075009010548363730e-02
-2.611528161323554975e-02
2.124115396368683184e-01
3.977428326033650152e-01
-8.054569098325902177e-01
-6.001926020389382055e-01
4.073563108064656157e-01
9.999220176212049171e-01
-5.182701407372859725e-02
-8.039792319958213307e-01
4.008356735575197005e-01
-5.566056964882587499e-02
1.938069285212562776e-01
-9.999386194842055930e-01
-2.779203463903276994e-01
3.941513472535889129e-01
2.203621933606307592e-01
-4.702514561202756488e-02
1.000077451959004105e+00
9.997992385655597447e-01
1.000052030587221141e+00
9.982614434929068525e-02
-5.892167182751331667e-02
-9.999017742431848266e-01
-2.636096903226293753e-01
-3.545503094970706703e-01
9.997576262325229557e-01
-8.043120329928031831e-01
-7.933592381062781751e-01
-5.999688294466177796e-01
-3.802409552222797973e-01
-9.999974348308714456e-01
1.866835351757040184e-01
1.000343571505024898e-01
-6.000960055855013575e-01
-4.908808936886213670e-02
1.000132556511957205e+00
2.047632960368861721e-01
2.125069875338514713e-01
4.652538599192565516e-02
-2.751950808446749219e-01
-2.971689105004907128e-01
-3.447243971984083610e-01
3.801652380903411399e-01
-3.563909814903679085e-01
9.999450236277084292e-01
9.998618400552740093e-01
-4.349624263606653718e-02
1.869765570924054876e-01
1.924022560420814154e-01
1.375834629022141056e-02
-3.804102258881270626e-01
-6.000179244679875179e-01
-9.996961373660099293e-01
1.946655979581997653e-01
-2.923263138640294634e-02
