-6.000690352445438025e-01
-6.001543651265983659e-01
1.000078980938235551e+00
-2.049447266570727719e-02
-1.000095039194296431e+00
-7.981418931207373557e-01
-5.998193329700013399e-01
-4.880970932990612928e-04
-8.019441125331835396e-01
-3.755576541298407678e-01
1.001935929372055611e-01
-9.997800374404151036e-01
2.133404783411000372e-01
-4.757587274274476669e-02
1.995311810981525436e-01
3.933749934668028803e-01
-3.019182842763813018e-02
-1.000139580527518390e+00
2.052797771556723327e-01
7.197562868261014879e-02
3.931071596800845835e-01
4.103173207008654622e-01
-2.852718371093093119e-01
-7.866419197210954284e-01
-1.000014643096291511e+00
3.976483988222402899e-01
-2.454007741401316167e-01
-5.998338522538583240e-01
-3.646779933323583411e-01
9.992618024313699998e-02
-1.000114531398485829e+00
-8.030167230259644962e-01
-8.160363262864237521e-01
-1.000048202402173070e+00
6.976422117467888373e-02
1.000120840251947252e+00
-9.999671419555985485e-01
1.000066543921706907e+00
4.022348408594220159e-01
-5.999064295192988450e-01
9.999556225319625735e-01
-8.129953984507938269e-01
-2.584298222200495654e-01
1.000024059264149473e-01
-2.732717745738516557e-01
4.029732091341389211e-01
9.993914089821889779e-02
1.000274051203538517e-01
1.001268306145955134e-01
2.135985610031331250e-01
-9.999985552258533472e-01
-8.015751421187333747e-01
4.041760055495198234e-01
4.080433792985196373e-01
-2.776875544903806281e-01
-9.999479950936233097e-01
-8.088239913676615878e-01
4.098860996812277446e-01
-4.097314289642470068e-03
-1.000017679850170094e+00
3.732135974443609450e-02
4.020395797091886880e-01
-1.000147528690067844e+00
-3.006727006154927273e-01
-1.000065134789958288e+00
1.002026940508988218e-01
-1.000012931668475602e+00
1.190552842128072275e-01
-8.019047544062303245e-01
3.888959708374193913e-01
-6.000610708494890089e-01
-3.280181214144418655e-01
9.995108026155719028e-02
-1.884435317908348881e-02
2.105660178102547742e-01
1.000609302276213725e-01
2.061477487166512024e-01
9.999137194087435176e-01
7.660814346024086285e-02
-8.064515035525026132e-01
3.999866238579982136e-01
3.926154018434532822e-01
2.033518909855141776e-01
1.820799397715874290e-01
9.998604738217956589e-01
4.016701441326491206e-01
-9.999180170187100813e-01
-5.997683684885938282e-01
-9.999664025453198768e-01
-5.286294870681225444e-02
-1.000017694103362942e+00
1.000766988043973182e-01
9.998358095418725944e-02
-6.000101260926627988e-01
-3.209959280040720203e-02
-7.961105874649216929e-01
-8.046313717067885563e-01
-2.825317864750561681e-01
3.881034034653955134e-01
-2.178994608346903061e-01
4.065343976667570858e-01
-7.962787034557040622e-01
-2.631996874050743784e-01
9.988171063888351409e-02
9.992017274964232199e-02
1.000091666933519141e+00
8.275401983195174171e-02
4.056635662344664772e-01
1.001633052111868954e-01
-3.676751894603395021e-01
2.177102040466241673e-01
-2.926149501697247191e-01
-6.000092442189798314e-01
1.000012644583505361e+00
3.994113620688145572e-01
2.029501649819864528e-01
9.990833207633723068e-02
9.999527633154879913e-01
-9.999775064108802347e-01
4.000180766046222414e-01
9.998809512663456855e-01
3.863671218701364984e-01
1.001750805793510529e-01
3.976961636243220855e-01
-5.999720120351398345e-01
3.933571866335887068e-01
-3.282313444969018335e-01
4.032262461024910261e-01
1.000206634645504744e+00
9.999254662083755241e-01
1.000307650092522593e-01
1.894004201383654995e-01
4.157362441759335225e-01
-8.094295740346875156e-01
9.994766205579899698e-02
9.999854546305793068e-01
1.000019852251923691e+00
-1.000071233275034555e+00
-5.999714904021175021e-01
3.941226256237392311e-01
-2.436758313913622506e-02
3.927356772710389743e-01
1.001331631945433925e-01
4.012112960976849108e-01
1.589213347943365176e-02
-2.730750149275465999e-01
-6.000806905076202513e-01
2.045360300333085024e-01
1.000189539214638046e+00
-1.000034389518437372e+00
-7.914242534954952779e-01
9.999379411970198417e-01
4.009952579409175599e-01
-5.998137770667278934e-01
1.000391322479819295e-01
-3.824859745722231086e-02
-3.800104974130535940e-01
-7.971130662338975492e-01
1.977292643520162096e-01
9.989114148864983167e-02
1.000134383481978917e+00
1.873125846556316365e-01
1.998884883482300034e-01
-2.728032191246134164e-01
-1.000119502381027425e+00
-4.291463666924248688e-02
4.012769681091804541e-01
-8.069728479578495151e-01
1.817400095944906591e-01
1.000112512823056132e+00
-8.280146160885789586e-01
-6.000518198491191502e-01
-1.000102333882234795e+00
2.266296811455232110e-03
-2.173045892677664126e-01
-5.998527185401782980e-01
1.231208960334997382e-01
2.162603458119024269e-01
-1.000088744302917609e+00
1.000018951340438944e+00
-8.016984856252504787e-01
4.022536898673149675e-01
-2.874436308708626653e-01
1.000087238291586189e+00
-9.998719660896372430e-01
-4.519014244232225780e-02
2.018338394358828725e-01
9.981135243380051536e-02
-7.995465340320752068e-01
-2.895227552762467127e-01
-1.837898724595162306e-02
-3.451453011827412265e-01
2.106249395189700169e-01
2.860699836711201940e-02
-5.999928273862663586e-01
-5.999058977300121276e-01
3.971775331406783849e-01
1.000165332227271664e+00
9.998803824650832894e-02
-2.933669619967475550e-01
1.997663105715286602e-01
9.995019342513029870e-02
1.001015248279874814e-01
-8.140260950578483978e-01
-5.998313762404192673e-01
-5.999235413599017797e-01
9.999658427943248773e-01
-5.999038577299641295e-01
-5.999804540895851135e-01
1.000003319624086284e+00
2.005504047422412839e-01
-7.875791184830402969e-01
3.922579012124230990e-01
-4.956185309445973464e-02
1.932501375956838796e-01
-7.998557035704078055e-01
-1.000050956713796291e+00
-8.151857250203751182e-01
-1.000171975446935813e+00
9.999285722354067651e-01
9.997801858320515267e-01
-8.094256803804827927e-01
-3.406893158221686591e-01
1.305579736511749446e-02
-7.916261798198245270e-01
9.998688490838546494e-01
-5.999634368343779167e-01
1.000888014575747331e-01
-9.999673511864248798e-01
3.892651663563447273e-01
1.899551078777111657e-01
9.996822968901021289e-01
-5.999262482138341124e-01
-6.001193220601727107e-01
-2.397425295873160667e-01
1.000136006571765934e+00
9.993070214762993231e-02
9.999950528108808578e-01
1.000140074187015671e+00
-9.998578761878859078e-01
3.925090010865302514e-01
9.995537365679210695e-02
3.993027202693982813e-01
1.000136829802874272e-01
4.653336894492719582e-03
6.315264738493955865e-02
2.080978688391834641e-01
4.021120043549801792e-01
-8.040343964482847827e-01
-5.999640662996440499e-01
4.153635068228154759e-01
9.999709925746635975e-01
7.931504546358307539e-02
-8.119178296372461245e-01
3.828206245124390339e-01
-6.346178709080892155e-02
2.054889453958365642e-01
-1.000276882571063064e+00
-3.009674369421533879e-01
4.095302844385893537e-01
1.973047812067473816e-01
-2.142189191681968460e-02
9.998864038977420821e-01
9.999742693640939484e-01
9.999679683212758796e-01
9.996705744500425372e-02
-7.918715119292307758e-02
-1.000073525111027095e+00
-3.378473069547170970e-01
-2.591022947128222009e-01
9.999094146986456932e-01
-7.879724353548934745e-01
-8.028311751227446003e-01
-6.000693559937965160e-01
-3.036304559236288059e-01
-1.000017325458184114e+00
1.924425633995321128e-01
1.000218190789244621e-01
-6.000422190023023683e-01
-3.767636927702554955e-02
9.999455258881626563e-01
1.872162088873135510e-01
1.875907175761477585e-01
-4.037343228267128992e-02
-2.688717357403651032e-01
-3.000014445929428120e-01
-2.814341479321688100e-01
4.051618682707955332e-01
-3.031038163410960107e-01
1.000118282108602541e+00
9.998106534289841196e-01
-5.031483831612707305e-03
1.965240081046359111e-01
2.111661008815325924e-01
1.896563130911347803e-02
-3.284718356711742726e-01
-5.999837961564097322e-01
-9.998703409174057866e-01
1.967647364943303778e-01
-2.718996480103540170e-02
