-5.998360029103656510e-01
-5.999168172067985694e-01
1.000143076157513855e+00
-5.660404972191915469e-03
-9.999243932210730712e-01
-8.016518350376592439e-01
-5.998552616971000173e-01
5.691901089720825813e-02
-7.963981721800346136e-01
-3.159118296112911617e-01
9.990244564306791086e-02
-9.999536884322269836e-01
2.010261680305291954e-01
-6.191533202224757532e-02
1.993877286262105974e-01
4.186238564367231740e-01
1.486078973561513229e-02
-9.998506680570958816e-01
2.051661761539541884e-01
-5.495204037208312187e-02
4.249159878509987109e-01
4.023370891893416346e-01
-2.145680493483284601e-01
-7.901302787649530091e-01
-9.999138525274613443e-01
4.065331851879833147e-01
-3.244293441548027901e-01
-5.998804723186846877e-01
-2.593913735445961821e-01
1.000209822782514718e-01
-9.998506884048586896e-01
-7.932426940387993231e-01
-7.873128537838820495e-01
-1.000013227818763895e+00
5.106896226374274018e-03
9.998655260054011285e-01
-1.000136446790776956e+00
1.000105389393257660e+00
3.887928438094417904e-01
-5.998969144853543156e-01
1.000034044039956438e+00
-7.929574994178216762e-01
-2.678895756965428143e-01
1.000091927454483109e-01
-3.079285208057810364e-01
3.874803249423957041e-01
1.001471595251525321e-01
1.000939434497530728e-01
9.993088942923994411e-02
1.932782692465924712e-01
-1.000126953224186765e+00
-7.967527297169200162e-01
4.090033499560561392e-01
4.079000659669689277e-01
-2.754496377501595150e-01
-1.000082684548518230e+00
-7.874757993639042164e-01
4.075172763878558979e-01
4.754984190382994386e-02
-1.000031201063817488e+00
-1.492030982236477316e-02
3.968109574786025662e-01
-9.999378604167454831e-01
-1.973369280546622417e-01
-1.000022520298220030e+00
1.000266304880115392e-01
-1.000038635493444961e+00
8.573337032722831708e-02
-8.069693250961367248e-01
4.005928379073640522e-01
-6.001286508117119611e-01
-3.494850895468569196e-01
9.999084218368992083e-02
-5.537252992528911982e-02
1.905830457598011451e-01
9.983701265289096627e-02
2.121430293578658033e-01
1.000082587269171208e+00
3.572872647876196295e-02
-8.099090037734458791e-01
3.988978764161605906e-01
4.143165894504195479e-01
2.211722151988317342e-01
2.052091380367245255e-01
9.998931842775881096e-01
3.915599482250950447e-01
-1.000069125506373391e+00
-6.000230330244720189e-01
-1.000102369299968430e+00
1.093772164784038645e-02
-1.000279508304169784e+00
1.000628511792084896e-01
1.000007974318498777e-01
-6.000707093951790361e-01
3.895539406747543232e-02
-8.157299153639644418e-01
-8.075320087830792914e-01
-2.670697710952728565e-01
3.956544616393605218e-01
-2.317361460099756076e-01
4.009353028827493115e-01
-7.967398958410220056e-01
-2.893387523688926710e-01
9.993450810617834912e-02
1.000049794045636958e-01
1.000074967338393295e+00
-1.041428179177669722e-02
3.876116021842815340e-01
1.000448826311736844e-01
-3.050144651417366903e-01
2.069022988850592881e-01
-2.085775865319069999e-01
-5.999597409805970116e-01
1.000085079480147243e+00
3.994773629791646408e-01
2.107207103011392579e-01
9.996714684862299805e-02
9.998976618941916028e-01
-9.998490016286624149e-01
4.014337555212230679e-01
1.000082146480593126e+00
3.970098780254208704e-01
1.000522310576008878e-01
3.891637067641535719e-01
-6.000165420718864828e-01
4.003903947403738006e-01
-2.998553487326384159e-01
3.952701876284137605e-01
1.000142886210907411e+00
9.999376064415290699e-01
9.997761021225151645e-02
1.812950241759718473e-01
3.914687839502390410e-01
-8.001064647613078673e-01
1.001146192400269030e-01
9.999597151724971544e-01
9.999175889079995327e-01
-1.000142325740137395e+00
-6.001120023103612144e-01
4.043912317255013988e-01
-2.351774054578326112e-02
4.027053154329727769e-01
1.001145018876753168e-01
3.982144914639443867e-01
5.047702198142655500e-02
-1.862767381213684681e-01
-6.000614013325523688e-01
1.994064155770962077e-01
1.000134147442426791e+00
-9.998462073086746837e-01
-8.215640296013773103e-01
1.000101614110304293e+00
4.221801335117841281e-01
-5.999852532699672114e-01
9.996843771735267059e-02
-1.726157392564960091e-02
-3.119628883053343071e-01
-8.096665270672779302e-01
2.117662543291861932e-01
1.000471227428089277e-01
9.999472313005491886e-01
1.974563368817911779e-01
2.010864562926340249e-01
-3.708455392165906916e-01
-1.000044108146776356e+00
5.944951830890479738e-02
3.927662275601435105e-01
-7.994455191268340366e-01
1.848314333383500596e-01
9.999327862360136709e-01
-7.955756051133237028e-01
-5.999617034901695289e-01
-9.998830510998811816e-01
-1.425108906750181641e-02
-3.415982598797552838e-01
-5.998223534803640566e-01
7.960051497694615660e-03
2.007477502325973051e-01
-9.999741531003368822e-01
9.999115014409551971e-01
-8.106296693145251808e-01
3.989250155263882047e-01
-4.164110903744482339e-01
9.998702738411735513e-01
-1.000025054070841746e+00
-4.073838974011648878e-03
2.171402796680508840e-01
1.000660751983272340e-01
-8.066931706986921746e-01
-3.024345542202258041e-01
7.681023847917974046e-03
-2.981286673399456966e-01
1.971054633289368030e-01
4.029959321239597742e-02
-5.999129243219173402e-01
-6.001412500330767230e-01
4.019187921880057468e-01
1.000047280884983847e+00
9.994391533650280601e-02
-2.599401753645899094e-01
2.053534636993745999e-01
1.000146232341534991e-01
1.000939832617123576e-01
-7.944757325589443253e-01
-6.000268405691232543e-01
-6.000244635680415106e-01
1.000192963902542642e+00
-5.999094050672583167e-01
-5.999523693953416892e-01
9.999237547799536552e-01
1.939164586872855200e-01
-8.031565634233162054e-01
3.770795467855839189e-01
4.985949250137512723e-02
2.249836222863349222e-01
-7.839537275661289106e-01
-1.000108019307549778e+00
-8.065010430464878421e-01
-9.999980325771575806e-01
1.000248451792250082e+00
9.998891877278855977e-01
-8.047868995848791451e-01
-2.750218098516974963e-01
5.347279112169407711e-02
-8.192880500546535494e-01
9.999329846685132139e-01
-6.000173174107010787e-01
1.001032383558909528e-01
-9.998951465167805752e-01
4.020549782142000539e-01
1.947528853161507589e-01
1.000118736455810620e+00
-6.000008499962310449e-01
-5.997830073004909446e-01
-2.983662309472465135e-01
1.000090538286886543e+00
1.000639864510862870e-01
1.000047585848076848e+00
1.000068900270338679e+00
-1.000043717892560746e+00
3.860596919303457275e-01
1.000005456646757690e-01
3.918954931187300095e-01
1.000602511458827115e-01
-1.314880165592409444e-01
3.591465469031578789e-02
2.180113038169063933e-01
3.850248947716490844e-01
-8.292599871245757148e-01
-6.000343791733875332e-01
3.956137528292106298e-01
9.998972140476387604e-01
-3.506593917032991420e-02
-8.066805162313329669e-01
4.012982471598127709e-01
-2.597287086942682427e-02
2.000272202774253383e-01
-1.000052876360376874e+00
-4.402684170867290359e-01
4.109771659730609983e-01
2.000277516143827705e-01
3.801461654475915206e-03
9.999701829027192179e-01
1.000007096631600145e+00
9.998111261527279359e-01
1.000539832001986901e-01
-2.812112762243260122e-02
-1.000070028362216590e+00
-3.128465856589181526e-01
-2.921017934665815496e-01
1.000135078256554566e+00
-8.027606090947896345e-01
-7.860408639142945075e-01
-6.000757452174604323e-01
-2.141420712790201852e-01
-1.000074651772021372e+00
1.973058217620537180e-01
9.990047795530060393e-02
-5.999647417019615681e-01
3.915130572390465580e-02
9.998589306397713816e-01
2.061313051962867515e-01
1.811712051255933709e-01
1.647542459515091012e-03
-3.365442828245883145e-01
-2.931358233150876957e-01
-3.598220774805521716e-01
3.867972439284814157e-01
-3.018829312720087144e-01
1.000043279810822305e+00
1.000066607538932173e+00
1.718684173138590801e-02
2.042010049815597139e-01
1.989732930241658870e-01
5.267624525769851879e-02
-3.658513572648201539e-01
-6.000336009485491839e-01
-1.000008160085253506e+00
2.033259316466696220e-01
5.187720733555285790e-02
