-6.000998935415936542e-01
-6.000799739610404027e-01
9.999574877965016206e-01
1.100790797231592649e-02
-9.999120356098387674e-01
-7.932037902090215420e-01
-6.000210237865241103e-01
-2.852236228087614775e-02
-8.016867540129092307e-01
-3.001204462745352686e-01
9.986385462362774856e-02
-1.000010402797895326e+00
2.073654927136666937e-01
-2.820212716187661325e-02
2.015118823450310903e-01
3.986632608583343118e-01
3.528084824592226526e-02
-9.999997949435135425e-01
1.876136234762392774e-01
4.551176015946999803e-02
4.133317823116210987e-01
3.973427056730309270e-01
-2.853757552529133656e-01
-8.092226953534705780e-01
-9.999770627779792642e-01
3.828398856104014980e-01
-2.680079170851272785e-01
-6.000349891007297209e-01
-2.414085237603645906e-01
9.993310769687896444e-02
-1.000037770426821515e+00
-8.014225815156127419e-01
-7.953997115376478799e-01
-1.000017334257421897e+00
4.582643436670209500e-03
1.000054998059072497e+00
-1.000053252778339230e+00
1.000106414491531481e+00
3.959034311874187750e-01
-5.999112094524624572e-01
1.000079388646175849e+00
-7.902614731860178043e-01
-2.885534904359724484e-01
1.000785824325763906e-01
-2.595800674287185306e-01
4.121939418318200654e-01
1.000453148819018950e-01
9.996959262874748064e-02
9.995528471342605970e-02
2.051663814414338149e-01
-1.000234577536534442e+00
-8.101915627203858383e-01
4.002199285532386241e-01
3.983568530838406119e-01
-3.629670599682054966e-01
-1.000226313010688539e+00
-8.072326340575275427e-01
4.007825519763880684e-01
-2.598706931659994224e-02
-9.999109284068967707e-01
-2.250654231749852838e-02
3.907147820976292762e-01
-9.999311658158847038e-01
-2.623721270005925921e-01
-9.999731238565825464e-01
1.000203016784808746e-01
-9.999042242884154108e-01
-1.644906798051322394e-02
-8.007743749124379695e-01
3.950182978873911788e-01
-6.000327570343275685e-01
-3.154804920329716267e-01
1.000139356319115491e-01
-9.573282576352391826e-03
2.012754377313150655e-01
1.002471533703125223e-01
1.995900869046477455e-01
9.999695541249604691e-01
-8.434092435425920298e-02
-8.247650821941799881e-01
3.826742776235842469e-01
4.022783843407702342e-01
1.952443855894099300e-01
2.021816900897124292e-01
9.999582943290427073e-01
4.111621245236505295e-01
-1.000097813487754950e+00
-5.999901612371260073e-01
-1.000188086196982074e+00
-6.139185125631440275e-03
-9.999669771647891059e-01
9.987421627601734964e-02
1.000784956646762619e-01
-6.000346057626971819e-01
6.971480370457323883e-02
-7.966243797601847421e-01
-7.868282692599818384e-01
-2.146280794142014503e-01
4.009708616692104211e-01
-2.627310725680647163e-01
4.079491690473430743e-01
-7.989696710923022138e-01
-3.566447464398482259e-01
9.984359103127032897e-02
9.989446333923845955e-02
9.999673211487358770e-01
6.000825860913549387e-02
3.910461672873126737e-01
1.001077781805419925e-01
-3.295211417157433154e-01
2.056006080049949114e-01
-3.170337649516616896e-01
-5.997975396799093417e-01
1.000018679314532921e+00
3.866696458344980325e-01
1.790157991060451204e-01
1.000195291057957431e-01
1.000030012475440655e+00
-9.999174550201725964e-01
4.042355237694266190e-01
1.000120149720610474e+00
4.072234133948077761e-01
9.995139765136863697e-02
4.149166463216247824e-01
-5.998335840645216965e-01
3.885169732812276400e-01
-3.191251721597978541e-01
3.919416499514843388e-01
1.000109600153578970e+00
9.998705452990932496e-01
9.990669223083806227e-02
2.049929435279134182e-01
4.026111623690537544e-01
-7.980720626642585636e-01
1.000027734893856463e-01
9.999411018413187913e-01
9.999718429285433530e-01
-9.998680619020418048e-01
-6.000866904938866320e-01
3.959907456720667684e-01
4.054277385197448125e-02
4.000557165595943765e-01
9.973755116206294014e-02
3.813001649727406628e-01
-7.422770156872705860e-02
-2.827198604351290334e-01
-5.999714524333330523e-01
2.036773892034826894e-01
9.998502242073807889e-01
-9.998963329552214008e-01
-7.996847298834750539e-01
1.000040078038245017e+00
4.062563406206717298e-01
-5.999487995677104113e-01
1.000324408814420585e-01
-3.718337229838392100e-02
-2.953505759573067380e-01
-8.126323665535353236e-01
1.813886406261096540e-01
1.001101709775541609e-01
9.999619175253994241e-01
2.023720965452519838e-01
2.046409105603733125e-01
-2.509889113300102781e-01
-1.000094923790185719e+00
3.689661585226453044e-02
4.089799872798743907e-01
-8.001300855107440491e-01
1.969323966627967715e-01
1.000006134788886003e+00
-7.937291188207136194e-01
-5.999580691432621071e-01
-9.999702893606036147e-01
-1.193976719124009885e-02
-3.353565066229901026e-01
-5.999389229600360363e-01
1.076411538714590159e-02
2.035170733156792255e-01
-9.999718313121480628e-01
1.000035157177417533e+00
-8.056735385306463826e-01
4.104699362767487147e-01
-2.987071265340797144e-01
9.999570416788039484e-01
-1.000086504202097659e+00
-4.202257542818716579e-02
2.134697564217143961e-01
1.000724359578550188e-01
-8.058612949774307532e-01
-2.810625740549131391e-01
2.962797871320072690e-02
-3.203715612744978403e-01
2.027578845373595173e-01
1.289063315672245302e-01
-6.001035291659787552e-01
-5.999501593798386434e-01
3.959645404405442992e-01
1.000003574597073230e+00
1.000340686296969234e-01
-3.185516297183480505e-01
1.949422357238894399e-01
1.000063990886697202e-01
1.000709025893381371e-01
-7.991922841892046270e-01
-5.999114575604794775e-01
-5.999429265938491795e-01
1.000056408761398341e+00
-5.997761179543876775e-01
-6.000994079912398416e-01
9.999096384797772075e-01
2.067931064165335897e-01
-8.016039381525588148e-01
4.068968101423814376e-01
-1.357185947674727049e-02
2.152562254910379835e-01
-7.937777912644691236e-01
-9.998394950423570293e-01
-7.921410585490645806e-01
-9.999047296846651500e-01
1.000011232530940264e+00
9.999131512117612752e-01
-7.933344484215256731e-01
-3.199164792306724014e-01
2.890615198903173644e-02
-8.012147887336119600e-01
1.000111777048809270e+00
-6.001200993220825453e-01
1.000212461247824564e-01
-1.000129315631130167e+00
3.909290045679058023e-01
1.846617930968606491e-01
9.997548637729591903e-01
-5.999241118006943818e-01
-6.000059360192591118e-01
-3.089150516734460172e-01
1.000029526054273088e+00
1.001349217102839445e-01
9.999572945253276668e-01
9.999876647928305218e-01
-9.999231662830497802e-01
3.992018612620199525e-01
9.995619852874190747e-02
3.980084282921108607e-01
1.000523044418870633e-01
4.192150966801475032e-02
4.118053108257030415e-02
2.070174680593304672e-01
4.116631256405910988e-01
-8.032525106425530970e-01
-6.001148675045817615e-01
3.853454102541892246e-01
1.000111740340996036e+00
4.303800060359401491e-02
-8.033385858875398133e-01
3.928528016341601425e-01
-5.883918471767829450e-02
1.901999469830833733e-01
-1.000026093598171073e+00
-3.115385621921089587e-01
4.007105976041637208e-01
1.898872486690557915e-01
-5.801885229680676069e-03
1.000065317938686249e+00
1.000196123874648402e+00
9.999587909465400548e-01
9.994859583147007454e-02
2.500494502256017659e-02
-1.000091019817198390e+00
-3.037543529617297011e-01
-2.495968376868345218e-01
9.998617154968475473e-01
-8.004238382392939721e-01
-8.036056906343851391e-01
-6.001884957777179341e-01
-3.759734746370625436e-01
-9.999966609785975180e-01
1.974072404889447296e-01
9.990451272519822179e-02
-6.000899933835560640e-01
2.492316847676692704e-02
1.000028837274865801e+00
1.994860792592213494e-01
2.073975876447359812e-01
-7.094933664891121816e-02
-2.728237890914156916e-01
-2.670534370162223614e-01
-2.942135581247375953e-01
3.898156715029451047e-01
-2.949014132287800516e-01
1.000008220994263342e+00
9.999880054554353137e-01
-3.361344010965928997e-02
2.012652174107793790e-01
2.220348453356222329e-01
4.212200918224881692e-03
-2.820075199218125550e-01
-5.998792784837277958e-01
-9.999210067550321490e-01
2.077744394641087844e-01
-4.746368180003552456e-02
