-6.000264268889382580e-01
-5.999092353657647925e-01
9.999918560290815828e-01
-1.049853632535200504e-02
-9.998512814579917363e-01
-7.932766155005191999e-01
-5.999791594405524675e-01
-4.872305890071217810e-02
-7.946750449867077126e-01
-2.223705481863313405e-01
1.001613082064067850e-01
-1.000014281183046583e+00
2.172924114571612719e-01
1.381185487999825150e-02
1.983222511306037272e-01
3.930089947256079630e-01
1.663925253323271514e-02
-9.999771936211169221e-01
2.112408792787264789e-01
-3.980178333043943306e-02
3.960480225371482699e-01
4.062079520231469121e-01
-2.805094040425729629e-01
-8.157546523828420604e-01
-1.000066101812437269e+00
3.918898563895076848e-01
-1.998913700138192084e-01
-6.001036026882016206e-01
-3.231882289525296326e-01
9.994309516097032997e-02
-9.999024765671202797e-01
-8.071302618992367561e-01
-7.981330694673368642e-01
-1.000201695949703096e+00
5.551103333052767597e-02
1.000076117543532872e+00
-1.000096486839407772e+00
1.000097956154129664e+00
4.176368129105080262e-01
-6.000822364361134698e-01
1.000045978033369476e+00
-7.953409195602942905e-01
-2.613335448902816549e-01
1.000123462676255209e-01
-2.748552395241348201e-01
3.902902411327020538e-01
9.985047447720132863e-02
9.985953692516867652e-02
1.001411463177745154e-01
1.944861674784900130e-01
-9.997885708048774855e-01
-7.926859060654237732e-01
3.961879035335211241e-01
4.000108336716574620e-01
-3.292525505489731774e-01
-1.000082396640222360e+00
-7.792520882572044894e-01
4.226620524372258769e-01
1.172531635218147621e-02
-1.000031251140486521e+00
1.372784668503796747e-02
4.021142802036051789e-01
-1.000040446373430703e+00
-3.033050663071754638e-01
-9.999385112558532018e-01
1.000182015115986950e-01
-9.998482913576101083e-01
1.140100713386250214e-02
-7.862183384034172606e-01
3.933604786313429913e-01
-5.998917496285721684e-01
-2.240130500667889546e-01
9.999474264061082585e-02
4.803954530742594181e-02
1.970070701066123919e-01
9.990621343507388730e-02
2.137569758834476363e-01
9.999263878251694049e-01
-2.561198350690904388e-02
-8.024331609258112952e-01
3.955174076963313134e-01
3.999339855112080677e-01
2.150598695524166271e-01
1.976918999695244095e-01
9.998177010206125148e-01
4.014450047405339617e-01
-1.000161902725726470e+00
-6.000373493454514984e-01
-9.999687450636696173e-01
-5.090333777000438653e-02
-9.998340135804090201e-01
1.002334013347655067e-01
1.000147841594495046e-01
-6.001141046448836835e-01
1.254075612726519157e-02
-8.058012167272537996e-01
-8.100947939024936151e-01
-2.076656383090186297e-01
3.859953290682162641e-01
-2.945397634237740814e-01
4.043952726009953924e-01
-7.964751200227031536e-01
-3.343359830376609332e-01
1.000312866486929575e-01
1.001468289528324451e-01
1.000207260950014110e+00
1.009231555080440830e-02
4.092245463850302523e-01
9.996192338381244824e-02
-3.371309063685750118e-01
1.976471331845971457e-01
-2.826678037195776150e-01
-6.002744348636767091e-01
1.000045896710099580e+00
3.873237352949884249e-01
2.025623841381932189e-01
9.994056340688202422e-02
1.000045580125474842e+00
-1.000074605530646421e+00
4.072316625895687769e-01
1.000121283918637083e+00
4.012264456111250266e-01
9.997896390148018619e-02
3.865411160725404360e-01
-5.999042713300209995e-01
3.988115670724184381e-01
-2.973779633404921019e-01
4.034341409131229073e-01
1.000107068320486237e+00
9.999542404972411314e-01
9.999267320329825737e-02
2.047130804327603193e-01
4.203830853959773517e-01
-7.934963767662135403e-01
9.987943618778161170e-02
1.000293767985992899e+00
9.999666694343950502e-01
-9.998959185387052973e-01
-6.000090565383223717e-01
4.218221222873105303e-01
3.609187779457840445e-02
3.932963254223627025e-01
9.992010481082842788e-02
4.135693932056508371e-01
3.368316024088791830e-03
-2.938582031515425408e-01
-6.000756503022753874e-01
2.002726436150651101e-01
1.000006519775488822e+00
-9.999697751660535650e-01
-8.050964868000450858e-01
1.000040042901969572e+00
3.900479357193689656e-01
-6.000951782942381962e-01
1.000100129673846816e-01
-6.971073877435261801e-02
-2.460827535176900449e-01
-8.061031962341858037e-01
1.901111824529576610e-01
1.000090528033266563e-01
1.000011703417715170e+00
1.839168041673267529e-01
2.093912764671851667e-01
-3.324676957215144668e-01
-9.999440322071357912e-01
-3.690451237221990810e-02
4.054148172082010504e-01
-8.061083816600642660e-01
2.123733743775776950e-01
1.000060174821039372e+00
-8.117488467243336725e-01
-5.997620038389823716e-01
-1.000125052122327052e+00
1.044455773066679805e-02
-3.265475675008090994e-01
-5.999431923585787363e-01
-1.754820587988993943e-02
2.055447576931790921e-01
-9.998818191143805656e-01
1.000018779249885803e+00
-8.190791119511651175e-01
3.815962647251807671e-01
-3.052985041790557963e-01
9.999166300777995176e-01
-1.000028732879411741e+00
-3.233588797008393051e-02
1.945318517058768348e-01
9.994691583496446985e-02
-7.917252561600900407e-01
-3.020251617239157471e-01
4.076505744653335234e-02
-2.910140282459242056e-01
2.014543502936331221e-01
-4.574333379730087523e-02
-6.000005564423085413e-01
-5.999690091955568461e-01
4.061587146571559170e-01
1.000019474876527648e+00
9.993339126297577646e-02
-3.454732874878627680e-01
2.021238032689263164e-01
9.981693557189480481e-02
1.002401223174425315e-01
-7.943469312976888519e-01
-6.000787655555300804e-01
-5.998946635006794370e-01
1.000014320654032396e+00
-5.999685401218360914e-01
-5.999364038715810921e-01
9.998998932798648376e-01
1.876892308554088673e-01
-8.050013930573315379e-01
4.018375812441300488e-01
-4.503292126969416637e-02
1.999633838859351531e-01
-7.865495019520005737e-01
-9.999887953413743036e-01
-8.089339536956966503e-01
-1.000030617858216120e+00
9.999798561828263654e-01
9.999439382495832751e-01
-7.948693719935970847e-01
-3.173479904410763108e-01
-6.355773170559262351e-03
-7.959176026016757666e-01
1.000061148751084206e+00
-6.000076475011327792e-01
1.000931826700749011e-01
-9.999568725022459637e-01
4.018600656600171961e-01
1.804545374096944987e-01
1.000089126237695636e+00
-6.000049291109378347e-01
-6.000661072654485118e-01
-3.062921704808351242e-01
1.000091762502486326e+00
9.991117242983271751e-02
9.999229852964417464e-01
1.000040360050071131e+00
-1.000108588445422386e+00
4.075856441581017231e-01
1.001450409632011623e-01
3.919512423505200904e-01
9.996376235052482906e-02
2.404143609444843108e-02
7.473913059402913228e-02
2.049019072451644108e-01
3.847592439975145995e-01
-7.830717631464472195e-01
-6.000483274963198665e-01
4.133348180661088889e-01
9.999813790004924430e-01
-5.515409646731134208e-02
-8.021567695508627915e-01
3.987077512363190746e-01
-3.160934351617263049e-02
2.101859587606411950e-01
-9.999404554600871409e-01
-3.152980733534590518e-01
3.935364994728035581e-01
1.952282560299760383e-01
3.656017298111523955e-02
9.999207943929104836e-01
9.999949396334625318e-01
9.998255806183010685e-01
9.987589967608753727e-02
5.695075844303524454e-02
-1.000037265565771216e+00
-3.019670293997307464e-01
-3.077476749101945575e-01
1.000111077427805695e+00
-7.846431955685587711e-01
-7.983759153112562901e-01
-6.000003206225426045e-01
-1.969267891697261963e-01
-9.999630545811575288e-01
2.122688565607781519e-01
9.998105222659586788e-02
-6.002214740100065837e-01
-3.097323868594865914e-02
9.999700159656066401e-01
1.879017705340627620e-01
1.897591624334084570e-01
3.939802194034614652e-02
-2.898296474476532714e-01
-2.294806051703816852e-01
-2.844956322836213469e-01
4.207546937549292987e-01
-2.967959164393960680e-01
9.998083622120781389e-01
1.000066223473559557e+00
1.614225912341662669e-02
2.032165144833405768e-01
2.111199702205985296e-01
3.304720392725673389e-02
-3.706945235001244399e-01
-6.000272935019087539e-01
-9.999784114459903117e-01
1.917033023541826475e-01
-8.652145074331762942e-02
