-6.000466049185178008e-01
-6.001558669456328321e-01
1.000020662591549980e+00
-2.033174794161819732e-02
-1.000121644853986913e+00
-7.952295530434374538e-01
-5.999647778612298143e-01
3.202277275180820393e-02
-7.901099053099257530e-01
-3.083264315384064980e-01
1.000787009043931225e-01
-1.000001759671365287e+00
1.880761241644312298e-01
-6.622571912779584569e-02
2.015591099764793004e-01
3.909147979510519400e-01
9.958699496561904119e-03
-1.000049374215176368e+00
1.997492029085717602e-01
-1.797141246421751423e-02
3.951395780316219186e-01
3.945010801373204368e-01
-2.143387295225179234e-01
-7.819160457354882299e-01
-1.000054741378985090e+00
4.203851077280589821e-01
-3.527484382877182911e-01
-6.000478841675175312e-01
-2.343665302118706495e-01
1.000890733517307146e-01
-1.000005048709526667e+00
-7.952996702627688208e-01
-7.870049769903800785e-01
-1.000105747360358732e+00
-1.859425409046250657e-02
1.000085734854661901e+00
-9.999906551608550576e-01
1.000004334841618103e+00
4.049623027454363755e-01
-6.001168665528272550e-01
9.998830768906915578e-01
-7.879845120146241610e-01
-2.404387331376961756e-01
1.000717715353659498e-01
-3.176217022257910583e-01
4.043641130198499245e-01
1.001326567120075228e-01
1.000136912972469233e-01
1.000431489784758959e-01
1.771990631609796640e-01
-9.997886618227687094e-01
-7.895532077836391327e-01
3.872018710016196241e-01
4.057765774939075532e-01
-3.021409483494344461e-01
-9.999603258816763818e-01
-8.115294204386805932e-01
4.047496144659534223e-01
9.405721710189590690e-02
-9.999857933397855447e-01
-9.009078371537340701e-02
4.042723870656063645e-01
-1.000110714398655398e+00
-2.776708503851550991e-01
-9.999502117706688953e-01
1.000199986438987526e-01
-9.997816193213872049e-01
-8.606137710702198296e-02
-7.888848713000112811e-01
4.091048624926274524e-01
-6.001884866649430661e-01
-3.443108890636745745e-01
1.001127420837718551e-01
-7.193936956744564903e-02
1.976995687259373857e-01
1.000875353850757682e-01
2.077397546715205601e-01
1.000013825599754158e+00
1.979645765173777480e-02
-8.032477966542146408e-01
4.167142455140388502e-01
3.948191437626628608e-01
1.994323998286272603e-01
1.899817643700069392e-01
1.000090844306021909e+00
3.968483946717757394e-01
-1.000041941609094653e+00
-6.001868933332490386e-01
-1.000022349042961167e+00
5.651154172443376839e-02
-9.998919994965761449e-01
1.000901511862627019e-01
9.986231163396719346e-02
-5.998963935533296876e-01
1.916093699603993450e-02
-7.953141093150224439e-01
-7.972565432978336863e-01
-3.062210906152516565e-01
4.153751676199678444e-01
-3.140205814292987285e-01
4.134809621794101053e-01
-7.814863247660726042e-01
-3.299149237030633008e-01
1.002956256977242250e-01
1.001038430305682542e-01
9.999525137181081158e-01
-1.296319714918101745e-02
3.827780300873091512e-01
1.001399992141198819e-01
-3.078446998013707470e-01
2.018438533820501035e-01
-3.498205740751800796e-01
-5.999830905401061232e-01
1.000082505437903668e+00
3.948795759187023746e-01
2.067713321995051090e-01
9.994989550787443389e-02
1.000170858124591611e+00
-9.999815320543929964e-01
3.897284015278841829e-01
1.000053070346890616e+00
3.924270146754088029e-01
1.000957729079865882e-01
3.959808015528945013e-01
-6.001086300539246743e-01
4.069029964874452121e-01
-3.192838615308586370e-01
4.101797091449974619e-01
1.000010895264828337e+00
1.000137948472939131e+00
1.001420749213147443e-01
1.902443650087080884e-01
4.058929826644575578e-01
-7.931671334808287899e-01
9.998008034229277641e-02
1.000046519481013974e+00
1.000193844190533810e+00
-9.999634696528756361e-01
-5.999435112561423145e-01
3.975623098753347517e-01
5.950290210115866119e-02
4.080778937643008142e-01
9.992144591372260909e-02
3.956166432012825362e-01
-2.606161877528440779e-02
-2.661259393836936660e-01
-5.998348102994924824e-01
2.082883593657427479e-01
1.000086262464069620e+00
-9.998768590770292786e-01
-7.969202660863647925e-01
1.000024802446094485e+00
4.037692703206758327e-01
-6.000502923124776400e-01
9.989166051344958164e-02
4.589008824287457711e-02
-2.070932157193544065e-01
-8.048001080157144438e-01
2.317719723070117421e-01
9.994023755701743339e-02
9.999700377051407019e-01
1.906807108133483086e-01
1.888937924240323973e-01
-2.231996857165295389e-01
-9.998423859969737260e-01
-6.892267959406808697e-02
3.996280724327875289e-01
-8.007916276441859882e-01
1.907932866282061601e-01
9.999930194041753984e-01
-8.088227180352968171e-01
-5.999165650408201378e-01
-9.999780492369014784e-01
2.823603878655904162e-03
-3.215117102492271450e-01
-5.999754943395433360e-01
3.593153784659372518e-02
1.982270031356521134e-01
-1.000235809255040076e+00
9.999670263476446719e-01
-8.077391236241164840e-01
4.019098462334840249e-01
-2.836408466105758142e-01
1.000115122707646798e+00
-9.999225449693203149e-01
3.531971952925927472e-03
2.000977033660686633e-01
9.989880274576412589e-02
-8.057685349357291971e-01
-2.967545006089680193e-01
5.624057299703247997e-02
-3.114303210457728954e-01
1.849282494429322909e-01
-3.529816847836001609e-02
-5.999798215867003792e-01
-5.999879499032354513e-01
4.092932198225865958e-01
9.998047048288384309e-01
1.000979679779610276e-01
-4.072044257029783232e-01
2.229965167504838197e-01
1.001160504833125270e-01
1.000351541485358237e-01
-7.976877716846788591e-01
-5.999700057440043865e-01
-5.999456430519946037e-01
1.000010018240390153e+00
-5.998940921493457479e-01
-6.000620243669380072e-01
9.999951904492605514e-01
1.844145335123193175e-01
-7.931340394608608069e-01
3.808533852335606040e-01
-4.248617668339073859e-03
2.157035201692333870e-01
-8.042623902062159269e-01
-9.998507351989406322e-01
-8.036662839218358112e-01
-1.000237540966883776e+00
9.998681704309386742e-01
1.000017567165421450e+00
-7.944353609333302257e-01
-3.134853260206014736e-01
1.024491221589044453e-02
-7.830882852566671826e-01
9.999324971706173848e-01
-5.999106406847944939e-01
9.995390021950209536e-02
-9.999826109069762659e-01
3.958970171647639424e-01
2.209648862260405189e-01
9.999554063473529153e-01
-6.001158735995884008e-01
-5.999120496707246453e-01
-2.376080694050189124e-01
1.000066710965322292e+00
1.001302529647242617e-01
9.999855546258712424e-01
9.999954263124800624e-01
-9.999520162396869916e-01
3.982223886191704754e-01
9.992498649826178636e-02
3.962130494000844494e-01
9.989775402502690249e-02
1.587679861494909958e-02
-3.551953884730908034e-02
2.170012765648619557e-01
4.089204946070336688e-01
-8.018464465066436064e-01
-6.000034553816127048e-01
4.060610264794075053e-01
9.999839810659317818e-01
-2.794717265418522611e-02
-8.109812032742919063e-01
4.007679994971319881e-01
1.737096568304250053e-03
2.083776701674425469e-01
-1.000104356763408919e+00
-3.415809569896320896e-01
3.904299930463152046e-01
1.981045051896944686e-01
-4.122521030508553147e-02
9.998916621262751159e-01
9.999871497690755451e-01
9.999075056800582617e-01
1.000295416977017016e-01
-2.696854466927247826e-02
-1.000005725341196028e+00
-3.257326932847610101e-01
-3.982152554377312859e-01
9.999682385070913782e-01
-8.004350004817867292e-01
-8.067302778087893644e-01
-5.999741276295863512e-01
-2.667663459034859685e-01
-1.000004505635685659e+00
2.032560853378626298e-01
1.000304122198774348e-01
-6.001781060602874307e-01
2.214504842077501257e-02
1.000109979886307121e+00
2.144918023123845163e-01
1.913915294506756959e-01
-5.059018870903242947e-03
-2.988792291591762518e-01
-2.330020770712600275e-01
-3.379379390949295847e-01
3.946117835657994566e-01
-2.841546538294923985e-01
1.000102544974988295e+00
1.000184854055852890e+00
2.549936123360382542e-02
1.934804138269380080e-01
1.893671260332276118e-01
1.956409421955640493e-02
-3.406044156055713090e-01
-5.998209673319299107e-01
-1.000015032378532842e+00
1.953163818982969202e-01
-1.397665859133190858e-01
