-6.000328945848810713e-01
-5.999460666343090498e-01
1.000026018194708488e+00
3.641839751215913967e-02
-1.000020584982282079e+00
-8.131774990576007278e-01
-6.000114499262243495e-01
2.610881712508302324e-02
-7.948864016075464223e-01
-4.280432212032055928e-01
1.002026434095359131e-01
-1.000119511307784315e+00
2.037542415009093721e-01
5.906511708090736792e-03
1.895326224093490941e-01
4.014155303761324789e-01
6.803300377545281469e-03
-9.999788998878158530e-01
1.895711889302789666e-01
-1.790172484215826060e-02
3.909647317750685191e-01
3.990025171153222527e-01
-3.357653259662176093e-01
-7.948424167595251610e-01
-9.998785141306670843e-01
4.123264515263604935e-01
-3.424602931369553072e-01
-5.999419631335132230e-01
-2.624071222374612100e-01
9.998832860734836736e-02
-9.998239750082199562e-01
-8.051328198680234305e-01
-8.009585121797915264e-01
-1.000198687530494457e+00
-2.536336578572440104e-02
1.000020138352439414e+00
-1.000125413991467704e+00
9.997592091025699901e-01
4.010434706342964617e-01
-5.999313468801559246e-01
1.000052514051875674e+00
-8.209990291402543550e-01
-2.549770129199116497e-01
1.000840221144324443e-01
-3.112545038304774248e-01
3.819013418206334554e-01
9.980442230500474743e-02
9.996074287623812893e-02
9.986392634809564128e-02
2.025371997579248629e-01
-9.999446589875482516e-01
-7.999297442684364379e-01
4.051021975421758570e-01
3.968772413587524639e-01
-3.258072634809918156e-01
-1.000070151456677880e+00
-7.974794333588305362e-01
3.872980589415176422e-01
1.091398966349986293e-03
-9.999950048915264844e-01
-5.730146123979299594e-02
4.058661615304983705e-01
-9.999533789485657298e-01
-3.233094899867343663e-01
-9.999596932366043855e-01
9.995478911863227289e-02
-1.000141220736606718e+00
1.107152257389699135e-01
-8.216837153776541669e-01
3.910631140427149322e-01
-6.001052722161041020e-01
-3.369581692106859983e-01
9.991796387830624571e-02
2.210191399117431655e-06
2.093339379371800812e-01
1.000560484410988327e-01
2.117705950823852157e-01
1.000116637670178665e+00
1.704522975937887083e-02
-8.031029547357079190e-01
4.151655854263043288e-01
3.819462597916647995e-01
1.969086184987351162e-01
2.069044728395460220e-01
1.000031753900926246e+00
4.009911906904284340e-01
-1.000027634913360552e+00
-6.001134312319291730e-01
-1.000217382142075895e+00
-8.321469056679829668e-02
-1.000077974582506135e+00
1.000968365507561575e-01
9.985148297164235520e-02
-5.998825733136565752e-01
-1.517417635217596129e-02
-7.920014126444084868e-01
-7.834144793062010059e-01
-3.822846004758759797e-01
4.049285320331892923e-01
-2.016206386403487927e-01
3.988188558680880735e-01
-8.128358687415780937e-01
-3.451479092703049201e-01
1.000074164639124658e-01
9.989058334411154982e-02
1.000089204599243775e+00
7.536392839377215047e-02
4.037391454360370613e-01
1.000267211069323647e-01
-1.974272154946493663e-01
2.032767965405544719e-01
-2.819339439315532436e-01
-6.001056113124922931e-01
1.000116817751628862e+00
4.006072192712922253e-01
2.064850308355357100e-01
9.991348851965624334e-02
9.999060074741669135e-01
-9.999495127726771848e-01
4.093442849996402066e-01
9.999762669087931544e-01
3.979510645300005645e-01
1.000363936456940966e-01
4.037862408704753769e-01
-6.001116901963018391e-01
3.965479786067390156e-01
-2.613315031290072143e-01
4.029132671044154401e-01
9.998157932202913489e-01
1.000136623002773062e+00
9.997886712248264807e-02
1.892200002256740898e-01
3.943629246391978649e-01
-7.912996494392084967e-01
9.994349941877318788e-02
9.998677340380898171e-01
1.000065467634750016e+00
-9.997282391196903317e-01
-6.000997011594169095e-01
3.974939630829356640e-01
-6.071796353774210758e-02
3.924065916846555813e-01
9.993605563403905323e-02
4.036176552165939846e-01
-3.341050269760511421e-02
-3.164416106624726166e-01
-6.000646261218043342e-01
1.955686332654853476e-01
9.998994834583316837e-01
-9.999222852393988559e-01
-8.164441332512261118e-01
9.999092289915051390e-01
3.962998778489404406e-01
-5.998631797456911441e-01
9.999959247575436472e-02
1.088955334243216222e-02
-3.798330057628367395e-01
-8.019647203682706005e-01
1.897720766133504378e-01
9.995404027782769929e-02
1.000019371254600387e+00
1.961838686041367796e-01
2.038497349338913300e-01
-3.031033000331260219e-01
-9.999110740356536020e-01
-2.856620482880504325e-02
3.777700299401844375e-01
-7.863417391366678277e-01
1.998883320302309585e-01
1.000049378793579580e+00
-7.973502184284708694e-01
-6.001356359652627592e-01
-9.999682554298015003e-01
-1.290147881228697058e-01
-4.208267383075656176e-01
-5.999270659287446739e-01
-4.918244612802111226e-02
1.922283004378545213e-01
-9.999380875306129735e-01
9.999091293538654446e-01
-7.924198733534539851e-01
3.850816685736904166e-01
-3.523246712816957560e-01
1.000082609134041345e+00
-9.998509901865691996e-01
4.530538051834986230e-02
2.066223090010020635e-01
1.000749736917295046e-01
-8.147085941709378831e-01
-3.595060952977719992e-01
1.492533810796504989e-02
-3.322582546775311174e-01
1.870611387044767149e-01
-2.220990118051066609e-02
-5.999781414166041049e-01
-5.998853140740328937e-01
4.047965756309309104e-01
1.000285780595266072e+00
1.000191224073786883e-01
-3.137414695476341553e-01
1.972937551263121980e-01
9.999549459211111435e-02
1.000689386001854947e-01
-8.137575272000691085e-01
-5.999855758327375943e-01
-6.000607569533044083e-01
9.998598896291301941e-01
-5.999389828837717875e-01
-6.000992998967182857e-01
9.999750929411937994e-01
2.130712732975060530e-01
-7.974218048369837719e-01
4.043297319402612833e-01
-2.489077225277188873e-02
1.956481156799677601e-01
-7.976458506051723463e-01
-9.999021815246340594e-01
-7.984052502722237543e-01
-1.000091821013978866e+00
1.000056768916433692e+00
9.998970131141801110e-01
-8.037109867604806945e-01
-3.133582788786338780e-01
-2.066239735927984447e-02
-8.079171021443274370e-01
1.000026254235540479e+00
-5.999159164518195198e-01
1.000796517085728449e-01
-1.000059805528998425e+00
3.849302761118517102e-01
2.090374080186620798e-01
9.998232564148683554e-01
-6.000566045448415542e-01
-5.999461305797192390e-01
-2.784520898072740946e-01
1.000179105414054748e+00
9.990670754594227487e-02
9.999602075056504003e-01
1.000110602388993630e+00
-9.999335041640974309e-01
3.701845873252071484e-01
1.000614534930854282e-01
4.022940046204175335e-01
9.995850569437868260e-02
8.003890284007221870e-03
-7.908353140369471165e-03
2.077656275084166226e-01
3.845446154375721792e-01
-8.066823857399831876e-01
-6.000594003427064393e-01
3.996607276017932753e-01
1.000105926161391379e+00
2.033813613294869690e-02
-7.924547640624620692e-01
3.983971897173350096e-01
3.854005813447713980e-02
2.001555396414333998e-01
-9.999649811097224283e-01
-4.182854525668323609e-01
4.011980326778863404e-01
2.045237877672455573e-01
-9.674101911559623845e-03
9.999329482348374709e-01
9.999761457948219689e-01
9.998232019897171918e-01
1.000214764124373185e-01
-9.097678422719218672e-02
-1.000117194681505284e+00
-3.430721024834996191e-01
-2.976303620285528084e-01
1.000045984844752267e+00
-7.852118983717917278e-01
-7.894837533180779632e-01
-6.000031269017614965e-01
-3.082400247250853820e-01
-1.000094817085588117e+00
1.818777236000293784e-01
1.000626560710081714e-01
-5.999515373365894577e-01
2.397235839213855343e-02
9.999181128995419110e-01
1.916651125577746306e-01
1.805656809762327952e-01
-4.227856453955608496e-02
-3.207224510318424926e-01
-3.135808151364413709e-01
-2.241612698774255175e-01
4.027021635265597421e-01
-4.152255824632172243e-01
1.000029993969349329e+00
9.999985714636785428e-01
2.147084323876251311e-02
1.966722455919561185e-01
2.089114794557186128e-01
-2.549297657213426410e-02
-4.205192904857134595e-01
-5.998573608046529060e-01
-1.000100065194277965e+00
1.890068087375267325e-01
-2.628645764203783181e-02
