-6.000105621182086901e-01
-5.999538810914643028e-01
1.000068516927710149e+00
-4.623755757417619128e-02
-9.998837793763294401e-01
-7.993346365529789832e-01
-6.000298249929318928e-01
1.356126482039469831e-02
-8.084032989611658060e-01
-3.522102812940089422e-01
1.001063381269199914e-01
-1.000027096489202849e+00
1.971596850874337559e-01
-3.194665088636232386e-02
2.016353531439284419e-01
4.004132811037174333e-01
1.957615368518100460e-02
-1.000025385200560279e+00
1.938337571300411954e-01
-2.519238972907214547e-02
3.943611329878755623e-01
3.998499926707870245e-01
-3.238864587410814067e-01
-8.073377449738562417e-01
-1.000098623570170764e+00
4.046251168982855639e-01
-3.046883517665340269e-01
-6.001511936959595950e-01
-3.662900807498841171e-01
1.002387488798780896e-01
-9.997693861502917612e-01
-7.905998914919128984e-01
-7.924610570157666345e-01
-9.997982998322084702e-01
-3.978511276175211719e-02
1.000064246871932960e+00
-1.000082904470522616e+00
9.998843368009635579e-01
3.941038966355638329e-01
-5.998173655457644804e-01
9.999922779532600670e-01
-7.998114979261115032e-01
-3.353502806780522261e-01
9.984254122770372386e-02
-2.199772005902082550e-01
4.152785475681456395e-01
9.993786171232227344e-02
9.983920920072131278e-02
9.982043690524386448e-02
1.876508279548853297e-01
-9.999831209507968888e-01
-7.962059195658867106e-01
3.922381360367965253e-01
3.865943608917065677e-01
-2.434196904120478344e-01
-9.997936655824426477e-01
-8.022572842201609600e-01
4.109987073824323267e-01
9.580130659924589176e-02
-1.000055180505399655e+00
6.802000690230082525e-02
4.058621545634678029e-01
-1.000054171630230471e+00
-2.521440692783064597e-01
-1.000076364785936534e+00
1.000532807670224400e-01
-1.000151948472847385e+00
-7.035784930319580709e-03
-7.840054168507393229e-01
4.137696745577226221e-01
-6.000786375602664702e-01
-2.553087573225638063e-01
1.000182382840214407e-01
-4.709331437416592464e-02
2.113294415170538509e-01
9.987169771543735752e-02
1.995456785845832470e-01
1.000077200076801898e+00
3.158891286928493941e-02
-8.001742635575486151e-01
3.986775624606105350e-01
3.952059965640801753e-01
1.832015032237462593e-01
1.966788856159982779e-01
1.000019215737460332e+00
4.126377173446035829e-01
-9.999675510537805456e-01
-6.000151891182166075e-01
-9.999696279819197953e-01
2.819671761340504512e-02
-9.999317228404097646e-01
1.001205943559744238e-01
9.996579660173261772e-02
-6.000286197446309533e-01
1.801953018436470988e-02
-7.872151937332654281e-01
-7.843840420645834532e-01
-2.526227801031122322e-01
3.968768809870858449e-01
-2.801420144348770180e-01
3.872739434080869625e-01
-7.889943064560921426e-01
-2.506243841742148426e-01
9.987743239455801336e-02
1.000347697687169191e-01
9.999597739611819636e-01
5.401296885400605485e-02
4.094176854278454014e-01
1.000365926247006321e-01
-2.981593836846905266e-01
1.922565395673973276e-01
-2.943245992600727057e-01
-6.000237250190363358e-01
1.000042321431627856e+00
3.941741474129943357e-01
2.057164544180986043e-01
9.996858405598343933e-02
1.000083232416365542e+00
-9.998731840514228919e-01
3.978975837998616205e-01
1.000208653044651008e+00
4.113958914752317564e-01
9.982904726503559478e-02
4.153766114222114392e-01
-5.998776155495118001e-01
3.840329535683316697e-01
-2.928101484813391830e-01
4.126393466200112825e-01
9.997887091134063375e-01
1.000041186222435652e+00
9.989287877789006231e-02
1.952141320208960196e-01
3.902776146176311634e-01
-7.997375085291906771e-01
1.000519955856912779e-01
9.998616246292877374e-01
1.000021179429354312e+00
-9.999642511369221110e-01
-6.000311388035798332e-01
4.059236323164702176e-01
6.561990864185331118e-03
4.079705009293946860e-01
9.994391077343688090e-02
4.023005108632502491e-01
4.709674964876457010e-03
-2.511468791713509785e-01
-5.998883902905959298e-01
1.986243258310843030e-01
1.000048615427980181e+00
-1.000194076460796833e+00
-7.922007126220452777e-01
9.998524586212559351e-01
4.160807589561610897e-01
-5.999110420562172585e-01
9.995245232343975827e-02
7.118299851797538561e-03
-3.422102786031716581e-01
-8.084297343882477227e-01
1.915638261430535061e-01
9.996110606409142063e-02
9.999656480636515132e-01
2.162089478807112386e-01
1.972845732547897912e-01
-3.262025923504312530e-01
-1.000032855132407805e+00
3.768524325725623215e-03
4.189124747223614831e-01
-7.927340573557076775e-01
2.131766405343653303e-01
1.000035444670206664e+00
-7.924096815805843352e-01
-5.999427157070775785e-01
-9.998682019996902870e-01
-6.181665615557078303e-02
-2.823650512315510896e-01
-5.999869268577819881e-01
4.839816861538998038e-02
2.043210098278322173e-01
-1.000011670338249115e+00
1.000049589756437873e+00
-7.885571021892706645e-01
3.889574850237293990e-01
-2.541983206541901796e-01
1.000054011726016823e+00
-1.000039714730957208e+00
-3.133943946448747991e-02
2.129016886615795467e-01
1.000763860118152881e-01
-7.898660399565250456e-01
-2.771036128429433809e-01
-1.116789828821642891e-02
-2.923289167201990613e-01
1.980600621798241090e-01
3.370685823729881875e-02
-5.998261766605700318e-01
-6.001314404513610201e-01
4.032421370275726114e-01
1.000055147739273398e+00
9.982667345017598448e-02
-3.018959416703803078e-01
1.936443729026052496e-01
9.994474561581674632e-02
9.991739069460871259e-02
-8.006507900916202125e-01
-6.000364679798115830e-01
-5.998797988206030496e-01
1.000055403424249922e+00
-6.000812525485090809e-01
-5.999818068840886420e-01
9.999471059583311394e-01
1.969378870931135228e-01
-7.931240241459194262e-01
3.949942299491586151e-01
-3.937847594174975763e-02
1.996792245936819810e-01
-7.851713772510775513e-01
-9.999916997963295140e-01
-7.731149416947399322e-01
-1.000120864005689114e+00
9.999361465870476584e-01
9.998862084739136291e-01
-7.946575106145979950e-01
-2.542158367001693398e-01
5.306495865945003686e-03
-8.095653842185668303e-01
9.999290760602252970e-01
-6.000455160170429236e-01
1.000520135786966275e-01
-9.998189153142642560e-01
4.055696279253738212e-01
1.994955834072195400e-01
1.000021932896365762e+00
-6.001273215344687939e-01
-5.999552140005666168e-01
-3.456555476870826205e-01
1.000002403030122000e+00
9.993507688364185182e-02
9.999260828717562166e-01
1.000064050570764085e+00
-1.000125326392679925e+00
3.977750592070447566e-01
9.992185676396128646e-02
4.048050420825539675e-01
9.997971868853385013e-02
-3.828061231147603105e-02
-7.501984615280767044e-02
2.000705701552728533e-01
3.980981868822484615e-01
-8.138621649452739693e-01
-6.001739716228735588e-01
4.095757128991570073e-01
9.999491365760154737e-01
-2.303549546535474737e-02
-7.886108771638240533e-01
4.085162587526705580e-01
-5.551299650622241316e-02
1.849741920292719000e-01
-1.000069935745727001e+00
-2.971628091630958979e-01
3.979338653080937149e-01
1.763394929749753370e-01
3.228180692938460716e-03
9.999088766590485955e-01
9.999409595087292990e-01
1.000016489923064356e+00
1.002066970860214234e-01
4.902748134100282096e-02
-9.999582955984523958e-01
-1.484287621409629554e-01
-4.226521763438269019e-01
9.999168366544638475e-01
-8.027112830975116076e-01
-8.106078185608812658e-01
-5.997929189187906074e-01
-3.082628341077650047e-01
-9.999257576627910149e-01
2.036419798331763620e-01
9.992726574423647923e-02
-6.001721717563419656e-01
-3.049990295052568828e-02
9.999099754993658884e-01
2.001576098790078806e-01
2.057098835943370063e-01
-6.849195262344273671e-02
-3.507908394340092939e-01
-3.368558936533161408e-01
-2.947239350442949490e-01
3.833393998141708114e-01
-2.377107156210958583e-01
9.999890899396987054e-01
1.000101874837969085e+00
-6.673207131768520151e-02
1.779304468384081128e-01
1.814728766012533301e-01
-8.569318829049554775e-02
-3.052564388603286605e-01
-5.999954814847160423e-01
-1.000061655043767539e+00
2.031390368909459232e-01
1.140859949034942061e-01
