-6.000024308161909792e-01
-6.002106738447045009e-01
1.000057831889354931e+00
7.268489963101092133e-02
-1.000023944831566425e+00
-8.045875788571011933e-01
-6.001753752205507553e-01
1.269852635961154878e-02
-7.978507903664565637e-01
-2.799792962419024867e-01
9.991890160617238059e-02
-1.000089036751464322e+00
1.967936055320645972e-01
9.544575303318447723e-02
1.987672854511836618e-01
4.086758670681464034e-01
-2.191841179500417236e-02
-1.000117931226401025e+00
2.141855864228842665e-01
-2.477545587886079148e-02
3.802882155239103446e-01
4.143374292104586298e-01
-3.970846740747857595e-01
-8.058356054351636377e-01
-1.000181340927104978e+00
4.072797648701153017e-01
-3.192106295494343549e-01
-6.001281559866052939e-01
-3.023101235747286397e-01
9.990380478618245130e-02
-1.000096677934195544e+00
-7.938301814121270228e-01
-8.006255356901871290e-01
-9.999797536201019410e-01
4.455479623296398906e-02
9.999922932406278830e-01
-1.000018116213001518e+00
9.998470307183375816e-01
3.984390885441063679e-01
-5.999568109301230967e-01
9.999542038645035102e-01
-7.922802214423038114e-01
-3.244160906125874710e-01
9.981628229251202078e-02
-2.576344725803206281e-01
4.058783932792613403e-01
9.997562238914443900e-02
1.001363541749670516e-01
1.000593110398749486e-01
1.997011303729184506e-01
-9.999940151663228027e-01
-8.186442175166818158e-01
3.967893018581824527e-01
3.718778682322446127e-01
-2.852704130108601466e-01
-1.000057545127718717e+00
-8.006536486719213475e-01
4.037927946067098595e-01
-5.316938731083579311e-02
-1.000026942975965616e+00
-1.588630425042553487e-02
4.245064242693648571e-01
-1.000226731495894805e+00
-3.216850911054568996e-01
-1.000323959991920253e+00
1.001116408499457405e-01
-9.997671742771537806e-01
1.005110354634389386e-01
-8.033091337618640804e-01
3.935409673960159060e-01
-5.998571759269134551e-01
-3.390210487626710290e-01
1.000480414761712872e-01
-1.392895916588143823e-01
2.004377370833883010e-01
9.988793321341155051e-02
2.092550851082790597e-01
9.998692967009727983e-01
-4.367419322264861486e-02
-7.940294172043461662e-01
3.822227430365239265e-01
3.972842111419302435e-01
2.009031685441292903e-01
1.972155860098297464e-01
9.999258985981296366e-01
4.025216469347025483e-01
-1.000069296446577161e+00
-6.002602731086299492e-01
-9.999972349996080201e-01
2.977075330954420326e-02
-9.999472068904498023e-01
9.991904335353270217e-02
9.993508954733065774e-02
-5.999029751986924008e-01
2.559962388643043443e-02
-7.914698452964468167e-01
-8.100024686453796141e-01
-3.469375784643169425e-01
3.844011135942569379e-01
-3.190371333740661397e-01
4.070661220914545408e-01
-7.988702726300431767e-01
-2.321614040586320316e-01
9.995538679869848953e-02
1.001216811236525367e-01
1.000038517316467424e+00
1.439684265582152727e-02
3.922778723834789982e-01
1.001302091894796797e-01
-2.638046135777674106e-01
1.953322545109867081e-01
-2.751490921232561671e-01
-5.998414714453993435e-01
9.998412912123889607e-01
3.866638647640111559e-01
2.154988879502942600e-01
1.000552945206846650e-01
1.000113895299424183e+00
-9.997471373128965499e-01
3.936565046973838355e-01
1.000166256898179062e+00
3.877010839996681280e-01
9.995374286123673291e-02
3.925298028457622213e-01
-6.001033303102485394e-01
3.819239679963596923e-01
-3.044480511921410226e-01
4.021545548932616843e-01
1.000001521512260405e+00
1.000203248424067715e+00
9.986026956380555930e-02
1.921965195181336850e-01
3.894370813595761649e-01
-8.031567587939656416e-01
9.996473604130301505e-02
9.998948651563192014e-01
9.998915106658462504e-01
-9.999341068959665124e-01
-6.001842767936530487e-01
4.079809486313489830e-01
4.490087789805315838e-02
4.025162605876116961e-01
1.000492495531732223e-01
4.095403515805601247e-01
7.560238513027653720e-03
-2.068871102989702226e-01
-6.000564202901195188e-01
1.971683299954516411e-01
1.000101564072538141e+00
-1.000044966646740807e+00
-7.846365345348458309e-01
1.000006029146494946e+00
4.106851451491309590e-01
-6.000535621073399550e-01
1.001542018656987193e-01
-1.820342102358920092e-02
-3.191604111384398479e-01
-7.923309909754726599e-01
2.115249733732413318e-01
1.002888853861049895e-01
1.000003689189725709e+00
2.117646720880533295e-01
2.106787764304630384e-01
-2.150264743672480883e-01
-1.000092584891266512e+00
7.008984271011542422e-02
3.895171982488127016e-01
-7.874477248867248758e-01
1.981960527078405476e-01
1.000154826048417878e+00
-7.904277293460250098e-01
-5.999518809216785042e-01
-1.000005375013453213e+00
-2.762545808633118730e-03
-2.681565931096759337e-01
-6.000066464370231722e-01
4.341983788436157288e-02
1.964817269858341875e-01
-9.999263869269008342e-01
9.999821980987153580e-01
-8.083381945954891679e-01
4.053031366205939734e-01
-2.011277339980761525e-01
1.000034511500880408e+00
-9.999694274969026520e-01
3.052982955971271506e-02
1.859162503121439824e-01
9.990598393093072516e-02
-8.117873909939994359e-01
-3.275501104561452936e-01
-9.385911460401746842e-02
-2.295424622001870918e-01
1.854659031906629729e-01
-4.558414302260582057e-02
-5.999392197095397838e-01
-6.002124871440774889e-01
3.779361202574433864e-01
9.999333441709893355e-01
9.983209457532218889e-02
-2.876068689495107078e-01
2.015326123981969753e-01
1.000899442770688125e-01
1.001719312604769652e-01
-7.812017606299062056e-01
-5.998406375300814330e-01
-5.998577507815947563e-01
1.000071134826120867e+00
-5.999485546389180524e-01
-5.999979605218240808e-01
9.999167869470004799e-01
1.913763446607737173e-01
-8.135388023305499816e-01
4.146726598943672459e-01
-5.438947053292739892e-02
1.967517583958245941e-01
-7.950805164591789875e-01
-1.000023935563176147e+00
-7.913793993385705994e-01
-1.000018862071302861e+00
9.999848870474435936e-01
1.000054999832383107e+00
-8.080988002551087179e-01
-3.049341064294335824e-01
-3.241377123859635889e-02
-7.833402941396057084e-01
9.999598167277627958e-01
-5.999257892878019360e-01
1.000865451557021724e-01
-9.999856130957769373e-01
4.107203247137466984e-01
1.849423402232976688e-01
9.999525441650133351e-01
-5.999182147429390488e-01
-6.000434781820095376e-01
-2.871047136778684949e-01
1.000038666384471364e+00
1.000740629644625984e-01
1.000123613407639889e+00
1.000296511204235683e+00
-9.998952298637562297e-01
3.997625507145518564e-01
1.001305285442252169e-01
4.230335943055107961e-01
9.997203839311563645e-02
-1.384112676100467121e-01
5.312288730872797432e-02
1.888797201630098843e-01
3.958844993954870328e-01
-7.977597344614156816e-01
-5.999091498273030343e-01
3.914118839724841648e-01
1.000006115503770054e+00
-4.458291214548077558e-02
-8.069161045517635467e-01
4.044361908265333150e-01
-9.570042813443473129e-03
2.069693145745353235e-01
-9.999762273860722805e-01
-2.970556908564744858e-01
4.136925506548984055e-01
1.938206860430607137e-01
5.948444418290682600e-02
9.998030058541214071e-01
9.998327327899760864e-01
9.998348375755131690e-01
1.000541951091988430e-01
5.028176127264426948e-02
-1.000068931554074947e+00
-3.627299675806422430e-01
-3.155941748190826401e-01
1.000057341053830040e+00
-8.011196289242984436e-01
-7.975012715907319194e-01
-5.999304783674426211e-01
-3.886258511999318710e-01
-1.000034063032528175e+00
2.181388815387665103e-01
1.000736894227115398e-01
-5.999214254539473323e-01
-4.672788052525956443e-02
9.999967032482313112e-01
1.883871753725517295e-01
2.150494041956136360e-01
8.847729321277991721e-02
-3.872033834104732786e-01
-3.238541518639984074e-01
-2.631879687988773475e-01
4.113313808749073375e-01
-3.069510173742353021e-01
9.998893403009805336e-01
9.999805488859050406e-01
-2.445136643092043344e-02
2.202541351958770266e-01
2.013724809997382292e-01
-8.037081693559190720e-02
-2.387828987439119810e-01
-6.000370563837165161e-01
-1.000063383615999335e+00
1.923764693788218572e-01
7.649833238759566612e-02
