-5.999420334966789614e-01
-6.001357401820386350e-01
9.999189253469444871e-01
6.382686540525682461e-02
-9.999188783821162385e-01
-8.171992884003842494e-01
-5.998349929217521304e-01
-2.024705411254330845e-02
-7.873726938965444067e-01
-3.498705013692408605e-01
9.997598727882919811e-02
-9.999805959659087140e-01
1.941189861364794600e-01
-5.818657924490140687e-02
2.023009832056470725e-01
4.020636118496644373e-01
-7.712553337718008883e-02
-1.000226129804812736e+00
2.101714025989381562e-01
3.438184049603493220e-02
3.843841439718326258e-01
3.977362236321923539e-01
-2.941864121703152146e-01
-7.950660938333172778e-01
-1.000031654913823731e+00
4.073403104220128523e-01
-3.650349312377367816e-01
-6.000203769992020764e-01
-2.521660946088032373e-01
1.001640272808194676e-01
-1.000084764132822768e+00
-7.919692349245991414e-01
-8.024939642433122078e-01
-9.999220100627841390e-01
3.226132987095787358e-02
1.000096413278011465e+00
-1.000018274257226336e+00
9.999629097503540676e-01
4.123906929552481615e-01
-5.997800666815569226e-01
9.998808091214063110e-01
-7.849029981934833033e-01
-3.753180084387033877e-01
1.000860896993853028e-01
-2.114050081422500504e-01
3.953281104076827313e-01
1.002159416386423363e-01
1.001719697904071976e-01
9.984298470863881003e-02
2.057060498389848835e-01
-1.000058282269938870e+00
-8.025590139456604266e-01
3.873890277729815645e-01
3.812228284348799789e-01
-3.199637869494358355e-01
-1.000149500886436726e+00
-7.834157395055290074e-01
3.992018164648581391e-01
-6.484230172450683623e-03
-9.999707974995256654e-01
-5.905976867529345864e-02
4.021716502983054276e-01
-1.000074818825763101e+00
-3.388087503272921297e-01
-1.000084625498344204e+00
1.001034779459406415e-01
-9.996681823131193800e-01
3.089184610743261894e-02
-8.075147320266871098e-01
3.904532441403207876e-01
-6.001103757990730037e-01
-3.119558176133014893e-01
1.001732342468164422e-01
-9.845689674080986692e-03
2.011436773324969396e-01
9.993537031290558592e-02
1.757934116901751498e-01
1.000134874710191468e+00
-2.447289917365212328e-02
-7.995475494320591903e-01
3.872627753440492371e-01
3.951257214782489813e-01
2.054788271552227263e-01
1.784547330427304346e-01
9.998530483999853447e-01
4.023826550185513051e-01
-1.000009200490377115e+00
-6.000329130490958951e-01
-9.998861323011775104e-01
5.338649954696439437e-02
-9.998035147353261376e-01
1.001754102814072095e-01
1.000325102454161230e-01
-6.000404957846503518e-01
-4.602807189003581961e-02
-7.793087608320073967e-01
-8.100102718961520454e-01
-2.665160602394180955e-01
3.895348030053094601e-01
-2.627340244939703195e-01
3.925024408060753811e-01
-7.865433720909346116e-01
-2.208914026079732418e-01
1.001242674141865768e-01
9.976823260341405319e-02
9.998818911410363164e-01
2.192146806340435072e-02
3.997191819562752602e-01
1.000618095815503095e-01
-2.970856581715122235e-01
1.949215007045919934e-01
-2.686845412431966285e-01
-5.999147984166930403e-01
9.999658325862635921e-01
3.914798675855289956e-01
2.069148855758816408e-01
9.987223523963301153e-02
9.999083766652611116e-01
-9.998123685717883458e-01
3.952629925115926368e-01
9.999714836795784434e-01
4.104559090818936107e-01
1.000766195437282624e-01
4.138032449768639376e-01
-6.000542207409766959e-01
4.173915750193015750e-01
-3.278396498973106254e-01
3.939941574075725428e-01
9.999044274594167669e-01
1.000103532665891803e+00
1.000246961607029472e-01
1.949523911122096886e-01
3.855154173041553944e-01
-8.083653078687929039e-01
1.000744945368019639e-01
9.998690830450644995e-01
9.997758999406182179e-01
-9.998043836711624222e-01
-6.000094792181662751e-01
3.918467419995254608e-01
9.137143488949664438e-02
4.126878687467336326e-01
1.000551179010824299e-01
3.970656082238431250e-01
8.693263241545917674e-02
-3.098176125935196978e-01
-6.001499867189558080e-01
2.068646165381860524e-01
9.999969778001325249e-01
-9.997947972517660098e-01
-8.048224929447471698e-01
1.000044937686076718e+00
3.899414988526532788e-01
-5.999497698459896888e-01
1.001322997709349072e-01
4.117185921085967509e-02
-1.802362486328226709e-01
-8.032586190133743642e-01
1.994854872800995993e-01
9.994044787531995711e-02
9.999925151261985778e-01
1.984097876749410239e-01
1.824777733843534200e-01
-2.428934166069757483e-01
-9.999774655473916418e-01
-4.263742572950598997e-02
4.149581161886181646e-01
-7.998882092089369955e-01
1.839117259186365261e-01
9.999728998321091300e-01
-8.123176485900152066e-01
-5.999205504030965530e-01
-9.999932215680850112e-01
1.764583056787459234e-02
-2.585001825806435560e-01
-5.998799516899014916e-01
-2.044144803862619347e-02
1.830921614884972459e-01
-9.999462604471477389e-01
1.000102287439879500e+00
-8.020747249532370615e-01
4.017814786218353862e-01
-2.443139486009724970e-01
1.000208773784254213e+00
-9.997986340694575702e-01
8.526420482729869799e-02
1.903609440743744829e-01
1.000340453814063668e-01
-7.871236997401024338e-01
-3.183511478115847448e-01
1.612948329157458671e-01
-2.312081482758843176e-01
2.022829000242322151e-01
-2.334689997894634494e-02
-6.000356419435347588e-01
-6.001254968230015363e-01
4.086619643708267469e-01
1.000042386272334438e+00
9.994271926023171049e-02
-3.514750783818891833e-01
1.771880546273507384e-01
9.994625430617008754e-02
9.994382426211635695e-02
-7.709080657276129456e-01
-6.001450466126589944e-01
-5.999142484219117666e-01
9.998704205675075229e-01
-6.000202497204824015e-01
-6.002190631496426843e-01
9.997369863082133934e-01
1.884893940143181346e-01
-8.053203161464137505e-01
4.022783526483682537e-01
-5.117576347310889839e-02
2.041292251551045378e-01
-8.180109101861744447e-01
-9.999314352338031231e-01
-8.013686722745547719e-01
-1.000015257674141900e+00
1.000096264630343068e+00
1.000197563349649377e+00
-8.021605499827844099e-01
-2.907033671549010267e-01
2.802113193344377140e-02
-8.063288532385447516e-01
1.000091905586717900e+00
-5.999005659449404559e-01
1.001136248003788171e-01
-1.000017405942572157e+00
4.119424576216313416e-01
1.857808376312496956e-01
1.000046901756404427e+00
-6.000933049432752853e-01
-5.999325874554035654e-01
-2.837679786850481056e-01
9.998455331114186606e-01
9.998092234120063704e-02
1.000131473705945240e+00
1.000076527257426573e+00
-9.999543187515248510e-01
4.019186548702058381e-01
9.989389416887392570e-02
4.087450621570537512e-01
9.984180251082727664e-02
-6.541319818812386250e-03
1.430257782249570730e-01
2.107892456075021737e-01
4.060425001599018424e-01
-8.166777786129981731e-01
-6.000975721640174898e-01
3.975570124332038491e-01
9.998247913315932989e-01
-5.325031286618171940e-03
-8.001227250248437173e-01
4.048300089776986077e-01
1.695546587707820116e-02
2.119372372563359530e-01
-1.000192463260516584e+00
-2.643273226999616199e-01
3.933186135157934471e-01
2.085228525153452472e-01
8.267215010417520993e-02
9.999036780097281252e-01
1.000077547942065603e+00
1.000022815983832691e+00
9.989233910545236572e-02
1.932195353440151198e-02
-1.000135609158725014e+00
-2.016315818500292734e-01
-3.382601791637551703e-01
1.000033609658043332e+00
-8.069524990071982318e-01
-7.791302432644222620e-01
-5.999773134841756006e-01
-2.843607523292199790e-01
-9.998734484002603784e-01
1.970921893355364607e-01
1.000391863727191355e-01
-5.998964379414833958e-01
4.812140442503605280e-03
1.000049023544092863e+00
1.912049575423053482e-01
2.077296448396709905e-01
-7.202045966713642444e-02
-2.788768061570178758e-01
-2.523405614453262391e-01
-2.866966641409797178e-01
4.082488091568688415e-01
-2.732182201948966105e-01
1.000068754250029501e+00
1.000199124999158196e+00
-2.811236135092959765e-04
1.913469094859987230e-01
1.980296401179431065e-01
1.160651288421130078e-02
-2.905529719931174704e-01
-6.000631017309122628e-01
-9.999432793086098226e-01
1.927364837542362153e-01
4.595857922279701635e-02
