-5.999432512110649540e-01
-6.000757174739284050e-01
9.999919386512022834e-01
-7.828346160801961939e-02
-9.999962695191690898e-01
-8.049080021456522793e-01
-6.000086779011388760e-01
8.793276128524661617e-02
-7.965809423960737989e-01
-2.672139515730881376e-01
1.000235106574898641e-01
-9.999202796785590097e-01
2.003585196131967561e-01
-4.280902011923130857e-02
1.858322415749106005e-01
3.912066638156638798e-01
-1.018575023971132927e-02
-1.000103143978458009e+00
2.096985771814578736e-01
5.434642225194150078e-02
4.068509932297485476e-01
4.097034375309723253e-01
-2.506103186125729909e-01
-7.967192247144738726e-01
-9.998603471029293699e-01
4.041778307779323454e-01
-3.722461022937287312e-01
-6.000699625387316827e-01
-2.129427770668337883e-01
9.987854720088819305e-02
-1.000038944185053458e+00
-8.243313569985581957e-01
-7.753609074288807523e-01
-9.999958924973909591e-01
1.503676684036969052e-02
1.000157874930000856e+00
-1.000104834621089234e+00
9.999977927220479179e-01
3.890228012692772963e-01
-5.998917047228893296e-01
1.000006916142333280e+00
-8.027425229502408444e-01
-3.218160238714109500e-01
1.000754315429426139e-01
-3.267571432375819818e-01
4.083109552649532015e-01
1.001294088229136986e-01
9.996292074133408811e-02
9.997018291109023569e-02
2.095657338663351466e-01
-1.000018503556032945e+00
-7.949039998463434120e-01
4.053811981481251214e-01
3.814322007471520615e-01
-2.395795983519686534e-01
-9.999796422190970757e-01
-8.003121284084143694e-01
4.012800319721919751e-01
4.298177433109116874e-02
-9.999160203693771010e-01
-5.043597560572660177e-02
4.201677507809885026e-01
-1.000061800899180620e+00
-2.757485923083454193e-01
-1.000202420897614353e+00
1.000260128810033095e-01
-1.000012054433663700e+00
4.461018065481677647e-02
-8.040074691614851332e-01
4.209566429765303486e-01
-5.999770424108143985e-01
-2.820124187110242264e-01
9.996724003200044284e-02
1.131230499308640003e-02
2.024527327609420002e-01
9.994279598521667307e-02
1.968891477780659316e-01
9.999044754726729156e-01
-8.125653404549437742e-02
-7.909083741503655229e-01
4.253655407857154236e-01
4.084323548558389527e-01
1.834209272876837216e-01
2.097004199845409755e-01
9.999504720178932216e-01
3.853760626663106925e-01
-9.999712657284800521e-01
-6.000356566877340647e-01
-9.999714368619715410e-01
-7.785739172342083514e-02
-1.000001523328911013e+00
9.997451665607635929e-02
1.001193475400484062e-01
-6.000094210983195619e-01
-5.122844504385230119e-02
-8.090232466526940946e-01
-8.024888628843507288e-01
-3.333471364065163089e-01
3.915004055886668888e-01
-2.855003798599187181e-01
4.047074999194181233e-01
-8.087274952108510773e-01
-3.690613918094802215e-01
1.001697377885802515e-01
1.002167208181306418e-01
9.999047483442448092e-01
-7.199715256253157170e-02
4.104634757953452562e-01
1.000224469586366710e-01
-2.612975072858093606e-01
1.923750402844375818e-01
-1.583030543285085801e-01
-6.001694211719653671e-01
1.000049504165295922e+00
4.094547856422035559e-01
2.112432278701881494e-01
9.991977993443711126e-02
9.997796610996412259e-01
-1.000030968224775219e+00
3.968585332811118693e-01
9.999464557329611480e-01
4.171957308000284748e-01
9.996468246489824405e-02
3.902967885812336224e-01
-5.999825551174855498e-01
4.079068890389359048e-01
-2.859484309210553743e-01
3.941786832392936701e-01
1.000006695442751781e+00
1.000107186317524155e+00
1.000295421139110186e-01
1.869591031848199525e-01
4.032134603608693579e-01
-7.822326541760729057e-01
9.997827872802814153e-02
9.998576919344914771e-01
9.999887583123444612e-01
-9.999479501994208430e-01
-6.000700255480448941e-01
3.837052159294808140e-01
-3.050792325339396482e-02
3.858867180611240677e-01
9.991434410768675056e-02
3.965352962419451122e-01
8.287388873978793202e-02
-2.821460345579484552e-01
-6.001242373907046401e-01
1.923708973108232689e-01
9.999825562047205407e-01
-9.999590883047450030e-01
-7.917331187207954368e-01
9.999739424751917793e-01
4.105208264964094189e-01
-6.000400692203365915e-01
9.988328513639717354e-02
5.740112879841749276e-03
-2.847624136182688170e-01
-8.001900914407048537e-01
1.963629265366534093e-01
9.992462923302079802e-02
9.999446482045317719e-01
1.992596226186414410e-01
1.944595774367580410e-01
-2.339420676592663395e-01
-9.999246773212453476e-01
-6.500356599652191980e-02
3.944801665672215130e-01
-8.102110216104129181e-01
2.119858871379860232e-01
9.999666045774038281e-01
-7.929706194549034359e-01
-5.999992385959005414e-01
-9.999659744212212598e-01
-2.793380983809420903e-02
-4.115063105788545617e-01
-5.999131317439231337e-01
-5.384188791121842510e-02
2.076092171411431653e-01
-1.000044925678790886e+00
1.000007196731115711e+00
-7.851241362539495006e-01
4.016061927146379329e-01
-3.088205431607227713e-01
9.998900593973888418e-01
-9.999476848827542064e-01
-3.962712935897086397e-02
2.108122162449210524e-01
1.000287699716687628e-01
-8.029368629344487696e-01
-4.040601750330398145e-01
7.604952481333315806e-02
-2.551491271912846859e-01
1.940729708279232690e-01
2.548618442795382022e-02
-6.002978759066620595e-01
-5.998822865686258554e-01
3.904967513179485872e-01
1.000131705372509838e+00
1.000415967241228554e-01
-3.273352881544950299e-01
2.226757915398437093e-01
9.997986713903476985e-02
9.999837705914621511e-02
-7.873949412415450766e-01
-6.001066592017085810e-01
-5.999316344536119727e-01
9.998580658879911987e-01
-5.997999625247987243e-01
-6.000202627250690313e-01
9.998676093255685071e-01
2.056145214895339357e-01
-7.735680955056835062e-01
3.975312620646375139e-01
-1.003113428337739114e-03
2.053507377978712745e-01
-7.949251381328857891e-01
-9.998906485808088940e-01
-7.890431423024454327e-01
-9.999624074481594516e-01
9.998207071423104164e-01
9.998739043770340507e-01
-8.036456928073043571e-01
-3.312902982195727319e-01
4.360640948452967902e-02
-7.941363444608752209e-01
1.000038255589825509e+00
-6.000889628669955345e-01
1.000304935241095455e-01
-9.999870547869700310e-01
3.988293948079438267e-01
2.140895390621180838e-01
9.999756078084188760e-01
-5.998611911669217145e-01
-6.000821798877490343e-01
-3.009410357780527567e-01
9.999118629812557835e-01
1.001467626863232346e-01
9.997754796579778613e-01
1.000042713883297685e+00
-9.999649579990474990e-01
4.032277898081421674e-01
1.000527432858999005e-01
4.155477590523701248e-01
9.998541224543107397e-02
1.065573776216383051e-02
6.191341063297128855e-02
1.953604265217086244e-01
3.966959833297709070e-01
-8.017480509285823675e-01
-6.000359456785379075e-01
3.931094867600604115e-01
9.998655227591958239e-01
3.163953425617258702e-02
-7.832899267502262397e-01
4.061568431042183458e-01
-1.815376147775089530e-02
1.986361646867774444e-01
-9.999349321187984696e-01
-3.139851956867937277e-01
4.111839133234554966e-01
1.885967840834247566e-01
6.810843985801821876e-02
9.999385154238108475e-01
9.998757413499796964e-01
9.999599106408318949e-01
1.001300025422934142e-01
3.473323124953957286e-03
-9.997663297493657453e-01
-3.175856112405123777e-01
-2.881345188044571737e-01
9.999463496173416344e-01
-7.877864366681112118e-01
-8.037965774774924466e-01
-6.001222164225662459e-01
-2.269624354727203253e-01
-9.999380652443896622e-01
2.035668816524284497e-01
9.990053996942685477e-02
-5.999359641078456651e-01
3.661198558559389943e-02
9.999628606708894640e-01
2.130557874357701664e-01
1.927538172942416528e-01
-1.508308086462516531e-02
-3.611777536544985567e-01
-3.150839802613236706e-01
-2.675625051191300452e-01
3.960467437076803376e-01
-2.916546350438623536e-01
1.000081879426305997e+00
1.000010584917450984e+00
2.350985146111602732e-03
1.958044652311187739e-01
2.100123955282319210e-01
-3.289441497220180199e-02
-3.769203657380983397e-01
-5.999223050773896393e-01
-1.000089244726149573e+00
1.960770144948211224e-01
8.870120663595881805e-02
