-5.999444692534992019e-01
-6.000456153383391111e-01
1.000117108511830777e+00
-2.978670894874732231e-02
-1.000041898830694720e+00
-8.026777473469783875e-01
-6.001070280802039969e-01
-3.848098380215407566e-02
-8.162064695802844216e-01
-3.038175121917146559e-01
1.001426792736649501e-01
-1.000018628624168793e+00
1.977964664625190272e-01
-2.907384868791464475e-02
1.806808244831546728e-01
4.286292084820384485e-01
2.209976435377378895e-02
-9.999098006387129312e-01
2.066473827859435786e-01
-9.241350847694956849e-02
3.857049242796177224e-01
3.981148036121228695e-01
-3.456318300792320386e-01
-8.004530422276151524e-01
-9.998707360869066862e-01
3.806162539610219442e-01
-3.387099043820429589e-01
-5.998271680251864302e-01
-3.309916201361053356e-01
1.000293292935671846e-01
-1.000078180942937989e+00
-7.900186071171860780e-01
-7.982547332213983937e-01
-1.000025322406847161e+00
-1.181749216161534638e-01
9.999546204866599508e-01
-9.998777033995840391e-01
1.000270738751842803e+00
3.909281728780242271e-01
-5.999417743290457183e-01
9.998737501705552422e-01
-7.882090950941854635e-01
-2.695893111008238474e-01
9.987590862483188003e-02
-3.292531306694739812e-01
3.911202079540000431e-01
9.997921028242159891e-02
1.000852701841985354e-01
1.000144017949248232e-01
2.024076326889368560e-01
-1.000068578694101706e+00
-8.136324007362524258e-01
4.108776393371845193e-01
4.012490439789308527e-01
-2.435045306016413447e-01
-1.000130267507655324e+00
-7.858832195746101590e-01
3.933328777132821807e-01
-7.727178927363490164e-03
-9.999447647887171886e-01
1.615187038638842346e-02
4.066089318868461033e-01
-1.000067858138423915e+00
-3.568215487088540749e-01
-1.000066704470768952e+00
9.996811918463288649e-02
-1.000081055047784773e+00
5.655590590923279676e-02
-7.943991539427057713e-01
4.025750268892042127e-01
-6.000267142429331901e-01
-2.193240596168108403e-01
9.999989302121170542e-02
-7.870548708513737390e-02
1.898772031402236604e-01
1.000020724879276540e-01
1.921938599334162834e-01
9.997577610050949470e-01
-8.087204763881977732e-02
-8.106234829095215755e-01
3.967020020963616944e-01
4.039755218866564745e-01
2.055544114089218610e-01
1.950724869464771638e-01
1.000005952184571889e+00
4.150820299642071776e-01
-1.000069711860419597e+00
-6.001367755125444070e-01
-9.999382485418255584e-01
3.704946968167340763e-03
-9.999786768467001652e-01
9.996756433941730857e-02
1.000024005898785540e-01
-5.998778885783848658e-01
1.289241518509086186e-02
-8.103016024061595601e-01
-7.927154087554496575e-01
-3.721016264624046332e-01
4.088768946143727101e-01
-2.426792278104794864e-01
3.901387432330089000e-01
-8.104640336276091039e-01
-3.105691952945162648e-01
9.996342542054222069e-02
1.001415768910684095e-01
9.999627718753761885e-01
-3.920237889283632871e-03
3.912775100561539654e-01
9.993700429611368508e-02
-2.421549594060140587e-01
2.073055449379934134e-01
-2.773978862340556462e-01
-5.999407215920445902e-01
9.998766423461510344e-01
4.012395567948469632e-01
2.061597493442204332e-01
1.001156291509554819e-01
9.999886438091578622e-01
-9.999295793583425906e-01
4.020641409070251360e-01
9.999955351152022276e-01
3.991498204568097452e-01
1.001281772886293692e-01
4.107137104658261650e-01
-6.000420590172080848e-01
4.004318547090602309e-01
-3.096343733474028470e-01
3.948856622140693440e-01
1.000001751436434549e+00
9.999562421877252749e-01
1.001293924336032759e-01
2.011158780753480868e-01
4.105458515473506820e-01
-7.877221022195077804e-01
1.001200952823751988e-01
9.999252389469026614e-01
1.000056718800720112e+00
-1.000032702678368857e+00
-5.999471367466350236e-01
4.016839901081198927e-01
5.432609566646767058e-02
4.024616207259165690e-01
1.000590667793221783e-01
4.081491266060237599e-01
1.475578103531588470e-02
-3.372624404434640955e-01
-6.000489519486802426e-01
1.863369780817273891e-01
9.999363326143142494e-01
-1.000119733051430204e+00
-7.990957163847326461e-01
9.997808711009003035e-01
4.110164189258407319e-01
-6.001083664454527344e-01
1.000354155806595924e-01
-3.181399188484490548e-02
-3.884237920395454680e-01
-7.982133426006541299e-01
2.187992688532291174e-01
9.985399359105602557e-02
1.000047912285170426e+00
1.947805518389246204e-01
2.150488938464081845e-01
-3.444847472101644770e-01
-9.999182869717697653e-01
1.385816830871799687e-01
4.003709133009649701e-01
-7.980937423631216943e-01
1.883037320152364247e-01
9.999181994619696923e-01
-8.080704935296740832e-01
-5.999951154264869801e-01
-1.000084178678388724e+00
3.513755699341552033e-03
-3.505142180150798703e-01
-5.997618839461396067e-01
2.498907010067638601e-02
2.108479239350007639e-01
-9.999781871907559294e-01
9.998944179285935707e-01
-8.122085932015629117e-01
4.111224168409111646e-01
-2.649496258041302288e-01
1.000036015027301550e+00
-1.000048263438339191e+00
-4.531872686036502069e-03
2.181178050471085927e-01
1.000984481367043488e-01
-8.154556396545273866e-01
-2.906147159025404547e-01
3.305917014563265754e-02
-3.052018900273366087e-01
1.983471264782932231e-01
-5.568753492680533074e-02
-5.999787463812905619e-01
-6.001044524968821570e-01
3.930998280137961154e-01
9.999421802616815791e-01
1.000111403657175102e-01
-2.931322337876858808e-01
2.091127858541410311e-01
1.000434131483502881e-01
1.000713210618278670e-01
-7.980478296643697123e-01
-5.999393485610829968e-01
-5.998694421916624941e-01
1.000127214225308148e+00
-6.000882159519277392e-01
-6.000426311752287134e-01
1.000046429201372877e+00
1.922509516355470072e-01
-7.938280836662146012e-01
4.035286766894174426e-01
5.033084312719979247e-02
2.263166137812185896e-01
-8.000385346414498056e-01
-1.000089499231623824e+00
-8.282576487856554426e-01
-9.998253848223208617e-01
1.000103271734688271e+00
9.998590952664379028e-01
-8.065817573384164163e-01
-3.525135765957189138e-01
4.041177106863349383e-02
-8.037767302227486477e-01
1.000158846103883947e+00
-6.000536465489005877e-01
9.993831685722699698e-02
-9.998776700882702206e-01
3.960714978695043520e-01
2.138365297407390231e-01
1.000094265129407134e+00
-5.999749836781148593e-01
-6.000370869650563099e-01
-3.190298082308112293e-01
1.000079206079194760e+00
9.983852152934125090e-02
9.998827411173560886e-01
1.000086144203169658e+00
-1.000017929524758431e+00
3.968580272475865089e-01
1.000088333321914325e-01
3.911899162453708056e-01
9.997541051261110701e-02
-4.149539829621723408e-02
1.603503646680679365e-02
1.935017516539616622e-01
3.998101541301193329e-01
-8.003774731082461402e-01
-6.000350214041503261e-01
3.874412566596035501e-01
1.000147584463743078e+00
-1.367239719144097004e-02
-8.030619306836730420e-01
4.028960134338475663e-01
-3.350811407154841853e-02
2.079060213232913068e-01
-1.000028862646735961e+00
-3.237077648652939565e-01
3.974142831922693464e-01
2.122299050629772310e-01
2.825477371604573351e-03
1.000091075316676958e+00
9.999582127984785185e-01
1.000011976080028564e+00
9.987216662391981692e-02
-9.312678885186598254e-02
-1.000080250511172997e+00
-3.169903715470994698e-01
-3.465802135377999971e-01
9.998126515421915661e-01
-7.973765467748158420e-01
-8.035303057692938511e-01
-5.998922225743412717e-01
-3.225615115291907697e-01
-9.998545083555555602e-01
2.089043736245993765e-01
9.994707698483856761e-02
-5.997805386441625863e-01
1.189399448785567054e-02
9.999295812514400472e-01
2.054895074441492608e-01
1.948024857309283708e-01
-6.775330043755750653e-02
-3.129840056015221750e-01
-3.588363736407935711e-01
-3.580440771223414309e-01
4.038541366080513062e-01
-3.119578953405807709e-01
9.999589177169062593e-01
9.999723515398712959e-01
-5.822979486629540485e-02
1.938552249613529899e-01
2.025094374480131409e-01
-2.711499657882511950e-03
-3.664486217518441169e-01
-6.000372083840455062e-01
-9.999742163031067888e-01
2.009678472413497230e-01
-3.860127729058760934e-03
