-6.000142333728807342e-01
-6.000456863285582587e-01
9.999594340441515516e-01
-1.696597498856651856e-02
-1.000058475917129819e+00
-8.010688648062312955e-01
-5.999166998013936158e-01
-9.079016475973891720e-02
-8.075987416714863754e-01
-2.391619575646365126e-01
9.995986662688795266e-02
-1.000072920522466990e+00
1.827077657532789889e-01
-3.822626455573308046e-02
2.033114446164120126e-01
4.161468471846128114e-01
1.605767068641086592e-01
-1.000055489541657794e+00
1.950689705717318922e-01
-3.144467893763287780e-02
3.985795997824139736e-01
4.076220601202156790e-01
-2.759608842222200376e-01
-8.037491388566345707e-01
-9.998950333518911160e-01
3.859104639143970950e-01
-2.946049829374861040e-01
-5.999103678355631741e-01
-2.943172316110754805e-01
9.998299364682972090e-02
-9.999903794571207705e-01
-7.893704663709966152e-01
-7.946548541144975442e-01
-9.999852046934718519e-01
1.819778289401020530e-02
1.000192195951481899e+00
-9.999549285887553429e-01
9.999367609159371950e-01
4.105978263145279583e-01
-5.999260406534455692e-01
1.000076130680106257e+00
-7.981476243886274080e-01
-3.830733749248829145e-01
9.999428851072643398e-02
-3.077827100790195836e-01
4.094469607716684223e-01
1.000384570251025562e-01
1.001763134728749782e-01
9.987274140437522874e-02
1.938017205404843901e-01
-9.996058588325127392e-01
-8.004026068618083078e-01
4.047410337877215825e-01
3.976319344102504094e-01
-2.764735543647190985e-01
-1.000023457334172861e+00
-7.974595167982996280e-01
3.964550361858609207e-01
-3.942898124752269168e-02
-9.999288531009958847e-01
-7.570433123236189332e-02
4.120685306519837887e-01
-9.999165024420119119e-01
-3.637748218374624587e-01
-1.000012488211589057e+00
1.001469770463672415e-01
-9.999996076408974588e-01
-1.819452191229889090e-02
-8.117386142750925293e-01
3.978243065394509448e-01
-6.000291134823174666e-01
-2.731052906229318178e-01
9.992333394069032038e-02
-6.460457588631422776e-02
1.934100280615007605e-01
9.991353618281793858e-02
2.074739722072048986e-01
1.000179009899075266e+00
1.002382025022257594e-01
-8.253431158742109419e-01
3.763450522305769042e-01
4.026571224797017012e-01
1.924536845978067900e-01
2.034345295512441087e-01
9.999340112756546217e-01
3.934098288220110873e-01
-1.000152187281540428e+00
-6.000260340383245516e-01
-1.000078500321294195e+00
1.579968155045248512e-02
-9.999242388283583471e-01
1.000095868909127023e-01
1.000509493046577852e-01
-5.999262137524751237e-01
-2.410477570380206453e-03
-8.051883144485132426e-01
-7.876921461380097522e-01
-3.341436116871423501e-01
4.042392604985318161e-01
-3.457980098790736645e-01
4.123732935039448599e-01
-8.084847494386797617e-01
-3.119804518037092578e-01
9.995236151603394126e-02
1.000679259923374642e-01
9.999189092555015312e-01
9.575683155365974364e-02
3.895767434098762472e-01
1.000449883026197223e-01
-3.400838144989321576e-01
2.167860672080847984e-01
-2.890281173689943084e-01
-5.999925310529504729e-01
9.998374205732790676e-01
4.003131207626364763e-01
2.012871949388442272e-01
1.002159334065473306e-01
1.000069472145755700e+00
-1.000113648871638006e+00
4.039520053654657716e-01
9.998448874143112119e-01
4.106960610435771430e-01
9.994903870270907542e-02
4.031757388884730786e-01
-5.999450528035923380e-01
3.891178372254565088e-01
-2.282082425899958356e-01
4.176790693364549334e-01
1.000055096426510914e+00
1.000005703710431071e+00
9.996144542675693134e-02
1.993279325863404061e-01
4.100093190036697699e-01
-8.061403360680748920e-01
1.001003264979362234e-01
1.000015745521339872e+00
1.000032965729521717e+00
-9.998952248458377046e-01
-5.999240844915043613e-01
4.114116142764909778e-01
-1.161577437104348576e-01
3.908639883586824126e-01
9.999477865874696614e-02
3.950157598031994732e-01
-6.779699229303821906e-02
-3.203753486613133417e-01
-5.999069832950898462e-01
2.046558029528594003e-01
1.000182925687482349e+00
-1.000173897740450180e+00
-8.094451037650818304e-01
9.999984976999181097e-01
4.059935361646075380e-01
-6.000721320755734167e-01
1.000208182276016572e-01
3.587626323081569840e-02
-2.280618634562071034e-01
-8.089936962647785723e-01
2.079774875818634627e-01
1.001661885621627501e-01
1.000176215668126867e+00
1.947381360645547843e-01
1.965503364078615700e-01
-2.801526742758351229e-01
-9.999734663294664871e-01
-3.346783340036969812e-02
4.172182361229576086e-01
-7.955170505843585094e-01
1.767298413898547305e-01
9.998464966905135087e-01
-7.785361435419093645e-01
-6.000940292675184251e-01
-9.999493421721546982e-01
6.410228964056526035e-02
-2.508005606878489502e-01
-5.999040358032775577e-01
-7.437128515218489888e-02
2.029165940257053879e-01
-9.997965994671089707e-01
1.000086961546952757e+00
-8.130050207325698608e-01
3.845050700363177310e-01
-3.084031625022276013e-01
1.000225664211218835e+00
-9.999078995025229011e-01
4.132042082994848847e-02
2.103646816337539915e-01
1.000209455539850106e-01
-8.021710393753522794e-01
-3.999643331192468398e-01
-3.258043528080306010e-03
-2.460139416046678851e-01
2.054910398117045789e-01
-1.418680973686337402e-02
-6.000419867491577630e-01
-6.001148732137957520e-01
3.783982817461498671e-01
1.000068080311022234e+00
1.000279251441518746e-01
-2.793411244378920522e-01
2.155956142148636734e-01
9.992053188157501431e-02
1.000788772840721236e-01
-7.936313041004053881e-01
-5.999350850166922378e-01
-6.000032886262766096e-01
1.000173757164904975e+00
-6.000860318951335426e-01
-5.999391888448293297e-01
1.000032918362835810e+00
2.151199973367992069e-01
-7.808387283975701809e-01
3.991121356290040501e-01
1.560555045288233682e-02
2.036659186457665249e-01
-8.038292591937291620e-01
-1.000004802492730160e+00
-7.908230800476052647e-01
-1.000004998219770291e+00
9.999962731330596100e-01
9.998276546328778158e-01
-7.964121372518460085e-01
-3.492810986809499751e-01
3.492046032419029306e-02
-7.951036848283545844e-01
9.999024347977867322e-01
-6.000060262119267795e-01
1.000769172966295417e-01
-9.999656293395744466e-01
3.867501169157262497e-01
2.091885082368053206e-01
1.000168718579501625e+00
-5.999626785953242614e-01
-6.001423168197002056e-01
-2.828648172115466597e-01
1.000013435992478605e+00
1.000400539368905689e-01
9.998995981698238777e-01
1.000049747564380587e+00
-1.000002702662778908e+00
4.150474249865597209e-01
1.000093467877484071e-01
4.178818464051410331e-01
9.988453708748548654e-02
1.722139776352106175e-02
-2.468653721998991316e-02
1.889962254281246645e-01
4.003013656630482475e-01
-8.059333031478753684e-01
-5.998293608230526042e-01
4.094403702773770082e-01
1.000017662951827147e+00
3.519488595474371678e-02
-8.084052189738010208e-01
4.029811361283074933e-01
3.124110609559159826e-02
2.204196962426609174e-01
-1.000041283614776511e+00
-3.194086929546733900e-01
4.161807708671113604e-01
2.053723674427144485e-01
-4.650929782491278197e-02
1.000027765857177897e+00
9.998713031191777123e-01
9.998589194854795581e-01
9.993860095727917503e-02
6.068283487655726227e-02
-1.000050040277882246e+00
-3.282367728637979321e-01
-2.855641909300397630e-01
9.999629793696658275e-01
-8.096693923822255723e-01
-8.109126584465718990e-01
-5.999729805203204425e-01
-2.890195991569519673e-01
-9.997902283185581274e-01
1.908659007374859384e-01
1.000507134710070661e-01
-5.999620946503757546e-01
1.095183958118814971e-01
1.000057932670534111e+00
2.014133767199599856e-01
2.036985456974800823e-01
2.713309670828520023e-02
-3.455109954349958046e-01
-3.709691455671733640e-01
-2.833124979708204760e-01
3.908801413110511436e-01
-2.767711140624886101e-01
9.999324540731748812e-01
9.999269106927350936e-01
5.831381921076043279e-02
2.006596052206936209e-01
1.847041296839963265e-01
2.276588890831591008e-02
-3.393562135524009760e-01
-5.998377488407136138e-01
-1.000161291701026745e+00
1.833992332854902652e-01
-7.825505734405345526e-02
