-6.000460492412246216e-01
-5.998739348199444432e-01
1.000077397767983545e+00
1.151533788931969338e-01
-9.999696423820972901e-01
-7.972977327033271555e-01
-5.999229250418570691e-01
-2.210444575934876390e-03
-7.997298969835843208e-01
-3.133517570228896987e-01
9.999299778862381916e-02
-1.000030393016582586e+00
1.879803896069902058e-01
7.752085048944742929e-03
2.001472743363111872e-01
3.938805360997036376e-01
5.897765471145524629e-02
-1.000112981513166632e+00
2.006109612237485795e-01
7.658528243796124298e-03
3.988273537329105611e-01
3.866946923021653548e-01
-1.993256329950285066e-01
-7.946126374857338526e-01
-9.999275158003669839e-01
4.162571303034478531e-01
-3.400220821675539740e-01
-5.998105556647824743e-01
-3.735081332709460078e-01
9.991009069104823948e-02
-9.998243081417490519e-01
-7.957958106036425727e-01
-7.945246083594436071e-01
-1.000122306104830328e+00
1.114784676356314064e-01
9.998842850276690175e-01
-1.000145707869471323e+00
1.000064618143850614e+00
3.969263555201196225e-01
-6.001823803914364541e-01
9.999534284975196696e-01
-8.033967874121329400e-01
-3.086234667383715435e-01
9.991060351973579667e-02
-2.719945647525995880e-01
4.131766977105514882e-01
9.996047314117761928e-02
1.001542999749685803e-01
9.992469744744400528e-02
1.985324793289384715e-01
-9.999718132353883071e-01
-8.000472469572277312e-01
4.113592358660441151e-01
4.121246140589497342e-01
-2.745559585581375805e-01
-9.999996124153864852e-01
-8.024859078021848724e-01
3.919723346774843797e-01
-9.118800718208305151e-03
-9.998994530722415952e-01
8.437968896557046516e-02
4.101201084703813837e-01
-1.000228018264448515e+00
-3.881355577318669758e-01
-1.000026975414281871e+00
9.998480915735814822e-02
-9.998921263409351612e-01
-6.952649958685673537e-02
-7.791664274575815785e-01
4.213090421253196660e-01
-5.999955470406023172e-01
-2.649160296733691911e-01
9.987285641382311063e-02
-4.625805773064092796e-02
1.983716280582677738e-01
9.990480472738957896e-02
2.085000155176581493e-01
9.998955332790039341e-01
-1.353351081717111930e-02
-7.904823212539032751e-01
3.986881419814414795e-01
4.091722457671934654e-01
1.902528099773622972e-01
2.056386780310388851e-01
9.999838202067348192e-01
3.972745505335072425e-01
-9.999565671352850238e-01
-6.000586674224392958e-01
-9.998254725697716117e-01
5.310361699884771219e-03
-9.999362160678831879e-01
1.000029865179828947e-01
9.997747126802465634e-02
-6.001389333199043108e-01
-4.485776389727449270e-02
-8.010752366377620337e-01
-8.020891640523533095e-01
-2.745908274867307486e-01
4.138340057235921354e-01
-3.062831137418839389e-01
3.868509996533827100e-01
-8.159992163861869985e-01
-3.100789839885454979e-01
9.984210143656110925e-02
9.995896184043495669e-02
1.000048738039785778e+00
-1.145985865138839516e-01
3.912677795491797395e-01
9.993188598146256207e-02
-3.305131030420624394e-01
1.918014929576413452e-01
-2.424652647610877065e-01
-6.000529472705947720e-01
1.000006913861297031e+00
3.822002530536655063e-01
2.099287915550638317e-01
1.000688857901442380e-01
9.999358082586287111e-01
-9.998311610536728677e-01
4.176468752510395510e-01
9.998542344138283688e-01
4.210791528414181140e-01
1.000363579607250336e-01
4.119743851199959561e-01
-6.001315812392747917e-01
4.016034349317658125e-01
-3.183516576194952985e-01
4.022885829570073679e-01
9.998519525128425345e-01
9.999038833939741799e-01
9.990626263547257302e-02
1.994407334285606681e-01
3.922103983175476705e-01
-8.041571884829054051e-01
1.000563081416227518e-01
9.997840115933442906e-01
9.999861656514887898e-01
-9.999773685511754717e-01
-6.000348967158987135e-01
3.931608724486866935e-01
4.146245791183100077e-02
3.939625628594504159e-01
9.985347698481034096e-02
4.033391693427266222e-01
-8.633938250605106834e-03
-2.974237710980803251e-01
-6.000618588759429883e-01
2.002890042429302242e-01
9.999413894527876545e-01
-9.999938086412974991e-01
-7.927559897366152075e-01
1.000124883747741222e+00
3.916136006025830452e-01
-5.999224587473949155e-01
1.000560237099880484e-01
-2.148821893828873481e-02
-2.849078831968417380e-01
-7.974825320045287880e-01
2.140960942053476423e-01
1.000603545456557886e-01
9.998649874050616893e-01
2.024899119171973960e-01
1.917986610943149262e-01
-2.246214104417791346e-01
-1.000060094612363004e+00
4.322022826016439639e-02
4.109369911192026215e-01
-7.898203969741310893e-01
1.936186123885000054e-01
9.999301752276235078e-01
-7.884679539615830901e-01
-6.000156824280804546e-01
-9.999985319081473589e-01
1.769263245005143429e-03
-2.665246937205969502e-01
-5.999768562720920739e-01
3.305257112345293125e-02
2.083714138865989107e-01
-1.000075472928226628e+00
1.000082655180988933e+00
-7.963878604256177107e-01
3.932907394897691145e-01
-3.165495223176737483e-01
1.000066868029180434e+00
-1.000052375825209561e+00
7.570548732478098435e-04
1.988869306216071164e-01
1.001200090367660028e-01
-7.938363866863783480e-01
-3.531892393143866715e-01
-4.921860234259412686e-02
-3.815368449728909761e-01
1.894049864409866335e-01
-4.611785164059079879e-03
-6.000373688658741100e-01
-5.999762616497169576e-01
4.022247647879051424e-01
9.999130547868377850e-01
1.000047286616472658e-01
-3.430842987256474408e-01
1.802088608999997121e-01
9.994110394656431640e-02
9.994208452455459468e-02
-7.971853516616768109e-01
-6.001123164426542811e-01
-5.999911380365899882e-01
1.000132237154648829e+00
-5.998548222107332739e-01
-5.999076343382351295e-01
1.000078283723206063e+00
2.022351761867017261e-01
-8.090803754879551946e-01
4.027736839175160011e-01
1.818889172984472849e-02
1.976202280765025354e-01
-7.848474822215100177e-01
-9.999974857816196216e-01
-7.913993825369725066e-01
-1.000002606952698381e+00
1.000152960446985873e+00
1.000064495617047466e+00
-8.012320683368424623e-01
-3.233036205078302916e-01
3.644332906192820215e-02
-8.117861959167546049e-01
1.000080417112586995e+00
-5.999519451676366133e-01
9.991885578341790086e-02
-1.000168204353539148e+00
4.095818464752635224e-01
1.923343367246381774e-01
9.998578380727121129e-01
-6.001676822386148302e-01
-5.999531404071493101e-01
-3.907563002623262172e-01
1.000066655336773414e+00
9.972712335631121749e-02
9.999445885228193109e-01
1.000152592542589147e+00
-1.000028965891189170e+00
4.051777662893261134e-01
1.001331778526255434e-01
3.810946343251735424e-01
9.999692407159496699e-02
-3.032951014260341221e-02
-6.217461657611311060e-02
2.031904404980443835e-01
4.027241720930268554e-01
-8.172203565524991387e-01
-5.999154067097753895e-01
3.892748509418997305e-01
9.998610944561078240e-01
-8.039533423022891812e-02
-7.965921630508407958e-01
4.112162574145678540e-01
-5.650102711069768940e-02
2.054286544366368261e-01
-9.999807626152065199e-01
-3.903629066297840122e-01
3.953093726466933022e-01
1.990765268244604480e-01
3.853208592207447991e-02
1.000135927471478947e+00
1.000108179649180640e+00
1.000217992224037733e+00
9.989112281852925712e-02
8.276079253403804958e-02
-9.999610414058154317e-01
-2.822187582418974050e-01
-2.795493855753022894e-01
9.999334765904041022e-01
-7.906344375765326227e-01
-7.998458389342026909e-01
-5.998230664049164496e-01
-2.287003512411747708e-01
-1.000103242939020198e+00
1.815946045498711414e-01
1.000638559483509188e-01
-5.997476383167716918e-01
2.099127247581311900e-03
1.000006047173913393e+00
1.961901285764854064e-01
1.918368771169421394e-01
-1.940198394710630769e-02
-2.567808680265034060e-01
-3.382185679345135476e-01
-2.155971674443085129e-01
3.778187878371717101e-01
-2.853350071561347456e-01
9.999814564630253866e-01
9.999036033300093829e-01
1.830835735176987444e-02
2.196175885094226454e-01
1.976816662987078421e-01
-3.844685444062259649e-02
-3.388607803356065151e-01
-5.998058033232768205e-01
-1.000078346547250252e+00
1.920940842397356185e-01
-3.652161425250991661e-02
