-5.998165163070066086e-01
-6.001028262046282924e-01
1.000056685021392333e+00
-5.420580387392251454e-02
-9.999325943601287126e-01
-8.018402057419335982e-01
-5.998898908315445366e-01
-3.886334999099268911e-02
-8.023553652130492875e-01
-2.608112284008273218e-01
1.001725227600591267e-01
-1.000066765107000322e+00
2.034795927622697065e-01
-3.829450486032907885e-02
2.138349307576601910e-01
3.992171622584098634e-01
-1.053148346071857561e-02
-9.999017411466674110e-01
2.069047704073389560e-01
-4.725947521268197143e-02
3.846634688218088516e-01
3.971632908918787952e-01
-3.126970751861351538e-01
-8.041154566141404114e-01
-9.999891560328201257e-01
3.946927444495222925e-01
-3.328064072420359731e-01
-5.999785530921805110e-01
-3.726034659516860859e-01
9.996448786948872178e-02
-1.000058573765155723e+00
-7.791401743477065489e-01
-8.100532993547000515e-01
-1.000014667783650557e+00
-2.159324938429695029e-02
1.000030968684568977e+00
-1.000029339035659159e+00
9.998200531309430206e-01
3.928186735656122308e-01
-5.999198274530872510e-01
1.000267604796857723e+00
-8.285686927392085233e-01
-3.349678387376073263e-01
1.001304313196434148e-01
-2.755950610627054820e-01
4.013921092528264234e-01
9.997274611894448049e-02
9.989437916954993502e-02
1.000754309648089063e-01
1.885678845204485921e-01
-1.000108068907111125e+00
-8.140438043060739259e-01
3.900422587294420929e-01
3.951318400994116575e-01
-3.296108296404572924e-01
-9.999837409552824186e-01
-8.169810944945938846e-01
4.017401028088947168e-01
-5.197932866323254353e-02
-1.000136468317545990e+00
4.176077078515306323e-02
3.821836742348052596e-01
-1.000036070473809380e+00
-2.694370672167173963e-01
-9.999325556411363669e-01
9.995533311845453128e-02
-9.999870989344374905e-01
4.292004112890570461e-02
-8.050452963987022592e-01
4.160150725393931270e-01
-5.999384190935865835e-01
-1.879544544189233335e-01
9.999611924816596831e-02
-5.272938988189418419e-02
2.098702794165322738e-01
1.000106394135586579e-01
1.974925014461248740e-01
1.000023167992738715e+00
5.677622397231074647e-02
-7.962039461017221820e-01
3.912743670949568875e-01
4.002829772352479720e-01
2.071552928739096577e-01
2.010530279897014827e-01
1.000033775912593015e+00
3.979028870764224068e-01
-9.999166986428172921e-01
-5.998239483424940843e-01
-1.000000072326135969e+00
4.377798963178728547e-02
-1.000010952909220929e+00
9.977243995136472754e-02
9.998089491032147169e-02
-6.000978489360991874e-01
8.739818413380798234e-03
-8.077847059112861494e-01
-8.018416213748534860e-01
-2.391567077222053472e-01
4.108192281840602478e-01
-3.511776292324086945e-01
4.068782977626059782e-01
-8.024301389315736666e-01
-2.978546139805759996e-01
1.000135407229094803e-01
1.000226006697846060e-01
9.999361296507509600e-01
2.157453415862242707e-02
4.192991439690048061e-01
1.001489219350312626e-01
-3.218872553650404811e-01
2.057521000672391243e-01
-2.936895644050977472e-01
-5.998845809621348169e-01
1.000201531400795263e+00
4.040921340702145481e-01
1.864386633908291235e-01
9.991587736619188254e-02
1.000015744268655027e+00
-1.000127293407962581e+00
3.882607294275390308e-01
1.000011574746949128e+00
3.998923146865182576e-01
1.001221813305619018e-01
4.064745498988429073e-01
-6.001110636112234609e-01
4.012897965274566103e-01
-3.159145308340272629e-01
3.986568077713713576e-01
9.998794913427652142e-01
1.000061983201624427e+00
1.000398278684410669e-01
1.748206089299247090e-01
3.800340143996712716e-01
-8.053045190905958606e-01
1.000503300633994314e-01
1.000103377829656193e+00
9.999272059971248128e-01
-9.999036908199602225e-01
-5.997797314097674803e-01
4.011765552314493499e-01
3.934691865374089804e-03
3.728584106220478867e-01
1.000679105538011260e-01
4.041268222250347653e-01
-4.072298322387095382e-02
-2.088606819477935028e-01
-6.000890146736391761e-01
2.116551012044113333e-01
9.998708960377588051e-01
-1.000166841494419367e+00
-8.161402756824489568e-01
1.000147727367149519e+00
4.055049648092396986e-01
-5.999110455031674283e-01
1.000534915420397131e-01
4.145805281790559960e-02
-3.154626756980962177e-01
-8.053810529591975964e-01
2.003095906363653866e-01
9.994525976216520058e-02
1.000056232940933709e+00
1.902755140548884616e-01
2.146377887388500605e-01
-2.416721979526384179e-01
-9.999585759324038925e-01
5.725685296354408177e-02
3.991308433510093456e-01
-8.209854259348482453e-01
1.880648668181572614e-01
1.000111761539574484e+00
-7.893592424318980338e-01
-6.000005026285691878e-01
-1.000026941972653738e+00
-4.102851025191630446e-02
-2.839821818340583226e-01
-5.998898103843517404e-01
7.562023871258047661e-03
1.953698485460935719e-01
-1.000108385203479333e+00
1.000108766625171564e+00
-8.035012407685389046e-01
3.955809145794384474e-01
-3.198929546691161585e-01
9.999848335108103559e-01
-1.000006774841299739e+00
7.067943018964679578e-04
2.121253868542229970e-01
1.000349402232454527e-01
-7.937172352560111221e-01
-2.905123074323762711e-01
2.297503494597570237e-02
-3.029522155331720312e-01
1.972093559015530850e-01
6.922252548711656239e-02
-5.999198558376687140e-01
-5.999243407652121718e-01
4.059994799945064736e-01
9.999785538872415502e-01
1.000035416907986002e-01
-2.452680979444260556e-01
1.990669513223337073e-01
9.997946751512022667e-02
9.993883194040563411e-02
-8.169571043974407365e-01
-6.001172511165189238e-01
-5.998480017946213882e-01
9.999034434123568182e-01
-5.998908305562000720e-01
-5.998049309754776015e-01
9.999877200699938129e-01
2.063838293696768356e-01
-7.975087768640384267e-01
3.838023401294559100e-01
-1.383221538611512959e-02
2.081394262687757124e-01
-8.078885109372880846e-01
-9.998617182840536799e-01
-8.063317831048059103e-01
-1.000005811199634165e+00
1.000020426155723952e+00
9.999322485772322855e-01
-7.971705999700507972e-01
-3.700529464867324259e-01
3.451375593924726343e-02
-8.122731509621484713e-01
1.000076881180718802e+00
-6.001439093194727015e-01
9.994295660049527796e-02
-9.999080447141883710e-01
3.956522220459394723e-01
2.187015918394283887e-01
9.999578258120249696e-01
-5.997949064518782736e-01
-6.001333689453671738e-01
-3.292581373804249201e-01
1.000028303896401294e+00
1.001720577534706419e-01
1.000154827805317392e+00
9.999965415987467354e-01
-1.000020844885045390e+00
3.906263664158282634e-01
9.996957978692834479e-02
3.985259746878566656e-01
1.000014014690247394e-01
9.599299962396688757e-03
5.738178847079003324e-03
2.071295720678218433e-01
4.089027744673229270e-01
-8.080278720663339742e-01
-6.001336732785641503e-01
4.122736810182023315e-01
1.000061013220360451e+00
-9.158168726008464669e-03
-8.128562903010333462e-01
3.999999629828157599e-01
-5.570754524792338735e-02
2.279451329139288995e-01
-9.999990121484703121e-01
-2.360477221825056926e-01
3.996635134513794041e-01
2.091881039751477822e-01
2.353788902659574578e-02
9.997833395013103752e-01
1.000080107432279597e+00
9.999725457122053962e-01
9.992076316016161586e-02
-7.013367525806762232e-03
-1.000034365868433417e+00
-2.597306061715389247e-01
-3.593074779722714718e-01
9.998336238345505445e-01
-7.925960955370012773e-01
-8.127414085481620143e-01
-6.001008082235355090e-01
-2.857641430993708154e-01
-9.999979074666702772e-01
2.187654522706743987e-01
1.000842405131844165e-01
-6.000382469248274342e-01
-4.797751918883674804e-02
9.999703845265417446e-01
2.084362238612055829e-01
2.094478338776641635e-01
4.812609110975692162e-02
-3.354611844007054922e-01
-3.348188173644938148e-01
-2.665454110614480787e-01
3.893384520992586029e-01
-2.688985230058966724e-01
9.999961574051360325e-01
1.000077797886048003e+00
-8.602906193677894997e-02
1.863390469683890438e-01
2.109250851386622883e-01
1.626369723814424448e-02
-2.760460243611890241e-01
-6.000203078599573026e-01
-1.000007128104341225e+00
1.877707759847215829e-01
-1.677342494224801431e-02
