-6.000524847904307180e-01
-5.999101664434255410e-01
9.997888909233676458e-01
4.651681560669852777e-02
-9.999690539216414820e-01
-8.012394569085543594e-01
-6.000728535483583759e-01
3.709319325013575586e-02
-8.044419398582310921e-01
-2.758310286426813862e-01
9.986741522016241712e-02
-9.999585994571587033e-01
1.943671094286130718e-01
-9.202556350846063937e-02
2.031316435530395315e-01
4.015847000249936904e-01
5.545668099979988303e-02
-1.000035935236328832e+00
2.048225653920004441e-01
2.700631491019153636e-05
4.018419483056702712e-01
3.987159331451335942e-01
-3.508452633711457436e-01
-7.895453103708006681e-01
-9.999871976054562905e-01
4.126375451260260174e-01
-3.284864169871513084e-01
-6.001775060560426978e-01
-2.561204830812841560e-01
9.983116236268051169e-02
-9.999478104019339231e-01
-8.094677494139600471e-01
-8.103129198074434658e-01
-9.999697742813808965e-01
1.734675880561415556e-02
1.000037988402781242e+00
-9.999510459224641989e-01
9.999659026456986233e-01
4.062601318636190340e-01
-6.001282168373850423e-01
1.000249460349889485e+00
-7.969996209506862161e-01
-2.958424783368365230e-01
1.000603071599136806e-01
-2.113064036721959416e-01
3.990223198476382516e-01
1.000670302352957841e-01
1.000327552526677072e-01
1.000279701127770871e-01
1.849515156210262967e-01
-9.998359627979453990e-01
-8.209065871904637213e-01
4.260785732933616288e-01
4.044784131692826246e-01
-2.522175609353701775e-01
-9.998913299197997873e-01
-8.063390560508160165e-01
4.003708872407633623e-01
3.836033487533099806e-02
-1.000006975458225700e+00
7.600211479296750672e-02
3.767518435656008191e-01
-9.998915728676545100e-01
-2.733062121535988487e-01
-1.000021347885462264e+00
1.000827440496360188e-01
-1.000084472958310267e+00
1.057618526884152206e-02
-8.042103611657950291e-01
3.983008964808050223e-01
-6.001073616580295811e-01
-3.226438596824076077e-01
1.001165826623917343e-01
4.873256902732025705e-03
1.980721396841782223e-01
1.000420165386651378e-01
1.972128716609799215e-01
9.998710897911277096e-01
-1.939928833132466626e-02
-7.898179520551013022e-01
4.130846932380351499e-01
3.994710783532409160e-01
1.845232746893720743e-01
1.840033510707245468e-01
1.000279136313125594e+00
3.913556079482519157e-01
-1.000120582091580612e+00
-5.999782587169227854e-01
-1.000110639628233544e+00
-5.750874354393933690e-04
-9.998932849711176241e-01
9.995687005270573189e-02
1.000611509535155458e-01
-6.000578987033489131e-01
-9.961056016389585599e-02
-8.073655483491297691e-01
-8.123897753296478452e-01
-3.593906087734961563e-01
4.233979177981669895e-01
-2.939770700748132182e-01
4.007947550442403362e-01
-7.960633460051090848e-01
-3.164537226446111906e-01
1.000315501600160112e-01
9.984794747774455859e-02
9.999701785017041100e-01
-2.721464794665084605e-02
4.015079588789785547e-01
1.000320417004592621e-01
-3.842350761826347494e-01
2.004855725800721300e-01
-3.226109567672589828e-01
-5.999604182880122760e-01
9.999889982814187395e-01
3.994230897254868462e-01
1.992411292399099143e-01
9.998957195437491174e-02
9.999631784808298285e-01
-9.999622766304423482e-01
4.107864811757024892e-01
1.000134301943075954e+00
3.969994917175451721e-01
9.993302607673945626e-02
4.103530387022542025e-01
-5.999333310250770657e-01
3.962673690772904322e-01
-3.495801240980960234e-01
3.923015732256302512e-01
1.000027346020516683e+00
9.999180709470895101e-01
9.997395397436149855e-02
1.939386549395600567e-01
3.978501752371461642e-01
-8.016826714025349077e-01
1.000102224961875036e-01
9.999200977523867717e-01
1.000007404070982098e+00
-9.999561984048200847e-01
-5.999559072399466286e-01
3.796148761750283152e-01
-6.786830429419625499e-02
3.947332693456688801e-01
9.989681813804271449e-02
3.851635805001357160e-01
2.860198704321931240e-02
-3.154985959575260512e-01
-5.998248878992460398e-01
2.046630814442972901e-01
1.000230704639757828e+00
-9.999603785103761133e-01
-7.931329837959645301e-01
9.999392253572392253e-01
4.220371953856795200e-01
-5.999126887466988967e-01
9.998879044136323169e-02
1.214390541828666570e-01
-2.382168987068730426e-01
-7.989538844051669031e-01
2.110114739807576467e-01
1.000277059498734245e-01
1.000158476942763608e+00
1.860274327343763856e-01
2.003081636797837684e-01
-3.020227050370048461e-01
-1.000113425565358538e+00
3.857252965120290533e-02
4.187790953900321078e-01
-8.173987962058405499e-01
2.019557513465045362e-01
9.999940699184430848e-01
-7.929718640162032317e-01
-5.998734553667397496e-01
-9.998825817550733852e-01
-4.844495825131406655e-04
-3.400347978141742278e-01
-6.001605165126462360e-01
-2.893948235992679571e-02
1.975038783684436583e-01
-1.000074726712253614e+00
1.000014398280480332e+00
-7.880236622056028262e-01
3.959222160206411489e-01
-3.544071701312553335e-01
9.998053906833508364e-01
-9.998183750585036833e-01
-5.600554179208686034e-02
2.023810096462674291e-01
9.989919057642079880e-02
-7.886835921997782384e-01
-2.956586358027891714e-01
-8.355700172924479530e-02
-2.695990988779142783e-01
2.153062367288221535e-01
-3.330738357191202065e-02
-5.998759568088746219e-01
-5.999143702773445108e-01
4.000208571183426209e-01
9.998371300618311697e-01
9.981828108699741797e-02
-2.121064968110775995e-01
2.139838230588322898e-01
9.998288414769292143e-02
1.000181423110834550e-01
-7.947773398009962964e-01
-6.000381754286465696e-01
-6.000285645775929044e-01
9.999543012319186408e-01
-5.998723995777613949e-01
-5.999528217658319784e-01
1.000013181779925153e+00
1.867972357487751589e-01
-7.996700934608513833e-01
4.174988109398997116e-01
-4.083778198710175111e-02
2.139250247102368607e-01
-8.120048309914050799e-01
-9.998816766264476685e-01
-7.991813251177840582e-01
-9.999621300419385683e-01
9.997667919006554271e-01
1.000087875169337837e+00
-8.031857451440025386e-01
-3.524947332372506126e-01
6.929437134662541631e-02
-7.823337820883877747e-01
1.000160595954927123e+00
-6.000899678728833786e-01
1.000343643724368597e-01
-9.998886568071507774e-01
4.000851760185281658e-01
2.014441872710125148e-01
1.000297821678884258e+00
-5.999022129024571548e-01
-6.000569351855847833e-01
-2.593943960603476984e-01
1.000063804904510523e+00
1.002223563750879315e-01
1.000075067186714461e+00
1.000072233642007591e+00
-9.998794611542742850e-01
3.792019756044036627e-01
9.996381212272859029e-02
3.986508297000710410e-01
1.000066297762260414e-01
8.572143241609367012e-03
1.125006992705690489e-02
1.967145122444263206e-01
3.845984387814178618e-01
-7.769716493798450863e-01
-6.000834139539681367e-01
4.112023512760822896e-01
9.999507374223930434e-01
-4.740721334353691259e-03
-7.852337277424730200e-01
3.978842211305295140e-01
-4.118806491956557986e-02
2.016875307322240352e-01
-9.999600319119565928e-01
-3.067994327783195585e-01
3.992122431446347153e-01
1.953006530274014607e-01
1.672678051570021182e-02
9.999104063331205605e-01
1.000025692635062580e+00
1.000037311775832993e+00
9.981832412111317498e-02
-2.428169802708119232e-02
-9.999741742199850236e-01
-2.661296689563944495e-01
-2.948606988181640132e-01
1.000027976711816091e+00
-7.991812341827095878e-01
-7.869382470718881972e-01
-5.999138119080067444e-01
-2.282921663666989121e-01
-9.998814961141080371e-01
2.134869052424735181e-01
1.000157221523226558e-01
-5.999766138611086763e-01
6.304804838764270503e-02
1.000018981778289184e+00
2.174626593995306889e-01
1.883795468425896458e-01
-4.995240280544010342e-02
-2.750574626598616401e-01
-2.752329125813506305e-01
-3.767501642485593383e-01
4.029638539822019694e-01
-2.801981949015904805e-01
1.000102552169602754e+00
9.998730351394146121e-01
-2.184815816918187631e-02
2.007847568879974065e-01
1.891701331282863718e-01
-2.813959319725579944e-02
-3.598417342610716885e-01
-6.000255099921224522e-01
-9.999711197368486015e-01
1.896054917971718434e-01
-7.371886530166062330e-03
