-6.001645701146973710e-01
-6.000373729962278357e-01
9.998588663466014825e-01
2.691114083721087361e-02
-9.999000605085071047e-01
-7.888081535829142288e-01
-6.000893102515278965e-01
8.651616233205958184e-02
-7.975219374328671451e-01
-3.212789652691835918e-01
9.996648098294795559e-02
-9.999410254257379282e-01
1.933136009805447031e-01
-4.772681159492588726e-02
2.006878835722866183e-01
4.024323088279666560e-01
1.241521990254670048e-02
-9.999857990336947777e-01
1.933401953315831978e-01
-2.138995076707988011e-02
4.012587029928346150e-01
3.837063498373988191e-01
-3.568249213354902638e-01
-7.903768348822682865e-01
-9.999325498580720062e-01
3.959500980693526628e-01
-2.681295241014452491e-01
-6.000027870257977902e-01
-3.268091934411990196e-01
1.001881142596742491e-01
-9.999948958247797393e-01
-7.853711799964611107e-01
-8.094175766966539287e-01
-1.000067928811690487e+00
-7.117183552544019409e-02
9.999313994338343559e-01
-9.999141844782750699e-01
9.999800480614144949e-01
4.167190594646362212e-01
-6.001207533885211109e-01
9.998775102062060771e-01
-8.094851237765932073e-01
-3.171970819609078451e-01
1.000312009815339520e-01
-3.045706103103489326e-01
4.148758797980546809e-01
9.998100959814255895e-02
9.987986919008318143e-02
9.995430379858076531e-02
2.076187546761013858e-01
-1.000015529622124033e+00
-7.918645720551606981e-01
4.080665057020592679e-01
4.059845220455520765e-01
-3.137232419087290225e-01
-1.000131949242402118e+00
-7.956021758012798983e-01
3.975239726399760198e-01
-3.059980113613622321e-02
-9.999440966663487584e-01
5.703150979764250172e-02
3.941051920063163849e-01
-9.999180740343841522e-01
-2.558654311437854045e-01
-9.997986328744531415e-01
9.995164439039609661e-02
-9.996631187001897567e-01
-3.985176770467687563e-02
-8.027094093407639575e-01
3.987746793574682980e-01
-6.001240856353169395e-01
-3.708736205980578959e-01
1.000209123629935831e-01
-9.917045346221750601e-02
2.084138701263297255e-01
9.992533864905042695e-02
1.902032408788487949e-01
9.999655192403317239e-01
1.180093646536451574e-02
-8.042214415147351803e-01
4.078125051038355431e-01
3.886462356207472379e-01
2.026844407942955950e-01
2.149435313570705885e-01
9.998249464556610011e-01
3.948624184582226193e-01
-9.999256630947692681e-01
-5.999862065195059602e-01
-1.000149354544638047e+00
-1.471041449418950854e-02
-9.999699175860603528e-01
9.990037929110645587e-02
9.991382234757625880e-02
-5.997683833887714755e-01
-8.341327954498434227e-03
-7.791467449032544179e-01
-7.937577029280963314e-01
-3.156320591025312816e-01
4.081235778595774244e-01
-3.131307284528505042e-01
4.034280212069776272e-01
-7.944807064943094632e-01
-3.619344969568341064e-01
1.000517060265841557e-01
9.994946999699201584e-02
9.999585240411730247e-01
1.096706803247180645e-02
4.089549182118554782e-01
1.000505009266438733e-01
-2.212112185312110069e-01
1.994704859889720461e-01
-2.944463031460708979e-01
-5.998740398469168955e-01
9.999299399312657766e-01
3.987794110643835821e-01
2.024703405606297357e-01
9.998933750524185982e-02
1.000085909097041537e+00
-1.000051070332538705e+00
3.888396335734338738e-01
1.000076003295251592e+00
4.206809282118005866e-01
9.989984320403318130e-02
4.064821287619472256e-01
-5.998789363669160268e-01
4.108070911768515465e-01
-3.452151259521930027e-01
3.908801623906272837e-01
9.999286971412467695e-01
9.997559007505076867e-01
9.992514767267583753e-02
2.112449115813951617e-01
4.065371789688677073e-01
-8.002810747000724811e-01
9.990521381720615657e-02
9.999865595136437912e-01
1.000106299304544866e+00
-1.000104687182656216e+00
-6.001904709316098208e-01
4.172380412073274369e-01
-6.128725743141408278e-02
4.012427730608411069e-01
9.996875371434742197e-02
4.010039688692156323e-01
-1.723443198941645299e-02
-2.600272701905160244e-01
-6.001289808183096763e-01
2.115160642960501880e-01
9.999593882698507574e-01
-9.999059512082862922e-01
-7.964466164453499752e-01
9.998408265969893627e-01
3.934699771228513665e-01
-5.999918857159864949e-01
9.993972009212645502e-02
3.667153563617343154e-02
-2.194067562260710313e-01
-8.034101898572998390e-01
2.050511048710045026e-01
1.000108030077286603e-01
1.000104285395525983e+00
1.775856621943005254e-01
2.124144327574856994e-01
-2.846103199828772801e-01
-9.997341431310156068e-01
-3.089754036035851151e-02
4.107045077982116044e-01
-7.899674894726294028e-01
2.047895965572895660e-01
9.998990338925650700e-01
-7.973955486765748057e-01
-5.999457245142573170e-01
-9.999061570680584099e-01
-4.925497209579205588e-03
-3.211003101290967887e-01
-6.000681542913477440e-01
1.066003506400357292e-01
2.077889096997082852e-01
-9.998155228992391397e-01
9.997664539737373124e-01
-7.944592889330469587e-01
3.858858974409791753e-01
-2.771493921372480962e-01
1.000108113649593289e+00
-9.999049306084661914e-01
4.005222908101996326e-02
1.851292683655230142e-01
1.000463892460615595e-01
-8.072973214313039492e-01
-2.180975270395399956e-01
5.504756490148640657e-02
-3.055541566547957388e-01
1.946562349652568302e-01
1.107015406022712756e-02
-5.998647208726991531e-01
-5.999112892119753404e-01
4.046195552830036957e-01
1.000006812892893393e+00
9.985164376332235359e-02
-2.895353066168686040e-01
2.159443558748522785e-01
1.001804877029808388e-01
1.000949573962661987e-01
-8.079097085010835677e-01
-5.998605035091695292e-01
-6.000089856471640948e-01
9.999993306763443890e-01
-6.001245305242586259e-01
-6.001317316115212241e-01
9.999566731082557558e-01
2.240294362229505176e-01
-8.072204914848539747e-01
4.010585881371306338e-01
8.057790432909163816e-03
2.036399240884888828e-01
-7.973365530559103354e-01
-1.000145685085374714e+00
-8.087817480942046666e-01
-9.998816113605891731e-01
9.998591035728886522e-01
1.000293608572318860e+00
-8.082133650236515976e-01
-3.244642083540971722e-01
6.516584465285614469e-02
-8.100638562541031540e-01
1.000011999703210197e+00
-5.999271979673286292e-01
1.000249708001769433e-01
-9.999837055217301041e-01
4.139224100553982044e-01
1.912908091590155013e-01
1.000031386179562221e+00
-6.000076945721291022e-01
-5.998588820567656299e-01
-3.992310873487588951e-01
9.999669468646014137e-01
1.000869203863752888e-01
1.000058182958592612e+00
9.999718696491233239e-01
-1.000034591815878393e+00
4.247565030821083276e-01
9.997367384844509097e-02
4.055408818501589630e-01
1.000064428497592223e-01
6.323330359681672563e-02
3.746292792277943623e-02
2.244720781273237542e-01
4.017721787731560190e-01
-8.088045850179026441e-01
-5.999971725265387246e-01
4.139003886383743613e-01
1.000045851610379621e+00
5.597059002440660930e-02
-7.850548002476573917e-01
3.906130871241169089e-01
2.384245049735048486e-02
1.863560666459423421e-01
-9.999870344153770629e-01
-3.387719644814937703e-01
4.017572702865310208e-01
1.959028171526773499e-01
9.207874021037312090e-03
1.000015463829057261e+00
9.999132954498871628e-01
1.000200124466044338e+00
9.993894650432429139e-02
3.783223254403871721e-02
-9.999106783611543259e-01
-3.036413614644980496e-01
-2.327072788704249162e-01
1.000160898978558643e+00
-8.081409129164484062e-01
-8.102152189099414148e-01
-6.000253148559125949e-01
-3.140309427566049805e-01
-1.000112530653621601e+00
2.049958784315256133e-01
9.991199072797288250e-02
-6.000383785004007597e-01
-4.878221767962217376e-02
9.999362136201482842e-01
1.956262862991369755e-01
1.728220827867223974e-01
3.004031488039803077e-02
-3.021710044738259437e-01
-3.415838521110543535e-01
-2.501889037311640918e-01
4.028174563126775132e-01
-2.785263199361688868e-01
1.000095967851273970e+00
9.998890986763391275e-01
-2.967077255109738798e-02
1.937995033888860741e-01
1.863136804703703908e-01
5.261964349995088691e-02
-2.070427108255947779e-01
-5.999542873457660574e-01
-1.000161493615714159e+00
2.048778474897341717e-01
-1.412751111599786641e-02
