-6.000145703358645832e-01
-6.000796144636136864e-01
1.000058882601439603e+00
3.051963209999455570e-02
-1.000000801422545216e+00
-7.964755645747301216e-01
-6.001337774084994914e-01
-2.717079455047318945e-02
-7.977155162704645530e-01
-2.575679527462992335e-01
1.000417958613032954e-01
-9.999456000279189904e-01
1.887150510935717007e-01
-3.722365418404690457e-02
2.028529468002789049e-01
3.972781074532154011e-01
-8.698919777308505158e-03
-1.000077398387299477e+00
2.003978708136251174e-01
3.872729072795029655e-03
3.947098274474696300e-01
4.117885537593507506e-01
-2.959697166250957467e-01
-7.998626347508654977e-01
-1.000107147198782798e+00
4.195227522773370965e-01
-2.768998019582733505e-01
-6.001839549193058732e-01
-2.356884041748684433e-01
9.998461122406047952e-02
-9.998914377439540591e-01
-7.913048549044429114e-01
-7.918333562051524943e-01
-1.000071981331741133e+00
1.609230145167982878e-02
9.999933385788705165e-01
-1.000169179366303895e+00
9.999824045603512568e-01
3.922048863908807470e-01
-5.997272366728939597e-01
9.998968110887348493e-01
-8.033286497433476114e-01
-3.848974828561754769e-01
1.000790454552452913e-01
-3.376972134468499420e-01
4.114761824765126863e-01
1.000018160395114986e-01
9.990536225880036758e-02
9.984537454681823021e-02
1.949184103677162605e-01
-1.000009136959947753e+00
-8.109704924637003431e-01
4.027696498442271400e-01
4.184876617867480664e-01
-3.591942320565648661e-01
-1.000113482119134201e+00
-8.045640957041716446e-01
3.789561442201566099e-01
3.215899030247346135e-02
-9.998963258624258277e-01
1.103591313880054360e-02
3.845451370156408588e-01
-1.000228980264403766e+00
-3.140817576244239739e-01
-9.999363956433288125e-01
1.000986923882167812e-01
-9.999722925558204301e-01
-1.867646791355848448e-02
-7.965611868041607702e-01
3.850554405420479331e-01
-6.001773651689431555e-01
-3.026337817896910254e-01
9.995291326077236638e-02
-2.781964551344304204e-02
2.096152486997577558e-01
9.994054162860616097e-02
2.074739160423162421e-01
1.000146700918524090e+00
-1.797750700922019426e-02
-8.010970023816943453e-01
3.932108943933738665e-01
3.929139649627048647e-01
1.896313711924363099e-01
1.789919586558399167e-01
1.000066814750206978e+00
4.204101515427175473e-01
-9.999380406592820458e-01
-6.000762892116352498e-01
-9.999650313493362308e-01
-8.876564562410749204e-02
-1.000169295449089057e+00
9.993980532894422564e-02
1.000879560463192042e-01
-6.001332772059491116e-01
7.417554894981354466e-03
-7.957193510749271947e-01
-8.007235797259040222e-01
-2.386784618469817432e-01
3.944960775111684970e-01
-2.757877743388554292e-01
4.003279822402616706e-01
-8.155123505615026192e-01
-3.176905699919752579e-01
1.001781237274189107e-01
1.000637732571383193e-01
9.999088944349815433e-01
2.374934749979185772e-02
4.042595352465049863e-01
1.001309768649205484e-01
-2.800586112973288966e-01
1.916989992090022965e-01
-2.377943013679396922e-01
-6.000474531159865066e-01
1.000058385740824063e+00
4.125343629981214622e-01
2.155757286526179817e-01
9.990227498787170035e-02
1.000120627075576030e+00
-1.000011281525945206e+00
3.993931096728874919e-01
9.998676707163205446e-01
3.964449129362762059e-01
9.993325786243748010e-02
3.914854519683522716e-01
-5.999348287980164063e-01
3.936852601367221705e-01
-4.395392619682735313e-01
3.888443734423605580e-01
1.000142840292944868e+00
1.000034156570683175e+00
1.000249144369606408e-01
1.934794190396587343e-01
3.953669047099139244e-01
-7.972736160839529740e-01
9.995241373566064735e-02
9.999114568276579185e-01
9.999433435199526210e-01
-9.999309978009874866e-01
-6.000035560387072531e-01
4.027197563619295262e-01
-3.661695549054312833e-03
4.058951984812506630e-01
1.000570829541278794e-01
3.914659298710966295e-01
-3.977002628069151863e-02
-2.956726135785608944e-01
-5.999632360252294960e-01
2.196820664651442656e-01
1.000025921328015821e+00
-9.998184381383561359e-01
-8.084650151581198596e-01
9.998059228381409591e-01
4.076214114545710920e-01
-5.999793634362619033e-01
9.983853871959703918e-02
-4.455159909550927833e-02
-3.025565338436843055e-01
-7.918264206648313319e-01
2.145941262278374673e-01
1.000315235494407401e-01
1.000032701152574255e+00
1.954845870223086146e-01
1.918085992167901932e-01
-3.020024872330198673e-01
-1.000052833968474442e+00
2.402672561528541861e-02
4.113715278784168539e-01
-8.014105013455011806e-01
2.072627256801039264e-01
1.000127180545917538e+00
-7.988512682540535037e-01
-5.998682866912850020e-01
-9.999362238366864553e-01
-3.891408677990837450e-02
-3.745018005438657260e-01
-6.000474298044985444e-01
4.632713777985474762e-02
2.114834781173669798e-01
-1.000102427180559639e+00
1.000106492123785662e+00
-8.252751168423479999e-01
4.170662422812520531e-01
-3.278667567275746486e-01
1.000118963326813493e+00
-1.000128551566050294e+00
9.161177508520586266e-02
2.049440493264992336e-01
9.991612070470265450e-02
-8.042029396741614544e-01
-3.488550826559949636e-01
4.695744956786566254e-02
-2.579571895489359834e-01
2.015010717081145708e-01
1.915375312074294595e-02
-5.999219779474131986e-01
-5.999441391912637700e-01
3.935263789246703503e-01
9.999665612303547668e-01
9.985841131902534196e-02
-3.123246001634183422e-01
1.863037340661935215e-01
9.987024719068379741e-02
9.996966793256654993e-02
-8.000612775647830688e-01
-6.000209663336976140e-01
-6.000086149137634495e-01
1.000060434977231294e+00
-5.998207150935433996e-01
-6.001521378502620019e-01
1.000021056801005725e+00
1.974010979069165950e-01
-7.855456323743660318e-01
3.963946384867766959e-01
2.645571828918226800e-02
2.218334840289598042e-01
-7.897936841080158699e-01
-1.000103790690725525e+00
-8.130593999854639486e-01
-1.000060922874729696e+00
1.000105074801590943e+00
1.000007996232306740e+00
-8.060906515146538664e-01
-2.170973747483571081e-01
-2.645951597717229389e-02
-8.091025592463082505e-01
1.000008855009485220e+00
-5.999119425711739728e-01
1.002117879325129246e-01
-1.000092484791722747e+00
4.031309008028952090e-01
2.028641181613355104e-01
1.000035954482107581e+00
-5.999575000766766975e-01
-6.000090446485082385e-01
-3.377579436785175804e-01
1.000016173731571589e+00
9.996831960136183526e-02
1.000089754949756493e+00
9.999669104340235259e-01
-1.000014667778795330e+00
3.853486038763463961e-01
9.990085888287911220e-02
4.017825841974748124e-01
1.001836165311725396e-01
1.024390979320692757e-01
3.957802774883238672e-02
2.008764282809130386e-01
3.934632615898540631e-01
-8.044440394120045967e-01
-6.000414863505341145e-01
3.806597439665488913e-01
1.000169504463998438e+00
2.424794421543151335e-02
-8.068132277106810912e-01
3.883352371809679626e-01
-3.621670053437900383e-02
1.918836531653598798e-01
-9.999313834778985610e-01
-2.872311052132163200e-01
3.944083061702725046e-01
2.081363982570997861e-01
1.653930598252897552e-02
1.000028421022823411e+00
1.000097437596092487e+00
1.000011763517426155e+00
1.001102296364918265e-01
9.150160311465029006e-02
-1.000164873634597829e+00
-3.170076656556685690e-01
-3.782746634605690939e-01
9.998751507943182126e-01
-7.988934522103054992e-01
-8.057716831883217079e-01
-6.000507715786909113e-01
-3.225330047410097101e-01
-1.000094170702305663e+00
1.836572438596170143e-01
1.000441409881859811e-01
-5.999467511918116225e-01
3.596904958894540233e-02
9.998599349190476770e-01
1.955111008896937008e-01
1.967294192815666476e-01
-3.441480628226070704e-02
-2.790476442845129523e-01
-2.411198970591037494e-01
-3.685919573725829901e-01
4.045732061730057949e-01
-1.788825809548469092e-01
1.000201547824891790e+00
9.998730245639407821e-01
-2.187582520082532664e-02
1.952244955441795049e-01
2.007913030603399318e-01
-6.548048273991470547e-02
-2.842854150512056921e-01
-6.002097351908256551e-01
-1.000001384336157484e+00
2.014974084925544584e-01
-5.406904183289906740e-02
