-5.998952284618116471e-01
-6.000032012001991211e-01
9.997507812508584779e-01
6.995031256325613678e-02
-9.998631011487219000e-01
-7.980833229940617057e-01
-5.999055562109680828e-01
-3.045584572547822833e-02
-7.983974087935723496e-01
-4.019782938438621889e-01
1.000528355903111677e-01
-1.000024689993717075e+00
1.798067110619911979e-01
2.594213763543881321e-02
1.954991376013835713e-01
4.242164037996512538e-01
-7.529859752906056802e-03
-9.999595643244617582e-01
1.972170764780167007e-01
-8.866347854601755799e-03
4.036601442159210018e-01
3.820692237334443186e-01
-3.125140888971286168e-01
-7.805408250620504695e-01
-1.000044936407713081e+00
4.078299884866362079e-01
-3.189625865720806530e-01
-6.000539655187826504e-01
-3.408606557831408423e-01
1.000557773107909193e-01
-9.999130484943397068e-01
-7.946083501609474409e-01
-7.938926782408920468e-01
-1.000030062790038254e+00
-2.503954143507655661e-02
9.998804236645980614e-01
-1.000116568383716986e+00
1.000014521112603250e+00
3.992849557001786343e-01
-5.999537112641013525e-01
1.000098253023506745e+00
-7.802379014070580654e-01
-2.693933564904057443e-01
1.001469253448145358e-01
-3.107583548811028162e-01
4.110783333354885438e-01
9.992050587589675070e-02
1.001376871138500435e-01
9.994660801757604407e-02
2.050146225474649697e-01
-1.000044173225068667e+00
-7.912024041448353362e-01
3.972175573080522493e-01
3.953936761809413447e-01
-3.209771519435373754e-01
-1.000066424156814016e+00
-8.022258408902787075e-01
3.994426537317374293e-01
2.084577973935513445e-02
-9.998906814698761414e-01
2.291936803928561195e-02
4.055270626713527449e-01
-1.000122685123104871e+00
-2.608386233502466567e-01
-9.999498399129949089e-01
9.983363673141777694e-02
-1.000013156330946451e+00
1.533227254812630051e-02
-8.007197111027714032e-01
3.983680020176816883e-01
-6.000693566351819053e-01
-3.292372294711958247e-01
9.977742793673304023e-02
5.943614282255846315e-02
2.065487036491002737e-01
1.000467192246674852e-01
1.919177226085509447e-01
9.999531162553624286e-01
5.033221854828848207e-02
-7.907956913211983130e-01
3.770600335183970642e-01
3.876175117240333035e-01
1.995671544093805816e-01
1.928262057214999436e-01
1.000025575078289597e+00
3.996942299194460868e-01
-9.999489056617417715e-01
-5.999570284759097039e-01
-1.000079088754681100e+00
1.804552296359631866e-02
-9.999876552123068141e-01
9.989426380858082433e-02
1.000252437680346634e-01
-6.000277626221812710e-01
3.154221249838381341e-02
-7.896515238528779568e-01
-7.976740831226244444e-01
-3.039320818056430173e-01
3.988679061669874182e-01
-2.256168735121422686e-01
3.906720061002093014e-01
-7.870675638036227495e-01
-2.730330275720694866e-01
1.000630517709295564e-01
1.001677960350851743e-01
9.998294181257043611e-01
7.150615648508652084e-03
4.051956565932018361e-01
9.993631812240046097e-02
-2.923779319823378020e-01
1.952993808258318420e-01
-3.961264340397827044e-01
-6.000207609575378687e-01
1.000045651067698493e+00
4.112921153532804186e-01
1.832758256463630775e-01
1.000508769872000825e-01
9.999939566902964483e-01
-9.999557323904738615e-01
4.224245361109987829e-01
9.999023901392595226e-01
3.998508397263090819e-01
9.975272694953966901e-02
3.950678485545258134e-01
-5.997414690268945137e-01
3.914541985923079559e-01
-2.441882911326998251e-01
3.938996852872758692e-01
1.000011273496671516e+00
9.998514031816349013e-01
9.992771159578588136e-02
2.222998462841793421e-01
4.157628411471632757e-01
-7.944765181583348657e-01
1.000366569141503681e-01
1.000074492763379785e+00
1.000146710778001768e+00
-1.000012588466201002e+00
-6.000229179335392349e-01
4.097842060913105544e-01
-1.006425713683606199e-01
3.894221534898182346e-01
1.000534927608430352e-01
4.005920466630011334e-01
5.188455421719390115e-02
-2.806424507887100295e-01
-5.999780496172055777e-01
1.938569699063930341e-01
1.000037591950090343e+00
-9.999604893995647226e-01
-7.931466817908118250e-01
9.999834420014245273e-01
4.126312137390492629e-01
-6.000422859580926138e-01
9.992822103337671569e-02
3.143491974420587615e-03
-3.403492805616368244e-01
-7.855662065200977873e-01
1.976603850936816953e-01
9.997332531383458509e-02
9.999686518390726864e-01
1.883195982132634116e-01
1.935930649038965223e-01
-2.626149266451028308e-01
-9.998971375141885165e-01
4.497504694880335280e-04
3.985902970166023129e-01
-8.048193835875592228e-01
1.909817871350397989e-01
1.000051686606134860e+00
-8.072707146222771746e-01
-6.002183104429816840e-01
-1.000154392182080132e+00
-3.372283360908061994e-02
-2.501332838841951456e-01
-6.001313444622102811e-01
-1.328862015143926489e-01
1.970243635271892724e-01
-9.998437949533298674e-01
1.000300734654134160e+00
-8.038105058290561100e-01
4.026368984169570453e-01
-2.641418196410530994e-01
1.000133123586717243e+00
-9.999691041039002748e-01
3.368991481993230397e-02
1.903986840009986303e-01
1.000393978764725078e-01
-7.841094014994279826e-01
-3.173232213998245510e-01
3.922405014268488116e-02
-2.993577123784308402e-01
1.959946762803501663e-01
-1.777820178927666181e-02
-6.000539261110630074e-01
-5.999238260418887636e-01
4.088903837473546465e-01
9.999959583915621897e-01
1.000732923219376791e-01
-2.804749789938004723e-01
2.147865516236702188e-01
1.000085445704431142e-01
1.001249430412937680e-01
-8.067706253752843226e-01
-6.000697656565581184e-01
-6.000063983232484244e-01
1.000070937944586014e+00
-6.000835233941248514e-01
-6.000919313975042746e-01
1.000176417844429233e+00
1.839706925818390959e-01
-8.043372163135003028e-01
3.945615983636646118e-01
-2.670307171610964564e-02
2.065328458339467932e-01
-7.911413594206974098e-01
-1.000177020205524014e+00
-8.103604544616972438e-01
-1.000114201845669237e+00
1.000019891699369445e+00
9.999903328587950169e-01
-8.038812886502830768e-01
-3.039107215738756640e-01
2.108322667827694508e-02
-8.022298353812812310e-01
9.999375307144020564e-01
-5.999942363765196074e-01
9.989425037984074607e-02
-1.000094030448265503e+00
3.994779971418247477e-01
1.894168324907065937e-01
1.000015130873598501e+00
-6.000826927105800124e-01
-6.001020747181142756e-01
-3.284078347949095367e-01
1.000109216860648464e+00
9.993080979683331699e-02
9.999152056545855816e-01
1.000017759577778165e+00
-9.999419862896552491e-01
3.979689859371456917e-01
1.000292675935751802e-01
3.957941853385293363e-01
9.994367590417167768e-02
1.230191813609868429e-01
-6.440294957357642347e-02
2.019606941417352031e-01
3.992395501221968623e-01
-8.025296239495551820e-01
-5.999837676019191823e-01
4.169662774463985810e-01
9.999343746799599364e-01
-6.812264755666943682e-04
-8.137940759685439174e-01
4.119864808926362310e-01
-4.264469547583716463e-02
2.032755099556733114e-01
-9.999820967578066933e-01
-3.575552818596522964e-01
4.219819154749472334e-01
1.975454695465282406e-01
-7.332930847634167026e-02
1.000082909396602604e+00
1.000166764982733936e+00
1.000158131545403339e+00
9.989105081861968105e-02
-7.199369532861425725e-02
-9.999265079801015199e-01
-3.089573876374503425e-01
-3.891096223849916935e-01
1.000228564231014694e+00
-8.159827581650724859e-01
-8.101422906904878207e-01
-6.001485432124411545e-01
-2.848313321843757295e-01
-1.000133991194226413e+00
2.007805260153528171e-01
9.990636909659034171e-02
-6.000615551291040850e-01
4.444083442924803840e-02
1.000180261247085811e+00
2.091688174164180458e-01
2.000904758806765216e-01
5.133813287332788383e-02
-2.786426914558797208e-01
-2.924116919858342767e-01
-2.398099082054999942e-01
4.101989645511641691e-01
-3.686714805578685805e-01
9.998842095893986093e-01
9.999161668359790589e-01
-5.586418839779601353e-02
2.043091890189341620e-01
1.988399066124966474e-01
1.251704096783049641e-02
-2.915987192281675466e-01
-6.000294420639827875e-01
-9.997931308884540069e-01
2.026147785918350208e-01
-5.433359674159887742e-02
