-5.999342714913876717e-01
-6.000215449310215554e-01
1.000036283867450360e+00
1.451274647070812523e-02
-1.000024682183791924e+00
-7.813212892808957255e-01
-5.998619675893381853e-01
5.256394234421995874e-03
-8.077580438032850862e-01
-3.390720596037782864e-01
9.988036066217387265e-02
-1.000123862730058821e+00
1.972297587886528147e-01
6.849848740046422108e-03
2.047287427887423406e-01
3.967695248648082651e-01
-1.249730472842153564e-02
-9.998325663844142008e-01
2.153794894787258440e-01
-3.322477939571245875e-02
3.960296155612891278e-01
4.047818444790288739e-01
-3.098869377420100379e-01
-8.280923724736065639e-01
-9.999676447218407427e-01
3.957750760440295612e-01
-3.552118340767919102e-01
-5.999551003421222939e-01
-2.380765258707633891e-01
1.000153584163668286e-01
-1.000060810702761316e+00
-7.961546076802419325e-01
-7.950285990446004369e-01
-9.999301406261920100e-01
6.385989165455217831e-02
1.000108369712878087e+00
-9.999892613478125192e-01
1.000072691272219982e+00
4.007152701442104337e-01
-6.001746806537028300e-01
1.000021915979101506e+00
-7.924974131022108903e-01
-3.994344927902034881e-01
1.000681201972070944e-01
-2.600553901595191175e-01
3.851868892913645204e-01
1.000427855606308564e-01
9.999282887386205798e-02
1.001297018535017153e-01
1.813358311098638431e-01
-1.000031580301262046e+00
-7.880116228965222680e-01
3.927129280874003814e-01
3.982230360700513283e-01
-2.091930206581621987e-01
-9.999360289574144023e-01
-8.190441288928935748e-01
3.883410247906637358e-01
-4.840082319019725632e-02
-9.999956614485893125e-01
2.021845257311548696e-02
4.119846186844408620e-01
-1.000011341526376940e+00
-2.601622231847373623e-01
-1.000027684789243310e+00
1.000250567629694526e-01
-9.999047801748109920e-01
-6.896558353784108808e-02
-7.865854739338035140e-01
3.806778647205502075e-01
-6.000280842168201900e-01
-2.957923608031836626e-01
1.000473926812103648e-01
9.588406664981717620e-02
1.944338371607677862e-01
1.000696837374297071e-01
1.876713213589544793e-01
1.000151842807362579e+00
-5.360994342578874125e-03
-8.013758920544821196e-01
4.104344959777956880e-01
4.060396270053481804e-01
2.082285678725583900e-01
2.077546265018608007e-01
9.999441195321330245e-01
4.328739783453396939e-01
-1.000103694920019048e+00
-5.999888121333893931e-01
-1.000037461909869752e+00
1.218501136432269434e-02
-9.998467245023068273e-01
9.997754924477728067e-02
1.001322033115998184e-01
-6.000785852610300841e-01
1.033629949030058920e-01
-8.014007112477070649e-01
-7.983784329387477730e-01
-2.930860369811330579e-01
4.030567906289219127e-01
-3.189276391357130369e-01
3.833372997917099956e-01
-7.825538542489371974e-01
-2.727538702357899525e-01
1.001063858942017049e-01
9.995726184939474068e-02
9.998740004125037384e-01
-3.515059736497321702e-02
4.125342368480552357e-01
1.001704964339768938e-01
-3.504632809798152171e-01
1.995107559031714661e-01
-2.802177775973619389e-01
-6.001305428424001942e-01
1.000059332868529216e+00
4.000210923410252861e-01
1.916183756672953653e-01
9.972714856507639003e-02
1.000002211198520508e+00
-1.000047173944927259e+00
4.044610743781456019e-01
9.998125925925411828e-01
4.016000838610058743e-01
9.992256410839812919e-02
4.112342792528654312e-01
-5.999513840555199540e-01
3.854787641713784407e-01
-3.358827359090881814e-01
3.956490094651126666e-01
9.999637751013467080e-01
1.000025042585393376e+00
9.994366732877846271e-02
2.050411279067894665e-01
3.783004299403984749e-01
-8.046778928427829047e-01
9.997235335220945596e-02
1.000079861061750508e+00
9.998680246114091119e-01
-9.999101164472198322e-01
-6.000235022351738667e-01
4.010003286648332610e-01
1.468099600806553216e-03
3.960463661124848378e-01
1.000443183967914679e-01
3.970429847194344442e-01
2.795791946562673630e-02
-3.170589271911048446e-01
-6.000414253432622136e-01
2.042384893043394101e-01
1.000023017380648360e+00
-1.000064041154514749e+00
-7.877352783001764225e-01
1.000043132803024148e+00
4.070008524484631796e-01
-6.000781896949973770e-01
1.000685106376620892e-01
-8.780912414054329110e-03
-1.987495911884791244e-01
-7.996722210995859115e-01
2.060850857214228116e-01
1.000643886182396164e-01
9.998650113070588485e-01
2.074660296143907567e-01
2.066699734546846301e-01
-3.004440453049766480e-01
-9.999459708165820970e-01
-2.231309221020070718e-02
3.954180873423734921e-01
-7.872923235030485634e-01
2.053276965222486650e-01
9.998470180886576131e-01
-8.081380982452918138e-01
-6.000213550994555334e-01
-1.000009384610358376e+00
-3.583504442576273402e-02
-3.393414014587103344e-01
-5.997538485311206813e-01
-6.605399969108047276e-02
2.183679243055202113e-01
-9.997560626912787018e-01
9.999909736748813227e-01
-7.901506210533782992e-01
4.173883375883801761e-01
-2.612334670645223844e-01
9.998388621026977896e-01
-1.000013743980801673e+00
-3.716338110605297076e-03
1.911880312754486166e-01
1.000619956610544065e-01
-7.908739350235312049e-01
-2.869973030613200971e-01
6.199446480781583418e-02
-3.349412791239271825e-01
2.045788746809775738e-01
9.706970009359723595e-02
-5.998380599847121797e-01
-5.999992985847428795e-01
3.879731388376146395e-01
9.999900883200673052e-01
1.000921164001838254e-01
-3.740067932204160783e-01
2.067408885889036041e-01
1.000736537762823980e-01
1.002160236791427017e-01
-7.887782265673655147e-01
-6.000460912086391652e-01
-6.002021264282488833e-01
1.000165542022769083e+00
-6.000164826584988287e-01
-6.002243208251593076e-01
9.998844401015373196e-01
2.105076278342105922e-01
-7.905790239586351076e-01
4.080478411034773600e-01
-4.784814272009527136e-02
2.130968364280650118e-01
-7.932033257782877822e-01
-9.999082939557720762e-01
-7.905250205421511245e-01
-1.000047109726001304e+00
9.999600246747970544e-01
1.000069327380879614e+00
-7.975150929096969099e-01
-3.116116240125138548e-01
-7.825954383085959032e-02
-8.036819884281627413e-01
1.000045309534436822e+00
-6.000653298328658680e-01
9.993240514642715011e-02
-9.999807095163076864e-01
4.054275786704158446e-01
1.927728444563919508e-01
1.000055999820206987e+00
-6.000387894052967575e-01
-5.998462910164116257e-01
-2.886802783110776760e-01
1.000094510519001556e+00
1.000161772225947598e-01
9.999589891477348447e-01
9.999924302274543209e-01
-1.000100904878360009e+00
4.087272451021454756e-01
9.997399734666165272e-02
4.006253573664717571e-01
1.001264799318499904e-01
6.236228274794106130e-02
-5.299967122617200294e-03
2.087539890951946309e-01
4.063562282520228885e-01
-7.940165222524396826e-01
-5.997647180275857970e-01
3.942578931151369814e-01
1.000049762982267776e+00
-7.667506494712160448e-02
-8.147886649988644869e-01
4.285833103361599838e-01
2.604267896308374436e-02
2.029958308528222177e-01
-9.998948429431170348e-01
-3.245703525624574759e-01
4.149059784881601876e-01
1.976324274941020920e-01
-1.629155843261217637e-02
1.000047695736237641e+00
9.999775053005679482e-01
1.000190220950228914e+00
9.989393872286927989e-02
-1.359862197503569452e-02
-1.000186334151839995e+00
-3.474537973502963562e-01
-3.408296689743910424e-01
1.000100237442842932e+00
-8.004122132353735930e-01
-7.997083320855453703e-01
-6.001148173262961238e-01
-2.214891388675279682e-01
-9.998436154460211833e-01
1.855937020297558360e-01
1.000107835450066429e-01
-6.000406275018489444e-01
-6.895801813928885415e-02
9.999704446851793715e-01
1.970878780566630017e-01
2.031733134619375103e-01
-1.155368478938667565e-02
-3.033623520063336576e-01
-3.964106930991495581e-01
-2.588259698977762868e-01
4.061403400009616083e-01
-3.296448339273811423e-01
1.000026569589342218e+00
1.000103581743309045e+00
-2.389500586520287503e-02
1.889063709272797154e-01
2.052313406814641472e-01
2.968076414368731736e-02
-3.465967608436579250e-01
-6.000469480288435076e-01
-1.000107871996838371e+00
2.108078290120092846e-01
3.971768211653003977e-02
