-6.000136323514364545e-01
-5.999675645494119136e-01
9.999067869200498615e-01
-1.053060489563427751e-02
-9.999831578713476166e-01
-7.910786347786686878e-01
-6.001281848975678068e-01
1.891812170965806450e-02
-7.886142321505921204e-01
-2.933669881772588139e-01
1.001669134127468885e-01
-1.000087121759683173e+00
2.027126523623253851e-01
3.233978897021313331e-03
1.943089259566268268e-01
3.924167819640724253e-01
2.845154011267907526e-03
-1.000069783238932697e+00
1.916330060939012980e-01
-4.246510285733545026e-02
4.109647914045564954e-01
3.905924062123973806e-01
-2.472953807441077845e-01
-8.008267560741200164e-01
-1.000004209909318487e+00
4.095980507803742010e-01
-2.756394323479868791e-01
-6.000720748668293414e-01
-3.449130126452907841e-01
1.000172987589836165e-01
-9.997887585664122501e-01
-8.052846485024878209e-01
-8.100415357353778489e-01
-9.999051163750132254e-01
2.792157317873076444e-02
9.999731978851329472e-01
-1.000137311698753528e+00
9.998133009512512048e-01
3.970587397123180318e-01
-6.000316721848020229e-01
9.999910630460302485e-01
-7.927364807043330019e-01
-3.116581123299641543e-01
1.000182788965562342e-01
-3.049378041006660656e-01
3.866683274225795053e-01
1.000724967217421352e-01
1.000470535844016490e-01
1.002236347042979453e-01
2.042156516672861410e-01
-9.998519715309854838e-01
-7.891889739520678848e-01
4.008565135804387225e-01
4.010065492300760037e-01
-2.236358842480253850e-01
-9.998541847916750935e-01
-7.957587856049973540e-01
4.149545561897242663e-01
5.268620290805911370e-03
-1.000122654950573953e+00
-1.256346957635545991e-01
3.985477724686156686e-01
-1.000035615216874341e+00
-2.690162183152565722e-01
-1.000120294395692389e+00
9.988418623917671990e-02
-1.000157686526819356e+00
1.009935414780825354e-03
-8.193813777969289891e-01
4.054538670719945448e-01
-6.001733182346362661e-01
-1.610024763139245307e-01
9.979558026479351529e-02
2.045162765857656481e-02
1.958570215815286231e-01
9.987434285430088488e-02
2.037639804134217525e-01
9.998558542561839513e-01
4.255764859176038029e-03
-7.764336136934769650e-01
3.907973244590550177e-01
4.067481830724887781e-01
1.961716173982773481e-01
1.906923891965515150e-01
1.000088620383097204e+00
3.892166906625375566e-01
-9.999553185789609167e-01
-5.998653458548750539e-01
-1.000171349363573992e+00
-1.716856488584983520e-02
-1.000008107986963379e+00
9.994392953907986488e-02
1.000978564750582694e-01
-5.999259509672408841e-01
-5.987484645511544079e-02
-8.117763643144315644e-01
-7.959065908727323002e-01
-2.353812594982163109e-01
4.062437793864012159e-01
-3.305383383962732791e-01
3.887300892601406321e-01
-7.949247995287893609e-01
-3.497896037363493749e-01
9.992582987596551614e-02
9.983450312944326666e-02
1.000040348445762506e+00
-2.153953768893368537e-02
3.893875650727450788e-01
1.000951483575840545e-01
-3.088063228902400148e-01
2.083144932609571620e-01
-2.361350879875237507e-01
-6.000654715643678472e-01
9.998229007181956840e-01
4.034004420215545617e-01
1.962493704031644526e-01
9.986832659372892051e-02
9.999484138037368908e-01
-9.998801305920087534e-01
3.972345599047493736e-01
9.999868562464713229e-01
4.074380408092002082e-01
9.991777422856486235e-02
4.215218026281759567e-01
-5.999178651748170443e-01
3.918086368009073839e-01
-2.620669083957770096e-01
4.064006551741429218e-01
9.999118963604594068e-01
1.000037687877745052e+00
1.000509349395823228e-01
1.900415646661975377e-01
4.118229943388130865e-01
-8.003427218057928005e-01
1.000532696331799115e-01
9.998767720654364588e-01
9.999292205811384227e-01
-9.999710551860604424e-01
-5.999127619907895781e-01
3.821271037078888821e-01
1.403599181715740711e-02
3.933461052672848624e-01
9.989892433129170246e-02
4.078441641895809155e-01
-9.372162862504324066e-02
-2.873041205508988782e-01
-5.999785736068532493e-01
2.021128376567553897e-01
9.999401279153051769e-01
-1.000041164818071815e+00
-8.106407451065306136e-01
9.999828310988005953e-01
4.003356719215925841e-01
-5.999748887751560344e-01
9.987480248739856459e-02
2.124996979413904322e-02
-3.476439424692201463e-01
-8.008855000731099905e-01
1.936636047715700470e-01
1.000740849756167755e-01
9.999625034994356065e-01
1.937019462933759484e-01
2.012378238050031576e-01
-2.567094453064851511e-01
-1.000002823408643549e+00
-2.941435610872755735e-02
4.038168930105901500e-01
-8.078097199097455938e-01
2.032268302259296056e-01
1.000082637429481336e+00
-8.060697006150917554e-01
-5.999634964164011208e-01
-1.000139746030471954e+00
-1.744555251234320911e-02
-2.883526104897189413e-01
-5.998581053091360804e-01
-3.140600817167981187e-03
2.134349318683891328e-01
-1.000031928051207109e+00
9.999819090947486000e-01
-7.798870340720220895e-01
4.177000449802865667e-01
-3.247399098164157616e-01
1.000015356665512334e+00
-1.000033168159185193e+00
5.510801095596737408e-04
2.177626037224694167e-01
1.000594224063451054e-01
-7.961397776712725305e-01
-3.222071922778422248e-01
-2.329879616682560550e-02
-2.282221975743467524e-01
1.789679026089151526e-01
-7.072614273770152019e-03
-6.000615889448720486e-01
-6.001152931999869100e-01
3.985419760232172259e-01
9.999688464745822847e-01
1.001010903728646595e-01
-2.889040819971995799e-01
1.997172597193919430e-01
1.000974949133656838e-01
1.000165405070356089e-01
-7.931977078166333461e-01
-6.001671908830087387e-01
-5.999663562271148054e-01
1.000043827434248467e+00
-5.999459274935883268e-01
-5.999774691939602222e-01
1.000087246054348178e+00
1.923385415278451860e-01
-8.080115301078508727e-01
4.174342077761320491e-01
1.930838942449755735e-02
1.889747448436724375e-01
-8.014836477770292955e-01
-9.999176384453237754e-01
-8.035005051904080542e-01
-1.000040064171301202e+00
9.999498592466533609e-01
9.999226783257710860e-01
-8.068450831060988149e-01
-2.638451849696739626e-01
-4.160110647105041970e-02
-7.944680919324527135e-01
1.000095370700964326e+00
-5.998912814812872307e-01
9.999154700651284589e-02
-9.998975369016560588e-01
3.840155123425441630e-01
2.060977376657658067e-01
1.000056527633717884e+00
-6.000719311582427551e-01
-6.002463745064984257e-01
-2.711629709792831022e-01
1.000136223930405466e+00
1.000980556508647978e-01
1.000014419178057334e+00
1.000101995203267480e+00
-9.999184110700084505e-01
4.066014555370363603e-01
1.001017740070983403e-01
3.840951728915334984e-01
9.992056919403159709e-02
2.455304291797287194e-02
-3.313058258681946672e-02
1.963061676852408122e-01
4.006288174912323030e-01
-8.016154124150269844e-01
-6.001434014564699382e-01
3.973262331123658120e-01
9.999494468541255676e-01
-1.517006472584900116e-02
-8.177963075056855491e-01
3.965393817566677526e-01
3.065450065824704140e-03
2.096134609385351399e-01
-9.998720354974248714e-01
-2.699681561741951730e-01
4.066547415762604700e-01
2.028770225776062031e-01
1.892779742677941010e-02
9.999145668764608530e-01
9.999130755222142009e-01
9.999634972069888494e-01
1.000000304286345482e-01
3.857374114494299677e-02
-1.000104698388665891e+00
-2.745574875427712613e-01
-3.629187541751071056e-01
1.000047011838390398e+00
-7.976270880600341284e-01
-7.994211821305544641e-01
-6.002170955551838771e-01
-3.202186497686652089e-01
-1.000077878747945181e+00
2.168528111666555569e-01
9.999486859508878445e-02
-6.000316555914219085e-01
-3.886849642966547225e-02
9.999870920248210560e-01
2.008076612970375041e-01
1.989782279498672479e-01
3.005922520242622353e-02
-3.318576710483560066e-01
-2.285602758249171695e-01
-3.392069990215970665e-01
4.121436074534295391e-01
-3.300569774682478030e-01
9.997733708283811360e-01
1.000055651753673613e+00
1.950877140664409454e-02
2.113531105502541307e-01
2.006221761770615453e-01
-8.569422400346053681e-02
-3.342841028630253453e-01
-5.999826737164334345e-01
-1.000067729181808751e+00
2.038509162848743395e-01
2.138924773811400407e-02
