-5.999636382462499862e-01
-6.000349717319125586e-01
9.999010763811971847e-01
3.694538338456603010e-02
-1.000017689631703233e+00
-7.947809436003641093e-01
-6.000105197305052318e-01
3.884461160877176328e-02
-8.149891546549754562e-01
-2.723082589703673673e-01
1.000147508762379012e-01
-9.998665332875797951e-01
1.822915819801790016e-01
5.507850573187420169e-03
1.986070728221616399e-01
3.942478414874975301e-01
-7.643029663062564372e-02
-9.999410588959848356e-01
2.016005611528292607e-01
-4.468531639286679041e-02
3.823972788611742502e-01
4.084181790067725193e-01
-2.495525319458901381e-01
-8.055833414654540725e-01
-9.999665600793796738e-01
3.912109356737368260e-01
-3.152468219546937789e-01
-5.999567736409374685e-01
-3.691134448046043959e-01
9.992984419412946628e-02
-9.999744056708546047e-01
-8.204608583604816596e-01
-8.101578948593004537e-01
-9.999304310333317902e-01
7.599867786292666128e-02
1.000165887600617642e+00
-1.000097937070713039e+00
1.000022005578566464e+00
3.934668717469461119e-01
-6.001213526452430225e-01
1.000015622215582711e+00
-7.895288901348361810e-01
-4.365555405876042072e-01
9.992317740277460725e-02
-2.759982581826595505e-01
4.047008883800002343e-01
9.996707395064195756e-02
9.980302396374812757e-02
1.000455878084909322e-01
1.956215143418837676e-01
-9.999469780653361672e-01
-8.086391828440067098e-01
3.915820497131675126e-01
3.957033357262141338e-01
-3.213853596634065890e-01
-1.000010538874378074e+00
-8.102404628283769172e-01
4.012873774784520009e-01
1.764545541852903174e-02
-9.999837926454944181e-01
3.166387476702767212e-02
3.942454779913955876e-01
-1.000012916926252826e+00
-3.269617544151824928e-01
-1.000023529191629734e+00
1.000679124802055370e-01
-9.998951866637733055e-01
3.847233034277728475e-02
-8.062195517705876835e-01
4.073339690546363689e-01
-5.998965966475872102e-01
-2.490010149255098837e-01
1.000801661846486695e-01
3.734184070106584541e-02
1.811499582950951148e-01
1.000463029587100872e-01
1.869533037218964744e-01
9.999402112965238842e-01
2.072656346534224037e-02
-7.514918722419088315e-01
4.133167306271599561e-01
4.038500198015612663e-01
2.081905844635152658e-01
2.150262236921889059e-01
1.000251795951601075e+00
4.085140963808801540e-01
-1.000179378159970378e+00
-6.000255237338592007e-01
-1.000150110035282092e+00
3.376275307244228779e-02
-9.999766494104117553e-01
1.000792217751747121e-01
9.977602307766383904e-02
-5.998359196181525244e-01
1.916224570880262212e-02
-8.081131033461341762e-01
-7.947025660443682860e-01
-2.507827482065185243e-01
4.063816220582526229e-01
-2.520823882465329513e-01
4.126693450394980367e-01
-8.129620442395064650e-01
-2.951043226979124245e-01
1.000448944927128103e-01
1.000315008407381689e-01
1.000064566153650913e+00
-2.118912203628317559e-02
4.095516953587715614e-01
1.000213670867784316e-01
-2.314117171470273793e-01
2.048322622078371791e-01
-3.820461675102250765e-01
-5.999955560595369164e-01
1.000073302542956899e+00
4.159804111917808633e-01
1.911636175236612889e-01
9.993535559828117809e-02
1.000043364880922603e+00
-9.999268173461327569e-01
4.045193593546039801e-01
1.000102934504145002e+00
4.061774781391710443e-01
1.000067106998024508e-01
4.066971048275622724e-01
-6.000599811963743813e-01
3.990754534692919075e-01
-2.474508674106609407e-01
4.055355585277709007e-01
1.000152564024854529e+00
1.000023078788021325e+00
9.994790867462030604e-02
1.965870230809644847e-01
4.137265393133590097e-01
-8.015578902000531913e-01
1.000240797796905223e-01
9.999113445548725165e-01
1.000071846105215823e+00
-9.999684160367480201e-01
-5.999403990216384264e-01
3.877869453014934353e-01
-1.250672000205754475e-01
3.942678313898398401e-01
9.995436415861169710e-02
3.912993521550436338e-01
6.332978966649142893e-02
-2.378739807180738075e-01
-5.998857783187800941e-01
1.967876217197671307e-01
9.999801201069096201e-01
-9.999964386956321505e-01
-8.031914518540334003e-01
9.999644943145526987e-01
3.889018628301587621e-01
-6.001420856126997716e-01
1.000031574340020657e-01
-3.298169845200384781e-02
-2.323909968933362824e-01
-8.031853344415981200e-01
1.957434139995412326e-01
9.997746979511629162e-02
9.999086499356478752e-01
1.862303708173045358e-01
2.089929495150797123e-01
-3.187777013279819993e-01
-9.999304813712226458e-01
-3.370155043089709257e-02
4.058356681385148490e-01
-7.868497322352207002e-01
2.039991087440843065e-01
1.000051815039812997e+00
-7.988833954198829579e-01
-5.999660028700094516e-01
-9.998770137716006534e-01
-3.602878142888134988e-02
-2.031168028377010604e-01
-6.002005954015539047e-01
4.657720368224297497e-02
2.116263215167233369e-01
-9.999403285184137458e-01
1.000012511649525981e+00
-7.998901993491183138e-01
3.977491341354296717e-01
-3.161396639459012614e-01
9.999457771281268226e-01
-1.000020932660005357e+00
-2.837672455597620852e-02
1.994596179107586964e-01
9.982125066989538942e-02
-7.895323090976612557e-01
-3.349662843258415790e-01
4.868679208732976105e-02
-3.204287678676457363e-01
2.031000304317696070e-01
5.758834683403538102e-02
-6.001514677212187454e-01
-5.998577936200978344e-01
4.119438687459461845e-01
1.000050410899786080e+00
9.991566439519150578e-02
-2.894355497942542321e-01
2.153657647996399804e-01
1.000784043360433417e-01
9.988140513000481890e-02
-7.971301224851314871e-01
-5.999264127120481627e-01
-6.000914747349966882e-01
9.999545390274938717e-01
-5.999956577675984448e-01
-6.000341623449093609e-01
9.999342564284920964e-01
1.949884782486950019e-01
-7.957815117567407226e-01
4.102158381836100709e-01
-2.357033877706650807e-02
1.954131794587844195e-01
-7.767574684248116368e-01
-9.999814851898723989e-01
-8.071726525467298741e-01
-9.999881989314329811e-01
9.999829844731545903e-01
9.998635886828696195e-01
-7.993794006571834920e-01
-2.613954518028663299e-01
-3.702115637403276260e-02
-7.813414997215202273e-01
1.000019490475419826e+00
-6.000456303068736341e-01
9.982488083637906795e-02
-1.000018040110683737e+00
3.852131492631709619e-01
2.076723832081207033e-01
9.999097728429962029e-01
-5.999919727368688838e-01
-6.001533324651900925e-01
-3.520040668075518075e-01
1.000135671800022719e+00
9.997045370523263697e-02
9.998353408918126961e-01
9.999483270696480908e-01
-1.000115606033074478e+00
4.039751393743242214e-01
9.999975272293162853e-02
4.064983474370378325e-01
9.983921225687110435e-02
-8.231536528164630495e-02
-4.101829155772156177e-02
1.961159831523348607e-01
3.976814243646232816e-01
-8.033143089803945758e-01
-5.999724271438637846e-01
4.035944001022908623e-01
1.000089102690672860e+00
-6.318680411548664722e-02
-7.962392878980787403e-01
3.888434082806089820e-01
-2.155515644578308992e-02
2.011600983972476608e-01
-1.000057691019323514e+00
-3.684687543413652788e-01
4.103875624966434321e-01
1.985737007850608138e-01
2.816493047860744309e-02
9.999343198649357500e-01
9.999351097241863107e-01
1.000047602249740875e+00
1.001963788059664490e-01
2.356047623422748150e-02
-1.000109818606736978e+00
-3.352827291009674582e-01
-3.715392517328862665e-01
1.000038916787928001e+00
-8.029874587617116255e-01
-7.867541874545168623e-01
-5.998918754104839435e-01
-3.038769428112286231e-01
-1.000024873520338531e+00
2.015983820299745155e-01
1.000861494294195825e-01
-6.001122639242574275e-01
-2.874112785080158022e-02
1.000031336727268183e+00
1.835938135467297949e-01
2.123587655588779488e-01
-3.088923320070107240e-02
-2.693379233241878778e-01
-2.738367278560001061e-01
-3.623094997465477474e-01
3.958082127216939750e-01
-2.018590757438203376e-01
1.000065251189613758e+00
1.000106964735886894e+00
4.596614548377812165e-02
1.903373056659406481e-01
2.000365358663094006e-01
-3.221014200359831325e-02
-2.985577742453479066e-01
-5.999794070463183582e-01
-1.000102760483323472e+00
2.034779257985578627e-01
4.233757099011898478e-02
