-6.001558174710400761e-01
-5.999318751297758601e-01
9.999353661483331157e-01
5.192207071707673552e-03
-1.000024939577403904e+00
-7.956127631284906077e-01
-6.000220325928132814e-01
-1.955990114983006609e-02
-7.998167302377570120e-01
-3.337364446798309348e-01
1.001024728096894245e-01
-9.998877586125017869e-01
2.091825926827184101e-01
-1.037728969086119668e-01
2.057463178429306538e-01
4.114147159982655122e-01
5.209290087134717251e-02
-1.000021286483480987e+00
1.979324024685288341e-01
-8.240995801301403967e-02
4.205983033192465248e-01
3.985438427111861470e-01
-2.714459290475914055e-01
-8.107922095197720447e-01
-1.000143176037160186e+00
4.030275269088511303e-01
-2.539043189811453494e-01
-6.000129489695380514e-01
-3.185403411649175842e-01
9.992974770601237289e-02
-9.999108676002863572e-01
-8.041532944467068011e-01
-8.039401838984574500e-01
-1.000016344670895618e+00
-8.817910858242455907e-02
9.999107212491502583e-01
-1.000066122339019703e+00
9.998172637208380120e-01
3.818881980660402409e-01
-5.998683028933921024e-01
1.000086717131853042e+00
-7.809972117516816859e-01
-2.824669111875380834e-01
9.990312808744304662e-02
-1.695392595541020675e-01
3.939430877512224982e-01
9.988594887584839599e-02
1.000026131117736777e-01
9.995671775971885775e-02
1.990506820984048186e-01
-9.997597889530684956e-01
-8.185549007857619852e-01
4.077916525538475279e-01
4.186240388072637875e-01
-2.943489359930778204e-01
-1.000033897338984623e+00
-7.875697690495487846e-01
3.956815238601392726e-01
9.857752130859383233e-03
-9.999433048610594232e-01
-7.864317625892924823e-02
3.885159966938691589e-01
-1.000078941227474427e+00
-2.350442432633273737e-01
-1.000070323550157569e+00
9.999296160490307728e-02
-9.999658791743364361e-01
-2.614849400896528120e-02
-8.067905045924627094e-01
3.900312560820863306e-01
-6.000682033491876455e-01
-2.754363745675618702e-01
9.990408863553391916e-02
5.537616978062668421e-02
1.980871374239839000e-01
1.000866370692594098e-01
1.814628543014588646e-01
9.998324046620976624e-01
-3.189412105653024326e-02
-7.935071079243481984e-01
4.005835677717334287e-01
4.173070421996616375e-01
1.948060272189121034e-01
1.937052464241166561e-01
1.000105347207001838e+00
4.043237448296980174e-01
-9.999169736962123523e-01
-5.999768606335965648e-01
-1.000206464059754108e+00
2.720935848483053976e-02
-9.998984024136431392e-01
1.001952230288396389e-01
9.987124855763877818e-02
-5.998584059382645606e-01
-6.800431919464414166e-02
-8.179442579506349675e-01
-8.195862241018598837e-01
-3.165148554279402782e-01
3.883247604219482452e-01
-3.946472474580325907e-01
4.064893699856322318e-01
-7.932440295013815090e-01
-1.813054331067846525e-01
1.000157293218942589e-01
1.000937948309529174e-01
1.000068470384450015e+00
-5.464859793031855845e-02
3.968953866378475692e-01
9.989416740990419985e-02
-2.875264746281398498e-01
2.039664943661784746e-01
-2.765645606556020319e-01
-6.000376685141763922e-01
1.000104071673211914e+00
3.926601811618540272e-01
1.899665136963047951e-01
9.983758715180442167e-02
1.000140258883686073e+00
-1.000030880065077010e+00
3.952034820883890687e-01
1.000096973772304887e+00
3.980286535951518267e-01
9.992508992452787953e-02
3.829239538402790521e-01
-6.000485352884652457e-01
4.121492073080938456e-01
-2.688585740681910807e-01
3.977339061256352504e-01
9.999856706464326228e-01
9.999870779767517925e-01
1.000422491968963323e-01
1.965119707212023281e-01
4.110931363385501025e-01
-7.819621395327993607e-01
9.997799557161080042e-02
9.999158443292460730e-01
9.999385917002838742e-01
-9.999375868864087691e-01
-6.000468851833630213e-01
4.020951547968784068e-01
-1.273774369599970160e-02
4.108274124329880927e-01
9.988188219195660855e-02
4.035745260011475710e-01
-6.205264344786892011e-02
-3.189990241369304869e-01
-5.998997775274274025e-01
2.015263576271466017e-01
9.999974952550300111e-01
-9.999850895589351696e-01
-8.050158454274795039e-01
1.000000589243481786e+00
3.993491500183990461e-01
-5.999313126842529265e-01
9.992099496370279721e-02
6.130114609403850695e-02
-3.705273305454059307e-01
-7.701169580985405272e-01
1.878822661948306161e-01
9.985743123238950691e-02
1.000125800899571482e+00
1.940839741980073252e-01
2.193202672257956454e-01
-2.685832112573585673e-01
-1.000198813633266681e+00
-6.913996559703167177e-02
3.949480665157414361e-01
-7.892431834512378952e-01
1.943544059670034851e-01
9.999908258913193793e-01
-8.280481259446128561e-01
-5.997940143030282556e-01
-9.999770486947029413e-01
-5.998186078457926756e-02
-2.181754671505355403e-01
-6.000793074239747504e-01
2.303944980603539125e-02
2.048363487629137059e-01
-1.000083218164068644e+00
1.000192824871436015e+00
-8.033212276458092660e-01
4.001659209704957476e-01
-3.392656052502576181e-01
1.000000549290247953e+00
-1.000010506552390099e+00
1.092389758966785633e-02
1.902874000747674377e-01
9.987004338709143392e-02
-8.000280135840210916e-01
-2.875507879440480363e-01
-1.288926754880302672e-01
-2.558791162762983351e-01
2.155304653170372342e-01
2.887199091939635781e-02
-5.999331718532912028e-01
-6.001093945532829377e-01
4.049544057036680300e-01
9.998923968569369825e-01
1.000407366584523117e-01
-3.563740771073592439e-01
1.970865448047445234e-01
9.979937208273113869e-02
9.995770909587957387e-02
-7.972772869453050859e-01
-5.998355133296577879e-01
-5.999752924704565560e-01
9.999416011595287923e-01
-6.000371484306903369e-01
-5.999689281332609703e-01
1.000000168695384550e+00
1.988803292276896117e-01
-8.134845044225681443e-01
4.177070559629995072e-01
3.611659425164454734e-02
2.020186670537307827e-01
-7.849472255998142245e-01
-9.999696655341655527e-01
-8.035684166377194959e-01
-1.000109283141891625e+00
9.999373266641664593e-01
1.000084804067112865e+00
-7.891776244242044713e-01
-3.082548348796355642e-01
5.778118835239518664e-02
-8.127955416033076919e-01
1.000017209232978654e+00
-5.998545738347721423e-01
1.001084389939601721e-01
-9.998088564281932822e-01
4.027771667641354414e-01
1.914355356909775985e-01
9.999005250135480916e-01
-5.998315939394985863e-01
-6.001262425765729880e-01
-3.600002269542904587e-01
1.000086658945496421e+00
1.000855299909813589e-01
9.998447019406927483e-01
1.000093179171010149e+00
-1.000161019019102371e+00
3.868371491384026695e-01
1.000446283070599018e-01
3.993350383428614925e-01
1.001361692661186381e-01
-2.919980335698041385e-02
9.138468138936993446e-02
1.881874237312493592e-01
4.090604035253813109e-01
-7.783037985809971859e-01
-6.000920702244073590e-01
4.048556718202170335e-01
1.000076142304254345e+00
4.211635792884022358e-03
-7.914168038887424705e-01
4.075110225060674662e-01
-3.432503252440019786e-03
1.846834965027812636e-01
-1.000004078927904549e+00
-2.471453261209171359e-01
4.024603669812274465e-01
2.096739116867523955e-01
-6.777462412499625499e-02
9.998818909077753503e-01
9.999536641934483328e-01
9.999423976916197443e-01
1.000859216317011302e-01
2.131323763930242920e-02
-9.998182622980390510e-01
-2.589069064158814881e-01
-2.221293746666528623e-01
9.999374651539041370e-01
-8.005487113257910847e-01
-7.899543880373065541e-01
-6.001243981165218511e-01
-2.457459623678137084e-01
-1.000050070693409676e+00
2.047215403815637880e-01
1.001735493204919253e-01
-5.999846320405335387e-01
2.969250024532617271e-02
9.999324401388771655e-01
2.024272465123330145e-01
2.077398891749962229e-01
-9.743156805639671680e-02
-3.356688852227919240e-01
-2.267924632078797131e-01
-3.192755377396233052e-01
4.137486119967812570e-01
-3.516984571416312821e-01
9.999507536934810759e-01
9.999189887022164047e-01
1.079723669997915622e-02
2.021746772860305019e-01
1.965294178951162707e-01
-8.583749695197149740e-03
-3.043179203817978906e-01
-5.999786899733452472e-01
-9.999619524127363324e-01
1.847499171892764136e-01
3.896850594050252359e-02
