-6.000105392487888878e-01
-6.000327162502544498e-01
9.998000279450447447e-01
-4.292500070483844937e-02
-9.998895846570950985e-01
-8.067048990676215503e-01
-5.999270377753845862e-01
-9.452829159234794887e-03
-7.914718491383435639e-01
-2.986223515306845600e-01
1.001626421007949935e-01
-9.999240266540353472e-01
1.903391553601221919e-01
2.310263647661173897e-02
2.097085489400632996e-01
3.962304389540827199e-01
4.806241991037579764e-02
-1.000003169135356140e+00
1.795213793680863479e-01
7.834387016412830418e-02
4.145352413867279817e-01
3.989141757652095999e-01
-3.696659250213092940e-01
-8.095109520609076181e-01
-9.998416553972923060e-01
4.023622843642847835e-01
-3.680576372570689703e-01
-6.000831209788115572e-01
-2.852641239011823870e-01
9.980275303473268300e-02
-9.999956850392277552e-01
-8.016805399852431346e-01
-8.016559909180634991e-01
-1.000110905111119886e+00
-7.191358289193415521e-02
1.000049324914805249e+00
-9.998418090976662898e-01
9.999663807734060494e-01
3.983610246153663215e-01
-5.998996895730592804e-01
1.000121151238128725e+00
-7.938878335852540546e-01
-3.518681414442948463e-01
9.983955465829116860e-02
-2.751319400906264701e-01
4.000961741760497015e-01
9.989678809540222804e-02
1.000167244013224627e-01
1.001446807234540742e-01
1.877261509821571417e-01
-9.999875101677723199e-01
-8.049568669354943973e-01
3.875198815577746148e-01
3.881865063375046776e-01
-2.665910654812497227e-01
-9.999407380400940903e-01
-7.920951348349347665e-01
3.936626074636345174e-01
-1.155859499639623894e-01
-9.999581084148949639e-01
7.174721783442979117e-02
3.885959196811109573e-01
-1.000057144489482130e+00
-2.080230790504759009e-01
-1.000109926513257141e+00
9.987680105131628572e-02
-1.000130231447590612e+00
6.521990314542874811e-02
-8.062352068863954946e-01
3.886678904385492683e-01
-5.999612842530640533e-01
-3.008825088122404345e-01
9.998455735544373169e-02
9.472781136212622688e-02
2.049906136345632512e-01
1.000515883839594444e-01
1.901955954946631944e-01
9.999488766969989451e-01
2.432344302690413185e-02
-8.009801863603360772e-01
3.948356815555731925e-01
4.167305295529782350e-01
2.128638463230872746e-01
2.017849036144928054e-01
1.000098204953508985e+00
3.977604819667173719e-01
-9.999831766132849520e-01
-6.002270827264509778e-01
-9.999125702365246893e-01
-3.313154305184547177e-02
-1.000088473180533732e+00
1.000970196912528559e-01
9.995858880220233333e-02
-6.000434709070768813e-01
3.041589039887841739e-02
-7.997101775412468472e-01
-8.132454335657893774e-01
-2.779057979659608213e-01
4.007852257174913668e-01
-2.884678983041328304e-01
4.107678933594053339e-01
-7.996971635534122491e-01
-3.702254291764847660e-01
9.999930164311257585e-02
1.000046104929597363e-01
9.999213541632988589e-01
-1.870636953152680568e-02
4.145357739821232124e-01
9.997610052630608035e-02
-2.544638054933228144e-01
2.153881449100966683e-01
-2.324353683850123864e-01
-5.998497585293736112e-01
9.999572025214613635e-01
3.834696536371132725e-01
2.050031714779499414e-01
1.000901510212544726e-01
9.999430000389706308e-01
-9.999712783504960401e-01
3.818368924388185759e-01
9.999445297334950133e-01
3.985344172670070018e-01
1.000886713427127928e-01
4.039635993107014711e-01
-5.999431943357748098e-01
3.925297333944757217e-01
-2.104514583933527472e-01
4.185572150873341779e-01
1.000087954738449136e+00
9.999293674321808600e-01
1.001937748490042829e-01
1.873539236271686836e-01
4.099558000907346234e-01
-7.857393987389161838e-01
1.000231405970682802e-01
9.998997080731615306e-01
1.000032238989366773e+00
-9.999119695194906843e-01
-6.000479566354089966e-01
4.026251258325315163e-01
1.822654543893950305e-02
4.044820031690913864e-01
1.000592725407166705e-01
3.890317639834893204e-01
2.040758650982828128e-03
-2.793415922307709853e-01
-6.000890422512972222e-01
1.938612191472812163e-01
9.998559193011127277e-01
-1.000099126839015140e+00
-7.976664407346539809e-01
1.000088949561688478e+00
4.115194959889590942e-01
-6.001210318855872972e-01
9.991021844557000653e-02
6.172262468211153763e-02
-2.851184971078020713e-01
-8.080528893723072370e-01
2.069438380803561017e-01
1.000922727316788663e-01
9.999464701923818089e-01
2.038276774236935096e-01
1.952251816197134171e-01
-2.518882485708767716e-01
-1.000032682522741245e+00
-6.682817238532709481e-02
4.005571609698632685e-01
-7.969354798728167655e-01
2.179727099183019212e-01
1.000204921042842310e+00
-8.025285882929780179e-01
-6.000133633348156970e-01
-9.999124046542781086e-01
-6.830499482099737507e-02
-3.166587829260544273e-01
-5.999737757351465417e-01
2.455702893548415006e-02
1.987944126343640372e-01
-9.999642189660441494e-01
1.000142666332905383e+00
-7.839402261046437559e-01
3.974981188424327461e-01
-3.339629757245933805e-01
1.000015384213637892e+00
-9.998428714573069920e-01
-4.848514918164748694e-02
2.072941122127206492e-01
9.995118258224672259e-02
-7.992258462184962386e-01
-2.689219647251046008e-01
9.082163546567290080e-02
-2.762988277627280720e-01
2.026725899918309093e-01
-3.814538996878919820e-03
-5.998568309674832122e-01
-5.999004631134959853e-01
4.163567777583362384e-01
9.999522109755392130e-01
1.000368330975524855e-01
-3.031135807745481414e-01
2.074494129909641715e-01
9.989536948882991874e-02
9.996464394081790161e-02
-7.995153472949265705e-01
-5.999978116927825456e-01
-6.000639427093614753e-01
1.000029013567802938e+00
-5.998055496598235781e-01
-5.999372191101011165e-01
9.999246078152598249e-01
1.859337221587809563e-01
-8.017253019601967567e-01
4.023749367499794283e-01
2.623382249475920969e-02
1.989437881091714877e-01
-7.816922224651552398e-01
-9.999887783479260994e-01
-7.936340197843726463e-01
-9.999328281913554273e-01
1.000179184973951640e+00
1.000174574840650754e+00
-8.009729522521472633e-01
-2.861767102967118226e-01
5.423528181371239584e-03
-8.072993744752882117e-01
1.000063102863698150e+00
-6.000465199619006151e-01
9.990362405970926174e-02
-9.997719509738703936e-01
3.957053028175908649e-01
2.127348113978879962e-01
9.999859526309854418e-01
-5.999808221863007773e-01
-6.000007362840752423e-01
-2.951001210035399946e-01
9.998556580358916035e-01
9.976825370055542042e-02
9.998409909305155940e-01
1.000097162127870032e+00
-9.999305414632904121e-01
3.841509925006085790e-01
9.993426044267056385e-02
3.947945495315349218e-01
1.000448746714812515e-01
-5.354132907258934287e-02
-1.917872836534709191e-02
1.819975944110001631e-01
4.123494833168532270e-01
-8.084665777026001088e-01
-6.000280949205830661e-01
3.956192570989078838e-01
1.000065970074692778e+00
1.022861479134371393e-01
-8.090542490386852803e-01
4.016771422487654952e-01
-2.281523086091311742e-02
1.822199683962286709e-01
-1.000104368552726219e+00
-2.561641119367769615e-01
4.107106899200717032e-01
2.147523018622400359e-01
4.016259267615341494e-02
9.998826028370845220e-01
1.000041025953796181e+00
1.000194987433353555e+00
1.000668641973557760e-01
-3.810659161193959317e-03
-9.999764742673231677e-01
-1.995352363288772080e-01
-3.253102837864634833e-01
1.000092798244237136e+00
-7.822736025114795932e-01
-7.946871411918018380e-01
-6.000455158625180863e-01
-2.867967813925782483e-01
-1.000044649119904649e+00
1.955230543365339135e-01
1.000723713868866549e-01
-5.999521418342504964e-01
-7.262527000181444661e-03
9.999519663555336280e-01
2.046705103916167390e-01
2.147285682188389000e-01
-1.050992820210616512e-02
-2.575045755593372565e-01
-3.043967775979081192e-01
-1.455961554996824114e-01
4.117511018204715878e-01
-3.318650365121482704e-01
1.000047337937219227e+00
1.000048923639737186e+00
-4.204992385486784612e-02
1.972175811359859199e-01
2.059867814116757845e-01
1.419370952444410153e-02
-3.018919316365836214e-01
-5.999720702946903517e-01
-1.000101752854240411e+00
1.951193817202614145e-01
1.115608067771271979e-02
