-6.000749752470485587e-01
-5.999730632960215138e-01
1.000063010617927350e+00
2.529531542135080718e-02
-9.999366327428689250e-01
-7.863926015422710858e-01
-6.000510804751503224e-01
7.351928990196633651e-02
-7.950645936888359744e-01
-2.453794166892982465e-01
9.992849641149685602e-02
-1.000089554915300383e+00
2.220751834352063248e-01
-4.926793805771165213e-02
2.183109274243221487e-01
3.848746802241489462e-01
-2.679844178458093071e-02
-9.999459951649248834e-01
1.813163385211436773e-01
3.580254692455928783e-02
3.825797372236059979e-01
4.002057887063624753e-01
-2.388773486021125714e-01
-7.936458611365213578e-01
-9.999686241374801110e-01
3.989908973703384931e-01
-2.990480121358743970e-01
-5.999760159130013148e-01
-3.207021322807037667e-01
9.992018707469139949e-02
-1.000099708728211079e+00
-8.061401748455574445e-01
-7.883900474435792116e-01
-1.000050063261224143e+00
-3.696408156149767060e-02
1.000143300119694434e+00
-1.000022910394989584e+00
1.000035876212343133e+00
4.021290508422586396e-01
-5.998431321877507605e-01
1.000128519225384593e+00
-8.005059247545346368e-01
-3.847158643534001055e-01
1.000396793323014982e-01
-3.286918651859669360e-01
4.133355603832380987e-01
9.999566953514336942e-02
1.001023236069041727e-01
1.000451545481941540e-01
1.898066578366443269e-01
-9.998349603776666150e-01
-7.922874247640363521e-01
4.049543550808704651e-01
3.949992064552772519e-01
-2.712721847498479333e-01
-9.999525721294829639e-01
-7.792884990651678390e-01
4.067934524284870235e-01
2.478446132229658594e-02
-1.000010573169916039e+00
-6.929556901332349639e-02
4.011048999520993030e-01
-1.000144667805966892e+00
-3.315320039344354375e-01
-9.999000344650864625e-01
1.000484402408425844e-01
-1.000073840163378636e+00
8.653466272833518214e-02
-7.992800913301499888e-01
4.063202583467074303e-01
-5.999746259981116880e-01
-2.869635514834151802e-01
9.987232178569604990e-02
-4.510553262624902859e-02
2.048050353113923250e-01
1.000403346073085870e-01
1.904780959373326699e-01
1.000055792072485961e+00
-6.792554518476463798e-02
-8.100489129634320662e-01
4.003612552924409873e-01
3.996647502051243750e-01
1.930744554894673892e-01
1.986069411458220579e-01
1.000051221272580282e+00
3.985573740154035316e-01
-1.000009779815959066e+00
-6.001200608242686085e-01
-1.000047499555728470e+00
9.606338898809302015e-03
-9.999985921049967530e-01
9.984252744395778756e-02
1.001277208069257796e-01
-5.999528313940685198e-01
-7.613150099474069732e-02
-7.805553475263617980e-01
-8.008648540272115257e-01
-2.622630475959475960e-01
3.995406631529330732e-01
-3.458085169919871138e-01
3.965091706591757359e-01
-7.865481004047889524e-01
-2.220984150887330699e-01
1.000781020050238862e-01
9.996558125577469089e-02
9.998980489227058399e-01
-8.833697945638981780e-03
4.061130709627375213e-01
1.000367370467248745e-01
-3.312801482591627988e-01
2.058867298380470945e-01
-2.903839294737766696e-01
-5.999634143255132557e-01
1.000034645911998643e+00
4.060622857642965933e-01
2.027180390228221496e-01
1.000470949854593561e-01
1.000042818569370162e+00
-9.999530367936626529e-01
3.834164037188461660e-01
1.000015815777929751e+00
4.010041373919551178e-01
1.001131173698085880e-01
4.051145861929559833e-01
-5.999769356694346634e-01
4.131357196467958515e-01
-1.698788318764827276e-01
4.012432612629246997e-01
9.999964087609570784e-01
9.999158112061964365e-01
1.000843930320518271e-01
2.142026368365498312e-01
4.003638182841549042e-01
-7.904083875362415412e-01
1.000940625104789761e-01
1.000080972383419420e+00
1.000053217756436519e+00
-1.000158716104116996e+00
-5.999677346780666332e-01
3.925871209687311625e-01
-1.130486424099682620e-02
3.984528323388835669e-01
9.999788884431461133e-02
3.968636374460201011e-01
-1.016051917972345120e-02
-3.649477557502389669e-01
-6.000414210493695277e-01
1.978338822479620007e-01
1.000054174047938060e+00
-9.999266060554574675e-01
-8.089774978169090858e-01
1.000114276839337180e+00
3.994023539756204610e-01
-6.000158288455772482e-01
1.000016222260701054e-01
-6.704444865270743625e-02
-2.180951769747347946e-01
-8.040360568736591995e-01
1.929767417037033528e-01
9.993310128922626434e-02
9.999253500383563642e-01
2.054188163719601612e-01
1.852910077933563326e-01
-2.628924187271179935e-01
-9.999328005126530972e-01
-5.023235692267714880e-02
4.179878677399252451e-01
-7.826918312147542744e-01
2.048482171369919724e-01
9.999510003398146551e-01
-8.101015909762724343e-01
-6.000317418632220567e-01
-1.000060992781620639e+00
4.754096868616469740e-02
-2.464153065832373202e-01
-5.999954030092937707e-01
5.538322077646604807e-02
2.082078702674400039e-01
-9.999814753017937097e-01
1.000061193176112084e+00
-8.089285019315642922e-01
3.856854251095149233e-01
-2.546765184230027623e-01
1.000033236492373856e+00
-1.000000299043761309e+00
7.569622766004407977e-02
1.938549824859054915e-01
9.979807243891467006e-02
-7.845780728950745297e-01
-3.386397431953882542e-01
-2.877993138831037162e-02
-2.459902970614607221e-01
2.049104902181672072e-01
-4.912771844650024727e-02
-5.999994319457526704e-01
-6.001038665315255871e-01
3.983580130527517582e-01
1.000053204048879651e+00
9.984431424162329427e-02
-2.954356053833171458e-01
2.027688507389443784e-01
9.994056121951754024e-02
9.993215754390262495e-02
-7.996572047096516256e-01
-5.999818102376331952e-01
-6.000889623639802384e-01
9.998535480130679165e-01
-6.000564529558000126e-01
-5.998481017933100512e-01
9.999634572266489219e-01
1.901964422610339100e-01
-7.929790716323131816e-01
3.933298098318465108e-01
5.279641404666544219e-02
1.951672852831624061e-01
-8.003883800818772931e-01
-1.000053284802949971e+00
-7.808687627273054321e-01
-9.998552088072566457e-01
9.998028080255467742e-01
9.999391832255232204e-01
-7.991896175420021287e-01
-2.635559388557047189e-01
-5.686174713554806998e-02
-8.037105272070401707e-01
1.000147220873927933e+00
-5.998963403207426826e-01
1.000414059605549411e-01
-9.999283398098037789e-01
4.093315635110311157e-01
1.916333468330739809e-01
9.998894877290668282e-01
-5.999862551018739776e-01
-5.997932173665782019e-01
-3.076735261617203343e-01
9.999920642871901189e-01
1.000292820204657929e-01
1.000014164755165691e+00
1.000005947183618238e+00
-9.999339636457316161e-01
3.913305301357720700e-01
1.000987027330702134e-01
3.963947853951551026e-01
9.996774783127085340e-02
4.457499125602412682e-02
-1.801073710172206715e-02
2.005007631632840237e-01
3.990857476323029784e-01
-7.996454446223569823e-01
-6.000992092215454710e-01
4.096584089533287232e-01
1.000061887500921953e+00
-9.137454399377745867e-03
-7.916212104533600913e-01
3.843948375138532270e-01
-1.890674283634637132e-02
2.018848619780626297e-01
-1.000078338406362732e+00
-3.226077392200027427e-01
3.982348409057680505e-01
2.125366975082338128e-01
-7.897486571565508207e-02
1.000059655589426333e+00
9.999795266837825380e-01
1.000214943376491084e+00
9.995708043067073889e-02
-4.236508223187653716e-02
-1.000052438431388691e+00
-2.306488462306048870e-01
-2.618136036125557342e-01
1.000065785364098403e+00
-8.130292850797464776e-01
-8.037993867233901302e-01
-5.997146477623428451e-01
-2.482344839640271417e-01
-1.000127260557698072e+00
1.916534203943415227e-01
1.000026745409892670e-01
-5.999982622059799597e-01
2.484637354705834193e-03
9.999078642999185140e-01
2.072601209012386592e-01
2.055155546433047042e-01
5.111988832385779696e-03
-3.452811855110868855e-01
-2.731777101738226410e-01
-3.075241988364399992e-01
4.008059346280681279e-01
-3.894232356074742163e-01
1.000052575639555963e+00
9.999491311295642948e-01
-3.325327109665029545e-03
1.940536254497865210e-01
2.043804062936804000e-01
-3.243780198946354804e-02
-3.354727655223134208e-01
-6.000924169447282575e-01
-9.999975082466361354e-01
1.983584166906593171e-01
1.388498591508999583e-02
