-6.000420503143012452e-01
-6.001872177230901384e-01
1.000111451454708478e+00
-3.055426625678152319e-02
-9.999978022601166971e-01
-8.048350598670529488e-01
-6.000223814482923412e-01
2.832999865369657810e-02
-8.040673034286796028e-01
-2.535410627639319014e-01
9.979006014549619830e-02
-1.000123503424070526e+00
1.999814490613074924e-01
1.738696306426839797e-02
2.227447614821885802e-01
4.108082104812242896e-01
2.868221784355343140e-02
-1.000285941533469503e+00
1.998502854828134445e-01
-4.529815511881768453e-02
3.862473970299292181e-01
3.883173153146516343e-01
-2.083790182757356280e-01
-8.025965618281754033e-01
-1.000200216078053872e+00
3.946106776594181520e-01
-2.863655989033517812e-01
-5.998804364570291536e-01
-2.583080120177203010e-01
9.996351249695716035e-02
-1.000021366296325542e+00
-7.986360090860882277e-01
-8.014345253656595114e-01
-9.997930444468665634e-01
6.277469162628086709e-04
1.000135476034980098e+00
-1.000012367870024121e+00
1.000139430104382221e+00
4.101581518606148280e-01
-5.999496236199325372e-01
9.999738999310153753e-01
-7.976772677400176814e-01
-3.387852082654695951e-01
9.991442493852106810e-02
-3.608552416636539029e-01
4.091552050007871144e-01
9.986084279267132269e-02
1.000526634253154912e-01
9.996491717449225434e-02
2.113150413641300407e-01
-9.999262339481632678e-01
-7.904093664752547266e-01
3.774843702512487575e-01
4.127481099226916750e-01
-3.515657346227328284e-01
-9.999482856571012546e-01
-7.875221232846416619e-01
4.052790166513490222e-01
2.149588660958978020e-02
-1.000121981211481659e+00
8.277869413058318304e-02
4.065830152564821054e-01
-9.998978509320453067e-01
-3.395366512923022606e-01
-1.000104670322463196e+00
9.996773084690974143e-02
-9.998930395184582043e-01
1.455766290761508625e-02
-8.015355786757961676e-01
3.953387212788342930e-01
-5.998902057222395001e-01
-2.899488904363337061e-01
9.996820929926107657e-02
6.554856143539657121e-02
1.864082039671248747e-01
1.000125599925765357e-01
1.950554344934075923e-01
1.000125025986908112e+00
-3.254285881245871925e-02
-7.966815832199016789e-01
4.023920367548345922e-01
3.923410807102456488e-01
1.938115469212699227e-01
1.924020571103859656e-01
1.000091177729976355e+00
3.896432527375030541e-01
-1.000027166391428191e+00
-5.998040832977930004e-01
-9.999245729399246496e-01
-7.438152291690716678e-02
-1.000167952262014603e+00
1.000114506402556003e-01
9.991221942403930023e-02
-5.999880828872721228e-01
-3.585174964278699250e-02
-8.030600004133751080e-01
-7.970357183563888670e-01
-2.415740221152815892e-01
3.988368317973656207e-01
-2.560244744495319136e-01
3.906425330218994407e-01
-7.828736433253780103e-01
-3.081268194665121030e-01
1.000487199814744654e-01
1.001229256057471761e-01
9.999086032986830297e-01
-2.993751267353087636e-02
3.958168686699452543e-01
9.999176214719651679e-02
-2.433666221919110195e-01
2.024090700749616722e-01
-2.802227271770313943e-01
-5.999985854811974439e-01
9.999623372351037487e-01
3.872349924342680660e-01
2.125703072790360026e-01
9.996391084010695927e-02
1.000053101025407454e+00
-1.000181862491800411e+00
3.807444229824664683e-01
9.999611779873276429e-01
3.870077622739537260e-01
1.002082511060810310e-01
4.090584199553607414e-01
-5.999953757523226461e-01
4.095798516702448544e-01
-3.420246247525459138e-01
4.047944214691960862e-01
9.999434986858246610e-01
9.997579833507596048e-01
1.000087702366454501e-01
2.084844843053681451e-01
4.067654108356696385e-01
-7.956947880439670939e-01
9.989658266106191120e-02
1.000093680637772930e+00
9.999292449962416951e-01
-1.000110729814403410e+00
-6.000058580209027825e-01
4.014470484054352695e-01
-1.576751058691082397e-02
3.944314673103018754e-01
1.001478311835412305e-01
3.960479320948199766e-01
-3.831599879513707119e-02
-2.729066076159765708e-01
-5.999796829217990402e-01
1.906093849829517684e-01
9.999684674405642237e-01
-9.999818536431314131e-01
-7.904316978221105350e-01
1.000093366069825462e+00
3.976019473276189431e-01
-5.998130665725386335e-01
1.000707496199981922e-01
7.459001282960446566e-02
-3.681382924754550423e-01
-8.017463160785602838e-01
1.987291343873072436e-01
9.976912180981649392e-02
1.000146581718247996e+00
2.097044499486937219e-01
1.805440961110928721e-01
-2.740570983654718185e-01
-9.999840345538492103e-01
-9.353629900381420920e-03
3.801187518698498358e-01
-8.122239269878961387e-01
1.887597898501860716e-01
1.000208655834372129e+00
-7.971652650750814528e-01
-6.000757769784664797e-01
-1.000095519439881508e+00
-6.712682906541479755e-02
-2.808073749063858537e-01
-5.999756532767991368e-01
9.870847439524673902e-03
1.837315604758165688e-01
-1.000016716286175722e+00
9.999615441870406407e-01
-7.889426483293360270e-01
4.069106043626382063e-01
-3.138428598007597103e-01
9.998608937703979960e-01
-1.000003068970172215e+00
4.532055037518839535e-02
2.053757805199451780e-01
9.998106932014050319e-02
-7.933704710534971172e-01
-3.146582775967445289e-01
-4.927379007568050140e-02
-3.105908889477741464e-01
1.831311373542346410e-01
1.071012958538502674e-01
-5.998321453759991595e-01
-5.999931458377479876e-01
4.041523244992889508e-01
9.996230131718533141e-01
9.998024588509689392e-02
-2.910377693861751491e-01
1.890677154435309315e-01
1.000128789305164273e-01
1.000490039464994596e-01
-7.827962326437705176e-01
-5.998276158418837101e-01
-5.998987879862037742e-01
1.000105804128829989e+00
-6.000291491881304395e-01
-5.999593609131320671e-01
1.000152263245192019e+00
2.101843461767054499e-01
-8.083688718804677986e-01
3.965791220672575945e-01
3.306178613407354666e-02
1.935704388779744822e-01
-7.959033613618082814e-01
-9.998544630653286580e-01
-8.079955179146610655e-01
-1.000064839928958227e+00
9.997786244383635168e-01
1.000131745919507820e+00
-7.951868914368512842e-01
-2.060606298517044799e-01
3.334841049428379205e-03
-8.070636788070728596e-01
1.000075275673643960e+00
-6.000936114715487157e-01
1.001077271652578982e-01
-9.999826595473162438e-01
3.951301960410784631e-01
2.045347265170764928e-01
1.000064512360210989e+00
-5.999934860216025179e-01
-5.999638145536636546e-01
-2.271708502612510561e-01
9.999099089318607136e-01
9.985166167608869325e-02
1.000046083362551075e+00
9.999202196039670421e-01
-9.999331522817488382e-01
3.933111596362516837e-01
1.000195819803771924e-01
3.960725119363127655e-01
1.001439976441482055e-01
-6.279058885773684817e-02
2.069475370487972032e-02
1.968545874244693739e-01
4.163728565903480616e-01
-8.075507960144726605e-01
-6.001784833940571051e-01
4.028453450362730615e-01
1.000104911498359339e+00
1.620067488552598065e-02
-7.942559393144444924e-01
4.013747638565778875e-01
-4.365007551747498299e-02
2.041706698339674775e-01
-1.000124195991811016e+00
-2.389577241499237781e-01
4.051044709246604536e-01
2.209117248272126632e-01
-8.088752821734950969e-04
1.000103940884388143e+00
9.999641075909403432e-01
9.998213028128035695e-01
9.995604138031581598e-02
3.013145018727726721e-02
-9.997224535539338541e-01
-2.738447794948025149e-01
-3.216897964597346116e-01
1.000090824884221519e+00
-8.103688008649838626e-01
-7.958495376502016105e-01
-6.000391515860837854e-01
-2.885092982879245427e-01
-1.000208168316995438e+00
2.071222600756530974e-01
9.991855826573974031e-02
-6.001323216396676763e-01
1.946810673338990674e-02
9.998808092687805349e-01
1.958144441452282503e-01
1.993762059361122163e-01
2.177288286343431745e-02
-3.228993088206651985e-01
-2.965918935934603318e-01
-3.797660412911490480e-01
4.056756255209311157e-01
-2.638513042847334678e-01
1.000042037857490573e+00
9.999673626308680507e-01
2.523254510422328050e-03
1.924477989540772926e-01
1.920319945885359814e-01
-3.335558824582989662e-02
-2.944526735759725455e-01
-5.999010049096428210e-01
-1.000051550492274011e+00
2.042329154141985514e-01
-4.635729365708559507e-02
