-6.002683646378879079e-01
-5.999689817028559524e-01
9.999001076994004089e-01
6.528451632096629598e-02
-9.999160494637380214e-01
-7.947959962543317269e-01
-5.999486186870479631e-01
-1.538762223360883724e-02
-8.055239605226226507e-01
-3.092298379462903313e-01
9.997648070816553267e-02
-1.000078689946626298e+00
2.110509007770339784e-01
1.299381496304005956e-01
1.978650630572364455e-01
4.019689068014423161e-01
3.755881361371710137e-02
-9.998664670031887081e-01
1.856052455493074071e-01
-3.221584262172379892e-02
4.091428753286877606e-01
4.091073526178349296e-01
-3.015125153462924201e-01
-7.943767233560189434e-01
-9.998924651556084786e-01
3.983640747747788091e-01
-2.960958155462588559e-01
-5.999664517705125544e-01
-2.759616208085404754e-01
9.997026572747513828e-02
-9.998726886178839202e-01
-8.177850847577621263e-01
-8.064558009740919742e-01
-1.000007737456471757e+00
-2.692167754834928761e-02
1.000130836048408467e+00
-9.999969083491612176e-01
1.000031236613152297e+00
3.889965768540580293e-01
-6.001736919257084635e-01
9.998535942877290195e-01
-7.868642142226643932e-01
-3.176563556079959882e-01
1.001307165927619452e-01
-2.984256596209492463e-01
3.962348679896265935e-01
9.993313758735548891e-02
9.989550950330883250e-02
9.997049262943534520e-02
2.034652036092106653e-01
-9.998465397446767433e-01
-7.949739134129627516e-01
3.984070993064532940e-01
4.121646671472373180e-01
-2.922985153165293393e-01
-9.998199853788709568e-01
-8.058847245458525821e-01
3.861758364402619326e-01
-1.813532082056161857e-02
-9.998405691465982459e-01
-1.569758323177570386e-02
4.098542856699936565e-01
-9.998955929922245245e-01
-4.125095401820307872e-01
-1.000027607781760475e+00
1.001209119800474806e-01
-9.999945424043510389e-01
3.490378786125111071e-02
-8.156716614604818671e-01
4.301564914948802221e-01
-5.997792478286342321e-01
-2.153428923722343624e-01
9.992595596407947978e-02
-7.955237091705712194e-02
1.783285953146262481e-01
1.000048780689104105e-01
2.199379123827328308e-01
9.998105493958581169e-01
-7.872496001420543899e-02
-8.034622108935135509e-01
3.998259532525914040e-01
3.932417485110036304e-01
2.081445474812655683e-01
1.936350947023486868e-01
9.999563097149869462e-01
3.922194686879206804e-01
-1.000046617006162597e+00
-6.001908998045492050e-01
-9.997812152054578183e-01
3.079672000382699393e-02
-9.999432977881762552e-01
1.000442027318889371e-01
9.997835113356805248e-02
-5.999988105479491241e-01
6.093116536169243536e-03
-8.045715968986270061e-01
-8.027614726801097778e-01
-3.007052678585694916e-01
3.975127115873993144e-01
-3.463875003131760000e-01
4.038452562496812059e-01
-8.054889653699903729e-01
-2.659147143749105435e-01
1.001797801481560668e-01
1.002177468959346007e-01
1.000007848247519648e+00
1.891812346381571350e-02
3.960387526648469492e-01
9.985503844092546988e-02
-3.200797321836239551e-01
1.898906780231841562e-01
-2.908285884730432702e-01
-5.998029344168778199e-01
9.999519530755610619e-01
3.863307304608153414e-01
1.918456949350794694e-01
9.975989324344024245e-02
1.000105582727893960e+00
-9.998409418501015278e-01
3.973713561418085738e-01
9.999608105117698820e-01
3.972483658286296015e-01
1.000831735190235022e-01
4.076335596623021362e-01
-6.000433811840918397e-01
4.000665894666653455e-01
-2.649111257939081865e-01
4.046537216679237381e-01
9.999751347783990552e-01
9.999832780790393061e-01
9.996248135404525725e-02
1.991372523035773723e-01
4.088585756424416018e-01
-7.862192542441654997e-01
1.003379606035901817e-01
1.000170950641253276e+00
9.998951873021676429e-01
-1.000143555075123869e+00
-6.000907508674508950e-01
4.036971330269300551e-01
-1.145808492352373871e-02
3.955647711631434804e-01
9.994531646793398949e-02
3.902330681625329478e-01
2.148502494117233638e-02
-2.530203989454589686e-01
-6.000456002136222988e-01
1.991951506679218165e-01
9.999138249639815124e-01
-1.000270373303950189e+00
-8.030505844297508578e-01
9.999305692402602475e-01
3.917281692192993159e-01
-6.000913165624887080e-01
1.000008836617661268e-01
-3.809370315082098030e-02
-3.034185709520891838e-01
-8.302533379253909107e-01
2.036718147392122813e-01
1.000959071623684360e-01
9.999906319819208411e-01
1.939353288686484489e-01
2.106956950482481994e-01
-2.989927723111857061e-01
-9.999999482014079177e-01
-6.283129339822590698e-02
3.942947561577236915e-01
-7.949073653448015531e-01
1.940718617193439854e-01
9.998613509290722456e-01
-8.006888576194046703e-01
-6.001445422785909312e-01
-9.999662649412882631e-01
-8.675548990939098079e-03
-2.728185314766234382e-01
-5.999734751261527332e-01
-3.993504612771650586e-02
2.140053858565243439e-01
-1.000077483799743483e+00
1.000034793328484106e+00
-8.003001584623724574e-01
3.939230272864984173e-01
-3.513874748724890584e-01
1.000030585277547956e+00
-1.000081746209970479e+00
-2.151510165463335015e-03
1.817873282421984538e-01
9.992995216212390008e-02
-7.919377240340382818e-01
-3.494324093590919222e-01
2.561693711892643749e-02
-2.736600030597941546e-01
1.995934345120763120e-01
-7.779738691140064555e-02
-6.001411880310130176e-01
-6.000227226121893631e-01
3.908626647380229469e-01
9.999493955690333946e-01
9.992669589281991116e-02
-2.844322241610088842e-01
2.012517100781202051e-01
9.995996707442530993e-02
1.000768827580351822e-01
-8.048918288540188870e-01
-5.999618531408770217e-01
-6.001638246947279542e-01
9.999665231496810414e-01
-5.999278177127407297e-01
-6.001131617087576142e-01
9.999660776577641297e-01
1.965167644488683141e-01
-8.038907475936022395e-01
3.968836952987050970e-01
9.172413588555122094e-03
2.019893650461142276e-01
-7.905769092508294626e-01
-1.000020187766230251e+00
-7.878389579122878628e-01
-1.000044195315170859e+00
9.999597212802138202e-01
1.000211141643178037e+00
-8.130090856100079533e-01
-3.096386382754184874e-01
2.077267346783362705e-03
-7.978698901984945246e-01
9.998906115490693303e-01
-5.998940634897852453e-01
1.001082881636842087e-01
-1.000057871881734561e+00
3.947137692360980221e-01
1.991773280318129280e-01
9.998923364881591169e-01
-6.000249077826376176e-01
-5.999355027984791811e-01
-3.054400009163051322e-01
1.000183033992219306e+00
9.999434053845633608e-02
9.999776272234640606e-01
1.000022620897278003e+00
-9.999534832941631146e-01
3.897234720966060162e-01
1.002351544585588505e-01
3.983915099956056860e-01
1.001262149962934139e-01
6.431834011476804391e-02
-4.292706287829958084e-02
1.893588296142802718e-01
3.935992045840361331e-01
-8.010756011217550210e-01
-5.999286578368706602e-01
4.220689478431944863e-01
1.000243111367244975e+00
6.555065447790107969e-02
-8.037248941231365240e-01
4.027995671498078023e-01
3.522758383881039596e-02
1.916095230419044004e-01
-9.998640218219209119e-01
-3.201196575565694036e-01
4.121706221880906407e-01
1.874021036103291904e-01
1.198636917899770782e-01
1.000068633129111983e+00
1.000116245495501710e+00
9.999918837909523850e-01
9.985246673546505081e-02
-2.348874536976955710e-02
-1.000174785387760501e+00
-3.468998032963566125e-01
-2.935941382676779954e-01
9.999692557100866575e-01
-8.059504773646851694e-01
-8.109566383168135273e-01
-5.998977280123938272e-01
-2.589907626294843945e-01
-1.000123815676025485e+00
2.204718328779911862e-01
1.000936452103633884e-01
-5.998868058385135038e-01
3.000142798090108670e-02
1.000021978144684631e+00
1.985280798319425943e-01
2.043995960501313047e-01
4.430837844993653490e-02
-3.095805707585929656e-01
-3.579166396026342567e-01
-2.834992267871293548e-01
3.941620775342538074e-01
-2.172296197536764950e-01
9.999100351801509801e-01
9.999818473739480185e-01
-3.174578348872062611e-02
2.096568395778100335e-01
2.036265414206390456e-01
-2.739639734878251617e-02
-2.505944709680452132e-01
-6.000076482865661642e-01
-9.998618034246942177e-01
1.933894469919799630e-01
1.846205026873055238e-02
