-6.000771354418068526e-01
-6.000787309195076968e-01
9.997277327812219561e-01
-1.749319697825684611e-02
-1.000128352591377556e+00
-7.982314162379060551e-01
-6.000144204471040688e-01
-5.076004289034413697e-02
-7.858062888760719567e-01
-2.525494696699583375e-01
9.997868977546196800e-02
-1.000024832821420961e+00
1.953482161876174406e-01
-2.140170167823393990e-02
2.047753958047593692e-01
4.129037384308205660e-01
9.217917206714709710e-02
-1.000017996788824970e+00
1.944423745574094808e-01
1.138677514019657971e-01
4.001494314100628169e-01
3.953198403734309307e-01
-3.390902650142147978e-01
-8.164200760302352533e-01
-1.000022160519191905e+00
3.869866456763013662e-01
-3.213109717973238189e-01
-5.999600946093240905e-01
-3.661866940096443201e-01
9.993294830500205894e-02
-1.000176850480636315e+00
-7.939722226600666177e-01
-8.006742779837241475e-01
-1.000015198520627813e+00
7.483665917982355864e-02
1.000116432649859721e+00
-9.999668228788419766e-01
9.998266573336052065e-01
3.940680617521086782e-01
-6.000445247857819631e-01
1.000045237615356575e+00
-8.043511199616363294e-01
-2.362936197612503508e-01
9.992572988738376849e-02
-3.499675406957306611e-01
4.052778359114929119e-01
9.998237540362986397e-02
9.996799188048378915e-02
9.998822785406297209e-02
2.082835003777937788e-01
-1.000190267691429602e+00
-7.939568849860982880e-01
3.903689630961409973e-01
4.025011877310565866e-01
-2.574587041412664257e-01
-9.999825181250229233e-01
-7.999301238659770608e-01
4.043105201589912712e-01
-6.040623596055571393e-02
-1.000124047646290926e+00
6.817498519602234464e-02
4.009211224936186091e-01
-1.000069319764624654e+00
-2.595941769935006249e-01
-1.000112603988513538e+00
1.002275186584113964e-01
-1.000034896446919452e+00
-1.502981978909163213e-02
-8.000239894397904727e-01
3.986254977882425776e-01
-5.999199425343179071e-01
-3.852233999162985034e-01
1.000198938633864582e-01
-5.367477945108365539e-02
1.975472926332053347e-01
1.000953698175088141e-01
1.938395572001765377e-01
1.000277171240032681e+00
3.969787342214842196e-02
-7.832516392911617054e-01
3.883252585565479809e-01
3.939065980079018980e-01
1.944960188669710988e-01
1.880961010526122079e-01
1.000173540354668322e+00
4.109254595705330582e-01
-9.998107943360837746e-01
-5.999365701809260543e-01
-1.000124652480853582e+00
2.700340771662734438e-03
-1.000156152567679646e+00
1.000904236571059230e-01
1.000837208444991244e-01
-6.001177979524822126e-01
4.750645890304321106e-02
-8.008983982955979464e-01
-8.103020139878150951e-01
-2.485520368641945810e-01
4.103540726276293515e-01
-2.697923218084108954e-01
3.996096389325072273e-01
-7.970288401939159550e-01
-2.744426172540513353e-01
1.001181074169076174e-01
9.990656128383922086e-02
9.998972041905327401e-01
2.801209363189756081e-04
4.064756159116490464e-01
9.998895875015428869e-02
-3.381100182599872106e-01
1.964494821058226925e-01
-3.584980263868858819e-01
-5.999006125991257488e-01
1.000023117876630563e+00
4.153280695834021263e-01
2.035127549936790736e-01
1.002750317205056557e-01
9.999209048911930076e-01
-1.000137044543295550e+00
3.931756209967535165e-01
9.999115784140907293e-01
3.983426790603141754e-01
1.001035521306984782e-01
4.073765230825995842e-01
-5.999581035553963604e-01
3.991432054205465985e-01
-2.651961726941358122e-01
3.940927866498886711e-01
9.998927662370047376e-01
1.000070881835699588e+00
9.999184973083584393e-02
2.139026768756870922e-01
3.908611998703546142e-01
-7.970891631907560670e-01
1.001276325042476101e-01
1.000110183577183065e+00
9.999794223766222956e-01
-9.999976113831016145e-01
-5.999527242201595501e-01
4.095393348611527928e-01
-1.321780467151575100e-01
3.907025287672581393e-01
9.997455418086406698e-02
3.863528729938022765e-01
7.136767171031577206e-02
-2.711547232231080740e-01
-6.000440221886499392e-01
2.125906361764642316e-01
9.999217726770573966e-01
-1.000080453795290314e+00
-8.179026236617914503e-01
1.000072356930266526e+00
3.941483676103373912e-01
-6.000255490404016179e-01
9.981380704379683166e-02
6.862458165078348660e-03
-3.412298989102913738e-01
-7.980040977362408139e-01
1.969022964452006585e-01
1.000685818607420091e-01
9.998644666256771840e-01
1.953974085401752880e-01
2.038744326307165844e-01
-3.147704869524428073e-01
-1.000042215072326490e+00
2.395713640230266728e-02
4.167914443703450433e-01
-7.950179014578230285e-01
2.069926556829694009e-01
9.999944965185305623e-01
-8.063868815285010205e-01
-6.001345923005311223e-01
-9.998467477202939158e-01
2.643376732893232273e-02
-3.133393142445881629e-01
-6.001220272047635973e-01
6.163869901712461241e-02
2.037032336007770783e-01
-1.000029276064913653e+00
9.997623287638590650e-01
-7.993852000350708531e-01
4.001805245469292616e-01
-3.665000497273471769e-01
9.999487328491468707e-01
-9.999935863651083778e-01
-4.605688659357118353e-02
2.039277612585189137e-01
1.002207352165639526e-01
-7.954255215284763425e-01
-2.591919302938016090e-01
-9.055358997846636379e-03
-2.974392897278271275e-01
1.998679061887456421e-01
3.955071851402061633e-02
-5.998911849901490401e-01
-5.998894787614110768e-01
4.273059366753529931e-01
1.000003043970508099e+00
1.000598787436567383e-01
-3.538030291676035888e-01
2.025486093930791154e-01
9.992836565397932025e-02
1.000854952958574323e-01
-7.918773509087730922e-01
-5.999532669239704408e-01
-5.998778979243213350e-01
9.998785412087456415e-01
-5.999990001650958860e-01
-6.000502579895899968e-01
9.998507792700433994e-01
1.763540200235789723e-01
-8.095615358777366044e-01
4.042821935194933491e-01
8.140375857499179343e-03
2.071619475748321115e-01
-8.124854560431556960e-01
-9.999842898104643885e-01
-7.819619800756869576e-01
-9.999427594481623549e-01
1.000149868179856183e+00
9.999385434599624700e-01
-7.886976050521796733e-01
-2.608325339912635488e-01
2.736851544949012172e-02
-8.018079524305841144e-01
9.999192861621124528e-01
-6.000299573903877803e-01
1.001784968705158319e-01
-1.000089376304852617e+00
4.165174578109109849e-01
2.021685080700586779e-01
1.000144452763869207e+00
-6.000591418739826821e-01
-6.000389326671626833e-01
-2.768768462221820048e-01
1.000044713510979788e+00
9.996828563191675898e-02
9.999560129975862965e-01
1.000002551325968270e+00
-1.000045484743737223e+00
4.038708383510392630e-01
9.985066353205476752e-02
3.972137097143362827e-01
1.000032827558691856e-01
8.871619245494820338e-02
1.200955417504408554e-02
2.026266442186627770e-01
3.984051764444771493e-01
-8.115119949287128431e-01
-5.998042456463642536e-01
4.153383710172663390e-01
9.999644969385769189e-01
3.694346931418213131e-02
-8.053681870211309990e-01
4.112988537487325957e-01
3.933855933266872801e-02
2.095816643539019641e-01
-9.999374987749459764e-01
-3.616715242162517052e-01
3.946621806089064544e-01
1.950062158397682377e-01
3.897836468371504437e-02
1.000053761744725378e+00
1.000127375106253158e+00
9.998531021387907503e-01
1.000421258175412387e-01
6.674205472620606261e-02
-9.999931246739004465e-01
-2.122583911058207873e-01
-3.510109570269883128e-01
9.998336738648198052e-01
-7.954723384084818605e-01
-8.024562801192201000e-01
-6.001434107696776987e-01
-2.755787436934989398e-01
-1.000076123766295844e+00
2.095305063947210944e-01
1.000578514684147269e-01
-5.999894938734096073e-01
4.851130278074736180e-02
9.999907855662186762e-01
2.231429544946525456e-01
1.883551291846366493e-01
-1.898963732727088072e-02
-3.140784461821591877e-01
-3.778403348734890588e-01
-2.969965896471082889e-01
4.084363648420641923e-01
-2.775341375615714701e-01
1.000083350379345370e+00
1.000058956324798798e+00
-9.438960288399071696e-03
2.073635564288837385e-01
1.932346930812778862e-01
6.024655326709145269e-03
-2.978719649414593995e-01
-5.999680704196789227e-01
-1.000147771652309281e+00
2.049945738651778870e-01
1.188858645394611771e-03
