-5.999792526519963642e-01
-5.999624474856679601e-01
1.000014983809373925e+00
3.840107922242771976e-02
-9.999372688063292713e-01
-8.143242107930492857e-01
-5.999972406094219446e-01
-1.385255265270360636e-01
-8.094897246468710783e-01
-1.992434793945706828e-01
9.995610268210171345e-02
-9.998369329174845443e-01
1.876099830547965641e-01
1.956114633963208782e-02
1.924419982354210745e-01
3.842257947984498156e-01
1.675453890397152201e-02
-9.998461296839772361e-01
2.019937044022304673e-01
8.979458208926826418e-03
4.021825196977177330e-01
4.002869940862941456e-01
-3.035179989998955663e-01
-8.055184006442657196e-01
-9.999503815305467169e-01
3.958923918456481728e-01
-3.524922046571993262e-01
-6.000539702174880752e-01
-2.960509084506041666e-01
9.999845425961850776e-02
-1.000064343785381560e+00
-7.959848651650311968e-01
-8.052625344195371015e-01
-1.000119563473441664e+00
3.496004779273177016e-02
9.999187657009298569e-01
-9.998445330042885493e-01
9.999423825910911390e-01
4.099022587208202006e-01
-5.999070549116455320e-01
9.998826562704080656e-01
-7.873125993375920118e-01
-3.676719616882223596e-01
9.993996171874565404e-02
-2.555164026033005520e-01
4.026880279595516088e-01
1.000866469320282337e-01
1.000311090168451711e-01
1.000380758516550284e-01
1.942977439925434591e-01
-9.999762296433244435e-01
-8.151485974305143767e-01
3.955105388379469566e-01
3.892105057999035722e-01
-2.975868301439353325e-01
-9.999681899916260663e-01
-8.047680703984164685e-01
4.201071536881795243e-01
-2.016452759826030741e-02
-1.000087928564808770e+00
7.555837706945350840e-02
4.087964114221833145e-01
-9.999933442998985011e-01
-2.504257625294146195e-01
-9.998904237547381335e-01
1.001509571650524427e-01
-9.999507670395203496e-01
-6.263710432524376148e-02
-8.025839669490104633e-01
4.121307219704039571e-01
-6.000075170755271303e-01
-3.455934466537414762e-01
9.998844482095656239e-02
7.716744973185820332e-03
1.930085257764476980e-01
1.000624085141428032e-01
2.085515256215491608e-01
9.998968183172082247e-01
2.640503414896144471e-02
-7.892649574259315015e-01
4.175931607815352442e-01
4.076434166355690225e-01
1.864181473397668320e-01
1.930409025254378186e-01
9.999778682323010592e-01
4.080716777526093297e-01
-1.000087481730081329e+00
-5.999809274151558514e-01
-1.000129785671887150e+00
3.083163771419431248e-03
-1.000109946232904168e+00
1.000144549038470276e-01
9.997431210461231454e-02
-6.000761905909571814e-01
1.226336056903120503e-02
-7.861062552600006637e-01
-7.962415350258780222e-01
-2.673977539257079705e-01
3.917555469573164584e-01
-3.067702618994979091e-01
3.751311436885576556e-01
-8.037417528149889412e-01
-2.802790118788484053e-01
1.001409622985029862e-01
1.000907586475942301e-01
1.000157367911818529e+00
3.252111735155157474e-02
3.983796908361751932e-01
9.994215960625109363e-02
-3.388437578223933433e-01
1.906238988793273470e-01
-2.754921006031735287e-01
-5.999112882132007218e-01
1.000045605509527480e+00
3.973600255521894664e-01
2.152935318928893005e-01
9.992524532421516448e-02
9.998987508956587167e-01
-9.999360029191143306e-01
3.866888189599905767e-01
1.000025202931750012e+00
4.003189539265394892e-01
9.996445528724806628e-02
4.064682228145068965e-01
-6.002424964825409104e-01
3.906806634172607651e-01
-2.437122905351623570e-01
3.999393601121038477e-01
1.000151000912463450e+00
1.000067874308355531e+00
1.001769111529393214e-01
2.216332348424876753e-01
4.088622959490601505e-01
-7.808796464905177759e-01
9.988576782699459811e-02
9.999742051593923930e-01
9.998578334981329530e-01
-9.999774089605001359e-01
-6.001683777309207990e-01
3.966854204511142123e-01
-7.190511916052431951e-03
4.051420301832139859e-01
9.990651350030010924e-02
3.863856324546314780e-01
-6.144888436000398024e-02
-2.451034257645908210e-01
-6.000054465435903372e-01
2.080047509534224126e-01
1.000159625643217698e+00
-9.999510610241140185e-01
-7.998237780524379836e-01
1.000246701838667152e+00
3.979194888798411878e-01
-5.999766162044364304e-01
9.995371525754730146e-02
4.425248194133144658e-02
-3.632078135613717729e-01
-7.944010771114375924e-01
2.012679063877002295e-01
1.002600047481450318e-01
1.000089851389034612e+00
2.055069637380475545e-01
2.046300002068061896e-01
-2.854286685994650297e-01
-9.998175779414053554e-01
-3.956226490443262578e-03
4.021224743955408854e-01
-8.100468519558738922e-01
1.981901803857445132e-01
1.000068217267822135e+00
-8.089715386047314771e-01
-6.000358901389382105e-01
-9.998940565788122514e-01
-8.204579544081408438e-03
-2.495210236552097005e-01
-6.001136905682621370e-01
4.316070609402021009e-03
2.007101590327711460e-01
-9.999407135293166826e-01
1.000113160144711522e+00
-7.956496672018663618e-01
4.099291925466600484e-01
-3.296003452753932805e-01
1.000057533454211223e+00
-9.999732732825042936e-01
-3.957278810305228656e-02
2.057217542233138741e-01
1.000634409506097472e-01
-7.948304304847824131e-01
-3.459287749477560348e-01
-2.704522782661258895e-02
-2.663460376091535964e-01
2.194939623572296217e-01
4.493732481951331903e-02
-6.001786648658032908e-01
-5.999011230156322538e-01
4.016142279829491013e-01
9.999922086609491778e-01
1.001426335519146893e-01
-1.927353144857592016e-01
1.934990534362704406e-01
1.001358601171932622e-01
9.993303790246084450e-02
-8.057724338402885156e-01
-5.998641057832748702e-01
-6.000291434579934080e-01
1.000027042900309082e+00
-6.000812917097199106e-01
-5.999469634886441805e-01
1.000006530131088089e+00
1.993049929788020536e-01
-8.023602646208086719e-01
4.236383887285774530e-01
-5.028267363440500244e-03
2.102399563790542381e-01
-7.997484604681434073e-01
-9.999646037020584188e-01
-8.117577326453691011e-01
-9.999608100036487812e-01
1.000096915298255285e+00
1.000100091073008901e+00
-8.011017894307649323e-01
-1.832053967929985205e-01
2.478968306767314819e-02
-8.061222674898297358e-01
9.998190888618259109e-01
-6.001145084941500452e-01
1.000353469255423899e-01
-1.000032985893369863e+00
4.042253333554206018e-01
2.091047092326708268e-01
1.000023857040046371e+00
-5.999138252601230459e-01
-6.000212477305609804e-01
-3.005985986368489571e-01
1.000037623960326361e+00
1.002257273180361397e-01
1.000165865239810659e+00
9.999018554070380205e-01
-9.999832708662561576e-01
4.004465726036310347e-01
1.001252189547199439e-01
3.936067844753350919e-01
9.991715814879287283e-02
3.771133437865110266e-02
-4.464012558649088636e-02
2.110685005544305770e-01
3.930460873521890441e-01
-8.059093917758646253e-01
-6.000984876039630045e-01
4.077861659049253906e-01
1.000068304461879443e+00
-6.959404425774655401e-02
-8.070327415439840779e-01
3.897958395651782704e-01
4.498551107112697123e-02
1.878993427375870995e-01
-1.000152633223003740e+00
-2.825031550202787289e-01
3.955132413896700894e-01
2.026069186481995466e-01
-2.652750017793947812e-02
1.000002375826928303e+00
9.999884424033037567e-01
9.999344243183364567e-01
9.995950342748098627e-02
1.430450592883687061e-02
-9.999730246467276595e-01
-3.099196871790901864e-01
-2.394943459583687706e-01
1.000022416200683661e+00
-7.899377999414618490e-01
-8.069322833992113031e-01
-6.001222755020167998e-01
-3.522192213901239044e-01
-1.000035454882446162e+00
2.085866915242390041e-01
1.000782986501340815e-01
-6.000433930524690096e-01
-9.966019206587611867e-02
1.000108087165647808e+00
1.845410103126810530e-01
2.016160156615182941e-01
3.659626060271650716e-02
-2.889491580938717830e-01
-2.754358755944042447e-01
-4.232584166237730594e-01
3.949081787974189628e-01
-2.290815782439463710e-01
1.000038319563454126e+00
1.000057723124275322e+00
-7.031708576574198510e-02
1.904451261678611895e-01
2.075678632508404786e-01
4.668688521757484271e-03
-2.626163863235526086e-01
-6.000364427656807997e-01
-9.999685463126641860e-01
1.869470223683163401e-01
-7.434146535542195643e-03
