-6.001544541442336289e-01
-6.000289256317536957e-01
9.999314007199834320e-01
4.493281186176165641e-03
-1.000120960297686157e+00
-7.822135897761283152e-01
-5.998413979626505688e-01
-3.764707411518838920e-02
-7.991027038664116899e-01
-2.368281946822549111e-01
1.001189428634721434e-01
-9.999519916177075363e-01
1.916965845851257844e-01
-4.185320025339071132e-02
2.084332681420948408e-01
4.095142351464955421e-01
-4.266565516554152171e-02
-9.997254362537920658e-01
1.969179481147154132e-01
4.763763846225471665e-02
3.984461276493233006e-01
4.104544420883425859e-01
-3.281122869141590570e-01
-8.103499677984444816e-01
-1.000036298466109974e+00
4.036237367540410070e-01
-2.837270161101676513e-01
-5.999856892450685653e-01
-2.052135980827961281e-01
1.001813145372336539e-01
-1.000094725533251516e+00
-8.005062170531652699e-01
-7.892534897913766612e-01
-1.000012931362009860e+00
-6.642037200111061690e-02
9.999939417069249048e-01
-9.999074543272962190e-01
9.999178194866982228e-01
3.963468314965379879e-01
-6.000073011557168767e-01
1.000081859766132730e+00
-8.117456733280619119e-01
-3.400334581156450042e-01
1.000649166063705547e-01
-2.621302528098886642e-01
3.902240214580678934e-01
1.000037756996721289e-01
1.001456818006157129e-01
1.003753273986181943e-01
1.976281532491822035e-01
-1.000176310252010481e+00
-8.017634882597716173e-01
3.976666840658901747e-01
3.836780927459651491e-01
-3.363950295067364982e-01
-1.000094801370059017e+00
-8.082886024690327798e-01
4.167670369119440554e-01
-6.084927827655292609e-02
-9.999956801657725602e-01
3.787129544437480011e-02
4.001505605590164327e-01
-9.999521101739493600e-01
-3.790104937412970276e-01
-1.000146853508079525e+00
1.001181778044883258e-01
-1.000084848469046772e+00
-1.644778986659443986e-04
-7.990412577416076134e-01
3.946225123889305353e-01
-5.999866267607016912e-01
-2.402583308032534282e-01
1.000561920620275796e-01
-4.389696926167733007e-03
1.855479741131046134e-01
9.983679780231791145e-02
1.869380089035479475e-01
9.999064121547299733e-01
-5.592306566075527091e-02
-7.995677739637133685e-01
4.022602915710056792e-01
3.738959411345737505e-01
1.942327849911840432e-01
1.952771001179954002e-01
9.999935462527477226e-01
3.959814723768001477e-01
-9.999584502147770282e-01
-5.999319272476081322e-01
-1.000124431688458548e+00
9.391950049526408620e-03
-1.000082197166050069e+00
9.998243044624684217e-02
1.000927985853754393e-01
-6.000178563901538142e-01
7.325469812924877144e-02
-7.875066040079592433e-01
-7.988704433151347928e-01
-2.748013561408391703e-01
3.995411160651696769e-01
-2.661717522194881891e-01
4.032219558616823019e-01
-8.130735756108614654e-01
-3.200030234889723602e-01
9.997475736318342521e-02
1.000524545717376701e-01
9.999576645609669079e-01
-3.838531683525382189e-03
4.151006739103622056e-01
9.992713422044542659e-02
-3.584170054411522921e-01
1.911003805335745875e-01
-2.782465980913998438e-01
-5.999374027049844127e-01
1.000013296717552569e+00
4.010412816056268537e-01
1.986653255777037219e-01
9.993568238270353343e-02
1.000096739612438057e+00
-1.000050433855680598e+00
3.966300612387008706e-01
9.999094258786473954e-01
4.183315831002725194e-01
9.985792836630587310e-02
4.123722018071352413e-01
-5.999090216101435891e-01
3.945994977381178104e-01
-2.960337465750993990e-01
4.042673877392468640e-01
9.999309432352584404e-01
1.000012665463326567e+00
9.996388662113039891e-02
2.016550752741078367e-01
3.956590699799409361e-01
-8.093504607623168701e-01
1.000610206718555301e-01
9.998533659793507056e-01
9.999668895660321910e-01
-1.000102268823716667e+00
-5.999344422130671317e-01
3.942993733563098235e-01
3.254090350810861371e-02
4.050278939534220357e-01
1.000593838091990290e-01
3.955889182635904389e-01
-7.867170489272823364e-02
-2.424323810146701841e-01
-5.998536590064272866e-01
1.983042320430646044e-01
9.998830000534927320e-01
-1.000026257512379724e+00
-8.027187157683782770e-01
9.999435885572055538e-01
4.034486719547996092e-01
-6.002647591960198481e-01
9.991775935291057065e-02
6.216448641603096459e-02
-3.129411565083431435e-01
-8.150773769618437914e-01
2.071464516173226189e-01
9.982075189400511916e-02
1.000097139440386584e+00
2.020520706186278714e-01
1.784514355997343094e-01
-3.126067744662051617e-01
-1.000015601929486131e+00
4.697158370000831945e-02
3.983071177661952067e-01
-8.064753088811849047e-01
2.064635827608122254e-01
1.000026994594788388e+00
-8.111244322175844568e-01
-6.000709538900906859e-01
-1.000031421141863053e+00
-2.876995359674831138e-02
-3.327307911053534739e-01
-5.999841285193847629e-01
1.212474999009079818e-01
2.053796837487222859e-01
-1.000049519598174896e+00
1.000148572345136433e+00
-7.942928031177610704e-01
4.004529773190375064e-01
-3.059226213118577675e-01
1.000056622492010217e+00
-9.998967192452644648e-01
-5.285471965611111822e-02
2.085313242134656242e-01
1.000408916336991000e-01
-7.978084782846172063e-01
-3.442167184915712608e-01
7.048301292991457356e-02
-3.262492796237997372e-01
1.873239326407706018e-01
-3.413770718517167985e-02
-5.999255441559312452e-01
-5.998452135180167843e-01
3.969717960572292648e-01
1.000198167057105181e+00
1.000426948351069989e-01
-2.579819048325244779e-01
2.186758967774369011e-01
1.000140984657066218e-01
1.002481966846254791e-01
-7.917834460080426240e-01
-5.998603171218258590e-01
-5.999535758843052013e-01
9.999797079576810965e-01
-5.999873946338154518e-01
-6.000280203090500031e-01
1.000001928792941808e+00
2.208561712876062066e-01
-8.111453642014211374e-01
4.037593088576518219e-01
6.711090347146860154e-03
1.954328339521039792e-01
-7.992232965282878299e-01
-9.997817770389305636e-01
-8.181512647201463206e-01
-9.999148510163795578e-01
1.000145479451815422e+00
9.998826241079777910e-01
-8.058254695161890524e-01
-3.128087833517784189e-01
-5.123258086288184909e-02
-7.950288947822884422e-01
1.000024697369308990e+00
-5.999333762939117465e-01
9.991450576099229763e-02
-9.999735810283847393e-01
4.186452036110691610e-01
1.971345135155502526e-01
1.000085604413436080e+00
-5.998747123403410653e-01
-5.999515970471527293e-01
-2.589271242961375119e-01
1.000045853148107122e+00
1.000571413425336981e-01
1.000062255210303563e+00
1.000185880013992223e+00
-9.999603151899186804e-01
3.882915370938099242e-01
9.984417067297471360e-02
4.135896533449582302e-01
9.999892311568248093e-02
-6.061493148150207122e-02
-1.233713745232418724e-01
2.063132502906054599e-01
4.051598236264660757e-01
-8.148072516122432107e-01
-6.000598937155842139e-01
3.958318461509015562e-01
9.999117991418324802e-01
-8.740375708580688796e-02
-7.908856111416220358e-01
3.914504753807112603e-01
-3.355996630252901496e-03
2.012185965356254047e-01
-1.000108294627209959e+00
-3.210183297034055472e-01
3.989824580149378130e-01
2.071525933043592005e-01
-5.412403481856856852e-02
9.999305331320897938e-01
9.999195869374059020e-01
9.998270204256626270e-01
1.000262661448458323e-01
4.257414878451433460e-02
-1.000124123704414503e+00
-3.336457565551088078e-01
-2.204939154384706335e-01
1.000106320452564646e+00
-7.876995727790917501e-01
-7.996909393096450769e-01
-6.000331953766109283e-01
-3.510056935636223230e-01
-1.000134308652064208e+00
1.851164565864402145e-01
1.000250957895651716e-01
-6.000940942702687186e-01
-6.677073011095115661e-03
9.999808619494666706e-01
1.876498931838309348e-01
1.939680821203465244e-01
-7.170426399459701138e-04
-3.852432055407280509e-01
-3.117242384624918650e-01
-1.963234561715034021e-01
4.212611332454078705e-01
-2.489797964755313675e-01
9.999824274457191908e-01
9.999776765592794936e-01
3.353079607062126738e-02
1.907921998698800525e-01
2.147010218063423459e-01
-3.672910732385779170e-02
-3.292760766872905864e-01
-5.999526096206633241e-01
-1.000058729717623995e+00
2.043767074726865474e-01
2.836599432652464614e-02
