-5.999302358595628437e-01
-6.000052938038472616e-01
9.997946056051831842e-01
-4.967350924157344638e-02
-1.000009314544025640e+00
-7.945173055022879405e-01
-5.999287910209141206e-01
-2.304773387129322240e-02
-7.894944586941592402e-01
-2.549121754549182883e-01
9.997814236205460059e-02
-1.000084176829260763e+00
2.105718684816665076e-01
-3.775080362517758276e-02
2.003058735796918177e-01
4.128222374244057691e-01
-2.064444424142006240e-02
-1.000106666562427415e+00
2.027787414501290852e-01
-8.461889880818287014e-04
3.907947477035822459e-01
3.941104099023505225e-01
-3.132094628326384522e-01
-8.102373195876847456e-01
-1.000039007785720191e+00
4.048697648528233883e-01
-2.835279087440423784e-01
-5.999230516059181895e-01
-3.407993626102955309e-01
1.002168318517935863e-01
-1.000132341762263177e+00
-7.925813360601599022e-01
-7.950538570685560247e-01
-1.000018615378261755e+00
3.767013484475047885e-02
9.999100115796256683e-01
-1.000038096831393553e+00
1.000070649620814267e+00
3.926655296625685687e-01
-6.000312297163296060e-01
1.000072701692278798e+00
-7.973285977501890498e-01
-3.044663975783802878e-01
1.001462022195391544e-01
-2.855468092698174032e-01
3.955873043720786741e-01
9.989048151924075081e-02
9.988849117507622721e-02
9.987623226537570287e-02
1.979515339841090849e-01
-1.000173259333450471e+00
-8.203589157483912597e-01
3.938069667584120914e-01
4.011810469018201042e-01
-3.148297107449008481e-01
-1.000074876890859832e+00
-7.822858831941335023e-01
4.032102769043856560e-01
8.809861410912639412e-02
-9.998999430295240076e-01
9.603915272347179899e-02
3.976573776998422183e-01
-1.000107476049426403e+00
-3.074539624640499902e-01
-1.000023282985472939e+00
1.000088275857210773e-01
-9.999744887698471807e-01
5.373825538447766365e-02
-7.693041093907929673e-01
3.987578365698467020e-01
-6.001449539910014286e-01
-2.958153722705850752e-01
9.989501216551877061e-02
5.445248245005317005e-03
1.932321146827297720e-01
9.998117172184428636e-02
2.092057950676274869e-01
9.999862054900062747e-01
3.329524900465863357e-02
-7.926457213761732845e-01
3.879697917445962818e-01
4.180215917367952616e-01
1.974662578677776059e-01
2.052264355798880391e-01
9.998867687846912933e-01
3.870035320704076076e-01
-1.000151402673029599e+00
-6.000509899291130989e-01
-9.999072951459196945e-01
-2.360679487905489871e-02
-1.000097493370628587e+00
9.993938433791073328e-02
1.000575432653819652e-01
-5.999722784064028813e-01
-3.998308356319574264e-02
-7.920840139927417534e-01
-7.961734859406033316e-01
-3.393741237118684806e-01
4.214088855616100471e-01
-3.201671881881623105e-01
3.999904951390252372e-01
-8.065411628333069016e-01
-2.518535287781162313e-01
9.994399833669338762e-02
9.986598156039683261e-02
9.998826795575584958e-01
5.189653855945233762e-03
4.130838369899094698e-01
9.983166301923135366e-02
-3.292949746808937483e-01
2.042154025485617141e-01
-2.434807298764926908e-01
-5.999603294321884661e-01
9.999510942383388334e-01
3.910565442152729165e-01
1.823735675139596946e-01
9.984161683186859593e-02
1.000030229592861586e+00
-9.999776038902725706e-01
3.963924946507159097e-01
1.000024374935413629e+00
4.041695363704588262e-01
1.000169466507799809e-01
3.949858200862355062e-01
-5.998793752426717640e-01
4.028942883696128296e-01
-2.964615719733124100e-01
4.110400354917749799e-01
1.000011465713536163e+00
1.000076546199410110e+00
1.000829481030463125e-01
1.876792428308122207e-01
4.103104498781685039e-01
-8.086567404443987250e-01
1.000103626438248600e-01
9.999278300692270305e-01
9.999172940538162413e-01
-1.000195501155271671e+00
-5.999477496371237173e-01
3.854323329602938886e-01
-1.941024157674867134e-02
4.047064749400319239e-01
9.973004884292951955e-02
4.040057106727376612e-01
-1.814082735095027404e-02
-2.850283795358520833e-01
-5.999266799033513564e-01
2.067196549063078925e-01
1.000001680708088925e+00
-1.000107018650843616e+00
-8.008112907627490396e-01
9.998690481280015918e-01
3.904371682015465028e-01
-5.999435283026542942e-01
9.993409102586621462e-02
9.875575697678370957e-02
-2.334432936377410228e-01
-7.946938584983941345e-01
2.030739820377860383e-01
9.975966545998686541e-02
1.000093131575485517e+00
1.799332340200512914e-01
2.076391987964905095e-01
-2.886668518712382503e-01
-9.999047973663064415e-01
-6.882534606211845873e-02
3.873240317653972586e-01
-7.952704164949444543e-01
2.097823546691904850e-01
1.000053193041506416e+00
-8.108765452245458860e-01
-6.001147338842156564e-01
-9.998162638422294357e-01
7.459720797014310345e-02
-4.010149810625627809e-01
-5.999345369311449572e-01
-1.168173193585581374e-02
1.895903901886557275e-01
-1.000077745732583345e+00
9.998515568700089284e-01
-7.956574122838299123e-01
4.030540726592782286e-01
-3.477869881345865277e-01
1.000141080892205769e+00
-9.999734845322743038e-01
1.031432414680814591e-01
2.164617623141834590e-01
1.001553317841893526e-01
-8.085831120441061559e-01
-2.987311457447602292e-01
-7.806473524409540069e-04
-2.146374701972288135e-01
2.154085323729520440e-01
3.481697953586620348e-02
-5.999177316898218759e-01
-5.997987410298548649e-01
3.933097569140380223e-01
1.000008124555415101e+00
9.996842340103463675e-02
-3.582315867349710192e-01
1.760260206248425441e-01
9.995670991895282131e-02
1.001109203744988269e-01
-7.934520328332921313e-01
-5.999786777395306192e-01
-5.999810128616382965e-01
9.999271945222262259e-01
-5.998646150112972864e-01
-6.000842280174679688e-01
1.000029110218954020e+00
2.068874676369637511e-01
-7.961422674078602046e-01
4.013279845895910691e-01
-6.418088635968060077e-03
1.958054847527206654e-01
-8.016376530109962095e-01
-9.998935634490345725e-01
-7.981238285285099376e-01
-9.999303762741958979e-01
9.999567045016065636e-01
1.000075226434419928e+00
-8.049609696935899894e-01
-2.558134439342364952e-01
8.223747868252241633e-02
-8.037842918892915689e-01
1.000071251392896432e+00
-5.999001588194624590e-01
1.000574300400033506e-01
-1.000061319466780674e+00
4.058550398006571247e-01
2.029107986257118468e-01
1.000016975995715818e+00
-5.999827544377362987e-01
-5.998200557674486788e-01
-2.734482993762828440e-01
1.000077488378465995e+00
9.999826540556841503e-02
1.000091757196347686e+00
9.998845856650565578e-01
-1.000060073772071956e+00
3.879907213674872457e-01
1.000838959402251815e-01
4.100222553170470574e-01
9.982276618852686800e-02
-2.346526910067408059e-02
-1.241724617084038204e-03
1.905310895155472029e-01
3.894054721821972320e-01
-8.092518476875633082e-01
-6.000890002984829996e-01
3.983835939024844008e-01
1.000068262913761830e+00
4.933231009108450527e-02
-7.971517161923503680e-01
4.001739494765439997e-01
1.266743372663851203e-02
2.035285879153882205e-01
-9.999951931284809525e-01
-2.705143894136776139e-01
3.903590499662863422e-01
1.853004704954422377e-01
-8.150063903916201363e-03
9.999539479880746873e-01
1.000014428056808180e+00
1.000079463157966586e+00
9.988255138820616164e-02
5.588511797138750320e-02
-9.999082389537077287e-01
-3.505325033056219119e-01
-3.596666055841477583e-01
9.999236370416286768e-01
-7.875282918483889061e-01
-7.936405518358604638e-01
-5.999781064127228669e-01
-2.559252338638309254e-01
-1.000149078274950476e+00
1.797326915882708764e-01
9.994094610990676697e-02
-5.999898394493744513e-01
-2.777436925289865702e-02
1.000009643404504711e+00
2.045847415045772832e-01
1.961740622317106886e-01
9.081495119259429261e-02
-3.602858697026833923e-01
-3.460841375223901450e-01
-3.747836272794120016e-01
4.217042920260749561e-01
-2.786850914832919024e-01
9.999038779543353295e-01
1.000100457404196952e+00
5.807664011428629453e-02
1.898788554704417542e-01
2.006628587118890750e-01
-3.457699918867532252e-02
-3.416780809071345848e-01
-5.999840854365862119e-01
-1.000022025400102876e+00
1.908705146655385321e-01
1.507983285031706290e-02
