-6.001192333579685734e-01
-5.999862508272836292e-01
1.000189824794239790e+00
-1.916154945469324133e-02
-9.998801441886120411e-01
-7.923263404187982362e-01
-5.999508798466358650e-01
-2.360003902688997610e-02
-8.018642105162238076e-01
-3.153349632579486861e-01
1.000312787628872824e-01
-9.998467799239179055e-01
2.008016613508619985e-01
5.695511267699669006e-02
2.047468051064276207e-01
4.037072718582860320e-01
3.499452924926870628e-02
-1.000104585273628999e+00
2.176870915350573310e-01
-3.564059975635264915e-02
4.026111439898140132e-01
4.064315334854514128e-01
-3.019059808663453470e-01
-7.998746158415042107e-01
-1.000209977889263468e+00
4.214702851409530826e-01
-2.813453364638869303e-01
-5.998541688761482860e-01
-3.170808625482830490e-01
9.995650245948783930e-02
-1.000130599223236993e+00
-7.992099988452269210e-01
-8.110347776870152625e-01
-1.000083950120816967e+00
-1.122561073410663704e-02
1.000045539738424694e+00
-1.000023207384935553e+00
1.000075665991055462e+00
4.036171732824942460e-01
-5.999848368375823027e-01
9.999958984996998312e-01
-8.114692902974370847e-01
-2.548499787366745872e-01
9.989418868090230164e-02
-2.098842426907126524e-01
4.016441514245752131e-01
9.988326621477107425e-02
9.992141565109925738e-02
9.989523328816131420e-02
1.858572979124789581e-01
-1.000110345134001211e+00
-8.122419790055765976e-01
3.854467923415096364e-01
4.015878249717290127e-01
-3.036168973914460945e-01
-1.000037624248859336e+00
-7.992550614388299612e-01
3.928286474750649626e-01
8.511011060632818481e-02
-9.998754297355220144e-01
-8.052370508029915719e-02
3.895945730783029748e-01
-9.999628422922721693e-01
-1.857108473272927052e-01
-9.998266922800247425e-01
1.000864191940039061e-01
-9.999292709990281747e-01
3.606445804361099045e-02
-8.006644464533836381e-01
3.926284217980098301e-01
-5.998953205432632219e-01
-2.548475701145845873e-01
1.001526611687573731e-01
4.021288813542187035e-02
1.944584466686332946e-01
9.998218826613644583e-02
1.937966935701009863e-01
1.000003574415644580e+00
9.096583184335850503e-02
-8.073283914465702038e-01
3.976387551658214226e-01
4.013495416667258731e-01
1.910873592401426679e-01
1.901093092206899982e-01
9.999474674454150724e-01
3.963097021406473686e-01
-1.000067813789098148e+00
-6.000604840356585923e-01
-9.998541677654635418e-01
-1.868809509921964471e-02
-1.000000835294980739e+00
1.001445353130419741e-01
9.999885963367383113e-02
-6.000137401183379682e-01
-7.568267306862848549e-03
-7.950532692626961495e-01
-8.207368698202206492e-01
-2.899300045346061006e-01
3.941864685141147628e-01
-2.646508164339697600e-01
3.944218977480134503e-01
-8.014591789500681296e-01
-2.874638493852152421e-01
1.000221692784058619e-01
1.000928489113193931e-01
9.998939943447664458e-01
-1.207702406265939027e-02
4.157133215526072623e-01
9.997046823162498985e-02
-2.802313613195657194e-01
1.819886092404358890e-01
-2.947525971956673208e-01
-5.998858675990045297e-01
9.999695721393941916e-01
4.094603272928636351e-01
2.022335445991885472e-01
9.982914306440784924e-02
1.000030109834438186e+00
-9.998953693885460625e-01
3.866102255542433475e-01
9.998875180084597636e-01
4.124742829089957374e-01
1.001727277503572239e-01
4.154884415423217847e-01
-5.998645498338259774e-01
4.072264756039371547e-01
-3.696542957651681727e-01
3.928723584015831327e-01
1.000073063943440310e+00
1.000003245117797368e+00
1.000212016063266735e-01
1.924960619222468028e-01
4.046428123586711112e-01
-8.083182698019993895e-01
1.001225384754495101e-01
1.000021880291203535e+00
9.998823086187114129e-01
-1.000077435743988996e+00
-5.999027588617035223e-01
4.004635601779598653e-01
4.295387273507104975e-02
3.883319305310033998e-01
1.000682099737989772e-01
3.985150059973747716e-01
-3.985799942007128144e-02
-3.299766554731561330e-01
-5.999434726597628886e-01
2.023368432760353219e-01
1.000080127479827219e+00
-1.000107408571726308e+00
-8.080773468351190036e-01
9.999757335056472796e-01
4.081291264135435970e-01
-6.001549002047319448e-01
9.999985436127108163e-02
4.919584970998962942e-02
-3.268561910460340281e-01
-8.112637508507867246e-01
1.991710272525254455e-01
1.000174806669274080e-01
9.999940616377589464e-01
1.943205971396329279e-01
1.935183764716441324e-01
-2.826505058855111607e-01
-1.000113884122590946e+00
-3.644543549619019135e-02
3.920221419303153709e-01
-7.981388641728991429e-01
2.035005766833343499e-01
9.999723569260844380e-01
-7.873618550321385134e-01
-5.999388215037861904e-01
-1.000007136871282176e+00
7.034265218271355813e-02
-3.306735114039421330e-01
-6.000296844601039625e-01
7.073589369577430730e-02
1.939813390171710172e-01
-1.000107091753142052e+00
1.000055678964692607e+00
-7.830790730183629922e-01
3.978110508866987138e-01
-3.162147949450680451e-01
9.998780965391614872e-01
-9.999467675787311327e-01
3.494451965075698330e-02
1.962486317395293611e-01
1.001220284613936057e-01
-7.931629009378408091e-01
-2.512391250844679402e-01
-1.444063018070119823e-02
-2.708156673806210168e-01
1.944718756921693104e-01
1.649415121157615793e-02
-6.000347339675173863e-01
-5.999334574811381326e-01
4.003055522187220494e-01
1.000144713888064585e+00
9.993892429785805609e-02
-3.951916323008270449e-01
2.058589028228882400e-01
9.985551641372276965e-02
9.996421441153563459e-02
-8.014492063294011981e-01
-5.999066531169852112e-01
-5.999971842874232131e-01
9.998811480673327479e-01
-5.999499245311707973e-01
-5.999587747529390169e-01
9.999947043265202673e-01
2.282229956331747744e-01
-8.021374052987536585e-01
3.960957350207230943e-01
-2.130068401060549246e-02
2.118989305307923676e-01
-7.835206051496037549e-01
-9.997724040278180846e-01
-7.942655901403744556e-01
-1.000268353611188932e+00
1.000016490907677191e+00
9.998384569358228502e-01
-8.060181733628538625e-01
-2.637112530629688312e-01
1.525961635065554989e-02
-7.878230048826860843e-01
9.999596278671589733e-01
-6.001085216632333630e-01
9.991159140436531305e-02
-9.999412616230809459e-01
4.030965445822596305e-01
1.917185897969234387e-01
1.000037291526821859e+00
-6.002262274663393571e-01
-6.001569366410725026e-01
-2.870359398494524150e-01
1.000089265707990949e+00
1.000884319836182201e-01
9.999911555816690667e-01
9.998369990704527588e-01
-9.999396948847121269e-01
4.189693017896457539e-01
1.000712025931289190e-01
4.043176704488841144e-01
1.000540019615761833e-01
3.371837784848948777e-02
5.028018286273056026e-02
1.915332414808314232e-01
4.067507506164393383e-01
-8.019423350639666159e-01
-6.001715664677896855e-01
3.982218033692566106e-01
1.000083207567727062e+00
5.367421432148099941e-02
-7.799251315898787507e-01
4.039432528046899007e-01
6.006930760128805120e-03
2.198197725988921269e-01
-9.999571009918789555e-01
-3.290250377693971773e-01
3.964859674492522412e-01
2.073045565353067721e-01
6.792315067277940321e-02
1.000006821262762857e+00
9.998884144637723015e-01
9.998293006164002961e-01
9.994409814987298413e-02
3.512609555985176518e-02
-9.998577857421965254e-01
-2.990368232679488369e-01
-2.329552213164388930e-01
1.000012515972872551e+00
-8.155888778614180934e-01
-8.076203880482039077e-01
-5.999658471905906509e-01
-3.415914874067844109e-01
-1.000003624344709685e+00
1.948678566696411818e-01
1.000538975619472970e-01
-5.998925096008965729e-01
-3.546246972637454031e-02
1.000034384579721936e+00
1.977637970263401712e-01
1.957229781966804971e-01
2.609686510698751641e-02
-2.418617368972984516e-01
-3.053537936879538450e-01
-2.279239349601536735e-01
3.932552328187501334e-01
-3.283154163910851908e-01
1.000056169028899156e+00
1.000053530720378836e+00
5.237068001830035707e-02
1.980438162408015568e-01
1.950148899837716443e-01
7.010896684506336130e-02
-2.887860356762858016e-01
-5.999716898667546428e-01
-1.000074747509214212e+00
1.895415090382145118e-01
-1.986830035574210871e-03
