-6.000520063274109583e-01
-6.001221598721203643e-01
1.000044742990204183e+00
-5.335003070006882897e-02
-9.999358227821532052e-01
-8.052085943411558810e-01
-6.000396659823642453e-01
-7.004040433298451551e-02
-7.760401061482303797e-01
-2.746258374083721532e-01
1.000513138910527899e-01
-9.999150746058823591e-01
2.024236426091609586e-01
-3.772370404550193235e-02
1.924932175628465969e-01
3.982263139127193430e-01
-7.222082057827253210e-02
-1.000070303278692840e+00
1.960698621046810253e-01
-6.521855728065376057e-02
3.997729728547910755e-01
3.911885007373144818e-01
-2.610798792506268118e-01
-8.009206438767872971e-01
-9.999541815023608171e-01
4.099758202758211900e-01
-3.332926392588553832e-01
-6.001083997785754409e-01
-3.485489415253426038e-01
1.001297185379013271e-01
-9.999704407583671628e-01
-8.080122178959615598e-01
-7.879006406552732100e-01
-1.000154148115286024e+00
-2.011960591430575832e-02
9.999920125042532915e-01
-9.998632474866209208e-01
9.997944247820298447e-01
3.885020280707395246e-01
-6.000229157648349076e-01
1.000063630700364303e+00
-8.005661560723212888e-01
-3.302705422746981534e-01
1.001139746736742636e-01
-3.152236598601215745e-01
3.998836237179372310e-01
1.000680493127969889e-01
1.000918649265465088e-01
9.995646585645910631e-02
2.104306260014276453e-01
-9.998972555788129268e-01
-7.968640589418366504e-01
4.130294300552987963e-01
4.026759316262124577e-01
-2.180712543355424471e-01
-1.000041504504531220e+00
-7.924925701513826359e-01
3.934404135495871424e-01
-2.730626366806042718e-02
-9.999613824770264836e-01
-7.732985516707401030e-02
3.984320745095062954e-01
-1.000069422530726726e+00
-3.803569009939685719e-01
-9.999156101462041146e-01
1.000048460016447482e-01
-9.999167643151546381e-01
-2.793831916793335091e-02
-8.122223655332972969e-01
3.971285490598833179e-01
-6.001463269348613627e-01
-3.895144660992346242e-01
9.983875400403410816e-02
-4.024925387785041608e-02
1.961901385167418022e-01
1.000765197224566527e-01
2.078467597196118621e-01
1.000099982515097574e+00
5.150220716216413058e-03
-7.992176075296026916e-01
3.928545432420096906e-01
4.010307934894039028e-01
2.149754110130273899e-01
2.130433652013734858e-01
9.999492354918095849e-01
4.001130310557932113e-01
-1.000083058768431288e+00
-5.999184774383841123e-01
-1.000028564696508804e+00
-6.334959560484006158e-02
-1.000050944014772236e+00
9.987899733096843036e-02
1.000539771865984473e-01
-6.001514574240142119e-01
3.569209825084268539e-03
-8.003288593714383836e-01
-8.187309394597487300e-01
-3.057319096427043026e-01
3.932370029219786067e-01
-2.710345654727855935e-01
4.002762801377435786e-01
-7.984044386855124742e-01
-3.076181518025498107e-01
1.001380129404969010e-01
9.993802584837961633e-02
9.999170815086164676e-01
-1.474536358612585189e-02
4.122570827632787704e-01
1.000142351643341226e-01
-2.167056172537926706e-01
1.988358591613518522e-01
-3.269467570929891487e-01
-5.998663316060679485e-01
9.999465654309526164e-01
3.964157039396467574e-01
2.011553210513931655e-01
9.998879319212193584e-02
9.998806592716102948e-01
-1.000043455666491665e+00
3.946769492973864479e-01
9.999407577641132860e-01
3.863397737198260851e-01
1.000244795242108409e-01
3.942202242206967466e-01
-6.000469820722298397e-01
4.095034757536512582e-01
-2.742456609280919944e-01
3.848389081736858230e-01
1.000154498537946912e+00
9.998157957306369470e-01
1.000667110326233511e-01
1.896032814207970207e-01
3.981560482301080284e-01
-7.953488882223807011e-01
9.992983831950266738e-02
9.999874962214969631e-01
1.000013976749598354e+00
-1.000136973455851397e+00
-5.999934925032678334e-01
4.016663344714891948e-01
-9.470153540845096390e-03
4.085821252631838263e-01
9.998733739829986089e-02
4.056802319825946745e-01
1.928339087559219692e-02
-3.073097225918545727e-01
-5.998430940845516091e-01
2.082184799749490223e-01
1.000116559104577307e+00
-9.999195144289551029e-01
-7.936264007526817599e-01
9.999676035240121497e-01
4.002138241484772263e-01
-5.998996230242482630e-01
1.000090072214394887e-01
2.065006171512272920e-02
-2.645353218171197507e-01
-7.986214439153662692e-01
2.027143294911208649e-01
1.000157146407261305e-01
9.998593283035316359e-01
2.076220402358242845e-01
2.042977124305181136e-01
-3.567396784456545733e-01
-1.000019571772205129e+00
-2.124585852498185254e-02
3.920250951992535482e-01
-8.052102039321803462e-01
1.933833254703769822e-01
9.999328048534854574e-01
-7.983699718147700963e-01
-6.000000270517665824e-01
-9.999403545302157914e-01
1.114300027620526434e-01
-3.130013209671294039e-01
-6.000229904356261246e-01
5.260711162686809717e-02
1.866033380094794802e-01
-9.998993816692912651e-01
1.000167774911528529e+00
-7.948311128784354418e-01
4.137640394924935738e-01
-2.323980572830218194e-01
9.999765569206059412e-01
-9.999980029343489285e-01
5.354568033052177489e-02
1.908939021991779006e-01
9.993869628492033086e-02
-8.043438649320063805e-01
-3.077883068483709406e-01
-1.031405632706163672e-02
-3.174492838723352861e-01
1.949968269599798298e-01
-3.870935182797979272e-03
-5.999290848110555574e-01
-6.000543069228826409e-01
3.859223630043756570e-01
9.999376129288165549e-01
1.000579172729297028e-01
-3.841128359079239996e-01
2.114279715846537067e-01
1.000736648443585203e-01
9.997504660105609176e-02
-7.963472193725192882e-01
-5.997301284011232747e-01
-5.999814618941472499e-01
1.000011045123121445e+00
-6.000896855430186694e-01
-6.000577208969468668e-01
1.000094357048963101e+00
1.963764100100660603e-01
-7.997481226322921133e-01
4.109142461476122388e-01
5.359620890152669986e-02
2.054392459484697397e-01
-8.155547080730721765e-01
-9.999553929003097696e-01
-7.908114693228375236e-01
-9.998453207926485398e-01
9.999626564596356681e-01
9.999593098812031844e-01
-8.070214330521124912e-01
-2.660427206624808028e-01
2.876697470544049146e-02
-7.952417895181081997e-01
1.000096542525968690e+00
-5.999806042187316724e-01
1.001596037891911845e-01
-9.997799806830477420e-01
3.961070822347172449e-01
2.057655135629428422e-01
1.000016477821772165e+00
-6.000051917263614643e-01
-6.001934779043707202e-01
-1.984811940710289324e-01
9.999596517579857347e-01
1.000408380460098279e-01
9.998780562737592525e-01
1.000093647942942976e+00
-9.997873277721478491e-01
4.147499896641934636e-01
9.988840092145256921e-02
4.231164754985928256e-01
9.992977178681292094e-02
4.433354393108195762e-02
3.891258989732487850e-02
1.923263089758878164e-01
3.766716394507167998e-01
-7.952896957777599862e-01
-6.000321636529627467e-01
4.001191893250601872e-01
9.998593171195534479e-01
-1.380560094974572771e-02
-7.844607773358096559e-01
3.942111804726142754e-01
-3.404859592619197822e-02
1.951776961900871799e-01
-9.999530560015627012e-01
-2.934826035815100154e-01
4.085218855416952732e-01
1.973158268504724699e-01
-2.910723246086598451e-02
1.000016930321331321e+00
1.000095544765064348e+00
1.000034390988363553e+00
1.000839797258323699e-01
-9.470251264885022613e-03
-9.999455141049811147e-01
-2.132487667397731657e-01
-2.790587594959135775e-01
9.999554075669936370e-01
-8.000784715210963460e-01
-8.028737187886881843e-01
-6.000944274786760291e-01
-3.559378179860625546e-01
-9.999725485542706460e-01
1.886743900194685075e-01
1.000157338467983908e-01
-5.999234847070554766e-01
7.466172837416089336e-02
9.999955740841958152e-01
1.947090045241381961e-01
2.145741447225516796e-01
3.700776690273178265e-02
-3.422117933797589329e-01
-3.085628433713148433e-01
-3.252311310658663746e-01
3.814195698065823703e-01
-3.055049039371494080e-01
1.000206382995475485e+00
1.000065937044591680e+00
-7.335539503206543743e-02
1.907191530433152704e-01
2.048467248800478480e-01
-4.636225230584257312e-02
-3.166577325215340633e-01
-5.999517648192482788e-01
-9.999409092520932241e-01
1.913582810119180688e-01
-2.602100298279470814e-02
