-6.001642853813961009e-01
-5.999964562484066954e-01
9.999592839215188933e-01
-6.642498710035675547e-02
-9.997386551872486926e-01
-8.048146706590904031e-01
-6.000914605254121792e-01
3.053122129508818727e-02
-8.045683308140358925e-01
-2.402190650396627269e-01
1.001373915148185273e-01
-9.999774823014536684e-01
1.851358668129301499e-01
1.858154112194228963e-02
2.110196845638439012e-01
4.115075050009314173e-01
-3.939257094006477083e-02
-1.000020113247860110e+00
1.916623377269783268e-01
1.422148166105191014e-01
4.022991521536733450e-01
4.114326794769344042e-01
-2.333629398487745976e-01
-7.973161042300473955e-01
-1.000106570671245976e+00
4.165803435139978084e-01
-3.209805725053512249e-01
-5.998393778752688643e-01
-2.991679334916370614e-01
9.978353603906624236e-02
-1.000126816380226824e+00
-8.024369574988735598e-01
-8.095574634336247799e-01
-9.999575211730822311e-01
-2.492885828773338738e-02
1.000124438829534501e+00
-9.999374415742189326e-01
1.000025982544488379e+00
4.046990625750823134e-01
-5.999157833614018331e-01
1.000005187068439660e+00
-7.948464204582637027e-01
-2.852109378568127296e-01
9.989423720625247027e-02
-2.483406076689403941e-01
3.920667212593345052e-01
1.000017534528513108e-01
9.998229845702245877e-02
9.989175210831634233e-02
2.081931638640729942e-01
-9.999856015971829715e-01
-7.852848968283656639e-01
4.313736923330707684e-01
3.991927455014343540e-01
-3.582406082264781300e-01
-9.999711700155218264e-01
-7.994922341510722896e-01
3.984618833690978801e-01
6.178115741817883505e-02
-9.999541024818953128e-01
-3.905810206472979523e-02
4.054037457316512771e-01
-1.000072499350879829e+00
-3.247214052790626249e-01
-9.999800466868639104e-01
1.000450276736175176e-01
-9.998529622563261388e-01
-5.911223940422632300e-02
-8.007427816040048052e-01
4.160410554847431275e-01
-5.998921105850147928e-01
-4.035020681046002089e-01
1.000339347234200649e-01
1.510654671252601756e-02
2.002896140362235289e-01
9.994221865554081541e-02
2.265197728635122976e-01
9.999601279064337378e-01
-8.418610656698992389e-02
-8.037744419953120056e-01
3.956518817263016685e-01
3.873013424797255300e-01
1.996216078523570248e-01
1.979901912663351582e-01
9.998863000636725173e-01
3.951840939389159590e-01
-9.999818286426118696e-01
-6.000432493715058824e-01
-9.999056906891036212e-01
-3.148459118521038796e-02
-9.999537101371143155e-01
9.988667298501738290e-02
9.993938013561348699e-02
-5.999085085862679856e-01
-4.124187250483137002e-02
-8.057084226297404062e-01
-7.923187097554748037e-01
-2.136591045054436755e-01
4.272589481662318889e-01
-3.720403847013916687e-01
4.056375976949938567e-01
-8.033805727129603724e-01
-1.830741354136075638e-01
9.988194229551455861e-02
1.001064032822770594e-01
1.000099478971221201e+00
6.575446974716740722e-02
4.045941747695962487e-01
1.000846359823286957e-01
-3.193047538405856534e-01
2.116603271730734259e-01
-2.918771814550258359e-01
-5.998528100522640960e-01
9.999215817846325294e-01
4.016550153323829031e-01
2.050476109573706185e-01
1.000597719413265640e-01
9.998899588032579278e-01
-1.000070011930670244e+00
4.033885766360930658e-01
1.000000889818811745e+00
4.048727053327764169e-01
1.001630428671082679e-01
3.991957249880146996e-01
-5.998986519648730198e-01
3.880649937469210498e-01
-2.447884418916045912e-01
3.947039082880532401e-01
9.998514341454491916e-01
9.999987813231872025e-01
9.993812292495117544e-02
1.912670684911326746e-01
3.922312292473913442e-01
-8.059162892711145831e-01
1.001133354478394161e-01
9.998303456471981931e-01
9.999688555893618824e-01
-1.000050674852097865e+00
-6.000027025065608477e-01
4.134708186662442442e-01
6.246691199392343657e-02
4.083576302492311627e-01
9.972531145672802744e-02
3.998107342974186462e-01
3.105705484845694073e-02
-3.345090488662201267e-01
-6.002217087007496454e-01
1.927111774874503414e-01
9.999308836071388873e-01
-9.999785611415926700e-01
-8.108250682340393256e-01
9.998880729205089635e-01
3.942370760317111533e-01
-5.998728878015856525e-01
9.984290436268559998e-02
1.441887507808857450e-03
-2.598792980155617549e-01
-8.010084928214250555e-01
2.015901011847780200e-01
1.001931225694937116e-01
9.999817896466567380e-01
2.201901007036737856e-01
2.098856112296799692e-01
-3.664894765670207444e-01
-9.999429464167975956e-01
3.713283426477773097e-02
4.085600034263432989e-01
-8.287179572588037058e-01
2.165568420363251645e-01
1.000275594734651330e+00
-7.887167919276836248e-01
-6.000492885114897534e-01
-1.000039450137162778e+00
7.421717784053036282e-02
-3.060007742413163312e-01
-5.999665763519651529e-01
-5.945852490862955919e-03
2.022782870459844951e-01
-9.999005154205125034e-01
9.999258351725717198e-01
-7.957072855640791031e-01
4.127898506171093773e-01
-2.562329953882840905e-01
1.000057587339633125e+00
-9.998455707122634317e-01
2.132300852478604195e-02
2.212796492622094990e-01
9.999462776539579101e-02
-8.070056517247536920e-01
-3.217271239675764671e-01
2.428973589346157536e-02
-3.080705414468549730e-01
1.936813391387511851e-01
3.690224311986314149e-02
-6.000691824162427412e-01
-5.998429810778530547e-01
3.906871999400317041e-01
1.000060830458768146e+00
9.995217724404348303e-02
-2.224772290033078803e-01
2.045471458113622965e-01
1.000400899855034414e-01
9.995971395890831945e-02
-8.075460366331190798e-01
-5.998804588019196471e-01
-5.999870614723536999e-01
1.000072209917051591e+00
-6.001041354084537538e-01
-6.001536033531510439e-01
9.999282345167967989e-01
1.968168716266542884e-01
-7.959950101444334125e-01
3.877772548740934244e-01
5.613895643909096178e-02
1.894255176597030577e-01
-8.102644993530020434e-01
-9.998064514423435911e-01
-8.210756685976678959e-01
-1.000080759913020367e+00
9.998823666670397792e-01
9.999150996617546250e-01
-7.924676500795865275e-01
-3.068713590468462593e-01
-6.454180447228878570e-02
-8.045363616227323433e-01
1.000264212702716149e+00
-5.999539928288032398e-01
9.995364096785334940e-02
-1.000198098095552268e+00
3.967742730494184800e-01
2.072699472303561330e-01
1.000073922167182161e+00
-6.001356671897624118e-01
-6.001567284724521611e-01
-2.802918203104285966e-01
1.000009279278798013e+00
9.996579453945038385e-02
9.999743653580794867e-01
1.000102085429313226e+00
-1.000088087975064211e+00
4.101439418400738557e-01
9.984509382199466265e-02
3.897075272317582217e-01
1.000635838344766521e-01
-3.790934648620729319e-02
-6.600061267750177013e-03
1.928893464128728363e-01
4.079181859911544805e-01
-8.146406572302298255e-01
-5.999552167226518407e-01
3.983523901327603589e-01
9.999350645748140698e-01
-4.986820689118195288e-02
-7.668085378579360123e-01
4.166081235436350783e-01
2.338893798117474415e-02
2.039695628805117678e-01
-9.999590304930173756e-01
-3.262910124065356299e-01
4.096757549855203906e-01
1.722934701853121864e-01
-9.296361263315969237e-02
1.000057447753456508e+00
1.000225410595243059e+00
1.000151464606151563e+00
9.995285431687178646e-02
-7.162473080024997496e-02
-1.000103133952517265e+00
-2.753855514732941878e-01
-2.992207937649080662e-01
9.999453399675239940e-01
-7.949034996375047291e-01
-8.188185187080145866e-01
-6.000239266878196753e-01
-2.790136734275943109e-01
-1.000089949224453267e+00
1.989693672796083446e-01
1.001861075862385680e-01
-6.000579955663182252e-01
-2.879994653829039131e-02
9.999859119077033620e-01
1.853058213412705768e-01
1.957129372244160170e-01
-1.176594374122431896e-02
-1.235856664613833589e-01
-3.256461537544320661e-01
-2.933200455979105281e-01
4.158028058459706244e-01
-2.450019328386366380e-01
1.000052618436689800e+00
9.999419048391257059e-01
-4.556701836632746222e-02
1.930245992251254095e-01
2.037175911202050715e-01
-2.531207487706163810e-03
-3.168135264904061166e-01
-5.999560187478258921e-01
-1.000099454915670982e+00
1.902748936394681734e-01
-5.247269629242488215e-02
