-6.000183719547400596e-01
-5.999930097774094362e-01
9.998709897610764674e-01
1.899074894680426173e-02
-9.998020340875055645e-01
-8.019259452096413332e-01
-6.000856488844932279e-01
-6.378659509461509503e-02
-7.956332694448976506e-01
-3.531286263663534486e-01
9.994817654526079453e-02
-9.999731002630344312e-01
2.067852617160085837e-01
-1.616082766483125516e-02
2.035898048386018122e-01
3.955848610508240215e-01
-5.903767426443058686e-02
-1.000089450523392598e+00
2.123894013614053833e-01
2.305009082729232717e-02
3.927075562115913687e-01
4.149093488162737264e-01
-2.987704945864188555e-01
-8.081105461005205770e-01
-9.999385424415938584e-01
3.928667003982622696e-01
-3.198701553584188395e-01
-5.998635650251066265e-01
-3.069598586024194775e-01
9.998647269030319640e-02
-1.000136543102435605e+00
-8.160661386430968500e-01
-8.020625760408592875e-01
-1.000098228077501039e+00
5.656657694422070892e-02
1.000012874217096170e+00
-9.999160281075023526e-01
1.000031468274944935e+00
4.013661922339337162e-01
-5.999957301896603479e-01
1.000055467817629440e+00
-8.212151207849027745e-01
-1.474534852595310308e-01
1.000397615980198468e-01
-2.416618467853212660e-01
4.078677229603901999e-01
1.001509909922986136e-01
1.000000084820696911e-01
9.985193083078135190e-02
2.134615043399105683e-01
-1.000081359389109359e+00
-8.072654853016748566e-01
4.001203089523844292e-01
4.117482687211283521e-01
-3.103920963011264633e-01
-9.998833246384631890e-01
-8.090081982864897325e-01
3.994245551685238205e-01
-8.185898746424580263e-02
-1.000108172897126613e+00
-6.457861864799939455e-02
3.948257573958767752e-01
-9.999776249970245834e-01
-4.064800060885068178e-01
-1.000000382966830470e+00
1.000927659544523229e-01
-1.000022588030149207e+00
5.309852415510318835e-02
-8.165887960660108691e-01
4.011948895931654047e-01
-5.999543663615685141e-01
-2.304031041715479122e-01
9.998196816201476711e-02
9.220108879761465537e-02
1.970331471085766395e-01
9.987413336315813239e-02
1.949361832491520174e-01
9.999111139174468033e-01
4.932209395926737822e-02
-7.898121467052963141e-01
3.950947016820893776e-01
4.159685919343452665e-01
2.145908108655466828e-01
2.164374692421944524e-01
1.000104064566722295e+00
4.148793739264375890e-01
-1.000101000713740085e+00
-5.998539086687794120e-01
-1.000108080498392171e+00
1.678876106322903239e-02
-9.998483797372508253e-01
1.000904174654902862e-01
1.002207134046986525e-01
-5.999484479448606855e-01
4.299282024965034137e-03
-7.965308739938395943e-01
-8.091792526721330869e-01
-4.163345341703538205e-01
4.081286353576865644e-01
-2.754566326439238932e-01
4.081397555100929608e-01
-7.940737293220856419e-01
-2.999952103921602609e-01
9.985599440175234320e-02
1.001045678682765117e-01
1.000017157810825896e+00
-6.043658013703360338e-02
3.943331453056261315e-01
1.001377394063765608e-01
-2.632465048825238241e-01
2.076876056126473191e-01
-2.197411714395628990e-01
-6.000766472983207755e-01
9.999446658526646159e-01
3.916621621013197108e-01
1.937820989877525601e-01
9.995596299455312972e-02
1.000046499968698432e+00
-9.997602452724342337e-01
4.059361545435648533e-01
9.999991365489084849e-01
4.194987606009239478e-01
1.000481176204169598e-01
4.066246147507202591e-01
-5.998602466237480391e-01
4.095713802559429184e-01
-2.874007871790455471e-01
4.005034377654217992e-01
9.998579120519605068e-01
9.999891783868573025e-01
1.000143928638687757e-01
2.063226149669974419e-01
3.873622477577784995e-01
-7.895380242650278380e-01
9.974244421211984901e-02
9.999831485669461451e-01
1.000019716455374352e+00
-1.000089097177805586e+00
-5.999084093334366985e-01
4.050136770835475741e-01
-4.578337749895219216e-02
3.913837651717886335e-01
9.982231093397291033e-02
3.885145384230809795e-01
-7.549964326272390336e-02
-2.543341521250643833e-01
-5.998762441936893453e-01
1.939219613399285058e-01
1.000069016938691657e+00
-9.999746445024455532e-01
-8.047447906635003534e-01
1.000085171319567756e+00
3.872421330419240637e-01
-5.999360108658424728e-01
9.988368013495686759e-02
-3.205349887745848753e-02
-3.714896097290609212e-01
-7.842639054797437836e-01
1.829467333215610281e-01
1.000083584631689809e-01
1.000131770151784893e+00
2.032670027967460602e-01
2.011740806481714106e-01
-3.241336662014827619e-01
-1.000064555889230267e+00
1.580135671553628204e-02
3.989305792891674751e-01
-8.042010920681686992e-01
2.068486709480295560e-01
1.000036262386086339e+00
-7.955416600674284355e-01
-5.999159353180640863e-01
-9.999657168010945840e-01
8.351994548526916334e-03
-3.101946979381700054e-01
-6.000139023966344354e-01
4.233211220293630304e-03
2.026750580123503898e-01
-1.000010239288098290e+00
9.999759760008394283e-01
-8.028006749362556205e-01
3.958245434190025280e-01
-3.022121138271657848e-01
9.999870776483653634e-01
-9.999429946940477931e-01
-7.202111766926330705e-02
2.028183957366704038e-01
9.997648908389687727e-02
-7.904491142784627611e-01
-2.811196849480203097e-01
4.021393703339901093e-02
-2.734649989492340394e-01
1.961849002394197017e-01
-3.844006173291089623e-02
-6.000030882444931102e-01
-6.000433520800072529e-01
4.085870592337073615e-01
1.000007720473734762e+00
9.998497676271866919e-02
-3.645358456856391816e-01
2.056809529729228814e-01
1.000006750696947472e-01
9.990552483871149858e-02
-7.897460819905738338e-01
-5.999919073999037122e-01
-5.999726932580817795e-01
9.999953848791718336e-01
-6.000333418302188360e-01
-6.000503991790993030e-01
1.000004386031721593e+00
2.104852389618420694e-01
-7.841774276669241095e-01
3.942227704646286690e-01
-5.954894567520555709e-02
1.988956119108306886e-01
-7.822226648631493973e-01
-1.000054701906242238e+00
-8.157911402668465151e-01
-1.000167983464365307e+00
9.999488557778059006e-01
9.998853505858920077e-01
-7.842139268422201326e-01
-2.669333828818581944e-01
1.117622223023379512e-02
-8.127066247763917728e-01
9.998772770387232001e-01
-5.998108248885691829e-01
1.000058896590359792e-01
-1.000134106561952008e+00
3.935330403390446263e-01
2.160809619231562617e-01
1.000078989325934087e+00
-5.997863067236332002e-01
-6.001561709309186643e-01
-3.037874928210137493e-01
9.999962122072869608e-01
1.001081686294109929e-01
9.999791979944220310e-01
9.999579811899508286e-01
-1.000041882071801114e+00
3.933772809203845977e-01
9.978466932249906163e-02
4.009885233172290619e-01
1.000945966622662497e-01
7.926349249067761449e-02
-5.140180115359645197e-02
2.178582771811408136e-01
4.011544869583656969e-01
-8.067362069972842109e-01
-5.999136562487008550e-01
4.016830751851285797e-01
9.999217993387743419e-01
2.962935485027786905e-02
-7.983412255858786111e-01
3.972662239534660022e-01
-5.812382482551367580e-02
2.038696180885430087e-01
-9.999403195098153230e-01
-3.435440428149406089e-01
3.993785004944619965e-01
2.009833197683746353e-01
-7.999778638215746668e-03
9.999236969662083085e-01
1.000003992441069745e+00
9.998719176390604702e-01
1.000017910224543227e-01
-6.586438505303280136e-03
-9.999720936846174801e-01
-2.214727762538581946e-01
-3.426944804071337947e-01
1.000109148129485259e+00
-7.921268825700910066e-01
-8.005377282943852979e-01
-5.999183998121551120e-01
-3.376984095238825256e-01
-1.000101843910162547e+00
1.981203748288746513e-01
9.994510572569750839e-02
-6.000000064891766183e-01
-3.880820075399937785e-02
9.999882709309323436e-01
1.954482453854577417e-01
2.067745072985600896e-01
-4.781347452903236817e-02
-2.665340253926163361e-01
-3.151688282812495912e-01
-2.374510506922292707e-01
3.787843229550762469e-01
-2.389289216937232618e-01
9.998717730613119192e-01
1.000113214840371745e+00
-1.016849186895284717e-02
1.887168019397782726e-01
1.890976533013055683e-01
9.470955729287871064e-03
-2.173445520062723402e-01
-6.000596503995553332e-01
-1.000149697791454351e+00
1.875302748680998666e-01
-1.221278275985075018e-02
