-6.000984307617428515e-01
-6.000695537462887863e-01
9.999930827117139431e-01
-6.260602395209627358e-02
-9.999324615756696177e-01
-8.109618526191625376e-01
-5.999454361097193988e-01
-4.145185436214768315e-02
-8.096505346303338735e-01
-3.627017782296935722e-01
9.992141409069660307e-02
-9.999554992188570690e-01
1.904037572247559151e-01
-2.535610156098589991e-03
2.017210966407552708e-01
4.022239528627459260e-01
-8.277899832202058328e-02
-9.999695907361555447e-01
2.059806656908783895e-01
2.223079907132427535e-02
3.722430391246409065e-01
3.982915795087342281e-01
-2.873947890591075360e-01
-8.012342340195390822e-01
-9.999949604681531712e-01
4.168813318980684746e-01
-2.150927529972888053e-01
-6.001760111170452161e-01
-3.044460858070779374e-01
1.001059948951750073e-01
-1.000069772189140060e+00
-7.970424383716974148e-01
-7.949453576911111874e-01
-1.000034276798962507e+00
-4.280688476524544678e-02
1.000141706673725484e+00
-9.999171358351527372e-01
1.000021818659999395e+00
4.050686328863545294e-01
-6.000378511789462577e-01
1.000021527736825844e+00
-8.196585354141647795e-01
-2.556881180435627843e-01
9.993171791270361037e-02
-3.293726055920992990e-01
3.912507666739836742e-01
1.002074687971323541e-01
9.992037452508512052e-02
1.001280921533554830e-01
1.870093862024024278e-01
-9.999962004598885734e-01
-8.063748073358760760e-01
4.046363566262605183e-01
3.991060020955722321e-01
-2.658451789614859617e-01
-9.998762660866058471e-01
-7.948206189268224309e-01
4.102951793052918017e-01
3.288462460875551246e-02
-9.999680727632064281e-01
-2.031912557592493659e-02
4.029430383276267902e-01
-9.998663065355317681e-01
-2.138486989220980683e-01
-1.000127988884320196e+00
1.001828236889974605e-01
-1.000002343250385728e+00
-2.355592470813828998e-02
-7.988302161440704596e-01
4.020406994316326754e-01
-5.998504169219215365e-01
-2.938775507352777150e-01
9.985926685177227979e-02
-5.897635118877706667e-02
2.063668885944959230e-01
1.000208377412896282e-01
1.997220717325136619e-01
1.000220634519454421e+00
-4.977841395098816374e-02
-7.704145178646563119e-01
4.141328267531926288e-01
4.096017137321997237e-01
2.074149170605422976e-01
2.059941713380964989e-01
9.999761797237511907e-01
3.939990892631143327e-01
-1.000030631586007246e+00
-6.001592817745382558e-01
-1.000170518530231423e+00
5.511416449150927793e-02
-9.999038820742200961e-01
1.000487872658021443e-01
1.000110968598033334e-01
-5.998733419745666540e-01
2.331885415994143507e-02
-7.857629497706908328e-01
-7.993246457344047595e-01
-3.082636191511694546e-01
4.127391421468408761e-01
-2.998449583962409237e-01
3.816477999005135624e-01
-7.966675135162285537e-01
-2.915847239184390927e-01
9.992133059123663175e-02
9.998034357657283044e-02
1.000135915348869142e+00
-6.657583356780747211e-03
3.969005789516238392e-01
1.000555909371868973e-01
-2.954269567350883419e-01
2.071081334369809790e-01
-3.350215046434582011e-01
-6.000194050464603412e-01
9.999526335481588868e-01
4.111730278987782983e-01
1.953131677684906420e-01
1.000029823360608361e-01
1.000036937203913956e+00
-9.999421704945949951e-01
4.126783521097949214e-01
9.998602600853707667e-01
3.983761911106403208e-01
1.000488461944304686e-01
3.902666529337007750e-01
-6.001552506379762564e-01
3.771557715983486769e-01
-2.992441123657079705e-01
3.744638137997438609e-01
9.999329002777458397e-01
1.000201450169988515e+00
9.998481983016960228e-02
1.910549804986573508e-01
3.981000474896016494e-01
-8.183942887199633365e-01
9.990876359377724725e-02
9.998947209908287670e-01
9.999796578045909712e-01
-1.000091961315305866e+00
-5.999088773348626447e-01
3.840385796334659374e-01
-7.738954676436649027e-02
3.970634448329939947e-01
9.985845442602506172e-02
4.108862393701005478e-01
-9.411115430153042805e-02
-3.968691663098055655e-01
-6.001609867461136227e-01
2.061426069049264176e-01
1.000071028506521964e+00
-1.000072490762345945e+00
-8.061146450466016855e-01
9.998600877476641058e-01
4.039237061511690152e-01
-5.999275240717244495e-01
1.000889561675701867e-01
-2.611142313512800420e-02
-2.699626764054937622e-01
-8.034554022004738449e-01
2.169878033450390320e-01
9.999777417746262553e-02
9.998715762685483899e-01
2.054876658393755828e-01
1.982013280252947762e-01
-2.707323893955217997e-01
-1.000020435333853763e+00
1.841962633933665397e-02
4.139769524574211657e-01
-8.032343589203557732e-01
1.971917373981938726e-01
9.999214032661876139e-01
-7.934433922910967274e-01
-5.999910597573930859e-01
-1.000113538668856439e+00
-2.022837703894453387e-02
-3.358541352541122849e-01
-5.997739855807003861e-01
-2.663934237117967022e-02
2.019471200526378740e-01
-9.999072328458146197e-01
9.997442584592310943e-01
-8.193851313033962969e-01
4.147965801714738610e-01
-3.018828797881839554e-01
9.999532442852548941e-01
-1.000016720202820064e+00
-1.965325652380749133e-02
2.038134545194152381e-01
9.987114703713995123e-02
-7.883317691713945807e-01
-1.866439537154849504e-01
2.723855755096639755e-02
-3.771381354742475711e-01
1.920772994145694135e-01
3.475392401810262905e-02
-6.000348976215001962e-01
-6.000821729265060078e-01
4.186609893919513992e-01
9.999851703234418077e-01
1.000352486457052187e-01
-2.285807163200408443e-01
2.094718547144372167e-01
9.990081517564436409e-02
1.001050079918965469e-01
-7.980072245710768675e-01
-6.000188766776388682e-01
-6.000973178091458804e-01
9.999850659137133890e-01
-5.999734873619700926e-01
-6.000777758039635978e-01
1.000119314420480743e+00
1.999546573990476916e-01
-8.001208207691131724e-01
3.839491349671501630e-01
3.442562170881497026e-03
1.942823344547652820e-01
-8.108112017995465770e-01
-1.000004846649358514e+00
-8.005768298525364202e-01
-9.999668763737769028e-01
9.999195299442074081e-01
1.000077560235468566e+00
-7.672165630609601994e-01
-3.445940133596061550e-01
-1.024915187568109509e-02
-8.091486454321109578e-01
9.999436847838237830e-01
-5.999889668568592072e-01
1.000964075497618733e-01
-1.000193370477066024e+00
4.189834085535564245e-01
2.110776792201601304e-01
1.000011413128613746e+00
-5.998745358711062847e-01
-5.999625859953132689e-01
-2.526851898622729520e-01
1.000014892538119371e+00
9.983264792901068441e-02
1.000031001618898241e+00
9.997699232220611520e-01
-9.999739821553986774e-01
4.048602946311004036e-01
1.001500451289864951e-01
3.790174711768504734e-01
1.000842598324088312e-01
-7.318944155288188702e-02
-2.143838305013223700e-02
2.295935856500261607e-01
3.856765287603126091e-01
-8.113870922554200504e-01
-6.001483915523387891e-01
4.058072830192560598e-01
1.000108117764521687e+00
-2.793767705796195919e-02
-8.003971084896347454e-01
3.931703985427327241e-01
2.501934553582981988e-02
1.965727052412224174e-01
-1.000001990686028464e+00
-3.472947777568190508e-01
4.004218813173990310e-01
2.047920471174636547e-01
-4.562692357140299415e-02
9.999768805037674291e-01
1.000070644911471573e+00
1.000043002287383853e+00
9.998546005158863437e-02
-3.439899186963113475e-02
-1.000000728314683007e+00
-2.850672684010526758e-01
-3.656548786861189559e-01
9.998647961203263046e-01
-7.837190006932415187e-01
-8.007076332485071335e-01
-6.000579909098028297e-01
-2.437095760201717642e-01
-9.999706108322731213e-01
2.015528177786695130e-01
9.998369309141176553e-02
-6.000071389206773631e-01
1.892241583271146721e-02
9.999319234178500881e-01
2.372366035676783946e-01
1.919716995554922034e-01
3.656834492677327186e-02
-3.146844490926851146e-01
-3.479752624490852764e-01
-2.848599998066482231e-01
3.962470967523600285e-01
-3.102806752799197598e-01
1.000095144978964345e+00
1.000110425011173199e+00
-2.240039143069683103e-02
2.028124264341027716e-01
2.113464605033928689e-01
3.550030107021782261e-02
-2.162811761967330382e-01
-5.999293862990511261e-01
-9.999342497949305075e-01
1.881247850544839062e-01
4.077300493970362205e-02
