-6.001850900460725668e-01
-5.999511126176064746e-01
1.000008840209278826e+00
5.159026069790876787e-03
-1.000036867264598728e+00
-7.956216032881496814e-01
-5.999384620464969231e-01
2.289920392705875954e-02
-8.019661748707842541e-01
-3.555617225407033399e-01
9.989221261417276232e-02
-1.000063049085773592e+00
1.949251924393366753e-01
-6.966265849276520768e-03
1.868425373685110302e-01
4.075001231363201692e-01
1.398339520598498691e-02
-1.000150418483581660e+00
1.930317996693546867e-01
-2.157210924986614764e-02
4.191570446689890650e-01
4.014478192916975940e-01
-2.754400704205142714e-01
-7.971917307999921709e-01
-1.000153750614044768e+00
4.031717299313554159e-01
-3.816930376199985098e-01
-5.998879920863848803e-01
-2.519817843656003142e-01
9.989813718199533343e-02
-1.000096735108658708e+00
-7.960993011585076884e-01
-8.121544022357062298e-01
-1.000144371426786805e+00
2.225626837880076425e-02
9.999244236414847053e-01
-9.999729350854530407e-01
9.999004771377908440e-01
3.860996656296855623e-01
-6.001401339065516316e-01
9.999352086084374314e-01
-7.985790462644383192e-01
-2.891291782899118035e-01
9.987466974454869972e-02
-3.011720925257610482e-01
4.059286303766833637e-01
1.001361616244146879e-01
9.981365181468576653e-02
9.993532626648050921e-02
1.993645183938862753e-01
-9.999652481053094011e-01
-7.954266680797504874e-01
4.072761241085232631e-01
4.013722674756456943e-01
-3.020386209903757058e-01
-1.000069105822446458e+00
-8.170827989207988251e-01
4.018368060274464248e-01
-1.989461990109897202e-02
-1.000070664038859025e+00
-1.131761958233853081e-02
4.011350478185974899e-01
-9.999426089637843962e-01
-3.012925586676991618e-01
-9.998845655282737610e-01
9.988992570031036966e-02
-1.000148316726558129e+00
5.436205709818658222e-02
-7.953114249792374579e-01
3.833440161644930955e-01
-5.998346850888852666e-01
-2.502940197399775579e-01
9.994822015162972695e-02
-5.988697214669583962e-02
2.045011342140698185e-01
9.974708136093156374e-02
1.963972949186077455e-01
1.000146748359757698e+00
5.677641513741005230e-02
-7.998880408918056517e-01
4.205953746543184546e-01
3.997791473627451686e-01
2.158818709276467684e-01
1.992334202058054782e-01
1.000083646685180350e+00
4.052831390017683777e-01
-1.000120704712444741e+00
-6.001796188891236339e-01
-9.999903801625812383e-01
-1.429082049210991280e-02
-1.000105402055064818e+00
9.986066963867548663e-02
1.001003197533458927e-01
-6.000604001435034807e-01
5.289762673982019436e-02
-8.138518107586324435e-01
-8.016083729980469919e-01
-3.546141344295991038e-01
4.075708398113101483e-01
-3.113200080417570237e-01
4.113101192913035664e-01
-7.915398911443646268e-01
-2.708622099517210002e-01
1.000269843950991194e-01
9.986696369169290044e-02
9.999990742707467462e-01
2.587758098872005794e-02
3.913091998670176208e-01
9.995032228072450731e-02
-2.260745412046674951e-01
1.936008287980161280e-01
-3.327119611698172164e-01
-6.000124694027403338e-01
9.998221072304432910e-01
3.999694906815325357e-01
2.063041127578938982e-01
1.000476471594922839e-01
1.000053901831921888e+00
-9.998657104771231374e-01
4.094170160421382598e-01
1.000034950084576657e+00
3.823449540965213056e-01
9.989802435382764967e-02
3.936666757784439974e-01
-5.999533943703119210e-01
4.117989899179259616e-01
-3.026946364287271818e-01
3.876088450011586084e-01
1.000001167270935465e+00
1.000159727568947332e+00
9.989292370315623615e-02
1.931631090404938855e-01
3.881551359559976544e-01
-8.099650875605073352e-01
9.985670689897582775e-02
1.000006746431619797e+00
9.999190463102137771e-01
-9.999789290988497781e-01
-6.000036687491927534e-01
3.892160913014022783e-01
-1.031869326204498533e-01
3.916058567891963493e-01
1.000441329991554745e-01
3.852623916421646366e-01
7.301068651549640076e-02
-3.979283378746548694e-01
-6.000889835069930234e-01
1.974590066813899369e-01
1.000084320064004828e+00
-1.000048141102150900e+00
-8.036897102533219206e-01
1.000100829754546616e+00
3.973147725982421052e-01
-5.998772291434121273e-01
9.997568369659533272e-02
-3.640626168292145776e-02
-3.083252592511995793e-01
-8.048759062186334745e-01
2.058066819816477822e-01
9.982580714577780900e-02
1.000098393896584392e+00
2.003187121479201305e-01
1.993869269481783058e-01
-2.453530886142783751e-01
-1.000092805765275816e+00
-6.279200546325036658e-02
4.048302903025680632e-01
-7.954578837219838938e-01
2.077931719343090178e-01
1.000003229962601159e+00
-8.087035258211577871e-01
-6.000002576577599944e-01
-1.000086104416576971e+00
-4.662753389116334329e-02
-3.654667743646490274e-01
-5.999328910667549586e-01
3.967303807108194663e-02
2.047515191233857113e-01
-1.000006513210615733e+00
1.000045075710883857e+00
-8.072315452156078042e-01
3.921639250974081614e-01
-3.247957842138677886e-01
1.000082123692867642e+00
-1.000078037346367577e+00
4.168434025540916632e-02
1.967012906298425123e-01
1.001014051647774183e-01
-8.162149573623894705e-01
-2.827102384019214987e-01
4.582717709432763270e-02
-2.991209985521468551e-01
1.890638079624299417e-01
2.437195556375296862e-02
-5.998998927784481294e-01
-6.001000574906041329e-01
3.877709273443682991e-01
9.999873080465867536e-01
9.995797037193152046e-02
-2.780187830730446175e-01
1.842288004371143983e-01
9.996423688363102744e-02
9.990460692400558729e-02
-8.029531763603917627e-01
-5.999892537965795247e-01
-5.999540752230480001e-01
1.000103387805430621e+00
-5.999474293481420473e-01
-5.999389827148988719e-01
1.000004568233064717e+00
1.840849222207279201e-01
-7.924297159553524983e-01
3.901024714725533360e-01
-2.282827328196671349e-02
1.815939704088503082e-01
-8.045157431620486577e-01
-1.000003595067173956e+00
-7.967393628469686684e-01
-1.000110699071850684e+00
1.000012699545572037e+00
9.999623639361697736e-01
-8.059045917480116561e-01
-3.377727290947731831e-01
5.728750969988218034e-02
-7.810392324104982187e-01
1.000101350867774519e+00
-5.998926842446085095e-01
1.000231538738349246e-01
-1.000000935452985962e+00
3.980571230026647145e-01
1.973095065936645576e-01
9.998756339334392562e-01
-5.999480508763934683e-01
-5.998400699056188889e-01
-3.177444889207919343e-01
1.000101095511457094e+00
1.002086180669741061e-01
9.998213634456336596e-01
9.998490822358039321e-01
-1.000110858667971891e+00
3.795590234561055376e-01
1.000269448539649053e-01
3.933880235030268735e-01
9.997515730666522993e-02
6.111051792179711395e-02
-1.924570059962473281e-02
1.982182735068672430e-01
4.002541707975753593e-01
-7.991535927619533020e-01
-6.001575273517465448e-01
4.135319986519367941e-01
9.999301302087553189e-01
7.855995601523424465e-02
-7.990165033074386747e-01
4.098471612601831127e-01
2.524437028117963028e-02
1.813870073351245560e-01
-9.999362137708327491e-01
-2.854405652314850883e-01
3.907313883726495907e-01
2.118270884829970280e-01
-2.533344876863811990e-02
1.000321585089041676e+00
9.999756522565884653e-01
1.000030470036496588e+00
9.987553990851341656e-02
-1.824251832645628138e-02
-9.999156362283220245e-01
-2.683675323697435888e-01
-3.370858285309214497e-01
1.000049956358030734e+00
-8.082904552881222671e-01
-8.060592537318160833e-01
-6.001158451984661690e-01
-2.263074536126485348e-01
-1.000014190615028165e+00
1.859286886824538243e-01
1.000365359305293161e-01
-6.000158854315668089e-01
-2.000514435798794385e-02
1.000044513850327332e+00
2.026822339981174947e-01
2.044634484118941498e-01
-5.805983819963762491e-03
-2.637814048351475038e-01
-1.588164431482917138e-01
-3.453669683943290103e-01
3.931081156403679611e-01
-3.890709737481843900e-01
9.999074195256036912e-01
1.000023658924513725e+00
-1.641717973519644380e-01
2.043126530745912606e-01
2.187294793763253087e-01
-2.482981312539070742e-02
-3.905093806198238759e-01
-6.001013256086575876e-01
-9.999840691032618745e-01
1.854552898008602346e-01
1.876932595680569013e-02
