-6.001529271901440143e-01
-6.000219101126501586e-01
1.000079756903125450e+00
8.903535286293548512e-02
-1.000068367441254713e+00
-8.033486603385284752e-01
-6.000240106198517775e-01
3.940448268095616928e-03
-7.913374266789591216e-01
-3.824563345354116684e-01
1.001946285603507181e-01
-1.000052801863992702e+00
1.937312823103006787e-01
1.500770076280891901e-02
1.960579814353420602e-01
3.938431911854791689e-01
-6.610337695819610247e-03
-9.999837242061047071e-01
2.109176860382164231e-01
-2.351600970398031246e-02
4.115576089966783147e-01
3.967428217027795800e-01
-3.176278733106472352e-01
-8.015681706674581131e-01
-1.000037354293579206e+00
3.867961073947118189e-01
-2.987887089624338133e-01
-6.000706091294760736e-01
-3.272194874995043024e-01
9.997018904807515594e-02
-9.997782181876457841e-01
-8.009881330764773155e-01
-8.050560918645917052e-01
-1.000073840117151835e+00
-4.613182478203338432e-02
1.000038263053917964e+00
-1.000037235677368130e+00
9.998843949988086566e-01
4.125362999488197957e-01
-5.999647360100971438e-01
1.000047321872061801e+00
-8.213476409649050902e-01
-3.183522470154411255e-01
1.000485666128057977e-01
-2.689402650583156418e-01
4.002130425946694436e-01
1.001003261550527934e-01
1.001523219110121848e-01
9.983398689701213080e-02
2.003285286269865517e-01
-1.000059444057429969e+00
-8.018652420163828731e-01
4.105050699051460694e-01
4.048293328045292627e-01
-2.422331915916687561e-01
-9.998664125035469086e-01
-8.130058226188542347e-01
3.976674672159157264e-01
2.110858041052945944e-02
-1.000176596346919133e+00
1.969766857720140277e-02
4.187883463448320298e-01
-9.999746638521869180e-01
-2.534718664325765758e-01
-1.000049443551050299e+00
1.000626725600188560e-01
-1.000070506751456367e+00
-3.711188612666520281e-02
-8.039333223366701420e-01
4.144222594400356341e-01
-6.002738847027949687e-01
-2.141619865746035023e-01
1.000559972854453000e-01
-7.716198014264304128e-02
1.991870550257126282e-01
1.001068495222837695e-01
1.995647207370187803e-01
9.999951981228051290e-01
-7.636954031967141399e-02
-8.029497455700511654e-01
3.960903895578740119e-01
3.894405181507636926e-01
1.804598025025060948e-01
1.751114547381333875e-01
1.000035549166108151e+00
3.984641981330654392e-01
-9.998212535510561105e-01
-5.999765906684978445e-01
-9.999646624216959045e-01
-6.408347686695079273e-03
-9.999685842176283534e-01
1.000151304480310366e-01
1.000360109630541033e-01
-5.998807739603951861e-01
-5.024804743217107378e-02
-7.981927559256383198e-01
-8.203463556591767958e-01
-3.185926952510382826e-01
4.030412618292751881e-01
-4.341837287191808725e-01
3.866760225739169221e-01
-7.832265512141987074e-01
-2.935222657235133648e-01
9.994477471333081120e-02
1.000097877976620919e-01
1.000105180157855767e+00
-6.080221869811204549e-02
4.059812144718016880e-01
1.000971037180475448e-01
-3.797318023790967612e-01
1.916246262130439915e-01
-3.342028707814663213e-01
-5.999744126401613808e-01
9.998906112372969446e-01
3.926298566027148773e-01
2.272291539957027318e-01
9.996335418449016352e-02
1.000186118022844850e+00
-1.000086801061201847e+00
3.956449954238631106e-01
9.999355610761643254e-01
4.054644644804069609e-01
1.000092627595472600e-01
3.994001235901165070e-01
-5.999994394171535017e-01
3.972417468109363248e-01
-1.937457315808306380e-01
4.069885834272992109e-01
9.999620680295211450e-01
9.999881552745353286e-01
1.001016200503616754e-01
2.070809388613237545e-01
4.161804063476623461e-01
-7.798330015766147261e-01
9.997429385399066171e-02
1.000044390175455211e+00
9.998805513579525073e-01
-1.000134858848436004e+00
-6.000278016774333034e-01
3.830973154650537671e-01
-1.451894103414642402e-02
4.185069390001990852e-01
1.000663868802321999e-01
3.821759266548154232e-01
1.534378871064015493e-02
-2.939854615622776723e-01
-6.001255323645648954e-01
2.027786165064276169e-01
9.999148484065124576e-01
-9.999980366766061390e-01
-7.992971820799658067e-01
1.000021068789951784e+00
3.931243377382883097e-01
-6.000999351699277673e-01
1.000204200822400191e-01
1.896887919952638599e-02
-3.453307792596285730e-01
-7.932767415917088005e-01
2.097175019609336388e-01
9.996001279115986071e-02
9.999141350937186257e-01
2.083018692436048869e-01
2.120539424065341627e-01
-3.294667846105951980e-01
-1.000078336741185625e+00
-3.705014052589925000e-02
3.795640091743726074e-01
-7.975973009015367987e-01
1.979391486102977105e-01
9.998181373973740182e-01
-8.162187459753170726e-01
-5.999693092732333310e-01
-9.999993177904082930e-01
5.284388803584423588e-02
-2.692899172586777912e-01
-5.999558452704152334e-01
5.370825770991251302e-02
1.962084816015070288e-01
-1.000007386473700466e+00
1.000077712167673827e+00
-8.057810813654581183e-01
4.071177892388973540e-01
-3.453248276091255287e-01
1.000126377891239704e+00
-1.000061458809397896e+00
-4.767515158135682274e-02
1.986251547459774447e-01
9.994770076645333179e-02
-7.862262756352024207e-01
-3.280410782428368477e-01
3.122813029945294486e-02
-4.020948212440338954e-01
1.968075190433687394e-01
1.162599280804152944e-02
-5.999662370294348568e-01
-5.998364692751643190e-01
3.926732674779134791e-01
1.000001746903725675e+00
1.000176953902583571e-01
-3.337857287590095812e-01
2.035166018530282228e-01
1.000164362155301634e-01
9.999367699414778154e-02
-8.170916756466959363e-01
-6.001279166485107286e-01
-6.000590255478118751e-01
1.000116381015878186e+00
-6.002287424666626903e-01
-5.999814925523203613e-01
1.000128876906849484e+00
2.054588177185197595e-01
-7.840437222010807616e-01
4.133582853087893194e-01
-2.525572836682485334e-02
2.140552794505097278e-01
-8.175480250044288022e-01
-1.000258534657964660e+00
-8.079516829205887207e-01
-9.999471820520063892e-01
9.999478916510905480e-01
1.000142137139964804e+00
-7.992860496571432272e-01
-3.186622507288879302e-01
4.979662891815780229e-02
-7.922007653200612287e-01
9.998928668338019632e-01
-6.001868436058446221e-01
1.000965552868894604e-01
-1.000059615325390894e+00
4.024995292711932571e-01
1.976158903758801488e-01
9.999086572381455928e-01
-5.999069721424616919e-01
-6.000331511149130659e-01
-2.742642594353502661e-01
1.000065520778680828e+00
9.998076575587970527e-02
9.999597676148382908e-01
1.000240198520854440e+00
-1.000036453092938649e+00
3.919434298539009598e-01
1.000714487854205137e-01
4.111668498455473553e-01
9.997400369672704290e-02
-8.906798558721080311e-03
9.146119452319473320e-02
1.938703553745175223e-01
4.057033137472847995e-01
-7.972481973988412296e-01
-5.997662675955985900e-01
3.894042513374857961e-01
1.000096211417190739e+00
9.494640001725621059e-02
-7.790717884434639195e-01
3.854869937199811858e-01
5.780623774809317411e-02
1.986513718219862501e-01
-9.999928476952355538e-01
-2.689765803713469738e-01
3.992365137603046121e-01
1.933746266023337324e-01
-3.211409878594726625e-02
9.999802307929042122e-01
9.999633766148946501e-01
1.000060205973576810e+00
9.992775016111303532e-02
-4.896356148936479441e-02
-9.999215925458382337e-01
-4.012711281276976627e-01
-2.259862695096424567e-01
1.000016313577008820e+00
-8.001745305085405935e-01
-7.957456215232645569e-01
-6.001233926821276654e-01
-3.964553971933075793e-01
-1.000057202750364693e+00
2.017561756515267868e-01
1.000052764088401464e-01
-6.001286708922186630e-01
-3.301728662836005135e-02
9.999941079820546808e-01
2.093423163800729736e-01
2.117076506840426808e-01
-2.436197976047753400e-02
-3.323109491869397636e-01
-3.232514258253447736e-01
-2.899847726949608129e-01
3.997212239014411028e-01
-3.396438286878507018e-01
1.000043656857533492e+00
9.999667832734642214e-01
-5.362137264523006430e-02
2.095120702615161645e-01
2.013115260278280638e-01
-5.693744625133735637e-02
-2.043326557965313151e-01
-5.998449458086573260e-01
-1.000180266380096272e+00
1.935605017166287523e-01
-1.380272394491690105e-02
