-5.999157963430921114e-01
-6.001381837316709378e-01
1.000015235030555782e+00
-8.347435282019742553e-02
-9.999604120641887306e-01
-7.967677981107755825e-01
-6.000965737106215281e-01
-3.587576622510043473e-02
-7.826334335512379337e-01
-2.734555661567815710e-01
1.002403525191523787e-01
-1.000070633340884196e+00
2.023650635510165496e-01
-4.538463956692795342e-02
2.085162564367367688e-01
4.186971960159858730e-01
6.748148087815016363e-03
-1.000103045305863025e+00
1.712417427140074666e-01
9.641991479762050676e-02
4.094418840580571484e-01
3.983862435787604572e-01
-2.164731274234226177e-01
-7.898998396619223428e-01
-9.998931359176509437e-01
4.097394209417912214e-01
-3.834202543006118291e-01
-6.001158965148438718e-01
-3.070130831181964726e-01
1.000271290175136496e-01
-1.000057256741770040e+00
-8.036315960738410480e-01
-7.844212187487480392e-01
-1.000091572749807867e+00
2.354820539793581191e-02
1.000208525894103806e+00
-9.999926859923947697e-01
1.000048275120039243e+00
3.967539233171579194e-01
-6.000424804432108461e-01
9.999960870574240435e-01
-8.177651054179434498e-01
-2.403258396920700535e-01
9.995376378659394379e-02
-2.534310967205057885e-01
3.973484452459331573e-01
1.000610636922091568e-01
1.000517016540033444e-01
9.994412777024018479e-02
2.097670839862113001e-01
-9.999950059159399274e-01
-7.975397801432945188e-01
4.173853897665438240e-01
3.955215048623071938e-01
-2.696434029866071613e-01
-9.999936404606116769e-01
-8.155873930263245475e-01
3.907418855547124537e-01
6.565582372930935107e-02
-9.999794145776811360e-01
3.325183892836040822e-02
4.052300206303116048e-01
-9.998115194562616770e-01
-2.864040463138986525e-01
-1.000073093875471386e+00
9.992432616020180403e-02
-9.999813437888377399e-01
-4.457031684541049033e-02
-8.010401828206817898e-01
4.000183953290495920e-01
-6.000294823849879888e-01
-3.275997102604964462e-01
9.985136145841423672e-02
3.741908184303043266e-03
2.077001356783728103e-01
9.994960400978085413e-02
1.955255072180676901e-01
1.000042908092376281e+00
1.884326860679266542e-03
-7.875611252956570274e-01
4.079075076552062251e-01
4.012048584341968427e-01
1.924949676400712351e-01
2.067591582911175729e-01
1.000042051844389324e+00
3.959794224056047973e-01
-9.999305080651539335e-01
-6.000375272539725247e-01
-9.999176368969167061e-01
-8.363219815881495212e-02
-1.000068264942108653e+00
9.997947195075507221e-02
1.000478487182204640e-01
-5.999779658025499174e-01
4.494109397802767414e-02
-8.116067712951907653e-01
-8.043393994225066512e-01
-2.957500332809341326e-01
3.966815084768807731e-01
-1.903135877206684479e-01
3.960572798194059718e-01
-8.033659749094467228e-01
-2.358262471545593542e-01
1.000388143897361776e-01
1.001631487195614734e-01
9.999012934543853870e-01
1.517324015899569056e-01
4.124494037344588748e-01
1.000706551826714280e-01
-2.469837734274137886e-01
1.983946106453965408e-01
-3.060222264570020556e-01
-5.999571343056143702e-01
9.998800441017281493e-01
3.936014117257646272e-01
2.063664755502070680e-01
9.984682882913062385e-02
9.999496950059497680e-01
-9.998970819837122992e-01
4.045292748443273245e-01
1.000093350431795924e+00
4.147829110896413263e-01
1.000179219131449720e-01
3.955678327587063281e-01
-6.000990934958232437e-01
3.962055561044992569e-01
-2.824456047183718232e-01
3.942860205408424967e-01
1.000123223362420877e+00
9.997470239950029258e-01
1.000358494670693654e-01
2.014492677374653817e-01
3.868703131675646500e-01
-7.945776222193841054e-01
1.001506449320809511e-01
1.000007776584037389e+00
1.000101370536175427e+00
-9.999557650826840227e-01
-6.001124374751155566e-01
3.971815395602310006e-01
-1.424149543510695205e-03
3.908068944574464298e-01
9.993125569749597426e-02
4.085964463283153769e-01
-4.838922895711115363e-02
-3.118694669651629892e-01
-5.999123699240904717e-01
1.944342628232286763e-01
9.999851592553772317e-01
-9.999789982053107762e-01
-7.893532090456217842e-01
9.999564434960267478e-01
3.936205925032765784e-01
-5.999905093856753302e-01
1.000407837522824528e-01
4.097761190334484743e-02
-2.875012614858004079e-01
-8.083640917122657532e-01
1.903509445673758349e-01
9.998834669242666340e-02
1.000135160328498474e+00
1.929039190130111547e-01
2.062045428582709172e-01
-2.728544891166360675e-01
-1.000025230902109596e+00
-6.451408955404629164e-03
3.977778018242703051e-01
-7.935364360908856440e-01
2.131933972218134909e-01
1.000057751977211584e+00
-8.059669628371316508e-01
-5.999492130772803300e-01
-1.000166988251086186e+00
1.261784736887063864e-02
-2.614839412116953810e-01
-6.000445773509605063e-01
-8.933553889617634747e-02
2.019698508386732483e-01
-1.000069069746400530e+00
9.998757926466016466e-01
-8.106859229663475608e-01
3.910303922641365504e-01
-2.674457092691038262e-01
1.000040138898533826e+00
-9.999627030300973773e-01
4.779819869207859589e-02
2.017891590375520405e-01
9.996793698508023296e-02
-7.912866090026718924e-01
-2.927487734741100467e-01
3.210519902279661275e-02
-3.166607780091610369e-01
2.006951402099695636e-01
3.079140033922579678e-02
-5.999323051858925782e-01
-6.002138228940981923e-01
3.900041858128225347e-01
9.999469139524383987e-01
1.000780567001661459e-01
-3.629068191557268119e-01
1.971451516868374110e-01
9.992241469832953416e-02
1.000543048404583385e-01
-7.886194964405616181e-01
-6.000737124612479656e-01
-6.000167467253325615e-01
1.000012912164378376e+00
-5.997098668515425945e-01
-6.000166962736864784e-01
9.999340127239577658e-01
2.006236654856316803e-01
-8.006572842975661075e-01
4.074844710091535815e-01
3.973579317058067301e-02
2.147477671156525769e-01
-7.983643920432456076e-01
-9.999836070368112173e-01
-8.081925713865971694e-01
-1.000178750979973774e+00
1.000015672161467029e+00
9.999671754528026701e-01
-7.833952758883154788e-01
-4.086536226169811270e-01
5.978652645050813036e-02
-7.804195603075571031e-01
9.998137188701998745e-01
-5.999272497703848073e-01
1.001021097472274135e-01
-1.000168490554441458e+00
3.998457423858737814e-01
1.994186209459514747e-01
9.999560489978249755e-01
-5.999380505457645452e-01
-6.000452943683346474e-01
-2.615628692155890223e-01
9.999156819477755809e-01
1.000141761943547786e-01
1.000026845854942392e+00
9.999421343059897715e-01
-1.000196509883508611e+00
4.016789548254063313e-01
9.997836970367250664e-02
3.963246821000950271e-01
1.000299271092261189e-01
2.713986347140753819e-02
1.613073225361397319e-03
1.970477537573155358e-01
3.924661039540415230e-01
-8.033691329943145609e-01
-5.999789019787505895e-01
4.140556743048116606e-01
9.999010418021450075e-01
1.530869523141020240e-02
-8.219027534375308308e-01
3.967791670089942935e-01
-2.163291164858727883e-02
1.923265614802748269e-01
-1.000107529110738858e+00
-3.068378130872352338e-01
4.204325357894960202e-01
1.934676737646801592e-01
8.540745406015659222e-03
9.998049871362916230e-01
9.999572277597047476e-01
9.999649905729774968e-01
9.995765772191582410e-02
-2.992081674844422612e-02
-9.999570656669299895e-01
-3.354523972735987680e-01
-2.593004545800455252e-01
9.999613596760903445e-01
-7.984386457729081288e-01
-8.073642212448786104e-01
-5.999857029224121563e-01
-3.168806650000964842e-01
-9.999077882312483734e-01
2.166420383498281754e-01
9.999064917974551103e-02
-5.999272032794150666e-01
2.743747492022375473e-03
1.000017597963658300e+00
2.015275127382103459e-01
2.050333813768250024e-01
-2.880145678591628650e-02
-2.546738602598691559e-01
-3.501018555273913146e-01
-3.246076489341800375e-01
4.054959994376874932e-01
-3.002231075092566259e-01
1.000177024448183127e+00
9.998529118429166918e-01
-1.340254563133912863e-02
1.959336065609063315e-01
1.938402917572995821e-01
-1.292561259647192519e-02
-3.275361145169484733e-01
-5.999790837562256618e-01
-1.000014649416643531e+00
2.177093411039063564e-01
-6.159477499680927892e-02
