-5.999657442557760900e-01
-6.000479605596912291e-01
9.998901578218875041e-01
3.799614424447778083e-02
-9.999485995908592439e-01
-7.983381835535882098e-01
-5.999861321900714639e-01
7.019723695279091180e-02
-7.761423959449338383e-01
-2.881792449187514094e-01
1.000476086500606820e-01
-9.999620583969183185e-01
1.920477221445683613e-01
-7.610491690574119200e-03
2.012825497329097379e-01
3.834824829562877846e-01
2.220190667161133554e-03
-9.999844721555275484e-01
2.012824915070860754e-01
-1.119583475712698610e-02
3.882234073470725577e-01
3.920529147868527797e-01
-1.837816609367261544e-01
-7.988859791501840002e-01
-9.998847239590824554e-01
4.002655740236832904e-01
-3.589766017409650178e-01
-6.000505102590923956e-01
-2.452504226964992984e-01
1.001062113277253196e-01
-1.000207307878227869e+00
-8.067397182362092689e-01
-7.917059426988212190e-01
-1.000050616393781233e+00
3.195415118083248796e-02
9.997869749814008999e-01
-9.999641406872727956e-01
9.999944617926592727e-01
4.063049877352166717e-01
-5.998616142271607776e-01
9.999881138611701470e-01
-8.062095437579307466e-01
-3.058304210680377611e-01
9.996771490199933552e-02
-2.449800841326121859e-01
4.078972658548064012e-01
9.994941543587512744e-02
1.002265591747072554e-01
1.000211733566719746e-01
2.024268610106979005e-01
-1.000040324340539577e+00
-8.051566402384512378e-01
4.058404346757626957e-01
4.057149518433842417e-01
-2.800263725958178074e-01
-9.999093799540794691e-01
-7.992265250252341691e-01
4.054264635086308188e-01
9.072024534036016163e-02
-9.999046780074506424e-01
8.616592179496147808e-02
4.169321389191899541e-01
-9.999078834860913867e-01
-2.752692718156678486e-01
-1.000111833879615331e+00
1.002461534300938956e-01
-1.000041159041745509e+00
-8.117667138521993120e-02
-7.926003406970011378e-01
4.009890818302050408e-01
-6.001425261070865158e-01
-2.564366764721081604e-01
9.986146065876390365e-02
4.456188285247988240e-03
2.000306208999355628e-01
1.000248021640298274e-01
2.115850418903346408e-01
1.000114923172702674e+00
-3.737174168038139704e-02
-7.935345550884344012e-01
4.242277621871433646e-01
3.950064482422359635e-01
1.905467878473017240e-01
1.956470874128206361e-01
9.998675015852155346e-01
3.929609723103633656e-01
-1.000151267536105948e+00
-6.000035903205970245e-01
-9.999542997028024738e-01
1.388659555801898850e-02
-1.000023328425101443e+00
1.000613708304518429e-01
1.000753413272873898e-01
-5.998881296996254608e-01
3.740586127453319337e-02
-7.947284153888058977e-01
-7.894074385781468806e-01
-2.197438058100241731e-01
3.975839968893576382e-01
-3.028237862116334167e-01
4.005521985615696501e-01
-8.068833615553645533e-01
-2.935705299056809991e-01
1.000771094393379940e-01
1.000171707235542606e-01
1.000109217044375942e+00
-6.117458471033512639e-03
4.029579385326075847e-01
9.989871569457907385e-02
-2.794770642146245931e-01
1.965739240292266876e-01
-2.606931993531353964e-01
-6.000183650440912286e-01
9.998667724187861872e-01
3.933416302849327417e-01
2.125486592443344702e-01
1.000306764946084503e-01
9.998918521342261556e-01
-9.998578625418319543e-01
3.976206099098898439e-01
9.999792841668223575e-01
3.924695643946078949e-01
1.000692639543864504e-01
3.849982635635520456e-01
-6.000000393537667787e-01
4.199939353804463815e-01
-3.441505460307451303e-01
3.922058562369993284e-01
9.999845443292967317e-01
1.000001167895077980e+00
1.000668597113098524e-01
2.206667514878545289e-01
4.061777356974931585e-01
-7.990055864797167562e-01
9.985406441295176239e-02
1.000126854404262522e+00
9.998697261186532126e-01
-1.000016931689075461e+00
-6.000017510969719581e-01
3.906956533209499649e-01
-2.315123618689753776e-02
3.944698758328636368e-01
1.000730513068937150e-01
3.904501582671081050e-01
-1.719061953448240351e-02
-3.494977206722198471e-01
-6.001630950548212384e-01
2.096144270162747236e-01
1.000060193572699596e+00
-9.998579452686324753e-01
-8.072654274886967851e-01
1.000104609053080074e+00
4.018307826333575861e-01
-6.000804163178659056e-01
9.996253894078688251e-02
4.623548529214829839e-02
-2.915016581872616475e-01
-7.866051461611961448e-01
2.114256023820088037e-01
1.001497234750264448e-01
9.999898399533119209e-01
2.158043035431359835e-01
1.918361612184254772e-01
-2.666152884803819623e-01
-1.000142619484602369e+00
6.795653863264974892e-02
4.181919319114436040e-01
-7.992553080590459880e-01
1.972756597999190953e-01
1.000075754829646169e+00
-7.941582315210645726e-01
-5.997892037736425319e-01
-1.000105914173314181e+00
1.663450331795822412e-02
-3.798889247649291367e-01
-5.999884597226488037e-01
2.048127521394483078e-02
1.964902153376294203e-01
-1.000049843184205756e+00
9.999479819855824347e-01
-7.908871405778056252e-01
3.923908535512264928e-01
-3.546877077659304489e-01
9.999905011501761809e-01
-1.000099358325994503e+00
-4.009129509668845704e-04
2.033715569463244721e-01
9.993860702628777626e-02
-8.038405587848228562e-01
-2.554851626998771441e-01
-3.558487114570981630e-02
-3.223282520490468595e-01
2.170380251733116939e-01
-7.463947572504790740e-02
-5.998371256479730906e-01
-6.000297314813314298e-01
3.971783150086424796e-01
1.000260749574428898e+00
9.988069778199880344e-02
-2.563769729040000778e-01
1.964921828388402070e-01
1.000902490472965617e-01
1.000868885772103201e-01
-8.037662739613969931e-01
-5.999436168242084921e-01
-5.997167192014446480e-01
9.999652770491315179e-01
-5.999867166668224616e-01
-6.001795730390103722e-01
1.000001239862640334e+00
2.116583353911541954e-01
-8.034459425153199774e-01
4.028799359566287430e-01
-2.066466315676220022e-02
2.039880449037329568e-01
-7.886740134608936081e-01
-1.000034154108076612e+00
-7.939764386415973929e-01
-1.000057319704099612e+00
9.999896896661015777e-01
1.000245938057122475e+00
-8.075088575635072097e-01
-2.326373242295449451e-01
1.981048027023231406e-02
-8.027223936031080420e-01
9.999181497015215969e-01
-5.998849329136650699e-01
9.970736637528958279e-02
-9.998111719112222628e-01
4.057689535720672147e-01
1.980042578834070033e-01
9.998500312086738839e-01
-5.999649186287077107e-01
-5.999819663682319781e-01
-2.906458110450590993e-01
9.999516055872844644e-01
1.000597082304781060e-01
1.000026948717993802e+00
9.999913890471104905e-01
-1.000019358788622359e+00
3.873539703214076702e-01
9.985751070819964825e-02
4.016276943171140923e-01
9.993258097070653601e-02
-1.672360037248364281e-02
4.012696991710562600e-02
2.109351422950777044e-01
4.090302838858732581e-01
-8.067014835302862563e-01
-5.998752128711307696e-01
3.956854896366119867e-01
9.997217548852583846e-01
-7.724067574097906452e-02
-7.988634930433351489e-01
4.226063188598686016e-01
-5.778682614276146184e-02
1.907991077303202165e-01
-1.000013586808085275e+00
-2.706974628504257296e-01
4.121640803404789111e-01
2.048977717385645492e-01
-6.672488807371737898e-03
1.000010460172134019e+00
9.999089543052592788e-01
1.000095964443401764e+00
9.991004886181591160e-02
9.378480351088791522e-03
-1.000023379647163146e+00
-3.779255609996377552e-01
-2.908352337702377888e-01
1.000078394118861347e+00
-7.924061842505669695e-01
-7.903010854985245137e-01
-5.998737494853165764e-01
-2.001358557905627833e-01
-9.999694891561249355e-01
1.864580803637218287e-01
9.997677288273150442e-02
-6.000395801491272829e-01
-4.320317252760308424e-02
9.998665418256779125e-01
1.992455214583064294e-01
2.071233756126554804e-01
1.088750587335046704e-01
-2.813556231051571599e-01
-2.987357750278354929e-01
-3.718652764036207703e-01
3.982952144258959937e-01
-2.565835673423919605e-01
1.000103356973112367e+00
9.999145217949952924e-01
2.345765930048878192e-02
2.021067357283734267e-01
1.929034962896888361e-01
-3.050874078510491111e-02
-2.809569165190115014e-01
-6.000022982843787878e-01
-9.998435277556041445e-01
1.976482774229307293e-01
5.578018282789053844e-02
