-5.999639084201112693e-01
-5.998757462758039782e-01
1.000178685543100299e+00
-1.914276503325835349e-02
-9.998937169308477202e-01
-7.934258505221525315e-01
-5.999509034943062424e-01
1.274708287501747500e-02
-7.702358423705487622e-01
-3.933586084513682746e-01
9.992653869245184117e-02
-1.000123211145890645e+00
1.979974214102645236e-01
6.157905872384194373e-02
2.106400389947100660e-01
3.990879629118335714e-01
1.465932026573301544e-02
-9.999646466129420430e-01
2.110632946960934175e-01
-8.486285659489409272e-02
4.131831066679600983e-01
4.043238599670970768e-01
-2.962442828893924185e-01
-7.932586574665891899e-01
-1.000001171996615756e+00
3.857347313635702823e-01
-3.440865148474137047e-01
-6.000105883111337413e-01
-3.846432968146267228e-01
9.990645106065794423e-02
-1.000017232882070894e+00
-7.989163316017999783e-01
-7.739205612907673615e-01
-9.999540047639832174e-01
-5.397597769934985718e-02
1.000100358212748786e+00
-9.999015693161069640e-01
1.000160512349452357e+00
3.967238692465165917e-01
-5.999177120011999209e-01
1.000054310804226354e+00
-8.001923096958040160e-01
-3.486630045402867029e-01
1.001136187543250344e-01
-3.151459666117557568e-01
3.918164169724225321e-01
9.997552223116601411e-02
9.998699664644242202e-02
9.997178951417728943e-02
2.173942147846105455e-01
-9.998591577991311485e-01
-7.733583451957823929e-01
3.995650046879687389e-01
3.898390046718570590e-01
-3.648886318204712653e-01
-1.000038435032653883e+00
-7.872638590902892863e-01
4.102231864995545818e-01
9.127508744011363084e-02
-1.000001597257245134e+00
-1.037322459986409449e-02
4.205492142194446892e-01
-9.999092124890894828e-01
-3.731031548622343874e-01
-1.000063472375477769e+00
1.000166952002639609e-01
-1.000001430131756575e+00
-1.058659505504733027e-02
-7.972107046765234406e-01
3.856738683907872667e-01
-5.998906457369429512e-01
-3.304185297178301450e-01
9.991900360827739302e-02
1.753605478812882840e-02
1.930614792961486970e-01
1.001568665725726809e-01
2.221177109709754904e-01
9.999590687059261018e-01
6.227364387399027257e-02
-7.972088306280001868e-01
4.000461112848046619e-01
3.967617976243456579e-01
1.865530734624669118e-01
2.002401324692431039e-01
1.000050679790283725e+00
3.915516690205169126e-01
-9.999621110300169757e-01
-6.000426010504870122e-01
-9.999799036973009425e-01
4.648865443216187998e-02
-1.000271398467388329e+00
9.998869806019204665e-02
9.997406290551492936e-02
-6.000205321233381683e-01
3.526819461829391184e-02
-8.030106550121817177e-01
-7.926165965723075413e-01
-3.254962214910064322e-01
3.964230952086650883e-01
-3.627919481679391933e-01
3.904862688564842421e-01
-7.886403097702997522e-01
-3.620922221325111878e-01
1.000445674763149329e-01
9.996186789526868843e-02
1.000014374721383437e+00
-5.865577025327557703e-02
4.048167067755757409e-01
9.987351176574803258e-02
-2.458220668266198339e-01
1.868515134503857256e-01
-3.274843367654280968e-01
-6.000579333640347901e-01
9.999852462311717982e-01
4.049078738108345399e-01
1.900276634815965537e-01
1.000130172787119937e-01
9.997834291003043772e-01
-9.999913683377058549e-01
3.981106976801009889e-01
9.997900058263025080e-01
3.968376803498808725e-01
1.000300266112848224e-01
3.894936417042989540e-01
-6.000033824556519901e-01
3.927918047070100838e-01
-2.492173432383144871e-01
4.085680293949890407e-01
9.999175312337907906e-01
1.000090967571852119e+00
9.985241428832096477e-02
2.048524377402675678e-01
4.113742403201182118e-01
-8.009176369229709103e-01
1.000963009758791961e-01
9.999053139457866335e-01
9.998885925222584792e-01
-9.999791474206418673e-01
-5.998762518744992223e-01
3.896216824825127767e-01
-2.789705126065017415e-02
4.083807846609744385e-01
1.000313081314842395e-01
4.064215622309586551e-01
-2.412861126183829530e-02
-2.634337369463796152e-01
-5.999283057819122522e-01
2.041836677209879491e-01
9.999779211685873026e-01
-9.999500266707174179e-01
-7.959229253999835496e-01
9.999942133755607143e-01
3.827964528189995996e-01
-5.997952545518396850e-01
9.983115277669490917e-02
1.161754179836788775e-02
-2.563804917721410614e-01
-8.017807434443646741e-01
2.053503166750401676e-01
9.999520240502243751e-02
1.000024290993053455e+00
1.933765210397587753e-01
2.258760752057576149e-01
-3.098608786046868069e-01
-1.000000725450372663e+00
4.094966255943516958e-02
4.153363437443959860e-01
-7.961117362044433099e-01
2.111599915413399364e-01
1.000039209466073276e+00
-8.030456979140290219e-01
-6.000500985164206602e-01
-9.998375964027937934e-01
2.800397543419071503e-02
-3.215676427536378057e-01
-5.998725589233154798e-01
-1.996170687682080613e-02
1.851819911431410171e-01
-9.999644600309537390e-01
9.999728169174144643e-01
-7.770423394089619462e-01
3.983630600899482066e-01
-3.067215244815796327e-01
9.999772187322156780e-01
-9.998996669514804703e-01
-5.835109743777468216e-03
1.983330265110970214e-01
9.995580586455832250e-02
-7.947207166915966070e-01
-3.495441433141229792e-01
-6.944590921726671168e-03
-2.624016246375174832e-01
1.868618965038680579e-01
-5.514694567470809598e-03
-6.000005770488920920e-01
-6.001091583659958761e-01
3.841176168082291453e-01
1.000049170996656356e+00
1.000097594728586309e-01
-2.049107913027120031e-01
1.979077237722327853e-01
9.998130950233530267e-02
9.990116971583584693e-02
-7.954388545470131300e-01
-6.000535656218692893e-01
-6.000509939244689228e-01
1.000158253469940473e+00
-6.000023416841149260e-01
-6.001273329418245206e-01
9.999643923445274973e-01
1.959660550924871569e-01
-8.070021411947232437e-01
4.087667174906958745e-01
-7.733811713023182322e-02
1.845285958446961361e-01
-7.965267234812130059e-01
-9.999485368680697261e-01
-8.077729087356120274e-01
-9.999329507264191896e-01
1.000061633636851521e+00
9.998714352478881295e-01
-7.969552102243873115e-01
-3.244719350627776611e-01
-5.796242464248120042e-03
-8.070684668418257601e-01
9.997623868406249059e-01
-5.997568375646790129e-01
9.995800101207281962e-02
-9.998239994990526514e-01
4.116886942941228589e-01
1.988651275518132922e-01
1.000130112438196717e+00
-6.000308896836837880e-01
-5.999139282718328747e-01
-2.911342582095085008e-01
9.998676385724891702e-01
9.984858442107945320e-02
9.997852840960043119e-01
9.998996756259534990e-01
-9.999090187097298132e-01
4.027548349953070650e-01
1.001456599011308207e-01
4.069435448566663949e-01
9.990858751356421208e-02
-1.944346292869909842e-02
5.248344293989061493e-02
2.036446136959423336e-01
4.139644606358529044e-01
-7.949673687625520291e-01
-6.000363213967994103e-01
4.032009466715605894e-01
9.999048615913355142e-01
1.120113349842071782e-01
-7.903204241460500823e-01
4.029257545890653214e-01
-4.147682444252676764e-02
1.908776790478556307e-01
-9.999637111076994378e-01
-2.606770711781452032e-01
3.904034226119056372e-01
1.841919482031652011e-01
-2.890323606151931624e-02
9.999899703234734760e-01
1.000273295064084689e+00
9.998979929063516181e-01
1.000570296346439680e-01
-2.493421514692555074e-02
-9.999609973857461753e-01
-3.185050452151096945e-01
-3.519335715756418126e-01
9.999624368828345933e-01
-7.952727082396183755e-01
-7.906688074029663005e-01
-5.999847472520020153e-01
-2.951720791229324736e-01
-9.998337422205183511e-01
1.963096675030479299e-01
1.001074976711372744e-01
-6.001367346375033884e-01
9.321732742120678039e-02
1.000165051592884158e+00
1.995258947149964324e-01
2.071510088963060270e-01
6.771487472253272244e-02
-2.916930184691124417e-01
-2.735070711993888848e-01
-2.500324426847858605e-01
3.962767250226320592e-01
-3.071549429773157702e-01
9.998817328582643160e-01
1.000060979287392460e+00
-5.349051158250613114e-02
2.088717126176252437e-01
1.956745988105841882e-01
-3.192080383978318503e-02
-3.409773676354771466e-01
-5.999262568629890602e-01
-9.998849576210433465e-01
1.939970876262303023e-01
-5.069378076261971122e-02
