-5.998562375678921921e-01
-6.000308125772124690e-01
9.999554676123695307e-01
-3.303328626505597915e-02
-1.000075619706948693e+00
-7.749428566376608263e-01
-6.000941524251428572e-01
6.083862467320812206e-02
-7.915592625802929660e-01
-3.423989469059695590e-01
9.980450369708150637e-02
-9.999449349885148886e-01
2.071438701106513847e-01
5.625758344113526710e-02
2.010776071509763063e-01
4.022733015564700643e-01
3.898813168816869790e-02
-1.000099761207221549e+00
1.950970936187312321e-01
-1.831479819164885323e-02
3.862248937591760689e-01
4.078385203858553854e-01
-2.702164955209069852e-01
-7.801446786946902856e-01
-9.995822550922512928e-01
3.925673570453577232e-01
-2.751496451125712284e-01
-5.999153720380460131e-01
-2.752131045954339106e-01
1.000497964259128292e-01
-1.000132398906415476e+00
-8.070811649596298931e-01
-8.036270409977215312e-01
-9.999940562957343460e-01
-3.067487393351275848e-02
1.000080691529313448e+00
-1.000120516693211226e+00
9.999477276406100179e-01
4.143392242483144305e-01
-5.999210991671338755e-01
9.998893717904079326e-01
-7.950831150523737234e-01
-2.449259956367121349e-01
9.984053018229974152e-02
-3.459575823490655955e-01
4.100076921897260473e-01
9.982330677741017844e-02
1.000600670337133263e-01
1.000645207074146725e-01
2.016544617709470633e-01
-1.000013703150651745e+00
-7.934602626066290521e-01
3.811978776216222720e-01
4.057270640720764820e-01
-3.227885097635451173e-01
-1.000008203318081490e+00
-7.998161370769338863e-01
4.072660157833875583e-01
3.381833498685954398e-02
-1.000000458052635377e+00
5.436208992757356889e-03
3.973532001781739376e-01
-1.000013833143718722e+00
-3.422676871693431933e-01
-9.998691358413138719e-01
1.001070711637599558e-01
-1.000069706021341709e+00
-1.732098373218332946e-02
-8.048967209767980968e-01
3.992446223161672525e-01
-6.000986321371513110e-01
-2.509684651124034493e-01
9.986308943118903103e-02
-6.235733880017677727e-02
1.948153937332267605e-01
9.996870759151220420e-02
1.903724593808375221e-01
1.000067868431719020e+00
-6.580771099165513838e-02
-8.093753484072190307e-01
4.058199714768379596e-01
4.001280647958037617e-01
1.870787223505460672e-01
1.997152879852987506e-01
1.000005132741576208e+00
3.988537597357059150e-01
-9.997893405510006604e-01
-6.000295092970859834e-01
-9.999694427714250766e-01
-6.026682676073478323e-02
-9.997872422027496153e-01
9.994954199304002807e-02
1.000978947456825224e-01
-5.999771864955719680e-01
-2.565072516857627716e-02
-7.933461079182372311e-01
-7.898453599852811591e-01
-3.187178192823011957e-01
4.012744349836925295e-01
-3.866783931059600277e-01
3.938152451733641368e-01
-8.130394029658739585e-01
-2.772084343341305601e-01
1.001854457045621566e-01
1.000862315621119381e-01
9.997575651763739302e-01
-5.536993231121567494e-02
4.054356296706180807e-01
1.001339979582628603e-01
-3.392008977815854642e-01
2.121259189160123182e-01
-2.815931763538510602e-01
-6.000899886992947518e-01
9.998664388840355910e-01
4.164663380946469484e-01
1.986167486387694359e-01
1.001455748278487767e-01
9.998691226784730546e-01
-9.998998170065733770e-01
4.028562625512505657e-01
1.000081123366167501e+00
3.873702435814784240e-01
9.996467855388321833e-02
4.031365455325632285e-01
-6.000129054635967574e-01
3.869488853500443470e-01
-3.099168599318641304e-01
3.982296065614381320e-01
1.000013395638774449e+00
9.998821835653327605e-01
1.000465257027005478e-01
2.137936766312651116e-01
4.019654052514478049e-01
-8.006067852520760697e-01
1.000653798684556783e-01
1.000025175431729085e+00
1.000106692615045922e+00
-1.000079569891444420e+00
-5.998717839073186564e-01
4.095125542485744674e-01
2.920578968315331106e-02
3.904186103141141229e-01
9.997562167322487925e-02
4.071176479756528632e-01
-5.824012734658066265e-02
-2.942281596281441924e-01
-6.002250116452459983e-01
2.149172494365906294e-01
9.999624056339756484e-01
-9.998936973842030840e-01
-8.121277963314805781e-01
1.000093794485614529e+00
3.956912925713862439e-01
-6.001716507508225718e-01
9.995520114113057297e-02
-4.144445278668390520e-02
-3.328177251419652816e-01
-7.805637828703758663e-01
2.046448105402478290e-01
9.982811316405702795e-02
1.000092292176440578e+00
2.118863418292614709e-01
1.986719609849562362e-01
-2.882514679066621732e-01
-9.999560180899228490e-01
7.630373001586353635e-03
4.083312650296280211e-01
-7.935070704969954258e-01
1.895305946408961939e-01
9.999188337137012716e-01
-8.120882721990719810e-01
-5.999282037363653508e-01
-9.999909115201122134e-01
2.386112959616933787e-02
-2.532034161715771559e-01
-6.001600561306126291e-01
3.248154660766330859e-02
2.011303525196193598e-01
-1.000123080934768094e+00
9.999852972733178635e-01
-7.910376625648478655e-01
4.033245155108763358e-01
-2.679767814655893976e-01
1.000005332028174543e+00
-1.000001334214427606e+00
4.313153140152412024e-02
2.069139166243077477e-01
9.997674696663687299e-02
-8.100058926757470745e-01
-3.144227935370978999e-01
4.639785418180744636e-02
-2.645659367151376729e-01
1.978204985253575465e-01
3.322799218597652371e-02
-6.000743620228211617e-01
-6.001355651274552505e-01
4.172552051497814274e-01
9.999047374095895169e-01
1.000250493897920784e-01
-2.763246149323974610e-01
1.907068212326138990e-01
1.001147990193251985e-01
9.986615318305054612e-02
-7.925197096877125702e-01
-5.999404431184837128e-01
-6.000670454175847102e-01
1.000019050594874725e+00
-6.001109835410364246e-01
-5.999088565134466089e-01
9.999636169046660639e-01
1.909858523284365672e-01
-8.029477335075376754e-01
4.042052913736123299e-01
-1.346110325706444989e-02
2.025051186193519703e-01
-7.947873679322046137e-01
-9.999535671293235950e-01
-8.171187775228825334e-01
-1.000067089588764224e+00
1.000060690818212583e+00
9.997969138087446916e-01
-8.146870961878636130e-01
-2.772126312875826670e-01
5.525469027808571632e-02
-8.019024977066130377e-01
9.999760654566380857e-01
-5.998739777970284459e-01
9.991479749133665156e-02
-1.000025231339050746e+00
3.988611052229644738e-01
1.832045518141652007e-01
1.000052842155476407e+00
-5.998733147322099502e-01
-6.000761077297775969e-01
-3.106550103132428853e-01
1.000054211280930305e+00
1.001162548329981167e-01
9.999984678601345767e-01
9.999035104005304930e-01
-9.999515003787489142e-01
4.036648934881181261e-01
1.002118868410302316e-01
3.813551728649415273e-01
1.000797972713313444e-01
7.774275789158079097e-02
-3.154443252257133762e-02
1.942282146648127150e-01
4.053096307483833871e-01
-7.910553321908748714e-01
-6.000573905102086769e-01
4.020864491511597638e-01
9.999889374344528292e-01
-4.322142502862819785e-02
-8.076632851701305293e-01
3.944968253026957528e-01
-4.513363480900493135e-02
1.984738746274541943e-01
-1.000031180170294798e+00
-3.600887413703311446e-01
4.104380991778889820e-01
1.911116727551733230e-01
-4.680908471122735559e-02
1.000105986253223556e+00
1.000149749034022761e+00
1.000165743352722236e+00
9.992140027160091587e-02
-2.445432407510836348e-02
-9.999690371855672888e-01
-2.962466539546093625e-01
-2.457051269780752834e-01
9.999727669698695864e-01
-8.016097207980017458e-01
-8.044984714319611818e-01
-5.999472173676576592e-01
-2.812985142916664127e-01
-9.999435847282940326e-01
2.000505051385375876e-01
9.990396471862643402e-02
-5.998324837787093466e-01
-1.468574840513243822e-02
1.000056114520436523e+00
2.053992472091575039e-01
2.046422305613175285e-01
7.341270163546713412e-02
-3.173028405418982789e-01
-2.682137291507095123e-01
-3.984821003768663217e-01
4.035399893388907921e-01
-2.818354108912530798e-01
1.000211763969242496e+00
1.000027494589899923e+00
-3.358536802583992481e-02
2.019155124399238943e-01
1.861795172830147116e-01
2.636931390492751673e-02
-3.020443436286102123e-01
-6.000751572323288485e-01
-9.999733762963793904e-01
2.086443353824285196e-01
-3.247053966171849215e-02
