-5.999313876305901738e-01
-5.999719102958264161e-01
1.000094716192041266e+00
-1.260166282726668877e-02
-1.000003432713177487e+00
-8.028101669337948110e-01
-6.001028840341225967e-01
-5.775885953301035380e-02
-7.937059566081497985e-01
-2.392242530058770744e-01
1.000153886203747622e-01
-9.999807745577818929e-01
1.949577685206909106e-01
-1.552636093345281104e-02
1.865667767049934422e-01
3.881258258218547863e-01
-2.601048627973905070e-02
-9.998710522186764482e-01
2.045318314343226584e-01
5.771328792773935956e-02
4.060286174362245926e-01
4.025933676381479032e-01
-3.279425508296863745e-01
-7.836818541888415091e-01
-1.000015706363103885e+00
4.134261472824376504e-01
-3.855968060795621488e-01
-6.001463532870150441e-01
-3.239989905651563529e-01
1.000277948207656531e-01
-9.999822978751812252e-01
-8.034171772317800775e-01
-8.201713433995598823e-01
-1.000110043971482732e+00
1.089947166152283597e-01
9.999023232943865525e-01
-9.999024396143453286e-01
1.000211910010342153e+00
4.092346431426542863e-01
-6.001853616788354051e-01
9.999273651835562937e-01
-7.959481141869889642e-01
-4.545511704553894528e-01
1.000347975739883516e-01
-3.533384339924466877e-01
4.035435990923449956e-01
1.000072179210734907e-01
9.995222345090960803e-02
1.000713871868983557e-01
1.839259273579933740e-01
-1.000022225001217846e+00
-7.996181999856122324e-01
3.997239146117665953e-01
3.881211906598756589e-01
-2.986267731975644213e-01
-9.999721331633586452e-01
-8.008295279383250698e-01
3.814978690893116031e-01
-8.486723238700034921e-02
-9.998541332507635548e-01
9.307122157131168458e-04
3.896805858283726720e-01
-9.999479677113799481e-01
-2.534502652790878718e-01
-9.999548277315624123e-01
1.000038174953298414e-01
-1.000093558086531553e+00
6.564770089810513520e-02
-8.023953085495520998e-01
3.933567664416566800e-01
-6.000799499796611869e-01
-3.104243069639893160e-01
1.000853040949708506e-01
-4.276285791478733685e-04
2.031855577533830393e-01
1.000799732644445522e-01
2.022192747736656082e-01
9.999735253778219146e-01
-2.115779537546322309e-02
-7.861017005209600672e-01
4.054337416490797485e-01
4.055377787059953332e-01
1.995781816686035826e-01
2.106634983044831932e-01
9.999264059761908685e-01
3.900941244838621036e-01
-9.998254462249631658e-01
-6.001287667823627103e-01
-9.999747198542842108e-01
-2.046776263005540674e-03
-9.999265623115047852e-01
1.001111475102912513e-01
9.972984239447989230e-02
-6.001412442724013419e-01
4.734576318242586512e-02
-8.112599532172379835e-01
-8.137718848071985311e-01
-2.772716015944739487e-01
4.015502564365767135e-01
-2.724552130494155011e-01
4.170031079153643794e-01
-8.066554933829793717e-01
-2.583575566129311385e-01
9.987458286119553497e-02
9.995691804189106577e-02
1.000174875008221997e+00
-7.237558885368912398e-02
4.098778130911848727e-01
9.995600558425070392e-02
-2.652982492473278109e-01
1.977287071250382333e-01
-2.484228110306422876e-01
-6.000385047375668135e-01
9.998650245043005924e-01
4.170615367039250398e-01
1.987170198903471519e-01
9.985909572863253814e-02
9.998204395527140464e-01
-9.999948849322369826e-01
3.944518035275434431e-01
1.000046262283482479e+00
4.014046796879173207e-01
1.000165933164773174e-01
3.966837846413896473e-01
-5.998679551319028302e-01
3.960896160173505987e-01
-2.839808028963368147e-01
4.027971094551987541e-01
9.998686929655324906e-01
9.997643342279467493e-01
1.000173637243150643e-01
1.971598190068342138e-01
4.036659483232874490e-01
-8.013871683254171208e-01
1.001697510018215442e-01
9.999831438737205591e-01
9.999939563085661343e-01
-9.999220432817326198e-01
-5.999343748458834114e-01
3.997551360430411926e-01
4.710191696642967996e-03
4.170472406569275536e-01
9.998044896109625768e-02
4.085324212412275724e-01
-6.476473499029419822e-02
-2.370334476062367079e-01
-6.000434652286295023e-01
1.873931096308529831e-01
9.999970189301965462e-01
-9.999671973222797883e-01
-8.137096064557579611e-01
1.000012087350593548e+00
3.971983499718053090e-01
-6.001487681004917807e-01
9.995035421778149243e-02
-4.626736874888202206e-02
-3.197513437450233420e-01
-8.170500626614299877e-01
2.134097714540835466e-01
1.001073586481162764e-01
9.999564253527960522e-01
2.007144004202607301e-01
2.025163872886103777e-01
-3.493738272909509557e-01
-1.000066157238404640e+00
-1.456858351215515462e-02
4.183553825570212048e-01
-8.091374158378737969e-01
2.044301039435282852e-01
9.998904566008509631e-01
-7.868449284663351362e-01
-5.999457547231881183e-01
-1.000038162808261744e+00
-1.908559732923634580e-02
-3.385435281953288467e-01
-6.000084659323409175e-01
5.090847390762084923e-02
2.056862349176807603e-01
-9.998694217674123363e-01
1.000170284004220589e+00
-8.012509432379909535e-01
4.147866809707277391e-01
-3.551355318920764170e-01
9.999560704271227563e-01
-1.000087471870364508e+00
-3.740355350874251944e-02
1.965044348131912699e-01
9.994855245045722314e-02
-7.978667365317694271e-01
-3.625368138889843439e-01
2.807817481042784724e-02
-2.651275829879640722e-01
2.119222028390586321e-01
-1.898588429657043289e-02
-6.002407741885156245e-01
-5.999483895318308280e-01
3.972681031574172850e-01
9.998230106202392609e-01
9.988609811722580500e-02
-3.585977379645668983e-01
1.815740594674208896e-01
9.980164734261777471e-02
9.987658933003658313e-02
-8.062417406015732757e-01
-6.001260808239055056e-01
-6.000214700697624748e-01
9.999830914034657514e-01
-5.999288219451290871e-01
-5.999523709772336399e-01
1.000265728299574164e+00
1.924955566752420688e-01
-7.877995726073598881e-01
4.034625532944347559e-01
-7.647235087539625345e-03
1.895757337871780690e-01
-8.125648889443729539e-01
-1.000028243048039611e+00
-8.108882340760689145e-01
-1.000026460567404740e+00
1.000060501688835313e+00
9.999764666907671185e-01
-8.049110633902417655e-01
-3.140496211147601469e-01
-1.191232558454117726e-02
-7.991461345816902595e-01
9.998366858766299936e-01
-5.999371464859452052e-01
9.994278099306611041e-02
-1.000089934532706559e+00
4.002483120104102787e-01
2.071593753783462777e-01
9.999781875355200356e-01
-6.001341491443951126e-01
-6.000376489166321381e-01
-2.936407778964889026e-01
1.000092272166601459e+00
9.981491420191414277e-02
1.000058181723708417e+00
1.000038289810805558e+00
-1.000105403904336665e+00
4.000438853213929002e-01
1.000983890208647920e-01
3.989116862799643171e-01
9.983415389106829740e-02
1.454064272955368775e-02
2.415078931333712944e-02
1.793550638852865198e-01
3.940545752244387634e-01
-7.941982510488295732e-01
-5.998833161328224195e-01
3.992115471673234883e-01
1.000119824219537268e+00
7.208577922440437269e-02
-7.868550267189599046e-01
3.861503618572371122e-01
-3.419542874134200161e-02
2.039498416470185427e-01
-9.999562931913128505e-01
-3.614052724257155180e-01
3.845364019871710948e-01
2.066747788359437343e-01
-5.491335209143480972e-02
1.000025459028204056e+00
1.000071875673669730e+00
1.000118482022448019e+00
9.994250506756921504e-02
-6.394441666171553351e-02
-9.998956425964773409e-01
-3.309569279551534682e-01
-2.790988855825853321e-01
9.998746869655072977e-01
-8.012516569788797893e-01
-7.814687431206562840e-01
-5.997380637475522303e-01
-2.380860338264078058e-01
-1.000095406133129305e+00
2.108575901991721624e-01
1.000723927456391715e-01
-5.999239785347564302e-01
-9.468135380719924776e-02
1.000031899748653696e+00
1.967928188843094950e-01
1.946151206019591517e-01
3.446587155828861188e-03
-3.022731191241289639e-01
-3.223014816618554601e-01
-2.311307401824319041e-01
3.915898818091422262e-01
-2.653681532726139825e-01
9.999288264498533696e-01
1.000107105762108706e+00
8.319696462537102058e-03
1.965047274758413842e-01
2.106517290382665109e-01
-1.357614956859054534e-02
-2.426314314447146903e-01
-6.000671391566598789e-01
-9.998825389581756928e-01
2.134660440626085232e-01
-2.153538979763138655e-02
