-5.999308763794320987e-01
-5.998982588500875179e-01
1.000034843799929574e+00
-2.271011461814373758e-02
-9.999727551834408645e-01
-8.043030935820976168e-01
-6.001884302176938579e-01
6.707274710373506421e-02
-8.091813746108686978e-01
-2.190047141423500654e-01
1.000409177945567746e-01
-9.999493943134586393e-01
2.022634760438406232e-01
-1.325218189844120167e-02
2.070803145274804635e-01
3.893631922429331982e-01
-7.379458500131901022e-02
-9.999016866060687070e-01
1.872771880097733599e-01
-7.485126307488572384e-02
4.168755329883673810e-01
4.089818753577956212e-01
-2.157095531039944780e-01
-8.196498053460383737e-01
-1.000017990481022689e+00
3.996941982747722055e-01
-2.568700968797698603e-01
-5.999608955688783274e-01
-2.058123976319995163e-01
9.991796343840346484e-02
-1.000146892247865793e+00
-8.096725997477886017e-01
-8.227176631272308249e-01
-1.000036648140868012e+00
4.489538134280227771e-02
9.998104165131164178e-01
-9.999457772722594173e-01
9.998996019908996669e-01
4.105703029092724332e-01
-6.000440443047322381e-01
9.999637111636139331e-01
-8.007555694375136923e-01
-2.451044995223407019e-01
1.000217754426462741e-01
-3.440507904837254438e-01
3.913243038767516002e-01
9.994006546706468708e-02
1.001781503145458274e-01
9.995400628182260494e-02
1.980891075233536247e-01
-1.000134251521742179e+00
-8.236067817074983477e-01
4.128462450161231034e-01
3.961815770062693254e-01
-2.669937318942659510e-01
-9.999906593024289192e-01
-7.971060701781742530e-01
3.998886994903034786e-01
-4.217862601199685695e-03
-1.000033923392663171e+00
1.159892153232607442e-01
4.014248565090972609e-01
-1.000028242747487139e+00
-2.522847830999259133e-01
-1.000022613351547518e+00
9.990271601868427886e-02
-1.000091349147756103e+00
-3.226821716087750758e-02
-7.919130570440395811e-01
4.012129182586373077e-01
-6.000624018079988575e-01
-3.284686231827148029e-01
1.000311674605621620e-01
1.215998499847327774e-01
2.019871847909914531e-01
9.998005437888976554e-02
2.094977945592790269e-01
1.000105973770123891e+00
2.627926828291247269e-03
-7.890560027237718543e-01
3.973865450851666870e-01
3.772997054774369641e-01
2.044451748585950079e-01
2.236287977777373648e-01
1.000086824577089306e+00
3.949602537962679238e-01
-1.000120231630172718e+00
-5.999595658405306731e-01
-9.998269252494759174e-01
-5.425028748311583847e-03
-9.999568904615261378e-01
9.996098019475216367e-02
1.000186079904125114e-01
-6.000648372379742135e-01
6.053864203711893655e-03
-7.938154763612206288e-01
-8.065142930448176983e-01
-2.688404200486233520e-01
4.147635119005566029e-01
-2.627189808886416511e-01
3.959871300096119984e-01
-7.900817711761255469e-01
-3.428427892657777698e-01
1.000313262698779709e-01
9.983183956797909986e-02
9.999852049615385319e-01
3.408210494723078882e-02
4.007099062544572377e-01
9.999037544515455844e-02
-3.115626805493532103e-01
1.966944122203812539e-01
-2.521889757521138531e-01
-6.002565169372434672e-01
1.000086507889584420e+00
4.045885097824477583e-01
1.974486552480953228e-01
1.000602242318895940e-01
9.999933273441911075e-01
-9.997926587317341740e-01
4.039598555534857360e-01
1.000097963186957983e+00
3.821580967695507591e-01
1.000565939449029190e-01
3.909320630435484945e-01
-5.999063090140980270e-01
4.010800200629626722e-01
-2.630854250916293546e-01
3.823689392416066424e-01
9.998230343436146361e-01
1.000040648473201399e+00
9.997335204005172726e-02
2.093305457542314618e-01
4.053274137831719415e-01
-8.044222211790068577e-01
9.997717269236998383e-02
9.997764024941201422e-01
9.999239219365162468e-01
-1.000098904804158639e+00
-5.999829972550638768e-01
4.126282950229646640e-01
-9.667843445168289307e-02
3.959868626827944826e-01
1.000077896620840540e-01
4.062353728901468286e-01
5.047623075838713474e-02
-3.849734553478603161e-01
-6.000010827352514342e-01
1.877222072231952699e-01
9.999084088833884998e-01
-9.999183223365345485e-01
-8.180074487952375684e-01
9.999662109218316886e-01
3.934762499528786095e-01
-6.001036034912355932e-01
9.996506229149963729e-02
-4.947583909157013751e-04
-3.485565322890558093e-01
-7.883548319888910028e-01
1.922235443721099779e-01
9.987099329342755127e-02
1.000053691104796361e+00
1.856546206101487018e-01
1.993683478242455898e-01
-2.627344784255784549e-01
-1.000011803940406674e+00
7.878828548625003980e-03
3.925493509216252952e-01
-7.756283815571411999e-01
2.099395057108560947e-01
9.998305672304313996e-01
-8.074993919740431902e-01
-6.001254972534419974e-01
-9.999573205149213662e-01
-1.890019554460517504e-02
-2.399060561183470885e-01
-6.001724267602506213e-01
6.746524524262213773e-03
1.844087106016457644e-01
-9.999958482578299446e-01
9.998464832534977864e-01
-7.911308154034223383e-01
3.970278836488158047e-01
-2.452920502522043245e-01
9.999657695925150414e-01
-9.997865473748748233e-01
-1.790702137429062840e-02
2.170403479657962431e-01
1.000394035470456161e-01
-8.008909249779011530e-01
-2.568482933946790170e-01
2.119382485764972554e-02
-3.556522278316356367e-01
2.095080436507815447e-01
7.520937528820452814e-03
-5.999874546482403259e-01
-5.999682463162366863e-01
3.961281308276589086e-01
1.000161112452701229e+00
9.999201563176990382e-02
-3.643963555422787826e-01
1.930057694540618651e-01
1.001472660099965023e-01
1.000756685165504062e-01
-8.012640197679219423e-01
-6.001317399775026873e-01
-5.999953227344138051e-01
1.000032626927181978e+00
-5.997710062099549377e-01
-6.000272381246893882e-01
1.000012167628833826e+00
1.871673564817428193e-01
-7.942728342063146707e-01
4.014215682308478472e-01
3.043816815945273035e-02
1.919232120952225895e-01
-8.044414988374521958e-01
-1.000069771558830034e+00
-7.896964054525565935e-01
-1.000028809194558832e+00
1.000126999428810226e+00
1.000089028359725685e+00
-7.889172001534069389e-01
-3.798147865854707428e-01
6.065296650391219235e-02
-8.038997301015211594e-01
9.999780618340045057e-01
-6.001421247062515008e-01
9.996569893044607302e-02
-9.999891865488931275e-01
3.921764563076010068e-01
1.866964088940610556e-01
1.000209133496195557e+00
-6.000959379735438803e-01
-6.000844143453391011e-01
-3.923644312219078945e-01
9.999664292965266821e-01
1.000386121240110643e-01
1.000021837111151335e+00
1.000121533905396154e+00
-9.997737528381019922e-01
3.968403158856033675e-01
1.001003214067170827e-01
4.066731987465064257e-01
1.000772517953826268e-01
-3.820751281937072308e-02
-3.371446828133924795e-02
2.058172896616902725e-01
4.085132760435608024e-01
-7.964758703108889559e-01
-5.999805843287161489e-01
3.960493540563578274e-01
1.000134756134446468e+00
-5.822078768533215515e-02
-8.096929026876591440e-01
3.985610788214064559e-01
-6.641276459003847554e-02
2.080228846611441029e-01
-1.000029434425262043e+00
-2.457123822733113250e-01
3.966336067234798035e-01
1.843945247596138759e-01
7.082646052609148368e-02
9.998689348067706373e-01
1.000051014190954435e+00
9.999318117206856815e-01
9.998422592960722055e-02
-7.633313193742049391e-03
-9.999484721705244050e-01
-3.724638089448121248e-01
-3.874068997872892051e-01
9.999832253515447134e-01
-8.087584211067883055e-01
-7.953447332392349356e-01
-6.000939223742649542e-01
-2.854497703673143927e-01
-9.999655250154938502e-01
1.867475834402036738e-01
1.001581370960505507e-01
-6.001595318689217917e-01
-1.417278962961285999e-02
1.000069753695415731e+00
1.877459929160822383e-01
1.905080366079373311e-01
-2.272193677297938696e-02
-3.433978326305582307e-01
-2.790585284443509728e-01
-2.647007588779967668e-01
4.024049539605749071e-01
-3.166502786183486573e-01
1.000187607570999226e+00
1.000011943447904006e+00
-2.012051953852464492e-02
1.960137634562986730e-01
2.074767863982478200e-01
-3.664473947953324207e-02
-2.441304811464692082e-01
-6.000753786166819204e-01
-1.000178657953811889e+00
2.080670194260750561e-01
7.341136882812748787e-02
