-6.001296206297297431e-01
-5.999837697831192918e-01
9.999630751793635586e-01
2.310843160598062551e-02
-9.999335682534225000e-01
-7.801788319585024611e-01
-5.999586950638209348e-01
1.285386909545958856e-02
-7.822359782795929029e-01
-2.755912206392971409e-01
1.000982594013767324e-01
-9.999468579148618197e-01
2.000016235360533023e-01
1.124370303007372028e-02
2.076220941503219564e-01
3.933157205786116384e-01
4.381256184875393506e-02
-9.998819209962795940e-01
1.947339064043951684e-01
1.687353904171038504e-02
3.990578580788606278e-01
4.131795170169410003e-01
-3.429590300578075901e-01
-8.067003932834085900e-01
-1.000108551137225632e+00
3.941526671072338450e-01
-3.630886325834248862e-01
-5.998964613517345779e-01
-3.844023710064219945e-01
9.986102372177900477e-02
-1.000110181178140323e+00
-7.982728490984951630e-01
-7.833171458450695068e-01
-9.999007386209743942e-01
-1.642447864065900431e-02
9.999410194381844752e-01
-9.997866806725308475e-01
1.000033546596446499e+00
3.900820853888776751e-01
-6.000768989951982268e-01
1.000130813359201065e+00
-8.095575865496041912e-01
-3.139074187731817345e-01
9.991033228951474998e-02
-3.267309044772028770e-01
3.861425563350350254e-01
1.001468850622705825e-01
9.982774150036494154e-02
1.001273350134700285e-01
1.920961245915768778e-01
-1.000163090564553992e+00
-8.142565073975283063e-01
4.072323819789684385e-01
3.867261507994060876e-01
-3.362089716549114815e-01
-9.999521754555630304e-01
-7.905941255938330192e-01
4.158753936317564071e-01
8.081625677522663587e-02
-9.999896802844188137e-01
6.790384074248186075e-02
3.892415233405957520e-01
-1.000302099746499085e+00
-3.670454431896861269e-01
-1.000007889693232288e+00
1.001850874548486370e-01
-1.000227110890766991e+00
-8.348759640972892859e-02
-7.909631373910555041e-01
4.013722541993524628e-01
-6.000244339990892239e-01
-2.565876405582764308e-01
9.986222086978703560e-02
9.015736518112743569e-02
1.947984945570329085e-01
9.976716043931568856e-02
1.913168499665917066e-01
9.999845314395295892e-01
-3.794533812543560147e-02
-8.113967670108777064e-01
3.920991110286555226e-01
4.065555158683740733e-01
1.999205876180764896e-01
1.978542805487867040e-01
1.000155604505840623e+00
3.813427781375705039e-01
-9.999288927496023938e-01
-6.000588092074917723e-01
-9.999927402230158746e-01
2.059452519256880706e-02
-1.000247350853115336e+00
1.002283658967551006e-01
9.991388887928877305e-02
-6.000773857693467717e-01
-3.057708413469575545e-02
-8.012597110915004039e-01
-8.085829219746458740e-01
-2.974330056628101682e-01
4.072848403098229264e-01
-3.136708607322951647e-01
3.982939756171043899e-01
-8.115760616681845230e-01
-3.710753391154512637e-01
9.980311514718315236e-02
1.000310718302027529e-01
9.999385230978331540e-01
-6.341308114596334866e-02
3.877626568745387026e-01
9.986841247466249349e-02
-3.910788776032380065e-01
1.950936629649510090e-01
-4.458818876725865188e-01
-5.999217874202940060e-01
1.000041985160115665e+00
3.981400609287188419e-01
1.879717108222557498e-01
9.983560367073192332e-02
1.000022786372861683e+00
-1.000031471222803114e+00
3.999432843022818762e-01
9.999161768820773455e-01
3.956297367161513145e-01
1.001022969374617960e-01
4.134748024897597074e-01
-6.001426520849949542e-01
4.012711697201669092e-01
-3.261654763767328769e-01
3.945323501304525138e-01
9.999373704568325083e-01
1.000035974428058250e+00
1.000801124204617060e-01
1.822143314316816143e-01
3.927005104408622382e-01
-7.978018276943522613e-01
1.000599878827123090e-01
1.000035034190853489e+00
1.000128568058491263e+00
-9.999373399651118044e-01
-6.000493831223180363e-01
3.872486946421324072e-01
-4.714173055767943016e-02
3.844148876559535521e-01
9.986877553420003828e-02
4.110929815864736159e-01
-2.127967390125912531e-02
-2.985334403909162826e-01
-6.000686169557053473e-01
1.908288750075467499e-01
9.999539336217290186e-01
-9.999389748374843956e-01
-8.023680163526699660e-01
9.999911309201927612e-01
4.012700919090830265e-01
-5.999898215340470076e-01
9.985979047626801497e-02
5.533174770107153473e-03
-3.059505320629217762e-01
-7.958231944253154611e-01
1.904454729766422161e-01
9.998402169951375873e-02
1.000019452984294510e+00
1.777944867967963249e-01
1.836606549393979271e-01
-2.840162546096573482e-01
-1.000064705319258396e+00
-1.249120902422782425e-02
4.011507064230706021e-01
-7.923818482856656020e-01
2.098178925928240457e-01
1.000006835481558998e+00
-7.991997237793344588e-01
-5.999280487593499078e-01
-1.000060367510665627e+00
-3.511273452005778811e-02
-2.713447602190000585e-01
-5.999501947967758042e-01
9.068015161011205860e-02
2.116790923151882498e-01
-1.000117337389484717e+00
1.000034425974472674e+00
-7.868887561895803184e-01
3.867980071720235058e-01
-4.183285372813695391e-01
9.999753034549463404e-01
-9.998943554467977224e-01
3.632478777652125429e-02
1.895173314014553245e-01
9.999358245990330740e-02
-8.189618521976859133e-01
-2.328007593200039915e-01
3.812163529580188392e-02
-3.326780674640033575e-01
2.021083804348953461e-01
-5.209890289397156593e-02
-6.000564329036186528e-01
-6.000603667092497817e-01
3.951333814408769518e-01
9.998550036204972846e-01
9.998855205109535849e-02
-2.993394113824200953e-01
2.091551350385615904e-01
9.986792650672757232e-02
1.000319345706944252e-01
-7.989831143960300919e-01
-5.999906036521619468e-01
-6.000247986839807313e-01
9.999015212400393926e-01
-5.999478954684746013e-01
-6.000103169364753297e-01
1.000067424047250464e+00
1.933843568198665153e-01
-7.992038905738598764e-01
3.932330508575443417e-01
-5.896381131104283524e-02
2.103154447143912309e-01
-7.899895283805348223e-01
-1.000017825918509073e+00
-7.894647173519004912e-01
-1.000177224358758332e+00
9.998496843399555800e-01
1.000127390868809751e+00
-8.079192722650796465e-01
-3.679007652407351725e-01
-8.522732308864932639e-04
-7.983743042852138316e-01
9.998620851079290661e-01
-5.999609304217972117e-01
9.995218836568008081e-02
-9.998844140717572104e-01
3.956095354286299215e-01
2.142185467576840641e-01
9.998553320916433451e-01
-5.999742420813158894e-01
-5.999610710953530157e-01
-2.593840900409352113e-01
9.998961531269432434e-01
9.996050767448254326e-02
1.000050485857864269e+00
9.998195930316461366e-01
-1.000141271517869690e+00
4.062601700073801836e-01
9.984057605510064659e-02
3.881641603562232534e-01
1.000124030187111435e-01
-2.636038476080798665e-02
7.183893731994499959e-03
2.155530447771572267e-01
3.909168229826251451e-01
-7.873848625675888835e-01
-5.998825524937739795e-01
4.061812015015648925e-01
9.999044902017693026e-01
7.751707662408913180e-02
-7.861161269890921677e-01
4.075899035091655742e-01
4.630112271381987138e-02
1.929286936295500632e-01
-9.998730078466774307e-01
-3.053549490035104563e-01
4.010040698525699776e-01
1.935930168786802741e-01
-3.953624412974718338e-02
1.000073061688692144e+00
1.000057362820980789e+00
9.998991975484892158e-01
9.995327109080992534e-02
-6.976833233099415110e-02
-1.000073451669649227e+00
-2.636678780216261675e-01
-1.692354700691425240e-01
1.000090477594066884e+00
-8.178453033645641801e-01
-8.006520156507224151e-01
-6.000787054490388517e-01
-2.838382828146507331e-01
-9.998676716017610433e-01
1.986748270728853627e-01
1.000635596347181355e-01
-5.998765142554164376e-01
-4.761676542258840017e-02
9.998997268643197156e-01
2.080890222769477271e-01
1.936184204107733453e-01
6.326737829246653622e-02
-3.479615596778257158e-01
-2.776268809991142561e-01
-2.652717778219819689e-01
3.966322829242150405e-01
-3.452525357531031069e-01
1.000001564723834946e+00
1.000044308180949804e+00
3.471327215018104456e-02
2.070867276793538214e-01
2.016896110436138534e-01
1.525961054800121890e-02
-2.927179096211818821e-01
-6.001001310567002367e-01
-1.000089502242038630e+00
1.946277608353553235e-01
3.954710787883460033e-02
