-6.000226128799803771e-01
-5.999328788830354808e-01
9.999761823415472817e-01
-5.836289699553723039e-04
-9.998925399428368888e-01
-8.034638632200281627e-01
-6.000047239608422567e-01
3.577679903256999333e-02
-8.202688888532024825e-01
-2.135569120328333070e-01
1.000790760161702625e-01
-9.999999198189976068e-01
1.974354933684220326e-01
-1.729031142087632950e-02
2.022626130673907952e-01
4.069414694841791413e-01
3.044881176122006539e-02
-1.000037930543753451e+00
2.099199686225151351e-01
-2.063603797821317656e-02
4.010662233297768164e-01
3.985758574290884648e-01
-2.852897067967481992e-01
-7.936798168435229561e-01
-9.999915078238451605e-01
4.014811836725057370e-01
-2.249733152663980773e-01
-5.999586313194651410e-01
-3.076766558979721622e-01
9.981671780386527915e-02
-9.999598260572809538e-01
-8.043795016947193899e-01
-8.056519896755167665e-01
-9.998674524018800192e-01
-8.783418617800581307e-02
1.000141280781057684e+00
-9.998136483793803597e-01
1.000115892854186006e+00
3.965671594125242949e-01
-6.001109300086480136e-01
9.998955792177183222e-01
-7.865276166269163927e-01
-3.160358658738897653e-01
1.000722044479653711e-01
-2.645772340127449107e-01
4.092384898314810338e-01
9.998105712534680056e-02
9.974410394375683719e-02
9.985452844573412812e-02
1.966130975900370892e-01
-1.000102825731242318e+00
-8.163293131153218640e-01
4.095493971008439260e-01
4.172766517096717642e-01
-3.110136151586457842e-01
-1.000114789135300608e+00
-7.750263107043365851e-01
4.013085978714627244e-01
-1.842817893776381791e-02
-1.000029208333570230e+00
-3.762885784966873981e-02
4.034569192680958483e-01
-1.000043494498691565e+00
-3.321480011554442946e-01
-1.000189613489619989e+00
1.000266577413730096e-01
-1.000037305779469810e+00
-1.986962889481860145e-02
-8.147096842972390007e-01
3.941242825445284703e-01
-5.999964148166778699e-01
-2.849746484851365391e-01
1.001223357160960364e-01
5.367625972931840128e-02
2.009851781483862621e-01
9.996247669770648436e-02
2.094871309704226525e-01
9.999842827324566530e-01
-2.841728076261171992e-02
-7.791680303553849551e-01
4.020821299828232220e-01
4.066565606808358879e-01
1.881081009503602353e-01
2.115373313549551715e-01
1.000045528997187905e+00
3.841568842795812233e-01
-1.000042447743274998e+00
-5.999108643157944343e-01
-1.000095363092979417e+00
-4.775526440111505649e-02
-9.998881892563318274e-01
9.996432426846835195e-02
9.998081355925153568e-02
-6.000880448132901446e-01
-2.708437822876209183e-02
-8.048258830999911462e-01
-7.953062857631117977e-01
-2.389567941672342266e-01
3.873937685912345330e-01
-2.835334383148376269e-01
4.099341148995730433e-01
-8.117166419832028135e-01
-3.648889724721807726e-01
9.997585570320972892e-02
1.000631501758330738e-01
9.997837107844075311e-01
2.589365921480317467e-02
4.079110849442585396e-01
1.002927868139867063e-01
-2.590992418731120073e-01
1.916578383114945217e-01
-2.619647506539172777e-01
-6.001621134352221887e-01
9.999316677843151924e-01
3.968279436851426811e-01
1.900509497084424682e-01
9.981823420042483519e-02
1.000079014833186619e+00
-9.999768923755396610e-01
3.984345828843646187e-01
1.000118169311404070e+00
3.992998370452424117e-01
9.998089416438676880e-02
3.855579887913189174e-01
-5.999993184614412778e-01
4.011220164423436874e-01
-2.303994666313751716e-01
4.223334711228200478e-01
1.000012666552839713e+00
9.999608620457646202e-01
9.984297565726932278e-02
1.871800184784366550e-01
4.039784674697061706e-01
-8.002279414951236625e-01
1.000136500757394936e-01
9.999283987115620276e-01
9.999212380855129201e-01
-9.999215201748017368e-01
-5.999147226355243667e-01
4.080044775851570105e-01
-1.123567788574120485e-01
3.858974808097798137e-01
9.998372361021971855e-02
4.011703047661475119e-01
1.740043511573356044e-02
-2.937904971861529657e-01
-5.997107889768806821e-01
1.910584590781744252e-01
1.000137053501663820e+00
-9.998900854566727947e-01
-7.942471961535535474e-01
9.999633770622367024e-01
3.965676734519980040e-01
-5.999894299542984921e-01
9.996545672756353140e-02
-4.966490657840961359e-02
-3.226919300246292588e-01
-8.211651181111073727e-01
1.992644487345671955e-01
1.000242116559259542e-01
9.998085071899424081e-01
1.947915314077127147e-01
2.124003986972442526e-01
-3.488864329247122198e-01
-9.998149257790327482e-01
-1.187650530367904793e-02
3.920722567519774882e-01
-7.833177650464469011e-01
1.856270065471124497e-01
9.999005762468979874e-01
-8.070478474622911902e-01
-6.000095987931697294e-01
-1.000128008493381238e+00
5.300208748032876616e-02
-2.805013150963951984e-01
-6.000762080944650467e-01
5.303574155630626230e-02
1.868065421920512004e-01
-1.000055696562708096e+00
9.998050642943133726e-01
-8.026144066230054275e-01
3.888255587893448273e-01
-3.698670623488901077e-01
9.998465231437990708e-01
-9.999578622843001696e-01
-1.190599146104096701e-02
2.056351761888694507e-01
1.000604638785843187e-01
-7.926328587014309646e-01
-3.334634326653355685e-01
-2.495041266761258147e-02
-2.703955069137402578e-01
1.950046380808846957e-01
1.212804934137483130e-03
-5.998057321642569217e-01
-6.001749330895042034e-01
4.140264953154838556e-01
9.999667574029813544e-01
9.990357248060642570e-02
-1.796526940623386637e-01
2.109425190896446201e-01
9.990815664627562820e-02
1.001246595058187250e-01
-7.909694053717224449e-01
-6.000564270639000553e-01
-6.001142031747510597e-01
9.999795050329478574e-01
-5.999681061795787418e-01
-6.002131442956346596e-01
1.000159661937518596e+00
1.912504523913973742e-01
-7.985729938367526204e-01
3.887775754959876262e-01
5.254955746066734823e-03
2.056241320165804465e-01
-8.094375154930658622e-01
-9.999864490144628748e-01
-7.936604136353728745e-01
-9.999781260967127716e-01
1.000009169975777601e+00
1.000090564073762067e+00
-8.062987852381021670e-01
-2.965559463271456031e-01
-5.028556430894709495e-02
-7.842357069242089640e-01
9.999343592976182027e-01
-5.998656051991889671e-01
1.000244138452768827e-01
-1.000085423925064054e+00
3.895160454384608562e-01
2.160087644970547505e-01
1.000074233225624942e+00
-5.999942666074001840e-01
-5.999307461809633146e-01
-3.437019168229022981e-01
9.999060119920826217e-01
1.001117635404624034e-01
1.000016718877128064e+00
1.000113815052843469e+00
-9.999524050445333101e-01
4.099636089060703092e-01
1.000783293859880962e-01
3.851061269852508184e-01
1.000015544648620580e-01
-4.354639987254642353e-02
-1.443934568078551056e-02
2.058024884059111992e-01
4.021648776421692939e-01
-8.072003905814502112e-01
-5.999448969104929086e-01
4.094125474759107708e-01
9.999468747228710264e-01
5.941060850896426847e-03
-8.093784238446786183e-01
3.811724874770169857e-01
5.962309266978506848e-03
1.888806301701701496e-01
-9.999466087161991146e-01
-3.267770086351093339e-01
3.875629737773638173e-01
2.209385638100100080e-01
-4.958314418210995472e-03
9.998216952475317276e-01
9.998781292808149868e-01
9.999858257998847089e-01
1.000925006756905461e-01
-1.102264153325096530e-01
-9.999462127778618870e-01
-2.656425732660177008e-01
-2.840729308340455006e-01
1.000018420312982270e+00
-7.980029578959473291e-01
-8.075814575202383550e-01
-5.999680053703108085e-01
-2.273943550735005870e-01
-9.999509502655106186e-01
2.163435460747754335e-01
9.998422456896204069e-02
-6.002034764633356057e-01
-2.108157308163614851e-02
1.000090808549669807e+00
1.895001759133849439e-01
2.278117788135119448e-01
1.447473774525840640e-01
-3.122491440973382826e-01
-3.398468474090013958e-01
-3.462123032387752208e-01
4.044796950679516168e-01
-3.012380978145348109e-01
1.000097536991153779e+00
1.000211835930777227e+00
-7.696266508121163419e-02
1.975012760146333257e-01
1.934364851841200439e-01
3.074439860261575855e-02
-2.855155542350308329e-01
-5.998290923550555487e-01
-9.999744064334100679e-01
2.037189178082965679e-01
-7.214619112474195128e-02
