-5.999928772455457304e-01
-5.999548072127245391e-01
1.000037648067310769e+00
2.746606107597027169e-02
-9.999850057585799590e-01
-7.881044879924292701e-01
-5.999518328198467643e-01
-3.768731032623633820e-03
-7.879231141835451036e-01
-2.775451014469730859e-01
9.995569387976478704e-02
-1.000004587122476529e+00
1.901842960206585331e-01
1.521081154959916595e-02
1.947435005831702481e-01
3.854930173018261685e-01
1.870962438180433663e-03
-9.998630163738781995e-01
1.971625650285380171e-01
-2.642091124269300290e-02
4.179976644625386095e-01
4.198659802952434683e-01
-2.380395833588368204e-01
-7.949740687451071208e-01
-9.998440811278018758e-01
4.091368664193108518e-01
-3.080107624241190112e-01
-5.999045232174012865e-01
-2.770879292479110911e-01
1.000076681401352169e-01
-1.000195880728058428e+00
-7.950204981260570181e-01
-7.874834069676459603e-01
-9.999939729108525688e-01
-7.421649566235810624e-03
9.999147375619030775e-01
-1.000021002189208197e+00
1.000099475752942890e+00
3.953538249202163679e-01
-5.999757691054423692e-01
9.999978892849864520e-01
-8.074668627177117308e-01
-3.353354003415771056e-01
1.002049717809068707e-01
-3.494355918694934671e-01
4.066822994202235475e-01
9.994941092193498910e-02
9.996035668725762602e-02
9.990811293862915388e-02
2.092042599520843871e-01
-9.999822694462867645e-01
-7.915333550371680404e-01
4.248776892775910641e-01
4.071166778091797056e-01
-3.033684056143637897e-01
-9.999975684182611513e-01
-7.978274905974730435e-01
3.901373174299946900e-01
-4.744432963076684190e-02
-1.000130658474002621e+00
3.666123905314772058e-02
4.010740487895401718e-01
-1.000103872032493735e+00
-3.450971644368472369e-01
-9.998645779717347803e-01
1.001179228131631599e-01
-9.999061665905121243e-01
7.267172842651398179e-02
-7.986747696652950479e-01
4.052860452931947854e-01
-6.001978807783278080e-01
-3.090631397726144036e-01
9.998080208042975370e-02
-6.545573918739186481e-02
2.002668411671901239e-01
1.002084545470521837e-01
1.931657065577418730e-01
9.999583192396928055e-01
-4.372098388908090411e-02
-8.274131381889751058e-01
3.727213183820686226e-01
3.809186990153061170e-01
1.904421974503039128e-01
2.021105002041020671e-01
9.998933256896186395e-01
3.894964424155040739e-01
-1.000165621762741708e+00
-5.999846300756110917e-01
-1.000159784981349276e+00
4.720985320090426152e-02
-9.998841110285552336e-01
1.000337037391908351e-01
9.995707399692267681e-02
-6.001427401994290367e-01
2.740441879868768180e-02
-8.059510774855557225e-01
-8.013004198972816239e-01
-2.885958724233264605e-01
3.921745560361921124e-01
-3.250453512126122990e-01
4.031221918007877880e-01
-7.875141786389893150e-01
-3.369576217075505586e-01
9.999170526752011734e-02
1.001434840100792478e-01
1.000051034391751692e+00
-5.637942156511566161e-02
3.983984585225560648e-01
9.988599999214174685e-02
-2.624317958139822937e-01
2.011294557804133021e-01
-3.640753369299095099e-01
-6.000710899546766175e-01
9.999936703569589636e-01
3.889252213708508377e-01
2.111267252741293454e-01
9.988090373597502403e-02
9.998579835030633189e-01
-1.000031112869408823e+00
4.014234901531806843e-01
9.999896335678516435e-01
4.063328596278434346e-01
9.989153352943538899e-02
3.927187465688669055e-01
-6.001220142051272299e-01
4.033250893614526156e-01
-2.523323671219592779e-01
4.129099133184835901e-01
9.999279282695758830e-01
1.000069282420885886e+00
1.000511113371770067e-01
1.958787316828723701e-01
3.905285171182438786e-01
-8.011351167186929745e-01
9.993426629769189273e-02
1.000017472414461484e+00
9.999901739305978587e-01
-1.000090929559868114e+00
-6.000451432065183610e-01
4.063449971451143505e-01
-2.326369371906129857e-02
4.139710051761824605e-01
9.978398962541475126e-02
3.874578097656576903e-01
1.185537787672755194e-02
-2.979634160746809646e-01
-5.998890470994059365e-01
2.009413096195334925e-01
1.000026994231207889e+00
-1.000145896566077219e+00
-8.024667763244452967e-01
9.999596145386387969e-01
4.023474423286391155e-01
-6.000439535824134696e-01
1.000545659182995872e-01
-2.665263687422954331e-02
-3.402049302250985119e-01
-7.788019981874427788e-01
1.977214745277823260e-01
1.001451367873620740e-01
1.000013990801018160e+00
1.976823641431654233e-01
2.166061538016161025e-01
-2.868097318580358768e-01
-1.000030420992360725e+00
-8.753608790364996936e-03
3.913366628550982718e-01
-8.033787040536997104e-01
2.073352654235321724e-01
9.999307350141301010e-01
-7.901055736320564682e-01
-6.000628107251793075e-01
-9.999448916042392721e-01
-1.021912991429438020e-02
-2.507908250785967352e-01
-6.000867632902446847e-01
-4.163692081272286211e-02
1.831278952120025949e-01
-9.999726322799219469e-01
1.000007796057450937e+00
-8.147599245434598014e-01
4.086997193157175801e-01
-3.640679462355941864e-01
1.000021255516806873e+00
-1.000158006919221076e+00
4.277369661237920978e-02
1.945133625236523944e-01
9.987939747702237470e-02
-8.181331294558757961e-01
-2.815664528716657067e-01
-5.976412268534390254e-02
-3.579255222075823362e-01
1.972995773691644528e-01
-4.991954709869433904e-03
-5.999599031241307223e-01
-6.000014654928190749e-01
4.079514222903816156e-01
1.000082225004133463e+00
9.996884153114242444e-02
-3.439506956397972992e-01
1.885337054448842364e-01
1.000433649976618933e-01
1.000491082696070844e-01
-7.820114778737398131e-01
-6.000283156682393315e-01
-6.000796223616275960e-01
1.000078853993140449e+00
-6.001517955911270796e-01
-5.999060778309551756e-01
1.000013116375212174e+00
2.092098743801737715e-01
-8.020884260063396720e-01
3.837298156494285406e-01
-1.853070621148088237e-02
1.996073228648163611e-01
-8.092629136016913360e-01
-1.000033581200284516e+00
-8.025954057811935938e-01
-9.999464369590889135e-01
9.999113172000184679e-01
9.999466564659121870e-01
-8.053574036711020900e-01
-2.746089043997372858e-01
1.098450332360041866e-02
-7.992219585920758984e-01
9.999356186347320152e-01
-6.000449285790054876e-01
9.995510756908822236e-02
-1.000034083717363798e+00
3.984572650075453026e-01
2.154471205971709435e-01
1.000079337416829084e+00
-6.001761431553686021e-01
-5.999680790274406483e-01
-2.654649293021406620e-01
1.000095772247797887e+00
9.978886144097304234e-02
9.999079284767992126e-01
1.000148201778215951e+00
-9.999269308554906699e-01
3.998118122481561509e-01
9.994847900928205409e-02
3.944080123149887873e-01
9.996946631240108405e-02
-5.343947251044805363e-02
2.227309658173319551e-02
2.052955854392782831e-01
4.047279590942981509e-01
-7.772088196428935669e-01
-6.000151044905560616e-01
3.937789067070384674e-01
1.000092273363370809e+00
1.552510654208453904e-02
-8.103295405146309083e-01
4.114042557046779791e-01
9.659769223055852949e-02
2.043615563023711834e-01
-9.999875619750523414e-01
-3.766316415732198220e-01
3.957051406698960938e-01
2.175306721972395385e-01
-3.628843529615571190e-02
1.000161972651707254e+00
1.000083536847028221e+00
9.999982423586369906e-01
9.998424583794790488e-02
3.731261776796231805e-02
-1.000147775940283701e+00
-3.402055210284466447e-01
-3.082943781799883931e-01
9.998793732437929460e-01
-7.917580675154037850e-01
-8.043112974261454884e-01
-5.999855628848768108e-01
-2.755161722194975349e-01
-9.999596310168942237e-01
2.021800632346354709e-01
1.000752349469575808e-01
-5.998960032458318103e-01
4.289622456914231330e-02
1.000006895517365324e+00
1.872674081015399117e-01
1.924141328290177311e-01
-6.356321606403203539e-03
-3.322829631294543229e-01
-2.338374239271364119e-01
-2.736198891934387145e-01
4.036431671037748470e-01
-3.598168638748081016e-01
9.999620842217099570e-01
9.998507026839646983e-01
1.008761587716650032e-01
1.858647572177788698e-01
2.067959553577370102e-01
-7.269479847458776289e-02
-2.943160406417259511e-01
-6.000760622381080545e-01
-9.999189631540572609e-01
1.982619415848686228e-01
-1.513026215873233826e-02
