-6.000476448152687325e-01
-6.000645534943506165e-01
1.000181449197928174e+00
-3.194560377426860359e-02
-9.999874169236916410e-01
-8.025661675559397912e-01
-6.000101263174175692e-01
3.223127256673705837e-02
-8.041157913653964595e-01
-2.102094298376170345e-01
1.002153936027070646e-01
-1.000076513344715590e+00
2.045086358310425345e-01
3.576491177273544153e-02
1.855061878891639537e-01
3.931144024948189375e-01
3.087315952780902983e-02
-9.999981962019559578e-01
2.080738904054384164e-01
-4.371611146002945050e-03
3.825955238461669072e-01
3.891654459080914896e-01
-2.199273619331443830e-01
-7.904878918563584822e-01
-1.000081892669213213e+00
3.984804625952764190e-01
-3.112617233293029084e-01
-6.000096451555904098e-01
-3.059660720319125060e-01
9.995771625265885418e-02
-1.000070455849387363e+00
-8.075855533439765255e-01
-7.956376723601645828e-01
-9.999728922332935532e-01
2.945140654314989601e-02
1.000058884667653247e+00
-9.998973206854634421e-01
9.999420045757022590e-01
3.988501479664619542e-01
-6.000299407984724942e-01
9.999713565520350622e-01
-8.096008196418176261e-01
-3.118859267069495900e-01
1.000135140256053490e-01
-2.974770171181684297e-01
4.068074947011063314e-01
9.991768098515545204e-02
1.000123187715982881e-01
1.000609785409409952e-01
1.994318741946517759e-01
-9.999249838603679885e-01
-8.104329651195504303e-01
3.976252907603584630e-01
4.097256959191981629e-01
-2.873738561310294481e-01
-9.999377708744752180e-01
-8.077787245594573173e-01
3.918539495509373305e-01
6.202077171588557536e-02
-9.999325821180647944e-01
-1.039104703540866259e-01
4.074858893125214432e-01
-9.999117461369384507e-01
-3.311305762367832140e-01
-1.000042403181669926e+00
9.995382565538515895e-02
-9.999683187490281400e-01
-4.736935441648042894e-02
-7.924807673777376493e-01
4.096646868808067055e-01
-6.000588574508891604e-01
-2.532703508244167900e-01
1.001156239662557984e-01
1.798823564513659864e-02
2.143587143952281060e-01
1.000745134788030566e-01
1.947897097688910395e-01
1.000104375928778433e+00
-7.816745860672033586e-02
-8.192181822303933325e-01
4.044336459327995126e-01
4.096918716728147336e-01
2.047504788052970925e-01
2.163997426557983106e-01
1.000108565236425884e+00
4.180502558881977193e-01
-9.999338025760746707e-01
-6.001345808464385589e-01
-1.000072160786251940e+00
1.362095784947792154e-01
-9.998349689663047490e-01
9.991673474630112517e-02
9.999181057386502536e-02
-6.001109726761987284e-01
-2.396545282359533596e-02
-8.205266018255249483e-01
-7.915234567299873625e-01
-3.204434954187930784e-01
3.910701949266000566e-01
-4.324317182349254329e-01
3.947934271642059012e-01
-8.172600703382488785e-01
-3.210933792320682656e-01
1.000616565352484277e-01
9.985682581136913483e-02
1.000046465457729683e+00
-4.816523874364959240e-02
4.029178663724466980e-01
1.000770027155930414e-01
-2.849050335428774949e-01
2.046318198355618345e-01
-3.300955713950700643e-01
-5.999731533430918695e-01
9.999745809792714990e-01
4.138168333549344102e-01
2.041054016201740151e-01
1.000496926776018591e-01
1.000001551981780423e+00
-9.999589291962809323e-01
3.883981235347985228e-01
9.998719802487167074e-01
4.065504359038205062e-01
1.000635435037079829e-01
4.064401794744769147e-01
-6.000021204154440957e-01
3.870198790252232235e-01
-3.012635226051054715e-01
4.023750334749595647e-01
9.998926470364932761e-01
9.999048877843960126e-01
1.000953403203528325e-01
1.998722122535983303e-01
3.932444341208969907e-01
-8.160707128241502240e-01
9.998690420962107195e-02
9.998991856836951797e-01
1.000028317534519484e+00
-1.000040135799033392e+00
-5.999407319922259729e-01
3.941065448440758123e-01
-6.098532838118991134e-02
4.011377428541267331e-01
1.000210552954584470e-01
4.137110485413915129e-01
-6.955679700874669701e-04
-3.697905116856989860e-01
-6.001287906077551471e-01
1.908169844117144354e-01
9.999252820702577704e-01
-9.998733216512395439e-01
-7.893424833647592065e-01
1.000261088059871462e+00
3.950248408963186741e-01
-6.001179878366410536e-01
1.001210875778023035e-01
-6.138340813199001655e-02
-2.898563882673494962e-01
-8.092891924727834141e-01
2.031212538451045713e-01
1.000359381909889517e-01
1.000087102764153135e+00
1.907978520353673935e-01
2.008706990312985052e-01
-2.514660397364484323e-01
-9.999530425376755849e-01
2.159940841027438788e-02
4.109747751049052100e-01
-7.893314427071702610e-01
1.827308647678035636e-01
1.000093208659037503e+00
-7.979466402478191389e-01
-5.998908642700636618e-01
-9.998633442804383265e-01
8.857173408875347945e-03
-2.611507041337307600e-01
-6.000638154310993233e-01
7.784233555607237079e-03
1.731882158586395271e-01
-1.000053805616513580e+00
1.000128964100259976e+00
-8.060989167595159488e-01
3.967632992285669014e-01
-2.790347412997388754e-01
1.000215135971647129e+00
-1.000099470167444160e+00
2.186655281377582194e-02
1.928324099402710101e-01
1.000891891477707490e-01
-8.034549224598971362e-01
-3.259798426097897384e-01
-5.105413506282607816e-02
-3.263914001920616426e-01
2.176043269676747050e-01
7.659224344200470276e-03
-6.000407050700403699e-01
-5.999190429094336530e-01
3.886354785958200941e-01
1.000028263960959229e+00
9.995528228240553592e-02
-3.214688020219786946e-01
2.112675533922706850e-01
9.982866868109398217e-02
9.998156708357973377e-02
-7.861029740990248538e-01
-6.000219036057671262e-01
-5.999584060009524045e-01
1.000023099659189452e+00
-5.999943561673782844e-01
-5.999567022607478206e-01
9.998514433495896414e-01
2.002360634964311659e-01
-7.784389381732669255e-01
4.048152508585532994e-01
3.063283677781760209e-02
2.008668024870231272e-01
-8.006754546700027841e-01
-1.000187432974286361e+00
-7.818181523833291902e-01
-9.998694116060417025e-01
9.999887172150436765e-01
1.000172956123793755e+00
-7.935953623087169673e-01
-3.298223168677130168e-01
-4.116907681504781286e-02
-7.972310579212816828e-01
1.000128094518739186e+00
-5.999446236623013906e-01
1.001127561520683135e-01
-1.000025311110377402e+00
3.981844459596340369e-01
1.945650884519422585e-01
9.998650068271219826e-01
-6.000360697853054370e-01
-6.000604952997325992e-01
-3.713783672511150602e-01
9.999698966877320627e-01
1.000306146631560617e-01
9.999486660498468904e-01
1.000033987265588786e+00
-9.999040091584575629e-01
3.864220774308582684e-01
9.995762035891558872e-02
3.849454560625409916e-01
9.986224970592882944e-02
5.005245140296411821e-02
9.313302182015198438e-02
2.004695928927060500e-01
4.010810785256240241e-01
-7.930315183776037724e-01
-5.999685749669499968e-01
4.135736055780720455e-01
9.999265301822011232e-01
6.902953032525874222e-03
-8.099160433678036508e-01
4.025808662392232895e-01
-8.364840405181532546e-03
1.914566655705880194e-01
-9.997037626547753408e-01
-3.269296429986044417e-01
4.015298934043043944e-01
2.048508741256513110e-01
8.299608949230229127e-02
1.000139896924093108e+00
1.000122141362857819e+00
9.999166864204775962e-01
1.001303980695866375e-01
-8.560600302885813459e-03
-1.000115867868927477e+00
-2.762821140201748293e-01
-2.874597140582734189e-01
9.999784891798276787e-01
-8.099132638812110985e-01
-8.214202286102663120e-01
-6.000483054330539856e-01
-3.509346560241284885e-01
-1.000192961247807544e+00
1.979597818308687918e-01
1.000308278614147062e-01
-6.000282519760935518e-01
1.026212809067849341e-01
9.999084630933446904e-01
2.009434789702648771e-01
1.956769888971759130e-01
-3.230285595802902254e-02
-3.673174774740267656e-01
-2.490562937645181829e-01
-3.147741309725631820e-01
3.861496724403981062e-01
-3.575384117860588851e-01
1.000049084421278378e+00
1.000135294862352975e+00
-6.248799059893007934e-02
2.266923993188006137e-01
2.026637391518072984e-01
6.563518172089775893e-02
-2.069240937233901012e-01
-5.999398301812238765e-01
-1.000068387054525276e+00
1.998392832230868055e-01
8.310289173487766037e-03
