-6.000083747132060052e-01
-6.000232187505680770e-01
1.000130433109441608e+00
-4.213172654239286802e-02
-9.999252543548308170e-01
-8.002057092029928320e-01
-6.001906795707798725e-01
-4.107221942875285969e-02
-8.043871145705999703e-01
-2.795500736113838980e-01
9.993134550583228359e-02
-9.998313209238753885e-01
1.925313522880519046e-01
1.595426689810924142e-02
1.926527677686845075e-01
4.123529893677810310e-01
-4.529883481606658373e-03
-1.000060808951193092e+00
2.076679188797470876e-01
-1.186603629916388979e-02
4.088267212794512995e-01
3.978187434569928072e-01
-3.095717699732301043e-01
-7.881522124867716972e-01
-1.000163264792551354e+00
3.977180846079159671e-01
-3.056979575607712274e-01
-6.000906431329943169e-01
-3.470277416707220342e-01
1.001420851634181042e-01
-1.000034339529647598e+00
-8.038628795859394938e-01
-7.996315232120617678e-01
-1.000006529377166276e+00
5.211959402870623530e-03
9.999451802159022851e-01
-9.999884896972380810e-01
1.000051769566295379e+00
3.930488856364550143e-01
-6.001132723575810513e-01
9.999344256956786969e-01
-8.059904379975385558e-01
-2.784184080755011115e-01
9.987669367527821085e-02
-3.288924235053227729e-01
4.049631878526366302e-01
1.000764130882975667e-01
1.000255219475068152e-01
9.993539266008355515e-02
1.836439544420216119e-01
-1.000117175669606118e+00
-7.846840806556850678e-01
3.909265532928017373e-01
4.137669039686429073e-01
-2.761839997019829851e-01
-9.999996046907688729e-01
-8.030612869243554108e-01
4.043638483357658298e-01
-2.624400490685124473e-02
-9.999011135355901914e-01
6.010858359352723446e-02
4.009657710713621648e-01
-1.000048263549528915e+00
-2.811788136768090252e-01
-1.000155780342054435e+00
9.992543845707538286e-02
-1.000057633105195798e+00
-2.920792118338260898e-02
-8.130562290930967162e-01
3.997168255354208721e-01
-5.999381480169277969e-01
-3.266021595386544574e-01
9.989721312879139281e-02
-3.337578697632243019e-02
2.170246635989331319e-01
1.000299643098234298e-01
2.157328325274578407e-01
1.000000937088289854e+00
5.143585068423529860e-02
-7.960533175095104719e-01
4.048436896798385809e-01
4.258133802066516038e-01
1.869131129015895176e-01
2.070045658415458623e-01
9.999367603414267558e-01
3.964237829989937234e-01
-1.000046253285383546e+00
-6.000739937771930599e-01
-1.000140581911980853e+00
-7.679797473565756760e-02
-9.998138582214858294e-01
1.001161586935684078e-01
1.000673467751069107e-01
-6.000066064791959031e-01
2.099962677186049953e-02
-8.067490754298266564e-01
-7.937801824975361242e-01
-3.448354352836308090e-01
3.963000523628394944e-01
-2.734557748179708980e-01
3.854526383725799255e-01
-7.942501426754321470e-01
-2.563542732392548040e-01
1.000767150017448787e-01
9.987418085907799614e-02
1.000021726739082961e+00
-1.080353293680600679e-01
3.969684075473017826e-01
9.999566972104538543e-02
-1.834608492454183337e-01
1.882503454810772192e-01
-2.117124592141100548e-01
-5.999829415920259201e-01
9.999232624117627699e-01
3.932076904653535321e-01
2.034904401682932629e-01
9.995433173781856362e-02
1.000018663523793760e+00
-9.998541559403034684e-01
4.194272608166488836e-01
9.998509678938698464e-01
4.124418062912333927e-01
1.000326233309540430e-01
3.935829542073916998e-01
-6.000463499163942727e-01
4.097562773648459333e-01
-3.255773789010322772e-01
3.962795649133259435e-01
1.000120255036173411e+00
9.999735535000241482e-01
1.000436357815623345e-01
1.883787755471310055e-01
4.071677210011963033e-01
-7.976177779214869146e-01
1.000084573628412105e-01
9.999185178145414410e-01
9.999630576284611605e-01
-9.998838130916625211e-01
-6.000400866804508349e-01
4.106115959621604028e-01
2.698897916265120822e-02
4.044454150940423598e-01
1.001333940656102262e-01
3.920426822830685443e-01
-7.960718749933770599e-02
-3.507901794989531363e-01
-6.000484125783197564e-01
1.973628938338288508e-01
9.999929863674748010e-01
-9.999936291912121522e-01
-7.967186751263807265e-01
9.998509669067784378e-01
4.189782903063428710e-01
-6.001228059791728908e-01
1.001409146530929384e-01
4.827904757979310443e-03
-3.438981218718866750e-01
-8.059125965336678687e-01
2.035359252963570564e-01
1.001516608639912848e-01
9.999320965727145349e-01
1.979453930327615685e-01
2.031166153382612249e-01
-3.299465200201627813e-01
-9.998636029170128170e-01
4.307030252570364509e-02
4.159646249995939127e-01
-7.981142047672977746e-01
1.985990280159599108e-01
1.000175510689361058e+00
-8.003613404226394001e-01
-6.000736048764243602e-01
-1.000061261081832020e+00
-8.634234755279646123e-02
-3.276889894790885882e-01
-5.998964196765831369e-01
1.213213352941078932e-02
1.978191057923069096e-01
-1.000139464750063212e+00
9.999879015091664991e-01
-8.179876211953428511e-01
3.819266370386248943e-01
-2.968984115039133842e-01
1.000027312774235178e+00
-1.000246496630537552e+00
-4.967001262555265778e-02
1.966533127948119630e-01
9.976671610450117689e-02
-7.949575642304373968e-01
-3.186740090467531372e-01
-1.207723286491812521e-02
-3.224619025724914101e-01
2.008801329214300602e-01
-8.175371696656547407e-03
-6.000690007537359261e-01
-6.000777871627054338e-01
4.086476266214206787e-01
9.998172609033627589e-01
1.000703857023143156e-01
-3.187715836527758029e-01
1.940634313588783522e-01
9.998534210304126091e-02
1.000154147365210217e-01
-8.085529640942737961e-01
-5.999808803861618189e-01
-5.999058742684006962e-01
1.000102167781696805e+00
-5.997713198790749489e-01
-6.000327293381979565e-01
9.998290435939527487e-01
2.064594407091166206e-01
-7.891354499387336352e-01
4.271776238316662977e-01
8.219414999416181644e-02
2.097423366807894540e-01
-8.142041700771437407e-01
-9.999246789419256043e-01
-8.130015190273476300e-01
-1.000063898132796281e+00
9.999473463292445352e-01
1.000107048430388668e+00
-7.958583992913382810e-01
-2.436369797891354272e-01
6.203386746538450125e-02
-8.099975253462264879e-01
1.000026624401214592e+00
-6.000331316410069116e-01
9.998733208665794292e-02
-1.000050190632669977e+00
3.946259609057691797e-01
1.983129934452320664e-01
1.000065384032660321e+00
-6.000250086293509311e-01
-5.998534003906748069e-01
-3.110790643681149992e-01
9.998587459100345409e-01
1.000607247819010337e-01
1.000193901229201376e+00
9.999648381907750849e-01
-1.000097979070892595e+00
4.146366809606329973e-01
9.990262016934045586e-02
4.005093768777015506e-01
9.986532466474903891e-02
4.133093763705446982e-02
2.636814188325851960e-02
1.908722641867166003e-01
3.970810336850322253e-01
-8.082467664885867320e-01
-5.997758772173820141e-01
4.043706227664716213e-01
9.998544876722202934e-01
-4.101644934180591340e-02
-8.141483274211626098e-01
3.992030953812042426e-01
2.403024348972715094e-02
1.975473977700746564e-01
-1.000156162983737884e+00
-2.580993776163872377e-01
4.055982904110339571e-01
2.045398889149883381e-01
1.265867921023155866e-02
1.000054569743950461e+00
1.000098175219633179e+00
9.999977041727545757e-01
9.988248566138009654e-02
1.034974252900299208e-01
-9.999656984502365287e-01
-2.607144410764934972e-01
-2.171322798965177880e-01
9.998708219993258650e-01
-8.175232338154695411e-01
-8.063640545897763356e-01
-6.001928925626834888e-01
-2.692571017327821115e-01
-9.999612266797984761e-01
1.961166498520870161e-01
9.990610436121957760e-02
-6.000958770073733239e-01
6.967207374009890333e-03
1.000101010606525564e+00
2.076108553012455393e-01
2.044503498621543791e-01
-1.668252356338991577e-02
-2.615385338567661200e-01
-3.019466611798520272e-01
-2.890396573615540143e-01
4.062248954168909409e-01
-4.063571346093899916e-01
1.000121611552726497e+00
1.000161370485952661e+00
-1.235840300470314457e-02
1.949260286388007080e-01
1.830549355618028284e-01
6.484083212356300807e-03
-2.809180016924084367e-01
-5.999929804610082407e-01
-9.998700069628514431e-01
1.911394389121161552e-01
5.315578963485876468e-02
