-6.001048744429131609e-01
-5.998753198846807910e-01
9.999758384190943206e-01
-7.275109052611805627e-02
-9.999736596460260252e-01
-8.073119119481716455e-01
-6.000932406429003718e-01
9.233714728239167391e-02
-7.959875265216830309e-01
-2.846783434317687322e-01
1.000693787203663643e-01
-1.000084178639635502e+00
1.887091121746425071e-01
4.546304682081835774e-02
2.079624271034956062e-01
4.052872085733213448e-01
5.651296792986291312e-03
-1.000038970943200711e+00
2.014190497000251101e-01
-8.304859163679705059e-02
3.936260456732528779e-01
4.024103727272653197e-01
-3.165017012482687075e-01
-7.924328368687186819e-01
-1.000000004959939348e+00
3.875680391336956965e-01
-3.489803633792856741e-01
-5.998237925374958479e-01
-2.037086210612608084e-01
9.984928175313939613e-02
-9.999880300691678103e-01
-7.938479867374612642e-01
-8.003953974852094921e-01
-9.999846605059459215e-01
-2.160030038254607404e-02
9.999291346158479810e-01
-9.999752782992124001e-01
1.000149102885387054e+00
3.880688999828278973e-01
-6.001425209982138576e-01
9.999716104780165260e-01
-8.090302886897625667e-01
-3.470029852337879750e-01
1.000291382018101000e-01
-2.750300439320013113e-01
4.122096219517735749e-01
9.993527988581775434e-02
1.001281431064919014e-01
9.987289518088625362e-02
2.095932797154603511e-01
-1.000114406764193387e+00
-7.963911756529744590e-01
3.825822594781768116e-01
3.992786720441499626e-01
-1.834058675262378313e-01
-1.000060656738519738e+00
-8.068317053815287077e-01
3.921377422589094053e-01
3.560498970939071639e-02
-1.000187625291203863e+00
3.497436769167869969e-02
4.117353012117647704e-01
-1.000288134612897561e+00
-3.720636885454515763e-01
-9.999786039520397463e-01
1.000708303994079507e-01
-1.000098279340232876e+00
1.924981023944402321e-03
-8.073787564558155827e-01
4.003574291474472080e-01
-6.000433168403507267e-01
-3.044446618039501340e-01
1.001974688055074086e-01
1.811094154855109883e-02
2.106465768313363907e-01
9.990447653383713322e-02
1.995243348255503757e-01
9.999882427141683072e-01
1.224755130018559922e-02
-8.039243269979630124e-01
3.915049862774422906e-01
3.982477548118762423e-01
1.979999005244673926e-01
1.994068163515843595e-01
9.999779690083315797e-01
3.969274273120594887e-01
-1.000081919210317416e+00
-6.000786927685936023e-01
-1.000083121669600006e+00
-9.389994237538266952e-02
-9.999881151625509279e-01
9.995056279949528222e-02
1.001556672676054971e-01
-6.002271522730417974e-01
8.953558650524072460e-03
-7.964948733823662419e-01
-8.030649055895721089e-01
-3.829209330860026128e-01
4.051518554593229737e-01
-4.280598821055814351e-01
3.976617013950368151e-01
-8.201859693115312044e-01
-2.237112361512903491e-01
1.000272640880870978e-01
9.983926311883395410e-02
9.999264118432956705e-01
-3.914523298738245560e-02
3.894384467071576594e-01
1.001383031803980694e-01
-2.994069246826454034e-01
1.848358972484144547e-01
-3.326276077075142057e-01
-5.998984312249444617e-01
1.000027584103968303e+00
4.135241184073678578e-01
2.214684778274521038e-01
1.001658961845085100e-01
1.000104183941614044e+00
-1.000010307544134003e+00
4.027714198939978396e-01
1.000068326329720092e+00
4.036479016405388198e-01
9.995521942034499285e-02
4.089196734720258464e-01
-6.001894561963900809e-01
3.916183268222312996e-01
-3.949136494393213903e-01
4.009887244370475279e-01
1.000025114103306301e+00
1.000021005959758069e+00
9.994635570237629663e-02
2.112645766899625688e-01
4.092047013432817959e-01
-7.979751363309296464e-01
9.987347549852056139e-02
1.000025804978127653e+00
1.000029094663237528e+00
-1.000048018538588046e+00
-6.001414820995846222e-01
4.238321988344576075e-01
-4.573582185127777339e-02
4.009188263902899729e-01
9.999936118650573635e-02
4.078994763304339966e-01
2.630219092762345334e-02
-3.535295042282968203e-01
-6.000108872639715596e-01
2.022686157593580336e-01
1.000138222943738109e+00
-9.999488749630758289e-01
-7.910155864941484927e-01
1.000004146018888651e+00
3.970626981970408198e-01
-5.999861841004672236e-01
9.999323070757833165e-02
2.389528453074885039e-02
-1.932299413072396943e-01
-8.062042395217344781e-01
2.008290179942540388e-01
9.986950167028083025e-02
9.999455647510101519e-01
2.244966041411436686e-01
1.956523868891647255e-01
-2.516178316798394765e-01
-1.000254696700424217e+00
-2.920514584837842834e-02
3.935031783095946367e-01
-8.119158671312145525e-01
2.064157531820011715e-01
1.000095926096596255e+00
-8.023174881844125084e-01
-5.999480333887670103e-01
-1.000056994005981581e+00
-1.238913751008590691e-01
-3.288752261134673116e-01
-5.999944349634963592e-01
3.386106580923260029e-02
2.043396734281554550e-01
-9.999824060394477687e-01
1.000018506826886977e+00
-7.913804476679432431e-01
3.963224946053112707e-01
-3.985885105969129150e-01
1.000026129005269437e+00
-9.999683962292811312e-01
-2.669476877226666447e-02
2.230563307522942240e-01
1.001431380489887502e-01
-7.939476900463882103e-01
-2.103625661495412413e-01
-1.358508127967262072e-02
-2.416368405776573303e-01
2.128043062492354920e-01
6.753758010464063107e-03
-6.000280367761486877e-01
-6.000515925627543101e-01
3.926716277527779186e-01
1.000002685730826624e+00
9.991417907661251374e-02
-3.128354325856188556e-01
2.047586918772185405e-01
1.000478848461184983e-01
1.000284334547073273e-01
-8.000212146674408054e-01
-5.998718041984292260e-01
-6.000519089061973066e-01
9.999582558685886635e-01
-6.000585597602079435e-01
-5.999463174813085553e-01
9.999772320214682653e-01
2.071164171651579955e-01
-7.931569604463849510e-01
4.098070986615092726e-01
-7.978392137971883000e-03
1.922592608245055623e-01
-8.035377773299036130e-01
-1.000044815050880054e+00
-8.206232882616502078e-01
-1.000021651345423646e+00
9.999725922297670877e-01
1.000050127816992651e+00
-8.050732541423081257e-01
-3.185492590259358381e-01
-4.526925275984574476e-02
-7.934166396435753388e-01
9.999536125533767805e-01
-5.999789842695942843e-01
9.990346138974151580e-02
-9.999925261774252894e-01
4.000571229834717912e-01
2.029609400606620095e-01
9.999581524152746370e-01
-6.000103062338161264e-01
-5.999068227783534990e-01
-3.348025089144182065e-01
1.000044711663422792e+00
1.001274006805174394e-01
9.998555506088978584e-01
9.999278768779348292e-01
-1.000023760680755824e+00
3.932822220184979400e-01
9.984465636121563070e-02
3.989904732663659415e-01
9.999734508047491977e-02
-2.062546664349498501e-02
5.610144962288135528e-02
1.838209827491667503e-01
4.014468528705271155e-01
-8.053897353347451160e-01
-6.000204131627425719e-01
3.762433657200102699e-01
1.000074339820591796e+00
-5.242320731037967280e-02
-8.063117834911102122e-01
4.087876618585493671e-01
-3.380048153178982079e-02
2.092515500218110058e-01
-1.000100062384674082e+00
-3.195154405481971938e-01
4.115807725325809074e-01
1.862987851645162007e-01
5.592134235385125968e-02
9.999717983056453097e-01
9.998887256187468653e-01
9.999760573442407763e-01
9.994475949081808863e-02
7.166663998072099473e-02
-1.000119314747194066e+00
-2.914382826148862460e-01
-2.601900773046641469e-01
9.999586290921664844e-01
-7.802700121321853866e-01
-7.799880473074285447e-01
-6.001048008281592017e-01
-2.489656377043920621e-01
-9.999907879297232904e-01
1.938698662241577775e-01
9.989253726530437916e-02
-6.000679882156157996e-01
1.420492039980399829e-02
1.000060969242540621e+00
2.141812008020443914e-01
1.971666386347254440e-01
-3.244501509201640210e-02
-2.873781064163930532e-01
-3.718954235173471123e-01
-2.619592894088731416e-01
3.973150205749813590e-01
-2.500782445528766385e-01
9.999134980069417367e-01
9.999917066032252277e-01
-5.278412761445436252e-02
1.985775781071152379e-01
2.038534901511500352e-01
-2.581489610622377320e-02
-3.287361392764586165e-01
-5.999560942646499084e-01
-1.000002259731852972e+00
2.147885801874034328e-01
-6.212407148438973264e-02
