-6.000089370959589274e-01
-5.998966315497108459e-01
9.999629020502960319e-01
-1.314961587286205547e-01
-9.999256663482906093e-01
-8.025278237889954536e-01
-5.997657577238658666e-01
-9.138101056508895689e-03
-8.030334365374548478e-01
-2.605409335409240579e-01
1.000739781172540893e-01
-9.999708195283057988e-01
1.940631899993374432e-01
9.649885971454495379e-03
1.795279202188737599e-01
4.098158590659832234e-01
5.459664104613415336e-02
-1.000019469112517712e+00
2.046362725860255694e-01
5.449766806649536388e-02
4.044286146921645120e-01
4.109673303187897919e-01
-3.139834565160399271e-01
-7.949033160778302687e-01
-9.998738592823707139e-01
4.207503308821979315e-01
-3.106862380633558796e-01
-5.998714489333459854e-01
-2.594572752794844783e-01
1.000496390608714703e-01
-1.000121614687372595e+00
-7.962648647277611458e-01
-7.969711506586859562e-01
-9.998700040291411684e-01
-9.066142584362758827e-02
9.999784072660357070e-01
-9.999298813736636760e-01
1.000074016344367989e+00
4.021319355990733424e-01
-6.001078149658781724e-01
9.999123606104847184e-01
-8.064458111701238163e-01
-3.500465388752800333e-01
9.991405216969917458e-02
-3.536017785401846525e-01
4.004341126282411900e-01
1.000661573369385215e-01
1.000360000229432028e-01
1.000741263540285697e-01
1.954883838524575368e-01
-1.000050274039143927e+00
-7.892636476637516774e-01
4.019161016335106029e-01
4.111027884447686076e-01
-2.200994422918660653e-01
-1.000096658517354520e+00
-7.897931669481211836e-01
4.151819053735961162e-01
-4.485850305521488918e-02
-9.999374284723809847e-01
-4.083102642160985063e-02
3.960384542034180444e-01
-1.000003678040700672e+00
-3.047617751206130321e-01
-1.000082375164230264e+00
9.998712144983459837e-02
-9.999249601937009180e-01
1.813546530027889889e-02
-7.949335277467552974e-01
4.058489195799117044e-01
-5.999447605005607809e-01
-3.742148874959803084e-01
9.990521199402248309e-02
-6.985155550982202755e-02
1.951672780289411269e-01
9.980832754411875229e-02
1.879783664172519075e-01
1.000014089062688072e+00
1.215363780139571380e-02
-8.057589183080742234e-01
4.195481297072622962e-01
3.837357003899208863e-01
2.012366385103806221e-01
1.887020797748464040e-01
9.999937745494543728e-01
3.986038912152796709e-01
-1.000142710981493321e+00
-6.001040161247176430e-01
-1.000120803875420350e+00
9.568644236797157684e-03
-1.000016661241286409e+00
9.995387475238565189e-02
1.000293161917975987e-01
-6.000117537263304213e-01
-7.258018284554282329e-02
-7.944145015178112335e-01
-8.030113963207577976e-01
-3.496518259008425944e-01
3.874864349183071988e-01
-3.789672718284171626e-01
4.047775293120604023e-01
-7.921624617535782953e-01
-2.944096770210929970e-01
1.002097725822795188e-01
9.994544094133815670e-02
1.000095378698338422e+00
4.357155280393187197e-02
3.944265596990897405e-01
1.000194027066840935e-01
-2.496701989334709770e-01
2.012116282637322617e-01
-2.938861780465934492e-01
-6.001792721827728938e-01
1.000066279394255186e+00
4.052868726110057107e-01
1.973521718335689568e-01
9.976238377528939827e-02
9.998808201291696784e-01
-9.999655089287203813e-01
4.041138092482929323e-01
1.000112274793047762e+00
4.130620696558273131e-01
9.990556063501629391e-02
3.863802420770963142e-01
-6.001539147344957525e-01
3.939857195305175308e-01
-3.117737202079289283e-01
3.927181188381804744e-01
9.998365599590542940e-01
1.000085150531330402e+00
9.983271518498479380e-02
1.979629644341091288e-01
3.876159138825461259e-01
-8.101029358788702783e-01
9.989789704282492355e-02
9.999660832604712057e-01
1.000080255019973885e+00
-1.000082267966452720e+00
-5.998845661595235690e-01
4.099726436555684583e-01
1.440639642004339430e-02
4.060428905934206356e-01
9.998177683147282946e-02
3.902539548966351135e-01
3.019151919931416586e-02
-3.065125094109042436e-01
-5.999605611179081865e-01
2.031662143166911294e-01
9.999806480341418835e-01
-1.000011880853836965e+00
-8.006371847464732738e-01
1.000088581473185467e+00
4.042845223607595684e-01
-6.000663207162227897e-01
1.001244554235605488e-01
-3.552196422157913314e-03
-2.612041545773386986e-01
-8.092851544893102655e-01
2.075576863226583912e-01
1.000950232758552882e-01
1.000047978515253400e+00
2.042967906683606227e-01
2.024330604128009581e-01
-2.453800034561147703e-01
-9.998986469263461130e-01
-2.330472371128068914e-03
3.981841151338599838e-01
-8.091068129109593166e-01
1.812039412021193563e-01
1.000015329584628354e+00
-7.995049235370011997e-01
-6.002331974343921850e-01
-1.000035142599728921e+00
3.321420743199782373e-03
-3.200581204916971845e-01
-5.999198570318045043e-01
-1.079430838771267553e-01
2.096096083538810106e-01
-1.000122949109717219e+00
9.997204563204740158e-01
-7.949456895200904816e-01
4.114901070445534104e-01
-2.663242712920266264e-01
1.000041046021909352e+00
-9.999649742101877070e-01
-8.652345476300429741e-05
1.910723414508238294e-01
9.993485475884285318e-02
-7.990863663672224115e-01
-3.655296544420497673e-01
2.339937088960207870e-02
-3.554428611937924809e-01
1.912777328973675472e-01
2.075314187160623436e-02
-5.999497816904991732e-01
-6.002163617993285794e-01
3.956300966843863676e-01
1.000149506232929753e+00
9.984991857018199468e-02
-2.897041324563635056e-01
2.126692691547189540e-01
1.000015095019118755e-01
1.000960999064482576e-01
-8.129335612752810469e-01
-5.999817367623236919e-01
-5.999830699468648998e-01
9.999820947785716951e-01
-6.001580345478302325e-01
-6.000278915155323745e-01
9.998782243335350151e-01
2.185004019513793749e-01
-8.047148638265234633e-01
3.754893203890701803e-01
-9.778781557923305057e-03
1.914983339144845642e-01
-7.940812341392234908e-01
-1.000059947156209939e+00
-7.810981538295359572e-01
-9.999960702166738047e-01
9.999720166775255548e-01
9.998819446813852485e-01
-7.948659636714415777e-01
-2.321505637954462686e-01
1.376632077303234329e-02
-7.874685304374048345e-01
1.000108845900469001e+00
-5.999005163820968489e-01
1.001298936597133510e-01
-9.998872047003248831e-01
4.054814927942720915e-01
1.899400415562034761e-01
9.999402868640689945e-01
-5.998145628500111126e-01
-6.000124749452411255e-01
-2.426728632871184566e-01
9.999023725618489955e-01
1.001493064446382919e-01
9.999442403038414362e-01
1.000263498762974823e+00
-1.000032151739124409e+00
3.878569801810455853e-01
9.991462802341311011e-02
4.080955251425393282e-01
1.001045757865155067e-01
-5.489676029518662098e-02
7.034055504268434122e-02
1.957860079904885364e-01
4.042627450535717371e-01
-8.145013815095030196e-01
-6.000265405692987164e-01
3.888041847322316058e-01
9.998605205288226827e-01
1.805613090216309780e-02
-8.222830338782556314e-01
4.019876794481573867e-01
-5.369623519786684979e-02
2.049293065793558744e-01
-9.997614313648949258e-01
-1.896048202021329010e-01
4.050950962303359604e-01
2.163171426302415712e-01
3.747304419887070338e-03
1.000042040140627142e+00
9.999606717936123657e-01
1.000130351245119842e+00
1.001288707622923491e-01
-9.433746380965196687e-03
-9.999425902387796272e-01
-2.987461911588104035e-01
-2.732044964849581481e-01
1.000004520140224562e+00
-7.959469887531381849e-01
-8.127869652024173330e-01
-5.998964119371479331e-01
-3.113519194140014212e-01
-1.000058652302622475e+00
1.871810739974753834e-01
9.992907434474845862e-02
-6.000605122449258477e-01
2.220009118779560711e-02
1.000141068464874161e+00
1.902834411575851092e-01
1.822570294411112179e-01
1.947429827813205311e-02
-2.688305226029887862e-01
-3.171892470781432771e-01
-2.352621255340678896e-01
4.032236536066772792e-01
-3.141018454513686553e-01
9.999594753061894492e-01
1.000115117891330341e+00
-4.288893770936422906e-02
1.945063791718074087e-01
2.101370779117584242e-01
9.992993344455504412e-03
-3.409808653257088706e-01
-5.999101444511324432e-01
-9.998711795560127902e-01
1.883359969339151174e-01
-3.557813761838433952e-02
