-5.999452589872350528e-01
-6.000807139135019286e-01
1.000100823881247658e+00
-8.704478852498908140e-03
-9.999919931082130731e-01
-7.933335421139974253e-01
-6.000947431074488136e-01
-2.206379643381255543e-02
-8.132594274703133230e-01
-3.516703879178931791e-01
9.990620356999257989e-02
-9.999387351247036593e-01
2.104564728481595481e-01
-5.719071052224295251e-03
2.353221446813463236e-01
4.116488986890552426e-01
8.622599523892825191e-02
-1.000109742932304258e+00
2.039140461991909847e-01
1.439370386339770304e-02
4.041327535563050133e-01
3.921660111053149600e-01
-3.107305714700479005e-01
-8.101432711378224738e-01
-9.999249170147891386e-01
3.982661600366674826e-01
-2.885052841261324108e-01
-5.999370397859845605e-01
-3.981509342873677526e-01
9.989892516072791662e-02
-1.000009762949685133e+00
-8.022804428100750451e-01
-8.097330081784469558e-01
-9.998889374573508571e-01
-7.581210351704396888e-02
1.000037063369966672e+00
-1.000110504800362232e+00
9.998022657296204985e-01
4.048179885792102528e-01
-6.000671906547373480e-01
9.999900635733388610e-01
-8.030396720170198677e-01
-2.521356326296139150e-01
1.001297385015878644e-01
-3.100719967278803280e-01
4.063497911641973936e-01
9.986805227347250735e-02
9.995416628184385088e-02
9.991896013209947136e-02
2.019858966736944872e-01
-1.000079930862435518e+00
-7.924815897266447307e-01
4.262413707053817058e-01
4.036597012295549125e-01
-3.082605690436979184e-01
-9.999406039030636073e-01
-7.881056356893257897e-01
3.855732654587037955e-01
1.041918990162225833e-02
-9.998540073811430506e-01
5.016135802456955610e-03
3.988202787290841544e-01
-1.000009931946555630e+00
-2.778634891061216861e-01
-1.000010582924390157e+00
9.987285385551301908e-02
-9.999709577198712118e-01
8.438734285946475344e-02
-7.926723642038808748e-01
4.050729760045050365e-01
-6.000285664101026040e-01
-2.525466742539334009e-01
9.995060163180438662e-02
-4.549109371641338329e-02
1.976179589196339625e-01
9.996836803097960966e-02
1.795098766005306934e-01
9.999698977433469915e-01
-5.049169623965704679e-02
-8.077775433250135029e-01
4.203729018559839159e-01
3.852607249182523064e-01
1.753641460649733308e-01
1.881515846840817741e-01
1.000004480797135775e+00
4.037421949338204086e-01
-1.000087912867561490e+00
-6.001998261186410888e-01
-9.999677110629966448e-01
-6.928500235908240622e-03
-1.000110016522002931e+00
9.988557917942135489e-02
1.000701020086310900e-01
-6.000447087199717311e-01
-2.501430039588123377e-02
-8.030803766589379444e-01
-8.130432004827551351e-01
-2.314534212259518053e-01
3.923929065313176978e-01
-3.226073289650691622e-01
4.003219413488870448e-01
-8.012711459615790011e-01
-3.190451321560979769e-01
1.000061616286951061e-01
1.000666346014909419e-01
9.998329023523525594e-01
1.473695400569242919e-02
3.983851186630288921e-01
1.000143819335570505e-01
-2.432264198951603618e-01
2.075233763328267478e-01
-3.094435867559535702e-01
-5.999086892939271554e-01
9.999829947816081255e-01
3.976865031015595631e-01
2.049316578334766659e-01
1.000372137416998403e-01
9.998816211663238418e-01
-1.000148516834008960e+00
3.984105309874441669e-01
1.000097557577203755e+00
3.966883792356795113e-01
9.983367550925008327e-02
4.027720629321102086e-01
-5.999705005419923021e-01
3.829036315506238464e-01
-3.084890384550088016e-01
3.898617453664023902e-01
1.000115018043775006e+00
9.998181708524320754e-01
1.001096763425052133e-01
1.957062373215478490e-01
4.078815342364661145e-01
-8.103983870450510718e-01
9.987192079339263229e-02
1.000123813429581565e+00
1.000015501572136367e+00
-1.000067679676551080e+00
-6.000526439750114571e-01
3.806050966769223276e-01
3.110020167402238744e-02
3.873188158561201577e-01
1.000267924342306963e-01
4.013740707594373180e-01
1.723517473425843424e-02
-2.990731918255070676e-01
-5.998847427036348989e-01
1.965912485206960936e-01
9.999866343041947658e-01
-1.000026323686862728e+00
-8.002205865307857602e-01
9.999736054891589232e-01
4.156298506201652199e-01
-5.999997740817766267e-01
9.994574572899249387e-02
9.399636101636878183e-02
-3.131867670681877658e-01
-8.009462726633521656e-01
2.002267079493042778e-01
1.000903207344644580e-01
9.999468678027039203e-01
2.067122204435266342e-01
1.998306137847290498e-01
-3.393897077604547952e-01
-1.000000466514117781e+00
-4.939112728635264293e-02
3.885169067941330878e-01
-7.911095341409811743e-01
1.862661404617817484e-01
1.000032881366549331e+00
-8.048793732612434804e-01
-5.999034958956555030e-01
-1.000041092634140094e+00
6.320897911584182072e-02
-4.067880131106020869e-01
-5.999321405376744076e-01
-5.686184624614250283e-02
1.941395913858473266e-01
-1.000026368410082966e+00
1.000104770934737930e+00
-8.039318370061542263e-01
4.025378055543877842e-01
-3.975637687535999998e-01
9.999779944254855168e-01
-1.000013070583972929e+00
-5.346160550626690702e-04
2.150258528728239971e-01
1.001359745505887994e-01
-7.973257823587684978e-01
-3.522564950586153376e-01
-4.125854958743638279e-02
-3.277914034041363167e-01
2.036535243200234824e-01
2.832730058472731141e-02
-6.001298985209444492e-01
-5.998952854292096681e-01
3.923304129261412365e-01
1.000071111673130675e+00
9.985975039149048993e-02
-2.884093047029737122e-01
2.273787020297700079e-01
9.988219120854069377e-02
1.000254380227215412e-01
-8.104310879166518600e-01
-6.000557287315443356e-01
-6.000321992986746844e-01
1.000022156249235961e+00
-6.000751508070448770e-01
-6.000056710202071875e-01
9.999822164621949838e-01
2.046571047817156985e-01
-8.258192316220858142e-01
3.803036777770665844e-01
5.126088474572485648e-02
1.873438056567646726e-01
-8.075733645808106376e-01
-1.000214437434054471e+00
-8.056583265916287262e-01
-1.000233899696154838e+00
1.000034976339637005e+00
9.999226085397161512e-01
-8.000055833522595750e-01
-2.837708117544860409e-01
2.168021917368427240e-02
-8.027825467332149190e-01
9.998390137365252839e-01
-6.000737918681695593e-01
9.993877682178128885e-02
-9.999731529859918755e-01
4.150711086563952379e-01
2.068252947442857925e-01
1.000011378374650706e+00
-5.998417072790319660e-01
-5.999726975086620007e-01
-3.213691095948683629e-01
1.000067762428161755e+00
1.000706694409734532e-01
9.999127865707830853e-01
9.999511966047515132e-01
-9.999600216264152852e-01
3.817284077451111313e-01
9.992743391108163675e-02
3.995882645901596142e-01
1.000251402305801229e-01
-2.357259877722263364e-02
2.425335559051206014e-02
2.029846536054667749e-01
3.929721701309278892e-01
-8.001870791574728914e-01
-5.999797548958508697e-01
4.231575941579048261e-01
9.998899680201659423e-01
4.857764732750362996e-02
-7.950954356088830721e-01
3.989773241702970208e-01
-2.218629243056025394e-02
1.806331612143900478e-01
-9.999526966646370418e-01
-4.172127867174145188e-01
3.974232127837742379e-01
2.048721787051120957e-01
-3.082517687322991126e-02
1.000006098081692718e+00
9.998954613597184071e-01
9.999869201435928057e-01
9.996180293150007390e-02
-2.269028290363223413e-02
-1.000043101402495749e+00
-2.325952039484191214e-01
-2.965389433382044637e-01
1.000053819908219399e+00
-7.999828748633917019e-01
-7.909568665394014486e-01
-5.999057648670277354e-01
-2.451773261141297899e-01
-9.999602435686824053e-01
1.969167404675953026e-01
1.000263647856356186e-01
-5.999764827437806813e-01
1.475055572585257796e-02
9.999559615866160378e-01
2.040192231989582661e-01
2.047584809199481382e-01
3.437504924031497405e-02
-3.370959008245886235e-01
-2.357549647865553877e-01
-3.111928148261727256e-01
4.148147908685793639e-01
-3.408713760624330624e-01
9.999691526758499593e-01
9.999629920909025582e-01
4.697681644686195479e-02
2.023298174485885781e-01
1.932043661394076683e-01
-7.418289556231345838e-02
-2.852448750936322219e-01
-5.999741528630448961e-01
-1.000119593981637411e+00
2.145690804631736059e-01
-1.593543455510268089e-02
