-5.998523176441129534e-01
-5.999214989535813780e-01
9.998190849334038788e-01
2.973156882968765180e-02
-9.998528856811418342e-01
-7.972360653404416686e-01
-5.998479942254624220e-01
-8.544884067475257139e-02
-7.840631882929243179e-01
-3.198633426975223681e-01
1.000296093076148557e-01
-1.000059766536771866e+00
2.120215292575995392e-01
-1.139947073753564549e-02
1.842122697485905902e-01
4.021617496965902427e-01
9.678555016146084267e-02
-9.999881686269024295e-01
2.039320924376394895e-01
3.750515711034618088e-02
3.880616708706463580e-01
4.041045339870842912e-01
-2.634358022522909626e-01
-8.103606049367052533e-01
-9.999806531052168879e-01
4.086128024347911447e-01
-2.603512524012923657e-01
-5.999854513082321095e-01
-2.859276621600091994e-01
1.000670985642801852e-01
-1.000307916159994814e+00
-8.022857562921346108e-01
-8.039080380144376647e-01
-9.999982992786418112e-01
-1.728567601346164568e-03
9.999300167659507244e-01
-1.000069212138916752e+00
9.999764377511188851e-01
3.830987166589275295e-01
-5.999974887078480812e-01
1.000129885011589836e+00
-8.032753562867306352e-01
-3.500532014592826480e-01
9.990838774947764789e-02
-2.650018959958201914e-01
3.880088984848252265e-01
1.001395557864786096e-01
9.988534437937096611e-02
9.992677063332341958e-02
1.845837018998439105e-01
-9.999438799705839820e-01
-7.981437806383074873e-01
4.020845089806804884e-01
4.023157410369433418e-01
-3.015292186485367121e-01
-1.000092458579198595e+00
-8.024756444645568809e-01
4.101768058372355918e-01
5.284374230051757521e-02
-1.000047231780662571e+00
-7.738160316839248765e-02
3.864431519673702242e-01
-1.000039098175990571e+00
-1.818416263699410562e-01
-9.998843502095455804e-01
1.002720607267473391e-01
-1.000060630351506719e+00
-3.989979677798236035e-02
-8.047553984800915883e-01
3.824220039874146049e-01
-5.999740521939506133e-01
-3.042768164838318135e-01
9.986306909957323730e-02
-1.048389024592393526e-01
2.023300122855176686e-01
9.994850114448622369e-02
2.013884273096524513e-01
9.999866563701791389e-01
7.102380825240747764e-02
-7.938643885969053349e-01
3.895065778431858194e-01
4.111048728314948275e-01
2.047656219051882387e-01
1.910520089885215933e-01
9.999928534132205282e-01
4.056563716214751092e-01
-1.000037097371421657e+00
-6.001426694041367416e-01
-1.000007885368121352e+00
-6.308376790452034644e-02
-9.999766498419612182e-01
9.983297703244070620e-02
9.991195958775526964e-02
-5.998958306708425114e-01
6.792450360393263720e-02
-7.974964866308869027e-01
-7.991541439638117916e-01
-2.614088823344472567e-01
4.042029063621422336e-01
-2.859887293089776183e-01
4.001456257959541962e-01
-8.033839831833290424e-01
-2.966956657129137254e-01
1.000267487542261247e-01
9.999757154505582724e-02
1.000028147909541199e+00
-2.046112292407230304e-02
3.847161064092040617e-01
1.000233889771542789e-01
-2.967129245901535262e-01
1.799858367559239725e-01
-2.681669053799274893e-01
-6.000040325011074538e-01
1.000056134210290493e+00
3.832631764232262150e-01
2.029431494968509941e-01
1.001184554186527464e-01
9.999353988645959257e-01
-1.000064011061432501e+00
4.189712710931376427e-01
1.000102864788611878e+00
3.930173207500448629e-01
1.000849661877279556e-01
3.985273634670439824e-01
-5.997922664553407834e-01
4.049346990480814368e-01
-2.762659693570262975e-01
3.995357194989498373e-01
9.998866562782252609e-01
1.000020501858480015e+00
1.000023771740869566e-01
2.025338341851761204e-01
3.960579218213877151e-01
-8.031607209994693353e-01
1.001166830612502806e-01
9.999961834607058453e-01
1.000194593676586585e+00
-9.999920542829207060e-01
-5.998648250720320929e-01
3.902860192883707557e-01
-1.707674050312823349e-02
3.866495743219969805e-01
1.000802762939889401e-01
3.902829488259824675e-01
1.661524032704528309e-02
-3.343838768027380670e-01
-6.000287750759274452e-01
2.088804770409587730e-01
9.999929167617023218e-01
-1.000035421420719439e+00
-8.173309879294092806e-01
9.999931589805238774e-01
3.796786978249266364e-01
-6.001420161855220980e-01
9.998908979415711828e-02
-3.514958733708535565e-02
-2.800895816151306450e-01
-7.964584454458918383e-01
1.988770098356048011e-01
9.997302885832461128e-02
9.998551131094619571e-01
2.254270804784141990e-01
1.886125567266125347e-01
-3.350375573290962916e-01
-9.999448101728497518e-01
4.698175482507651636e-03
3.888826925304919579e-01
-7.915208491867504748e-01
1.794437886422764472e-01
9.999455341555306687e-01
-7.967049757849220537e-01
-6.001193718282434864e-01
-9.998667595151536913e-01
-2.113692989115498536e-02
-3.997059963369311020e-01
-5.998491574484791089e-01
4.062266044768947371e-02
2.127351448355751240e-01
-1.000065896859693826e+00
1.000030142210447615e+00
-7.989063592121495860e-01
4.000564473850196090e-01
-3.210696306817305556e-01
9.999292406081663476e-01
-1.000069441816077598e+00
-7.166141296232885448e-03
2.004479982439281438e-01
1.000977547797705647e-01
-8.041242179790318856e-01
-3.834472750000578745e-01
-1.060819656900184593e-02
-2.208519096082980915e-01
2.011054335621852984e-01
-4.803394356998408332e-02
-5.999682847788239126e-01
-5.999958705227200761e-01
3.990679062963768398e-01
1.000049784916007267e+00
1.000443485091765672e-01
-2.777170716134660933e-01
2.162814338523454394e-01
1.002034057636992520e-01
1.001047517879723042e-01
-8.123316451666267035e-01
-6.001413124719079395e-01
-5.999399689143938286e-01
9.999196557369285365e-01
-6.000510788891224578e-01
-5.999181721007772472e-01
9.999450506547713502e-01
1.874185316250294164e-01
-8.019408721398423312e-01
3.925934357721270196e-01
-5.595821135461750973e-02
2.023185236025406286e-01
-8.107990241991862579e-01
-9.999744639603994623e-01
-8.009615006284919181e-01
-1.000066258811623365e+00
9.998542848220581813e-01
1.000063532347106099e+00
-8.140478738617880072e-01
-3.554378323774829429e-01
2.808720194844088400e-02
-8.060547546125731433e-01
9.998292761450501276e-01
-6.001381792535003257e-01
1.000666245098386919e-01
-1.000078885182253297e+00
3.964166077775385655e-01
1.951817052768278216e-01
9.999647828998674548e-01
-6.000088394709567341e-01
-5.999566471276648327e-01
-2.982417197576521795e-01
9.998700525470282097e-01
9.978837663388365198e-02
9.999595322339061010e-01
9.999799528442724350e-01
-1.000157396197783877e+00
3.804257753137618714e-01
1.000084489481825045e-01
3.988362143829557449e-01
1.000757235225147312e-01
3.742788026168749477e-02
-3.078754353517358655e-02
1.988561014963139695e-01
3.953080536168756542e-01
-7.793915053253742675e-01
-5.999259730666993695e-01
4.026445188375449846e-01
9.999027802552672428e-01
1.169687737799867365e-02
-7.883537197936602015e-01
4.145578130258559257e-01
-2.006542956432024252e-02
1.957384050709402579e-01
-1.000081434930127466e+00
-2.026296168537258247e-01
3.932512398780466656e-01
2.006533915295333481e-01
-3.945518562283747976e-02
1.000186298130045115e+00
9.999835754068312488e-01
9.998932038592822646e-01
1.000721569394083799e-01
-1.728096787864199027e-02
-9.999308545483216459e-01
-2.875449344173273691e-01
-2.706004475477820082e-01
1.000060238068003926e+00
-7.956380822969223443e-01
-8.037712486077687180e-01
-6.000700416629298761e-01
-2.524438703786326399e-01
-9.998573764255620500e-01
1.915199436009686618e-01
1.001347564468307999e-01
-6.002129966115952175e-01
-2.722893338854312506e-02
1.000004670348246361e+00
1.983480910036237166e-01
1.942977286202305365e-01
1.984452472130822723e-02
-2.834596006294782256e-01
-2.375739725273754988e-01
-2.441619954662424263e-01
3.928950762168744171e-01
-2.949490099952082334e-01
1.000133054228898422e+00
1.000100876709597797e+00
-2.616555220559104930e-02
1.879494049082445495e-01
2.164452085335663856e-01
9.771919289265101893e-02
-3.365148150697800378e-01
-6.000641223355245302e-01
-1.000082935198616019e+00
1.796985402121956121e-01
-1.157389979528426066e-02
