-6.000026589711570102e-01
-5.999370345072434496e-01
1.000003451971242185e+00
-1.072718752500897120e-02
-9.999938509060058989e-01
-7.869694838867987707e-01
-6.000342262140113681e-01
-3.220425099000769065e-02
-8.028477169461538665e-01
-2.777263022074165644e-01
9.996101034448899580e-02
-9.999736998076576011e-01
2.095377117872283534e-01
5.560579123603596324e-02
1.979746353901457867e-01
3.998500864204042604e-01
-3.489619619507138698e-02
-9.999094276288099659e-01
1.953123842545176070e-01
-5.184298208988829398e-02
3.982177652040276850e-01
4.125615940819647443e-01
-3.246602175160383519e-01
-7.957916190418176106e-01
-1.000032058452875683e+00
3.938017813688083901e-01
-3.124887622991879832e-01
-6.000481041154966944e-01
-3.019892123502400105e-01
9.984219325226588448e-02
-1.000019908934665747e+00
-7.926816701620136296e-01
-8.087510124174241977e-01
-9.999755393919760316e-01
2.243329998487916810e-02
1.000111545041085126e+00
-1.000018913644245222e+00
9.999034380779803222e-01
3.932001513190886977e-01
-6.000671245528739206e-01
9.999360914062617178e-01
-8.037007368138774366e-01
-2.831007486187369637e-01
9.992009505809133774e-02
-2.478337290247417668e-01
3.928826537118147999e-01
9.984012330279487535e-02
1.000376787047944083e-01
9.992603631733376623e-02
2.105827338812421012e-01
-1.000112444467084138e+00
-8.010620617481948313e-01
3.904669435343146033e-01
4.012218762267776850e-01
-2.728331590935079709e-01
-9.998887296002680891e-01
-8.129843810750470023e-01
3.944028042180297566e-01
-5.437150260115081180e-02
-9.998833581797283987e-01
-1.551583061760663379e-02
4.107498745432326404e-01
-9.999737779371963287e-01
-3.278128345114008635e-01
-9.998397375821103106e-01
1.002041547942225663e-01
-1.000001557675525898e+00
8.454667747164432146e-02
-7.958364950262252213e-01
3.947330269259513580e-01
-5.997724525363390402e-01
-3.717864748658830099e-01
9.994588638133233838e-02
1.911221998239589701e-02
1.915377593237759801e-01
1.000684756650266627e-01
2.197477419289478040e-01
9.999026054166914035e-01
-7.370648047134838177e-02
-7.925743260607124308e-01
4.116223659119036538e-01
4.101907651645325670e-01
2.061123865285879320e-01
1.931163468687001061e-01
9.999467389339603551e-01
3.914630788895395175e-01
-1.000213776208344507e+00
-5.999378674705474479e-01
-1.000034390354518354e+00
-3.724512789489344694e-02
-9.998878004709215173e-01
1.000432399080792567e-01
1.001993037982594481e-01
-5.999703258217490287e-01
1.436704026887545421e-02
-7.974497413135341883e-01
-7.813364985443445043e-01
-2.263684511337487604e-01
4.032424414447827732e-01
-2.109455160619478353e-01
3.967413967976686218e-01
-7.886514708903309412e-01
-3.633792245397258758e-01
1.000311048569360456e-01
1.000217604281308237e-01
1.000049815334100867e+00
-5.547504750839207625e-03
4.040706694174103775e-01
1.000675329365722371e-01
-2.527588699192993005e-01
1.976702416092410985e-01
-1.817498267163955294e-01
-5.999472640628958908e-01
1.000171063901956980e+00
3.877606696555110921e-01
2.016196589838035458e-01
1.000534595684445943e-01
1.000090934804837906e+00
-1.000033908862191678e+00
3.940444563340469997e-01
9.999991511381381981e-01
4.039848642895557118e-01
1.000468231818871234e-01
3.909535225345650566e-01
-6.001295250017570915e-01
3.973143666440750454e-01
-3.334260574499759988e-01
3.948726056062785705e-01
9.999695012040236142e-01
9.999909452988340330e-01
9.990189582545463964e-02
1.893956216589357533e-01
4.085189147597665382e-01
-8.256356500590188441e-01
1.001872013105889053e-01
9.999816051952641338e-01
1.000139981981408743e+00
-9.999743134807861367e-01
-6.000873822681315195e-01
4.034882646335427037e-01
-1.860244474086000972e-03
3.985898466001462359e-01
9.991902573699205925e-02
3.873271935800418064e-01
-3.202574655313917412e-02
-3.437399179516937853e-01
-5.999827495969829450e-01
1.986345780755717494e-01
9.999422970749051176e-01
-9.998634219552334779e-01
-8.038857887463352059e-01
1.000047809981303493e+00
3.903802948428156117e-01
-6.002789524997196313e-01
9.996323266418002951e-02
-3.858178461411412852e-02
-3.142731083884150456e-01
-7.995035107158096066e-01
1.948704408810313371e-01
1.000303774830396675e-01
9.999784742205061194e-01
2.068840517074117535e-01
2.028536989438445570e-01
-2.721022451758335348e-01
-1.000021963350791410e+00
-1.317138244517405445e-02
4.085907962003308969e-01
-7.914860772738560035e-01
1.985060504791781033e-01
9.999465172776768052e-01
-7.905380846804962447e-01
-6.001518095767306438e-01
-1.000052161054695521e+00
-3.532930705326699922e-02
-2.968137171665679030e-01
-6.001346172777977106e-01
1.026933127705954157e-02
2.108654806199900811e-01
-1.000161775497715011e+00
1.000086888735547630e+00
-8.020735769605641385e-01
4.105935280864239090e-01
-2.844734024903451397e-01
1.000033457285576466e+00
-9.999598567468125365e-01
7.064019062253190651e-02
2.019443951205940335e-01
1.000800114870542962e-01
-8.041993339114709149e-01
-3.360813390019893321e-01
-1.138871240809923718e-02
-3.414516301173676771e-01
1.990959943688790368e-01
-6.870369526465815689e-03
-5.998426752749428381e-01
-6.000506892911636747e-01
4.156754388466407657e-01
9.999753387594377818e-01
1.000486363577876570e-01
-3.129755413576088552e-01
1.932416715655596029e-01
9.981128961350298201e-02
1.000512388340481229e-01
-7.884290614463380642e-01
-5.999990934512233753e-01
-5.999323731822405747e-01
9.998204624514441807e-01
-6.000212420629624788e-01
-6.001070323136623585e-01
1.000080204121211347e+00
1.973156587460354605e-01
-7.926840236943020201e-01
3.836869487079049845e-01
4.115637064439106596e-02
2.043350101974354960e-01
-8.211201692948552067e-01
-1.000024030576629475e+00
-7.990746724635373610e-01
-9.999412190735954553e-01
1.000095209177046751e+00
1.000018306489307118e+00
-8.203160832553004767e-01
-2.779678221786385794e-01
1.102819470222442082e-02
-8.002805549930225304e-01
1.000105857998060177e+00
-5.999607935086971322e-01
9.998798058579111414e-02
-1.000041864109618484e+00
4.030248064059211988e-01
2.055575291294214069e-01
9.999714428070961558e-01
-5.999314071507994006e-01
-6.000548163976560101e-01
-2.665451852297855417e-01
9.999084431309358534e-01
9.992882189652411984e-02
1.000093873473110406e+00
1.000092752148483699e+00
-9.999749922492180421e-01
4.025490664646977357e-01
1.001165151889108484e-01
3.885468667790500930e-01
9.996101503557687507e-02
-1.947829440578970062e-02
2.741093017220688852e-03
2.143259914228811958e-01
3.990380830760670294e-01
-7.903952378444182303e-01
-6.000163958301818479e-01
4.004842196781499553e-01
9.999576824053254542e-01
-8.047954101565686635e-02
-8.004941328780414977e-01
4.044431573469491892e-01
1.673502964459065018e-02
2.038593113237331389e-01
-9.999503835401234442e-01
-2.630368079409859949e-01
3.973998528856946266e-01
1.983123075309599637e-01
8.947244200998859254e-02
1.000066391436128743e+00
1.000091493858182856e+00
1.000178544837281081e+00
9.985214779171755484e-02
-4.351874853080514582e-02
-1.000065036047499856e+00
-3.453021764223087042e-01
-2.529786109058833610e-01
9.998782377658245180e-01
-8.094318326925502571e-01
-8.177006682452548914e-01
-5.999159976771299974e-01
-2.704171209952094257e-01
-1.000001580652552402e+00
1.774334732102114398e-01
1.001801106734470787e-01
-6.000303862820596246e-01
4.563274018920337820e-04
9.998518600479691099e-01
2.014289495089792159e-01
2.045315586033072397e-01
2.008124383794692228e-02
-3.180948324031743768e-01
-3.613693420114458821e-01
-2.379114505673775859e-01
3.980262093876642537e-01
-3.149447911079312212e-01
1.000143287316945129e+00
9.999706490144230076e-01
-3.772807514988606430e-03
2.018302932805388361e-01
1.983485036301802784e-01
-5.488225039529416593e-02
-2.835159026729941467e-01
-5.998899396524097760e-01
-1.000179097526409100e+00
2.035173719084775179e-01
-7.752515899758616325e-02
