-6.000661716246186161e-01
-5.999878094064723388e-01
1.000064245852708922e+00
9.657916437443089808e-02
-9.999095299781752821e-01
-8.061790937373813914e-01
-5.999945255855700932e-01
-7.078754580173699483e-03
-7.967160250803834165e-01
-2.753005776677870386e-01
1.000097324715722436e-01
-1.000019352153600050e+00
1.879999696607999315e-01
4.646022751301324277e-02
2.010385214325449976e-01
3.898204373164099179e-01
3.269239479993989173e-02
-1.000146872284548349e+00
1.996451800640996199e-01
-1.616163835294374615e-02
4.047339565886308166e-01
3.971378197955739431e-01
-2.937615039220958790e-01
-7.910815066165777232e-01
-1.000184175609993620e+00
4.238825495138476840e-01
-3.076837619396564083e-01
-5.999049209660237691e-01
-2.905205105018819900e-01
1.001214872982967297e-01
-9.998721593796741081e-01
-7.979753428891610545e-01
-7.986540545086016074e-01
-9.999995420386929013e-01
-7.477710990194839924e-02
9.997901747443298515e-01
-1.000055513140388763e+00
1.000067890010946758e+00
3.774732176373283843e-01
-6.001461627402944199e-01
9.998640367099391746e-01
-7.971255321328551968e-01
-3.296956551786426881e-01
1.000819274232637307e-01
-3.120367591639631732e-01
3.873350825963786659e-01
1.001034062220885618e-01
1.001064228258421451e-01
9.993816615344723597e-02
1.932384896929176255e-01
-1.000065995398940366e+00
-7.897161452714832608e-01
4.016861558995642456e-01
3.906345509087191803e-01
-2.857624477035570210e-01
-1.000058881231121521e+00
-7.930496329647467313e-01
4.211647055845585408e-01
-6.711224268800184377e-03
-1.000048391026434835e+00
7.013038881459394969e-02
4.130345048269031261e-01
-1.000126545329724115e+00
-2.878380179687628493e-01
-1.000038781497321727e+00
1.000415900957251081e-01
-9.999400211209835687e-01
-1.882558805248298398e-02
-7.938241393886109609e-01
3.868063754629941231e-01
-5.999724316726079421e-01
-3.249606467836025914e-01
1.000793255418122030e-01
2.159565339576770271e-02
2.013452824820834430e-01
9.992652827220661893e-02
2.026370276208867283e-01
1.000000183813312349e+00
-1.692466538289395112e-02
-8.041903347457943774e-01
4.105554754714864085e-01
3.955361942940508468e-01
1.821722805412185620e-01
2.027202278074081154e-01
9.999486895462924574e-01
4.158049319434757862e-01
-9.999630429966065437e-01
-5.998826692809640093e-01
-9.998263806676669363e-01
6.070597851290189528e-02
-9.999506634211671185e-01
9.994821461544599328e-02
9.989437238893264515e-02
-5.999796775911342417e-01
3.955241645973994746e-02
-7.973579387642366623e-01
-7.859634098043659645e-01
-3.368143144940579647e-01
4.078221114364838362e-01
-3.484395617383842514e-01
3.937686888078078540e-01
-7.933376972531699378e-01
-3.372635121921460644e-01
9.985757622641149023e-02
9.992548862037518853e-02
9.999456602020828644e-01
-5.432066232785764254e-02
3.923177965616760909e-01
9.995679233003869346e-02
-2.978175547676425450e-01
2.103102754641667516e-01
-3.564039094852893275e-01
-6.002588350615536417e-01
1.000184274341803681e+00
4.079684472757322822e-01
2.062246899168740377e-01
1.000097845236893601e-01
1.000049986211937414e+00
-9.999184187798396684e-01
3.981378586749994564e-01
1.000023315891050757e+00
3.953860225202542877e-01
1.000376476398576880e-01
4.006280676184016398e-01
-5.999215562142645730e-01
4.122107237011441438e-01
-2.748803359529788937e-01
4.210594552455291795e-01
9.999683298629991057e-01
9.999077763979365985e-01
1.000226564329468465e-01
1.982145928590623996e-01
3.997613312686422726e-01
-7.960594261907303348e-01
9.997202992414531975e-02
9.999502653398341101e-01
9.999991201520082029e-01
-1.000063742943667622e+00
-6.001867982224609044e-01
3.967869535204309184e-01
2.826585749232451636e-02
3.819115498228392580e-01
1.000515380932057580e-01
4.046540267580148176e-01
-8.072641665344753442e-03
-1.918838253950713169e-01
-6.000917680201131033e-01
1.836461963604567593e-01
9.999299924135444106e-01
-1.000055460200464541e+00
-8.129115060200865495e-01
1.000067603873455058e+00
3.856076040745280986e-01
-6.001559413952416433e-01
9.981861471063251112e-02
1.325571982835659947e-02
-2.035493300029158625e-01
-8.039798736137798718e-01
1.931353057509344606e-01
9.985568252464127603e-02
1.000015074552927485e+00
1.967561219074945023e-01
1.956814366783155568e-01
-2.736111831440615760e-01
-1.000155736400793804e+00
-2.385707533184008855e-02
3.942655253714129060e-01
-8.150082786284670311e-01
1.956955302273805652e-01
1.000065467607819114e+00
-7.983997925274078922e-01
-6.001035048698204477e-01
-1.000094132554405491e+00
7.916287357588869256e-02
-3.462398610557886891e-01
-6.002053565782774491e-01
-6.040233207660742482e-02
1.957967945727635550e-01
-1.000070638512752907e+00
9.997967425773810479e-01
-8.023376597713794967e-01
4.095004589951745655e-01
-3.182801100760574431e-01
9.998718086510324232e-01
-9.999207433010993684e-01
5.159151724788110793e-02
2.094011539094729202e-01
1.000530739739605990e-01
-7.767846094661993162e-01
-1.604029610293233599e-01
1.272403564828553796e-02
-3.198810910242430028e-01
1.949659176040789699e-01
7.626627115350901112e-03
-6.002485776525102734e-01
-6.001641931447719847e-01
4.018822190886442436e-01
1.000127395059469348e+00
9.994412555182649593e-02
-3.024778754720180984e-01
1.989858805581131429e-01
1.000370547043051561e-01
9.994807704463384845e-02
-7.885116217396218596e-01
-5.999109492115222153e-01
-6.000015609105003866e-01
9.999943179085321043e-01
-6.000456061263880203e-01
-5.998615426809831286e-01
9.998694082198730237e-01
1.999061697220426426e-01
-8.013603209545810957e-01
3.931305814319323577e-01
-3.003136469974899969e-02
1.936986798273884480e-01
-8.135127364129205452e-01
-9.999949576814680663e-01
-8.055864412061656266e-01
-1.000188107394873738e+00
1.000029467504840008e+00
1.000011410499515252e+00
-8.181246706871773133e-01
-3.064505411879148711e-01
-1.339874446530915988e-02
-7.986101728865643290e-01
9.999187414297154852e-01
-6.000213647442418363e-01
9.999638841484881358e-02
-9.998552417515412793e-01
4.023374662048244121e-01
2.044692711824072084e-01
9.999220492413535277e-01
-5.999365908545823967e-01
-5.998506932831340066e-01
-3.147887218892301275e-01
1.000236197044577224e+00
9.980954233606079140e-02
1.000031277423479859e+00
1.000013023844991800e+00
-9.999871450771993242e-01
3.955830146365980626e-01
9.995085467345644903e-02
4.029218681458200946e-01
9.995896410780510943e-02
-2.121923284813915372e-02
4.272521110301968211e-02
2.062522069325316565e-01
4.154779405418599914e-01
-8.081087246852283190e-01
-5.999737412673857850e-01
4.060952774944368016e-01
1.000189073516837279e+00
1.207751965646524095e-01
-8.122093688735694261e-01
4.008106343661423376e-01
1.714281162449687174e-02
1.915977420793704977e-01
-1.000033594311671825e+00
-3.465697856639957108e-01
3.991580221516102811e-01
2.033558066670867470e-01
-2.547432466223775727e-02
1.000177235006661780e+00
1.000071441337219813e+00
9.999598970705168011e-01
1.000206625435341723e-01
3.280281534641923263e-02
-9.999616314756931690e-01
-3.085172512984274973e-01
-2.908098430392614953e-01
9.999248630855805953e-01
-7.959497868604362703e-01
-8.017060886588545099e-01
-5.998568694087949016e-01
-2.267716795878534364e-01
-9.999672517630813218e-01
2.155753406418235985e-01
9.997385618948072261e-02
-5.999751276747385953e-01
-5.458780140194177677e-02
1.000042798742317052e+00
2.095199863498437010e-01
2.132619979943609634e-01
4.750722760009941023e-03
-3.051722267068086580e-01
-2.775772953654621067e-01
-3.106537644249117713e-01
4.215236354844279498e-01
-2.681040704931996754e-01
9.999169614999963152e-01
9.999768659548815553e-01
6.338112142124571746e-02
2.037050557471761503e-01
2.131218872378356222e-01
1.955070451142473797e-02
-2.445848178253281213e-01
-6.002052811601565896e-01
-1.000048124037769881e+00
2.037659771665910058e-01
-5.690932250414942190e-02
