-5.999740942361625473e-01
-5.999857858593448112e-01
9.998245066924862368e-01
-7.241004242953812120e-02
-1.000023739133676814e+00
-7.985423311842901883e-01
-6.000144282653072647e-01
-6.635009035664889143e-02
-7.942488891932787398e-01
-2.946112785416235558e-01
1.000412314536880953e-01
-1.000062607763007705e+00
1.941797520424797807e-01
-1.377107106534607162e-02
1.880512854289177749e-01
4.050082258849582173e-01
-2.198887256017083985e-02
-9.999687041172032886e-01
1.813865922821831234e-01
-9.575429831833350003e-02
4.113837675957287554e-01
4.155011339860775754e-01
-2.541810366614480898e-01
-7.984189665261560709e-01
-9.998758258413262823e-01
3.911645019035182580e-01
-3.267597725312411661e-01
-6.001019631341649729e-01
-3.092562049003250713e-01
9.995321866540361755e-02
-9.999113690505136987e-01
-8.004019214389318515e-01
-7.968147484729696250e-01
-1.000047853470953818e+00
4.867300630677558887e-02
9.997771960386272472e-01
-9.998930367219526216e-01
1.000126373772820765e+00
3.917953920209024110e-01
-5.999548053433535477e-01
1.000247396446691583e+00
-8.012012582425794838e-01
-2.573345970675985361e-01
1.000287587083540514e-01
-2.436196537314953003e-01
4.139660166661722207e-01
1.000602823566794364e-01
1.001042116888207489e-01
9.995692994731630865e-02
2.002739357297072531e-01
-1.000127061149364671e+00
-7.953136005671211928e-01
3.911070013876240536e-01
3.913161571417305695e-01
-3.116192936521484658e-01
-1.000173045618369061e+00
-8.052847314395293887e-01
3.929819307425152508e-01
-2.295276513708343485e-02
-1.000113309454432109e+00
4.582678736690072412e-03
4.001838732361930884e-01
-1.000021743995274992e+00
-2.791442431965607263e-01
-9.998774975477100480e-01
1.000377484360182867e-01
-9.998177467051855283e-01
4.791691996123001451e-02
-7.913025682410965711e-01
4.067903385493497614e-01
-6.000755445042775804e-01
-2.528028302775320868e-01
9.998585966693691873e-02
-5.856703934735479206e-02
1.930372754374402589e-01
9.996674811577342668e-02
1.961853140553881658e-01
1.000069205403394612e+00
-2.373941851252937829e-02
-8.025911288330226379e-01
3.929460445078103992e-01
4.027983966801528259e-01
2.033716487697134756e-01
1.977506037614026602e-01
9.999649064015674327e-01
4.037444329493861117e-01
-1.000067304316276440e+00
-5.999539325613064689e-01
-1.000046610731111674e+00
-4.264638292248785351e-03
-9.998157948029388065e-01
9.994770311122021245e-02
1.000414702692697944e-01
-5.999984560268597500e-01
6.210598577148629396e-02
-7.879587397253934311e-01
-7.891856588882781853e-01
-3.131700804294610951e-01
4.013491970398813113e-01
-2.865891616763237004e-01
3.818777047690574133e-01
-7.994662498664292238e-01
-3.190010585523599951e-01
9.999348143768820030e-02
1.000617018079598131e-01
1.000018201737262746e+00
-5.318653748892734900e-02
3.994245369358254139e-01
9.988208167396542270e-02
-3.043389760093986873e-01
2.006858894325762033e-01
-3.425799147854228233e-01
-6.000169804239334770e-01
9.999715667043224121e-01
4.033198998463013996e-01
1.987614522682069895e-01
9.998436367119051260e-02
1.000285670093282286e+00
-1.000091527271716574e+00
4.087739462902159615e-01
1.000068827490422807e+00
3.965996937645988041e-01
9.996000206060570714e-02
4.003346782219732725e-01
-5.999936512389133503e-01
3.793323442991435313e-01
-2.506271241865044019e-01
3.971793972878696621e-01
1.000007882582558238e+00
1.000093671555961405e+00
1.000100921639329038e-01
2.113763745336587341e-01
3.830903624542768560e-01
-7.973550949780924268e-01
1.001887618328201474e-01
9.998717976017313935e-01
9.999300856127779635e-01
-9.999476454686057059e-01
-5.999196325028571808e-01
3.936674838013614619e-01
-9.848323433858410803e-02
3.905076993124074747e-01
1.001213546888712891e-01
3.774515103377170111e-01
-6.111028995101185773e-02
-3.338910384281011945e-01
-6.001225501318896427e-01
1.944851888727777423e-01
9.999174888444519738e-01
-9.999361190395308352e-01
-8.170634959894814697e-01
9.999445626320448977e-01
3.974853835401452873e-01
-5.999992936889073647e-01
1.000906257993536830e-01
-5.631787449260386783e-03
-3.265553522826941668e-01
-8.082940027357122803e-01
1.945630228391340977e-01
1.000890618773802448e-01
1.000039507066593947e+00
2.062356684426079056e-01
2.004170260028205475e-01
-3.504587293073226917e-01
-9.997928684391185206e-01
-2.904179633873392799e-02
4.048076517029102206e-01
-7.787371413701849043e-01
1.924482773387204138e-01
1.000006518571419312e+00
-8.057184200302973665e-01
-5.999086620572442463e-01
-9.999105252060882520e-01
1.485953344143028454e-04
-1.720942065821897682e-01
-5.998296037194799091e-01
-5.119918521151886615e-02
1.964592586417718001e-01
-9.999963083227614291e-01
9.999039354660168577e-01
-8.040049730540137496e-01
4.095484661655850456e-01
-3.278954404346837159e-01
9.999143364379944332e-01
-9.999095070289947262e-01
-7.888533153795691984e-05
1.963943469071373626e-01
1.001144553062443543e-01
-8.147380332419660309e-01
-3.599194640529577160e-01
1.068892545787415715e-02
-3.083695526605899628e-01
2.069200071514357697e-01
-6.162060107368331346e-02
-6.000740319591650884e-01
-5.998643252885065280e-01
3.796396362347349562e-01
9.999302887901696524e-01
9.998875284693355125e-02
-3.212878294043113869e-01
1.971375056416731775e-01
1.000487468389807122e-01
9.997261419115043013e-02
-7.963411698289276641e-01
-6.000198558042083574e-01
-6.000610237958281523e-01
9.999708618067849608e-01
-5.997799607093934338e-01
-6.000389607767160349e-01
1.000003991608499954e+00
1.836909086189012219e-01
-8.134012904814722500e-01
3.976381348943089922e-01
2.330968378778996552e-03
1.919278149916679166e-01
-8.068252125907312555e-01
-1.000055716800861916e+00
-7.982684841908390672e-01
-9.999784834823901569e-01
1.000020361856594375e+00
1.000005119748746507e+00
-8.057821012506206637e-01
-2.893964601904440159e-01
3.561423365837981803e-02
-7.960250642411118571e-01
1.000053948465311038e+00
-6.000700964830116835e-01
1.001249370753622414e-01
-9.999064441829801364e-01
4.132489478291896390e-01
2.096733430084626593e-01
9.998914501271758404e-01
-6.000145408010393311e-01
-6.001676253878430733e-01
-3.400555244737518690e-01
9.999891998701126994e-01
9.993484948267469803e-02
9.999078308255117120e-01
1.000112136324438072e+00
-1.000000485635644809e+00
3.972308248469212377e-01
9.973068697213750833e-02
4.002754020677345426e-01
9.999232569410861082e-02
-2.489917611595192370e-02
-1.323278706340211275e-02
2.020991443832130252e-01
3.908234000139714226e-01
-8.092286850367388373e-01
-6.000343683116383664e-01
3.896300948786393104e-01
1.000166669920131257e+00
6.239800714421619987e-02
-7.851008772191535590e-01
3.948729041859472266e-01
-4.757969899340487585e-02
1.834733064705622863e-01
-9.999530204135179678e-01
-3.077277325373354855e-01
3.909090193204476371e-01
2.031719786837387631e-01
5.397573668612522246e-03
1.000070765102086590e+00
1.000181229121834381e+00
9.998819809443204587e-01
1.001338374709421081e-01
4.765256703844462927e-02
-1.000098049706512171e+00
-1.753894005959057423e-01
-3.051104939157053275e-01
1.000070836242395123e+00
-8.032445949373684391e-01
-8.124148435351346009e-01
-6.000848200694276491e-01
-3.566852895468300422e-01
-1.000012217501136558e+00
2.006794241064931428e-01
1.000419543054033300e-01
-6.001065300161694260e-01
-8.104434769748595363e-03
9.997273114100808655e-01
1.898415188171736212e-01
1.883810982841009618e-01
4.352697137755768414e-02
-2.549012197139872704e-01
-3.153548839628935729e-01
-2.971395505205419729e-01
4.097486351644947788e-01
-2.956169581808035796e-01
1.000066513929107614e+00
9.999469532893501267e-01
-1.209102224590549862e-01
2.051195788354622518e-01
2.055323087568494411e-01
1.968726316547573379e-02
-2.179374851165276628e-01
-5.999989672847346744e-01
-9.998982613718743195e-01
2.105337102936187255e-01
1.321205344959965056e-01
