-6.000674477975194154e-01
-5.999914800792522929e-01
9.999203218191382581e-01
2.124152639360877420e-02
-1.000118708686965618e+00
-7.940638988850198254e-01
-6.000508504308107449e-01
-3.946602680244792882e-02
-7.845586458577656908e-01
-3.448138950003349912e-01
9.990326774109430097e-02
-9.998965911436177301e-01
1.730725878758905267e-01
-1.797893918155982207e-02
2.044449995897159866e-01
4.189083304048509815e-01
1.528544293805930189e-02
-1.000108296398751540e+00
1.922786601650111615e-01
5.546714881595857238e-02
3.886634768214841662e-01
4.049882103992289428e-01
-2.072532105312270279e-01
-8.043344473223376090e-01
-9.999956774941192172e-01
3.989157128853668133e-01
-3.830228888579361168e-01
-5.999966320619553040e-01
-2.758579574237651766e-01
9.998998812929692226e-02
-9.999658371916516630e-01
-8.009395799683145523e-01
-7.985183314993380410e-01
-1.000033524822467212e+00
-5.435706763433567623e-02
9.999299855045349350e-01
-9.999103019077897336e-01
9.997962266085057559e-01
4.100854610416675983e-01
-5.998550338918779978e-01
1.000042398031512958e+00
-7.960929487331275256e-01
-3.161993451821253354e-01
9.986218210299770137e-02
-2.893877611963879826e-01
3.886348931040873866e-01
1.000682593180708679e-01
9.991999039173347918e-02
1.000555229460769607e-01
2.053683611698966793e-01
-1.000096286071379126e+00
-7.996566030693365024e-01
3.859701231582357561e-01
4.117047826422002843e-01
-3.086286298607957002e-01
-9.999122233026339623e-01
-7.952138972651900950e-01
3.931320660381694698e-01
-3.403739713401739836e-02
-9.999953596831914204e-01
2.821135077654121637e-02
4.264678943158570767e-01
-9.999098040299803092e-01
-2.933906810380318420e-01
-9.999702478257155303e-01
1.002317998403517429e-01
-1.000069955150143963e+00
1.555701885247961873e-02
-7.967115969455412783e-01
4.055596199566474658e-01
-5.999913609958333893e-01
-3.090056145542609545e-01
9.989381847897330080e-02
1.584412846559831237e-02
2.050784608420633259e-01
9.995796984209541491e-02
2.051800413321529792e-01
9.999486026751503998e-01
-1.632076891359126149e-03
-7.984330313653438260e-01
3.949890130141534561e-01
4.142208748971987764e-01
2.122980691367118422e-01
1.948337976189943865e-01
9.999507323133166592e-01
3.953882477856093258e-01
-1.000007466219357877e+00
-5.998529389239897203e-01
-9.998003783735126548e-01
1.730513296492305897e-03
-9.999323678673364135e-01
9.983010143377307744e-02
1.000096260536871562e-01
-5.999434093692078696e-01
9.036091832265451262e-02
-7.888085453043360840e-01
-7.936328374552276133e-01
-2.472437989403531711e-01
3.800543578263166355e-01
-2.580519709155749131e-01
3.939282410907711252e-01
-8.132521444186489035e-01
-2.964970893781254113e-01
1.000522790541224921e-01
1.000085034877687129e-01
1.000015505827075435e+00
-1.028736055580404402e-02
3.876762399784211555e-01
1.000608410514091384e-01
-2.978396509799168257e-01
1.984239206480106488e-01
-2.860564595688498968e-01
-5.999698935477337791e-01
1.000055803139346944e+00
3.993733336831833403e-01
2.053383950594285523e-01
1.000905849357991706e-01
9.998839619864972050e-01
-9.999079650479194559e-01
3.962374297688004421e-01
9.998621902700463027e-01
3.978412640201249850e-01
1.000075794254800254e-01
4.030827010710942848e-01
-5.999198328769981270e-01
3.998901551567258794e-01
-2.719910182862605996e-01
4.190663628699558552e-01
9.998736249526365416e-01
1.000048942117339745e+00
9.993799595790629764e-02
2.059814087307320074e-01
4.035948522311896269e-01
-7.989726162002236398e-01
1.001229630687784367e-01
9.999454172485917613e-01
9.998810571795591073e-01
-1.000030855528138751e+00
-6.000578071653589474e-01
3.873694210120268155e-01
-1.284245099233054244e-02
3.964083797769674677e-01
1.000716321001751535e-01
4.016989540803495018e-01
-6.424488631753920431e-02
-3.344659147138049349e-01
-6.000522133379200262e-01
2.014709967797826962e-01
1.000074659024510426e+00
-1.000032980048636055e+00
-8.015041072851638582e-01
9.998325542826412837e-01
3.916952348319358013e-01
-6.000130362706649345e-01
9.998489544150432340e-02
-1.082758844784279494e-02
-3.834308709929556414e-01
-8.071209458609185372e-01
1.961001072053089600e-01
9.982579679224726221e-02
1.000240351138925066e+00
2.075404411557505713e-01
2.086551433796333122e-01
-3.286498596671032502e-01
-1.000106421633644826e+00
3.537526943276949470e-02
4.053873433254910341e-01
-8.024647071682819988e-01
1.950572327557877628e-01
9.997943208581077101e-01
-8.157652141572621085e-01
-6.000409007775452386e-01
-9.998903440344358851e-01
-2.083167741835648470e-02
-2.813732670460225016e-01
-5.999157440199109903e-01
6.408171871768180046e-03
2.062595458660099745e-01
-9.999660336408360273e-01
1.000037964245624966e+00
-8.076996341208467767e-01
3.924226191789235152e-01
-3.456787212283054522e-01
9.998769768384287993e-01
-9.999910187230811598e-01
1.109317016012499740e-01
1.929164224149118034e-01
9.978976747278611725e-02
-7.939263136914218588e-01
-2.920806943874441064e-01
-2.659941452577252452e-02
-2.599850920306855384e-01
2.116032411347581743e-01
6.237829785110594882e-02
-5.999870674929871361e-01
-6.000205829035062388e-01
4.053268338267954629e-01
1.000111662406389046e+00
1.000279553289720597e-01
-3.697852175453287815e-01
2.094520865756651640e-01
9.992827339069762504e-02
1.000163288581244203e-01
-8.029275920232755714e-01
-5.999921159543307736e-01
-6.000648208859049593e-01
1.000025468800858297e+00
-5.999734247448550439e-01
-5.999592702423701684e-01
9.998959159154681142e-01
2.026266627983710766e-01
-8.044249330331749714e-01
3.904377920213248365e-01
6.182094413356325341e-02
1.847945486721761232e-01
-8.034719193908013146e-01
-9.999401523448916418e-01
-7.954511640379917647e-01
-9.999290344783338114e-01
9.999508551983943283e-01
1.000038191169749791e+00
-7.958911649543022326e-01
-2.846929362606258618e-01
-9.341752509749104080e-03
-7.811169897966554476e-01
1.000030097774446292e+00
-6.001106701079533812e-01
1.000104380990030489e-01
-9.999694478306269119e-01
3.878447230552586888e-01
1.937587353810708568e-01
9.999803656853535339e-01
-6.001283396357328659e-01
-5.998874799211408870e-01
-3.207654044266655680e-01
9.998401052964217550e-01
9.999929160965463637e-02
9.998238428344022877e-01
9.999892593304592348e-01
-9.998982202260602303e-01
3.946054334668082642e-01
9.994701105971472155e-02
4.013472525798887913e-01
1.001419469306031457e-01
2.576308245903920560e-02
5.569845819099715489e-03
2.050232874589423271e-01
4.067226167967038508e-01
-8.121618466748935505e-01
-6.001531079027749849e-01
4.026263402285798487e-01
9.998781417858479958e-01
-3.429908713041845275e-02
-7.936179452103683252e-01
3.968875915844354285e-01
2.137337394676430344e-02
2.021356425644415256e-01
-9.997998752415723223e-01
-2.606551073283853714e-01
4.011396280048403762e-01
2.189951632555929284e-01
-1.977250863392609678e-02
1.000072141310629714e+00
9.999952355210107724e-01
1.000144240515543403e+00
9.988600147461154655e-02
4.394928951956460911e-02
-9.997920321863821291e-01
-2.437464254793181850e-01
-2.923723787163688970e-01
9.999495773743756200e-01
-7.878652859882725457e-01
-7.835201508854692243e-01
-6.000642571137722037e-01
-3.065803820489594322e-01
-1.000041921062314820e+00
1.897063345042921401e-01
9.988472054197751471e-02
-6.000785622118907092e-01
-2.307517113153548238e-02
1.000072736195532386e+00
1.942425987204417226e-01
2.035458344660995567e-01
1.906522907159955565e-02
-2.487403728092173472e-01
-4.013001940693919356e-01
-3.381942472646814468e-01
3.709034471233235708e-01
-2.707284687875165519e-01
1.000004830734013028e+00
1.000056210002077561e+00
3.111445256081192545e-02
1.893319730438492721e-01
1.711388537732392578e-01
2.868152058746355204e-02
-3.370248330371748424e-01
-5.999481250150450196e-01
-1.000167909738919114e+00
2.105977748772290270e-01
-8.795314599028208891e-02
