-6.000656047147331362e-01
-6.001490035757421904e-01
1.000029658862225723e+00
5.208905318102555887e-02
-1.000088831077096341e+00
-7.930651704441711303e-01
-6.001478465146065089e-01
-1.308238415091396781e-02
-7.991327499786993194e-01
-2.469403047154872799e-01
9.993436165876463939e-02
-9.999128235705766476e-01
2.036105535724414550e-01
6.248938892912815624e-02
1.872288342024658048e-01
3.881508582587582246e-01
-1.611263592965337180e-02
-1.000073801495012127e+00
2.042087001359898235e-01
6.669327635631383533e-02
3.906284184433449491e-01
4.131061845216463801e-01
-3.192988839301705295e-01
-8.118893634619585020e-01
-1.000101067572974012e+00
4.097829889647491841e-01
-3.911441915381257406e-01
-6.000026968421767748e-01
-2.921611293835353340e-01
1.000474378203976278e-01
-1.000050210046836474e+00
-8.088375836131361796e-01
-7.941231394351815354e-01
-9.999115566981867653e-01
-6.530763699549556323e-02
9.999658082062303777e-01
-1.000082835835510275e+00
1.000028038132424690e+00
3.995814835949019206e-01
-6.000445245876121492e-01
9.999503275380082767e-01
-8.012073012849623144e-01
-2.756852708043270317e-01
1.000721906077503554e-01
-3.247946226049425178e-01
3.973833979245428027e-01
1.001570104836327774e-01
1.000624828029169355e-01
9.981250560022145168e-02
1.992422283686707263e-01
-9.998755169060075110e-01
-7.933579702924853372e-01
4.192293338038018957e-01
3.916442323999224095e-01
-3.405893120148620890e-01
-1.000014746610389915e+00
-7.945242784534047864e-01
3.897570547157397369e-01
-7.115904998467881271e-02
-1.000089946290019016e+00
4.346992835808019540e-02
3.975832128098493179e-01
-1.000009822184845465e+00
-3.550713618562874041e-01
-9.999534274969644754e-01
9.999165862716891118e-02
-1.000153936711150271e+00
-3.909752182149031641e-02
-7.856126400692463596e-01
4.014638572737191935e-01
-6.000790500832102747e-01
-2.988650470041067098e-01
1.000553052466477133e-01
-8.811826750025922306e-02
2.074088632912633734e-01
9.980121316394484354e-02
2.032918503445155234e-01
1.000228729289876162e+00
-6.976974235697344651e-02
-7.933676551268225019e-01
3.964413419991217324e-01
3.923620887904375465e-01
2.047896237727239166e-01
2.060953411289713211e-01
9.998653154257590714e-01
3.932099888074293559e-01
-1.000047406308926634e+00
-5.998983811861825499e-01
-1.000291097227715476e+00
2.490761788731477369e-02
-1.000108469777720943e+00
9.994074110313110049e-02
1.000748193693122290e-01
-5.999813096731480000e-01
3.368034279056591335e-02
-8.024069994809017725e-01
-8.044207744966167528e-01
-2.168393718864253250e-01
4.002029653520267072e-01
-2.692347681925753022e-01
4.002437755079214510e-01
-8.182328128451216154e-01
-3.518183638784201372e-01
1.000610270110676714e-01
9.989662129852107386e-02
9.999683495707392122e-01
-1.865619018232991463e-02
4.211756442088078756e-01
1.002721070529009328e-01
-2.304454142406293371e-01
2.002587144649842776e-01
-3.119862240829663902e-01
-6.000540629286823524e-01
9.998666565119839200e-01
4.101709821144092771e-01
2.115489472450176045e-01
1.000066651733899359e-01
1.000132334775842402e+00
-1.000010586146073077e+00
3.998177877256772206e-01
9.999872876168859337e-01
3.876458819212939555e-01
1.001314651213050522e-01
3.965948016885131877e-01
-6.000453652495949530e-01
4.029186431159456627e-01
-2.739688655257215277e-01
3.989536618102513810e-01
1.000060979693890406e+00
1.000012287906469899e+00
9.993259261581335928e-02
2.066261764336398965e-01
4.051263192864523188e-01
-8.083053887843357765e-01
1.000311799181883288e-01
9.998504299744864765e-01
9.999362698040918929e-01
-1.000091125854292162e+00
-5.999015752408397573e-01
3.965300955064849919e-01
-1.615933592696432858e-02
4.242740635080824996e-01
1.000161508642613689e-01
3.966187625464616118e-01
-4.349826673850061554e-02
-3.579591636745038663e-01
-5.998700043282287897e-01
1.928304416099183571e-01
1.000037171077273745e+00
-1.000061221412551271e+00
-7.912314288608314206e-01
1.000122834577912734e+00
3.945451680422927820e-01
-5.999979392880179230e-01
1.001277913967237448e-01
-1.488180259391422636e-02
-3.416073228877612444e-01
-7.995359442094577274e-01
2.011910934888387625e-01
1.000692116256905601e-01
9.999788202133625958e-01
1.937951758787007095e-01
2.034340027943014328e-01
-2.916510551288861719e-01
-1.000067623080361123e+00
-1.175192366587432535e-02
4.030427965752142461e-01
-7.881708698371692190e-01
2.070203884981159925e-01
9.998998193477128815e-01
-8.017080414305268743e-01
-5.999305352879166220e-01
-1.000041198435966283e+00
-7.843358563004282011e-03
-2.965215203208780292e-01
-6.000380197344422628e-01
1.684476518668209799e-02
1.988698810724441879e-01
-1.000159616937248419e+00
9.999338998492194319e-01
-7.984185435586398372e-01
3.921192055903102713e-01
-3.254242325924500134e-01
1.000107797068827908e+00
-9.999549295531209303e-01
-6.953794050701678220e-02
1.876855577495435412e-01
1.000111285753095269e-01
-8.056354872367579301e-01
-3.850555358508354620e-01
-1.093053665267466334e-01
-2.813593047203852282e-01
1.813622904138122438e-01
-3.871743116451539790e-02
-6.000440056191929106e-01
-5.999479935832465749e-01
3.886777257704820965e-01
1.000017237392854863e+00
9.995170416473365960e-02
-1.937845098778036568e-01
1.974275306958826193e-01
9.991755058339461815e-02
1.001476918678821382e-01
-8.102388250411135528e-01
-5.999929616864866366e-01
-5.999496512024625750e-01
9.999776449873876150e-01
-6.000310871643795840e-01
-6.000142931834766546e-01
1.000046738138935298e+00
1.984479396387746619e-01
-7.892653997299011737e-01
3.852373370799845320e-01
-1.397195296741104466e-02
2.154456146141358608e-01
-7.778555056742397777e-01
-9.999989419277529601e-01
-8.036854371875750136e-01
-9.999866930300794765e-01
9.998339837030507660e-01
1.000065029139765027e+00
-7.857643546477370844e-01
-3.453528730306028582e-01
7.491850780198673621e-02
-8.036574231155539927e-01
1.000023195754228045e+00
-5.999535021349243769e-01
9.998999316735916743e-02
-9.998583928260357245e-01
4.047864168311432476e-01
1.785552762311727049e-01
9.999188176872155775e-01
-6.000799660192254192e-01
-5.999603723831518076e-01
-4.341492738956336250e-01
1.000240016680835176e+00
9.996567804774700305e-02
1.000254884022557134e+00
1.000098096590255059e+00
-1.000059268791610556e+00
3.939185770757692717e-01
9.988197046976080018e-02
3.981599365721364414e-01
9.997787417569864443e-02
-3.186055091680586870e-02
-2.901524298739409716e-02
1.914486341531262403e-01
4.048198994481709834e-01
-7.815643018446705170e-01
-6.000387204014110409e-01
3.894076509345935078e-01
1.000156387380715550e+00
8.689335693036403727e-03
-8.049680713710235525e-01
4.078492355669705582e-01
-2.428476730162761749e-02
1.934456851626085439e-01
-1.000043519534964176e+00
-2.685390619633492570e-01
3.893541202581324301e-01
1.947287944508389601e-01
6.110317154648867155e-03
9.998570023975628107e-01
1.000025510483948832e+00
9.998515888344484681e-01
1.001206625655800819e-01
4.865246649700527559e-02
-9.999000237445634376e-01
-2.400687636465414776e-01
-2.706284893217876797e-01
9.999921502068853663e-01
-7.961208893517991436e-01
-8.008466933403626253e-01
-6.000405316918117071e-01
-3.083699775107278662e-01
-1.000053392590239731e+00
2.086132005798207179e-01
9.978552190094829022e-02
-5.999172148217696288e-01
-1.045529623034450323e-02
1.000005917880981254e+00
2.116748023379167454e-01
2.145996781121924379e-01
6.959320660299232741e-02
-3.229292248990695557e-01
-2.948267596494769105e-01
-2.328837862437902473e-01
3.913706430839870576e-01
-3.189359229506093518e-01
1.000180581655939482e+00
9.999291324892316535e-01
-3.359791187142527336e-02
2.001420938870322186e-01
1.930745493661087941e-01
-3.606968898197802486e-03
-2.808365418953663317e-01
-5.999159046788669070e-01
-9.999649531058600882e-01
1.892854351660469836e-01
-7.068840326650570327e-02
