-6.000642005277603275e-01
-5.999299135714839526e-01
9.999827155918373789e-01
-4.412060754547567076e-02
-9.999934287730340987e-01
-8.110116528922304280e-01
-6.000472075241323200e-01
-8.368943281336876927e-02
-8.119392487237346856e-01
-3.192720536830767064e-01
9.982252926416054772e-02
-9.999329359968271991e-01
1.948475923569467083e-01
1.041402202731799183e-02
2.025444867553963524e-01
3.999802675225622162e-01
8.848061130895241988e-02
-1.000042484400554654e+00
1.993444513067887947e-01
-3.604728848058093293e-02
4.067352376887329313e-01
4.116524373044445073e-01
-2.480905100924752360e-01
-7.977090238269899380e-01
-1.000140051635638683e+00
3.898962440890144099e-01
-3.475776366313618748e-01
-6.001407187964250545e-01
-3.195085860408590217e-01
1.002109753340675452e-01
-1.000155010140422407e+00
-8.031682864846407810e-01
-8.016058518918851572e-01
-1.000165175723293887e+00
9.006967874086273251e-04
1.000012516413828489e+00
-9.998276197845841207e-01
1.000123273814555569e+00
3.908518729267262959e-01
-5.999089467482380256e-01
1.000102146201960363e+00
-7.852398352560521211e-01
-2.175431923872900852e-01
1.002579209075418337e-01
-3.975304745808370122e-01
3.966282060412074650e-01
1.000385985795647220e-01
1.000594283404530049e-01
1.000452721752796148e-01
2.090052811575865976e-01
-9.998909402160248705e-01
-8.113120931768024180e-01
4.002725748323106014e-01
4.272593871915404407e-01
-1.824608864971605238e-01
-1.000169947267299575e+00
-8.005012009775713810e-01
3.853467597631984320e-01
1.310110333169942076e-02
-1.000014901460894778e+00
4.622116118762747278e-02
3.962823560764830444e-01
-1.000033812543869693e+00
-3.168260332058027706e-01
-9.999802255620054980e-01
9.999379949783623878e-02
-1.000109547667560772e+00
6.671145904086290060e-03
-7.896282415259487930e-01
4.009591450871368146e-01
-6.000481848373736549e-01
-2.940634412363745676e-01
9.997534670995657236e-02
-5.024994272410418517e-02
1.695689363430037122e-01
1.000354625194790764e-01
2.043713730822323271e-01
1.000042140059288709e+00
4.130947057608708173e-02
-8.046193890007217187e-01
4.001606551428738556e-01
3.878795719295825006e-01
2.022899868101235288e-01
1.898564292196208148e-01
9.999595137315798743e-01
3.766609147937058366e-01
-1.000095451848522776e+00
-5.998817098590230046e-01
-9.999504223160441407e-01
6.271439524640214092e-02
-1.000011938784028498e+00
1.000612685645328737e-01
1.001765725775903976e-01
-5.999481327158047161e-01
-9.745014988394981939e-03
-8.108216786772015627e-01
-8.046009556344163594e-01
-3.711260485146328225e-01
4.034524683975690973e-01
-3.184326891600724463e-01
4.053314672002161778e-01
-8.055052842213176190e-01
-2.852975761397697485e-01
9.997616564979049103e-02
1.001508512766450948e-01
9.998464219655602836e-01
6.551302907288581237e-03
3.993245770361723568e-01
9.999307901565444856e-02
-2.448722150864467151e-01
2.165709585861525788e-01
-3.903055882285020872e-01
-6.003610640849257329e-01
9.998545240390311895e-01
4.021937424690536500e-01
2.096149474696417936e-01
9.991239073622930345e-02
1.000025661759434081e+00
-9.999484764010706517e-01
3.964750833667673446e-01
9.998345157450039267e-01
3.959098481200176156e-01
1.000102493958211214e-01
4.133369279179029410e-01
-5.999663773680823375e-01
4.002948907020549840e-01
-2.560860380489666799e-01
4.131082586714580063e-01
1.000021983457006103e+00
9.999874269991514408e-01
1.001292947413089801e-01
1.950467554054339525e-01
3.944270452328553778e-01
-7.917294384169839550e-01
1.000950354831037920e-01
9.999681270784546161e-01
1.000033615986017033e+00
-1.000126872634867770e+00
-6.002630400182281667e-01
4.198926374392534244e-01
-4.784482217676098992e-03
4.059483325656241259e-01
1.001036305754554878e-01
3.957464476445490820e-01
5.447105243076055814e-02
-2.311654850258290650e-01
-5.998538953615603075e-01
2.017794785977143623e-01
9.999381792907573452e-01
-1.000138638712899652e+00
-7.978857241788323007e-01
1.000013220078067810e+00
3.993367169494402291e-01
-6.000541498354895475e-01
9.995268498100720600e-02
-4.692391994279809103e-02
-3.182174520897080860e-01
-7.854612503071373153e-01
1.986003929630004994e-01
1.000241634531304491e-01
9.998804578889457506e-01
2.157628006118630926e-01
2.065798670784330660e-01
-2.865567734073266037e-01
-1.000023621220013537e+00
-1.083484271499751683e-02
3.812115815034490263e-01
-7.968322390023498958e-01
2.010395835553512311e-01
1.000125125641522228e+00
-7.946071682742074094e-01
-6.000582875979206809e-01
-9.999262441620926367e-01
1.926523768418214599e-02
-3.004045503687078900e-01
-6.000534000604688112e-01
-7.245783226933831533e-02
2.034034771440705047e-01
-9.998122618220666169e-01
9.999821418979008003e-01
-8.027046754723460298e-01
4.019901554828744783e-01
-2.253591442151434698e-01
1.000099997881502834e+00
-9.999177096640177176e-01
-5.572182192061080758e-02
2.134926030644684891e-01
9.996755310843358222e-02
-8.066755191038674777e-01
-3.911728080780467742e-01
-4.413797085457886980e-03
-2.341890140261391196e-01
2.013938333996322105e-01
6.201269379217650909e-03
-6.000948923529791923e-01
-6.001023882788221187e-01
4.209450045609799407e-01
9.998951491660121871e-01
9.989985543465521034e-02
-2.965037765367026235e-01
1.901750678895974267e-01
1.000333718685900430e-01
9.987515320646690731e-02
-8.068749776878330060e-01
-6.000470543548686031e-01
-5.999881912748821211e-01
1.000026289199213103e+00
-6.000073431010212177e-01
-6.000230122954697265e-01
9.999024117970783943e-01
2.034144894721075236e-01
-8.015045744005574457e-01
3.878083241678657034e-01
-6.869532510538706171e-03
2.011998118513701750e-01
-7.967108948147295644e-01
-9.997926874702992572e-01
-7.878516343027772706e-01
-1.000094422871501854e+00
9.998775994364904607e-01
1.000000223942189459e+00
-8.148685795935706189e-01
-2.584636148895055330e-01
-5.103124752092112054e-02
-8.043058577368779050e-01
9.999929671651250906e-01
-5.998566651359794610e-01
1.001511929278946778e-01
-9.998981705437089973e-01
3.905640696805920964e-01
1.900947321616019703e-01
1.000195720209204886e+00
-6.000552258142503037e-01
-5.998234726858160393e-01
-3.063550723395382924e-01
1.000032828919050099e+00
9.989030851836221137e-02
1.000015990494721896e+00
1.000080272703693263e+00
-9.998158314580291028e-01
4.127985744908611587e-01
9.992075589982894745e-02
4.151278979876578679e-01
9.996365978476813574e-02
2.065815884753211592e-03
3.051275694599667881e-02
1.939286377339005107e-01
4.045737561868317789e-01
-7.845698953160528122e-01
-5.999422460147507685e-01
3.981286424417320724e-01
9.999883770642956637e-01
3.445187917362672186e-02
-8.136241093907349287e-01
4.060312543020030973e-01
4.559614186186973311e-04
1.958129289174362908e-01
-1.000076116291480854e+00
-2.479416331276335927e-01
3.824737548199651505e-01
2.113768306344794567e-01
-4.883809366425659326e-02
9.999507964912489610e-01
1.000043720495414012e+00
1.000022456866579423e+00
1.000761323034337347e-01
6.622164388644595501e-02
-9.999497205596713512e-01
-3.401008183416449615e-01
-2.643858322611776779e-01
1.000022404404236953e+00
-7.988661354066980413e-01
-7.953041193119835262e-01
-5.999183376776151544e-01
-3.812279221012328523e-01
-1.000012509067323752e+00
1.979304768860625230e-01
9.992611355338418266e-02
-5.999849971983881591e-01
6.941117014232701943e-02
1.000079852679206072e+00
2.117192300923177450e-01
1.779928496519712910e-01
2.287599250729245234e-02
-3.055475566743133253e-01
-2.952599554371431179e-01
-2.596610580865190698e-01
3.995147663348725398e-01
-3.014775137744808431e-01
1.000034895985531413e+00
1.000092026880673890e+00
-2.589670747941765286e-02
2.010857743201466263e-01
1.870312144948479416e-01
8.441219509915659502e-02
-3.235519367446992312e-01
-6.000545779586617945e-01
-1.000228297454073934e+00
1.947370584322254128e-01
-6.393176615795449769e-02
