-6.000347148528596408e-01
-5.998273288189465147e-01
1.000187935966699193e+00
-1.827897189293599053e-02
-1.000185528725856532e+00
-7.994509292404869960e-01
-5.999078940109907609e-01
-8.333572800462028807e-02
-7.986537144399463717e-01
-2.718117767487722158e-01
1.001521703414470499e-01
-9.999847623492291726e-01
2.072401372317991541e-01
2.917169847343513422e-02
2.047256939862417691e-01
3.949210676643318263e-01
-2.203734289328325435e-02
-1.000065048940143031e+00
2.034112162470117779e-01
-1.001304922644587481e-01
4.132617392555288371e-01
3.909591235416919330e-01
-3.305463738993094092e-01
-7.963019262556566558e-01
-9.999877121865796692e-01
4.106631904576946157e-01
-3.574407286520782656e-01
-5.999307974209751038e-01
-3.095568330235416443e-01
9.978558682796567769e-02
-1.000113368052815366e+00
-8.003169258886662085e-01
-8.012998252811180944e-01
-9.999921164353005043e-01
2.074771530256024760e-02
9.999567921991120434e-01
-1.000236956730446103e+00
9.999843449852138244e-01
4.039904707389715410e-01
-6.000017887603704692e-01
1.000230181887177494e+00
-8.097266678619181590e-01
-2.220045448065638971e-01
9.992137379701092337e-02
-3.026440957113936681e-01
4.022304106171917804e-01
9.995384008391640374e-02
9.988414755932070732e-02
9.991019824725363985e-02
1.922419676382406961e-01
-1.000077137134768090e+00
-8.013951591715845479e-01
4.117994791430545920e-01
4.152897653891834406e-01
-3.094614889533576219e-01
-1.000002804905101739e+00
-8.089519182439056655e-01
4.039075293215747542e-01
2.318012102066040539e-02
-1.000023073884651392e+00
-3.107293240303529366e-02
4.152986020729499961e-01
-1.000116328332548710e+00
-1.954910185857348659e-01
-1.000012604502779956e+00
1.000973724357071409e-01
-9.997995456268085057e-01
-1.272258714800893892e-02
-7.933133352086725321e-01
4.022041653279941897e-01
-5.999093293133650473e-01
-3.239289333503946322e-01
1.000539895696154341e-01
-3.370846938418774891e-02
2.149209082588908748e-01
9.995260957604155949e-02
2.004568433947864770e-01
9.999114904926131864e-01
8.159508021648939624e-02
-7.913040501648691549e-01
4.021483268985748261e-01
4.128554233900803561e-01
2.198629597375728051e-01
2.072939789001406741e-01
1.000003466433373012e+00
4.038504332027544330e-01
-9.998321741530680207e-01
-6.000563807355482338e-01
-1.000276017438200382e+00
3.168758674785716184e-02
-1.000033181159852846e+00
1.000876016584048844e-01
9.991077928813051068e-02
-6.002281060871471619e-01
2.681266826954578630e-02
-8.055179382950451439e-01
-7.851288168239022314e-01
-2.458714739175829889e-01
4.230144682666359679e-01
-2.877337517057797500e-01
3.970766662413615089e-01
-8.125049818746589159e-01
-3.258614733564629828e-01
1.000428312969988270e-01
1.000486541366183008e-01
1.000078838977248807e+00
-3.194307703610765187e-02
4.002445735804124327e-01
1.000906117378329574e-01
-3.112365313126865818e-01
1.990879271129405159e-01
-2.946773553675401947e-01
-5.999867208434702670e-01
9.999401793909552527e-01
4.032409089596366014e-01
2.120614974067894232e-01
9.983092249048586275e-02
1.000005774410032577e+00
-9.999180134587974944e-01
3.799222453632944974e-01
9.999288017669842876e-01
3.874619967309514412e-01
1.000875005261333550e-01
3.880273947132533707e-01
-6.000154466577932721e-01
3.951839046643813580e-01
-2.985412810872416500e-01
3.960719935855512297e-01
9.998711490654607070e-01
9.998918965003579240e-01
9.995770040383966659e-02
1.947485122796212831e-01
3.893741152757848045e-01
-7.843028059787403583e-01
1.001183208294106203e-01
1.000020669696229270e+00
1.000142777474776201e+00
-1.000183140970647866e+00
-6.000529671824609279e-01
4.033485183094880910e-01
-3.008330838328836503e-03
3.843003123021500045e-01
1.000196257089018131e-01
3.859156451862416626e-01
-7.610615506509837980e-02
-3.322705487802075641e-01
-6.000221626507149519e-01
2.092383046018457537e-01
1.000013526695103794e+00
-9.999731655615915482e-01
-8.129062452429751673e-01
9.999711985457755414e-01
3.981826455685374966e-01
-6.001334841188885605e-01
9.996455766362571937e-02
-2.613848880760280199e-02
-3.102897334285963371e-01
-8.039834679724636723e-01
1.977787160415504786e-01
1.001299764699904310e-01
1.000113205370821268e+00
1.981111810283090469e-01
1.996782057654633846e-01
-2.852879658405855778e-01
-9.999369532017886586e-01
-2.211665428016089049e-02
3.976785673471809890e-01
-7.902260831253398177e-01
1.975334880000488569e-01
1.000061979120031364e+00
-8.188461985651300790e-01
-6.000003255871323438e-01
-9.999369897728668244e-01
-2.305339410907572897e-02
-3.258852071244414672e-01
-6.000895860172270613e-01
-4.213598275461480358e-02
2.017338091367414099e-01
-9.999883158146458673e-01
9.999056313376625260e-01
-7.999120797726427812e-01
3.931281393663003110e-01
-3.313588339985693021e-01
1.000114619649627556e+00
-9.998986211277518521e-01
-2.706450723718228923e-02
1.949481325387327213e-01
9.990118931021159387e-02
-8.021337054752665230e-01
-2.175286857058866818e-01
-1.157265603908031459e-01
-4.004628566575942350e-01
2.019385341340807494e-01
-1.178082229016391529e-02
-5.999611039816931113e-01
-5.999833101034556249e-01
4.001597963216576015e-01
1.000060988288945296e+00
1.001442394318251133e-01
-2.593547581524570655e-01
2.090032404531471932e-01
1.000017919559877261e-01
1.000475454539408171e-01
-7.988213169466575891e-01
-5.999149527234091117e-01
-5.999626680195713213e-01
9.999001083609275753e-01
-6.000312667720695270e-01
-5.999327294040219805e-01
9.999672506399092109e-01
1.813680841195796645e-01
-7.974598362316706046e-01
3.916435467513217361e-01
-7.333025675055358794e-02
1.869565139458731762e-01
-8.000171337164236895e-01
-9.999718581662108141e-01
-8.004391819386553752e-01
-1.000068330383702575e+00
9.999464084238998129e-01
1.000120674215226213e+00
-7.950634694925341472e-01
-3.012375154388688414e-01
-1.411543518314760104e-01
-8.065629780449625752e-01
9.999149822284283395e-01
-6.000660753906217337e-01
1.000760079410389497e-01
-9.999954496020351247e-01
3.927844369820395198e-01
2.057444580741349394e-01
9.999859459530457961e-01
-6.000378259380519941e-01
-6.000160163650034573e-01
-2.607338744419105403e-01
9.998069893981873513e-01
9.982440350963671383e-02
9.998714934509982388e-01
1.000058131199693445e+00
-9.999076916434815887e-01
4.017182712468110317e-01
9.996295818387017362e-02
3.902548708870674510e-01
9.992691724768354433e-02
-5.544715618744852637e-02
-2.290985560749954353e-02
2.094293052153556045e-01
4.045027705036643439e-01
-7.929074633620966095e-01
-5.998293282794270320e-01
3.998101654920971360e-01
1.000100037070020376e+00
4.820124431227730544e-02
-7.952736763365568784e-01
3.878695067879048830e-01
6.607378810437215810e-02
1.952478769247346646e-01
-1.000101153396146358e+00
-3.311409019924206887e-01
4.071805184443732517e-01
2.086229717410091056e-01
3.254352702783352980e-02
9.999975970175588591e-01
1.000099213419209931e+00
1.000047584790102917e+00
1.001287596129278867e-01
1.691229453947788383e-02
-1.000103874380374513e+00
-3.784775858482586908e-01
-2.033676189676642265e-01
1.000024025716566900e+00
-8.043552969194350810e-01
-8.125621541226956124e-01
-5.999218218737661923e-01
-3.258238711674625865e-01
-9.998231844136395985e-01
1.939875936452065686e-01
1.000428676218192148e-01
-6.001357145871689669e-01
2.676600965845580410e-02
9.999312570899602237e-01
2.214984774886540608e-01
2.037767744315844565e-01
-1.046560615597316203e-02
-3.086432179594926217e-01
-3.013422771239813169e-01
-2.764179372826808256e-01
3.974708095041058487e-01
-3.761620927498646183e-01
1.000057181383946281e+00
9.999067501808147629e-01
3.538852063485423832e-03
2.227071760280849855e-01
2.098887930517929767e-01
-1.130010497145709919e-01
-3.024773670271488357e-01
-5.997781172962749485e-01
-1.000078631580047395e+00
1.937282372054074109e-01
-9.120417083644455358e-02
