-5.999882633006029531e-01
-5.998219237380549851e-01
1.000121288744926895e+00
6.367465275308408119e-03
-1.000014971428534905e+00
-8.172296024338099318e-01
-6.000175454103811035e-01
-7.544668265762553274e-04
-7.817539304294153224e-01
-3.930880028838463214e-01
9.997428972272945358e-02
-1.000095621543425350e+00
2.169761118520896759e-01
-8.535066826241376192e-02
1.896286343268420715e-01
3.924481018977710733e-01
6.472186702048871075e-04
-9.999723119281650474e-01
2.061140816078123605e-01
-7.745587884588589489e-02
4.108943234442126169e-01
3.944635304163259804e-01
-3.546131594065705106e-01
-7.967512673118229971e-01
-1.000126008291981394e+00
3.923699362880809227e-01
-2.729515970685694182e-01
-5.999162138135895050e-01
-2.825883005083408284e-01
9.988699441691281655e-02
-9.999691421689469450e-01
-8.144915663705709630e-01
-7.849370642645072671e-01
-1.000098965436090337e+00
1.381231784268945398e-02
9.999755824221214784e-01
-1.000031098475339109e+00
1.000042158399635950e+00
4.016185981409495231e-01
-6.001078422504917409e-01
9.998348299230953584e-01
-7.770709937960075253e-01
-2.343457193032206232e-01
9.988029847616167189e-02
-2.919001450515080753e-01
4.077452191642719770e-01
9.984433994144269187e-02
1.000746692726714043e-01
9.988617609161881683e-02
1.885862830966741066e-01
-1.000006442828688558e+00
-8.010389190429554329e-01
4.035029471121970857e-01
3.977997015722066210e-01
-3.309636264257892480e-01
-9.999514458934246619e-01
-8.110518979884466795e-01
4.169727437422616201e-01
-2.332853104225028271e-02
-1.000048798735157618e+00
3.154328835702074896e-03
4.010997516420870546e-01
-1.000064375416354068e+00
-3.335626553124424465e-01
-1.000066739425065299e+00
1.000807835169065657e-01
-9.999584771208707146e-01
3.140297013119760366e-02
-8.138883859906794749e-01
3.955580470724319175e-01
-5.999331720442317994e-01
-3.568930952137850943e-01
1.000678060158011473e-01
-5.553554448827868750e-02
1.815419024012470961e-01
9.995303983838528528e-02
1.828792959161527065e-01
1.000017300187522773e+00
5.746689310949276014e-02
-7.908661809429754497e-01
4.037757910498233072e-01
3.876467289722866361e-01
1.931428858874582877e-01
1.971170453530393940e-01
1.000131804136888958e+00
4.186158937740072083e-01
-1.000012699417751838e+00
-6.001138623182963316e-01
-9.998735562125246057e-01
1.591333681459083721e-03
-9.999858468057341021e-01
1.001533933444838931e-01
1.000559613302667017e-01
-6.001592812016535161e-01
2.932461179760121467e-02
-8.006374366105316609e-01
-7.965915292356325894e-01
-1.948537552275912965e-01
3.918437799438763136e-01
-1.957893113539116992e-01
4.254652621481137542e-01
-7.826862722817448104e-01
-3.217123845280440708e-01
1.000451220000403429e-01
1.000136711462235317e-01
9.999328821045787574e-01
-1.028422722924218768e-01
4.117016419695194718e-01
9.993018806576176027e-02
-3.217229986608303172e-01
2.099042018790181485e-01
-2.964612786368158726e-01
-5.999801045936258292e-01
9.999921135881266743e-01
4.053589100766465392e-01
1.860530912673257764e-01
1.000974168666849684e-01
1.000073316412872337e+00
-9.998763614350447693e-01
4.149547907915313583e-01
1.000098750770450629e+00
4.066080644111484954e-01
1.000943585847811346e-01
3.998044244076646159e-01
-6.000579945178002861e-01
3.919134611500870169e-01
-3.020639921550125062e-01
3.947722503984729681e-01
9.997944842071626592e-01
9.997807423493264567e-01
9.991933385569554127e-02
2.032699248457721652e-01
3.950965424026212647e-01
-8.129936811933036189e-01
9.987780109286126251e-02
9.999667321067354786e-01
9.998914848095308283e-01
-9.998329045567995177e-01
-6.000660857408274262e-01
4.009470038150776405e-01
-5.820654083419534580e-02
4.090246178563757273e-01
1.000263982822447301e-01
3.932224944752527040e-01
-2.713743559043712075e-02
-3.032159418331414336e-01
-5.999752112504651569e-01
2.003210158799413332e-01
1.000162039749388443e+00
-1.000059793912045025e+00
-8.113833185684709015e-01
1.000023044192816180e+00
4.030090975213491133e-01
-6.000329584640368141e-01
9.991721513728402115e-02
-2.182070661080939833e-02
-4.779494552742050706e-01
-7.992555742372465799e-01
1.919665239766919218e-01
1.001477112292523119e-01
1.000097744492856711e+00
1.859386099722381558e-01
1.807374942978013099e-01
-2.807210749377960779e-01
-9.999857425978067038e-01
-4.577801332776205989e-02
4.034093993762132291e-01
-7.928736871692151356e-01
1.977822493082188604e-01
9.998588325839645741e-01
-7.971880368228172475e-01
-6.000136906639976786e-01
-1.000042938297816653e+00
1.244485116356419258e-01
-3.594302175362787954e-01
-5.999790808207219328e-01
8.084604050655100349e-02
1.920669859454377237e-01
-1.000053669336101514e+00
1.000186922686033153e+00
-7.980222605575141293e-01
4.076571241361146569e-01
-2.982027321520393515e-01
9.999379085947264212e-01
-9.999235854236158128e-01
5.175054977209754548e-02
1.958176191292639590e-01
9.999722577621028563e-02
-7.805061020534647120e-01
-3.570013040207783428e-01
-1.070653532352157100e-01
-3.688024940224302606e-01
2.073862733937932579e-01
2.377815776680383686e-02
-5.999864874823420680e-01
-6.001093299027869810e-01
4.030259551194535494e-01
9.998821720930991530e-01
9.995384346136533538e-02
-2.987221729860140562e-01
1.955878813099386493e-01
1.000848331427155458e-01
9.994787962253885716e-02
-8.001011684121844825e-01
-6.001228465717854954e-01
-5.999639153556485249e-01
1.000194419360665110e+00
-5.999087528527962121e-01
-5.999077648261115225e-01
9.999266898987659857e-01
1.882307763431216863e-01
-8.118638967809698181e-01
3.934853491680220805e-01
1.408872574041096330e-02
2.126583935651768509e-01
-7.919441175125642163e-01
-1.000058892555699464e+00
-7.904943824209879066e-01
-1.000049892209256219e+00
9.999152508688067265e-01
9.998803757259729919e-01
-7.977831626596271208e-01
-3.389735233965027739e-01
1.852674798470374572e-03
-7.919881099399171953e-01
9.999334847495090495e-01
-5.999358808754629013e-01
1.001363669134450463e-01
-1.000049655990392194e+00
3.966753171327039307e-01
1.761382409518648107e-01
1.000017502562592142e+00
-6.000216047559679966e-01
-6.000559858311214079e-01
-3.263530751763805693e-01
1.000167686794075195e+00
9.998106040944086670e-02
9.998843803166596045e-01
1.000127817183432022e+00
-1.000047387800262477e+00
4.069907533856018667e-01
1.002253512364907062e-01
4.088709301136049801e-01
9.993682795755914894e-02
5.309979364228933907e-02
-4.232648068008010994e-02
1.970423120126405248e-01
4.042383932241937483e-01
-7.953891080533229685e-01
-5.998836408130631126e-01
4.180524094278849634e-01
1.000101821266966118e+00
3.776699963421295547e-02
-8.002710549901894677e-01
3.941652664538509154e-01
-1.749692440197231705e-02
2.005814414422694980e-01
-9.998702731717130643e-01
-3.040489791169406208e-01
4.157323795642703379e-01
2.092617843356301410e-01
-1.210829140011580006e-02
1.000057302787483504e+00
1.000110794554187832e+00
9.999997053566933580e-01
9.971567081725897508e-02
-5.370790391500404604e-02
-9.999718285766573400e-01
-3.300083262175110832e-01
-3.134264935108200811e-01
9.999834728532231987e-01
-8.237157801121971490e-01
-7.977161056437265252e-01
-5.998706328211104166e-01
-2.583751862255728726e-01
-1.000125256849800026e+00
1.982608211845242885e-01
1.001264599481085787e-01
-6.000119089469825306e-01
4.097133250809778526e-03
1.000094275319978632e+00
2.105612474949807578e-01
2.094776097025574935e-01
8.781465377505117895e-03
-2.590326780641758475e-01
-3.273143063485062787e-01
-2.944642046477124464e-01
4.121300799854485941e-01
-2.945633241552994552e-01
9.998547165498241629e-01
1.000222559550531187e+00
5.594846519020410525e-02
2.032496384913596021e-01
1.874059296758754933e-01
-7.399178568447236509e-03
-3.479668418207392255e-01
-5.999384390742196205e-01
-1.000032356080996276e+00
1.942662788407434060e-01
2.339874798563815195e-02
