-6.000566124795708722e-01
-5.999589887420277989e-01
1.000014308950159636e+00
1.416272643777358176e-02
-9.999239015419644216e-01
-8.023898804759238557e-01
-5.999151353494399652e-01
-1.786511775619263609e-02
-8.084939758675111499e-01
-3.065435628870433749e-01
9.998490951425213769e-02
-1.000064190587223401e+00
2.039559126149609047e-01
-3.902679279522005412e-02
2.105945355529146856e-01
3.836199017310022996e-01
4.434618785333868662e-02
-1.000205624196549348e+00
1.894182108849561119e-01
9.768455805574717543e-02
3.897643833243172873e-01
3.965386720549826660e-01
-2.217179624374139291e-01
-8.021383589433228600e-01
-9.999856648195455389e-01
4.062929844021209158e-01
-2.766993087327655476e-01
-6.000383268610772758e-01
-2.297858935552708481e-01
9.989994373174021502e-02
-9.999482304540657784e-01
-7.901901474781209966e-01
-8.292968739019418445e-01
-9.999738908552457950e-01
-8.235303413117221749e-02
9.999312113003148150e-01
-9.999942505934923398e-01
9.998124762266187293e-01
4.010043826143208090e-01
-6.000738466036205088e-01
1.000048156018473078e+00
-8.084555061880778215e-01
-1.903356346290787926e-01
9.994945913373055879e-02
-2.984422231232576883e-01
3.924213170413315965e-01
9.994413573529131734e-02
1.001040092045892421e-01
9.990044222167240862e-02
1.863217608480691179e-01
-1.000184917988532929e+00
-7.980012207875747388e-01
4.116631998114624325e-01
4.136624612979215576e-01
-3.014267307995174838e-01
-1.000062771261059247e+00
-7.977576934211199067e-01
4.171539823909086175e-01
1.636430803518126170e-02
-9.999605618993825384e-01
4.361249156103388924e-02
4.047028247224190300e-01
-9.998339638623836567e-01
-3.332798494769536601e-01
-9.998604907326260616e-01
9.996192954052431079e-02
-1.000042408420121598e+00
3.450040406318315156e-02
-8.139566545306375911e-01
3.947994109749678460e-01
-6.000172552283090655e-01
-3.455679547186937817e-01
9.991588831608150256e-02
9.992419343233043330e-03
1.856540708921457228e-01
1.001488104306967331e-01
1.936644082356263896e-01
1.000059163896763081e+00
7.054593487938745633e-02
-7.924342025255752819e-01
4.061772927504447295e-01
4.055135651728404289e-01
2.004046584588333735e-01
1.715029665455438113e-01
1.000132921021067878e+00
3.871767097526047641e-01
-9.998737931062195994e-01
-6.000367905943470026e-01
-1.000142762999012280e+00
1.335123952742164367e-02
-1.000050419702092963e+00
9.995518595597249756e-02
9.999290664684071239e-02
-6.000566813373447994e-01
-3.567163982967561098e-02
-8.020667891151174178e-01
-7.985251893511310373e-01
-2.955275548711098765e-01
3.931514074396914027e-01
-2.654932321988883182e-01
4.129546880147877963e-01
-8.099930002880932900e-01
-2.447810006941575633e-01
9.989097172738374553e-02
9.996569848004598080e-02
1.000128352634083617e+00
-7.418800218196189289e-02
3.947494821880324634e-01
9.998103558763619947e-02
-2.830001784433565648e-01
2.052430166377580967e-01
-2.947724062869044315e-01
-6.000021437340666841e-01
9.999921088180949713e-01
4.014865508148557915e-01
1.913869060461264870e-01
1.000067550601695249e-01
9.999050750004573329e-01
-1.000019492304454083e+00
4.153944148742317322e-01
9.999252066137291894e-01
4.164273388542621968e-01
1.001021015165409062e-01
4.022901129039423984e-01
-5.999879473597661272e-01
4.064325598253352156e-01
-3.450961075800525468e-01
3.904454621603144493e-01
1.000007535460888386e+00
9.999390007773459876e-01
1.000474521463072253e-01
2.074826702864368266e-01
4.102022794248771365e-01
-7.962947053240494455e-01
9.995617180972923843e-02
9.999878625398681553e-01
9.999587795975281024e-01
-1.000010389124047938e+00
-6.000000317407702122e-01
4.003352156272160789e-01
-1.101262901652532433e-01
3.911666847153508209e-01
1.000063107379303290e-01
4.134256948367143747e-01
4.123832841473035193e-02
-1.615851772643061568e-01
-5.999325619130602139e-01
1.869763482172819291e-01
1.000002301816189654e+00
-9.999015348976824091e-01
-7.871726733495794104e-01
9.999777121551128856e-01
3.934384440914007741e-01
-6.001614586351298186e-01
9.999949957212102281e-02
4.103330746644338022e-03
-2.928891532275853526e-01
-7.986332481507186776e-01
2.129768721549666344e-01
1.000949370403237115e-01
1.000013514538987014e+00
2.040994001333638619e-01
2.094723640100248363e-01
-3.304782155849855796e-01
-9.999701612815991014e-01
-3.924526090152278407e-02
3.999830670161017010e-01
-7.981779661551270388e-01
1.959702063659541360e-01
1.000141514432956180e+00
-7.923187121835191249e-01
-6.001435535756141082e-01
-9.999894410370921971e-01
3.280771764432260235e-02
-2.723953407042135622e-01
-6.000092560497340965e-01
5.459915489091507479e-02
2.046809030539001317e-01
-9.999954064202264403e-01
1.000027520531348024e+00
-8.106993472509308463e-01
4.095993676523002613e-01
-3.782033953731389619e-01
9.999424172371986774e-01
-9.997568043296447549e-01
2.139987370908688191e-03
2.063954737323428767e-01
1.001050992703665099e-01
-7.964827308002054851e-01
-2.645537778799265660e-01
1.615148548265233491e-02
-3.440804750554970481e-01
1.698744605920967099e-01
-1.497425396816008496e-02
-5.999011057916051604e-01
-5.999320100195187910e-01
4.028337944396184755e-01
9.999423586577651513e-01
1.001490649045326947e-01
-2.716877112631456703e-01
2.213278788090470850e-01
9.990376584663902826e-02
1.001455024966684537e-01
-8.066412104078187761e-01
-6.001435799279768446e-01
-5.999160525808255873e-01
1.000155196963759430e+00
-6.000795423663838335e-01
-5.998953305079831599e-01
9.997041397974610888e-01
1.996851665496482131e-01
-8.014953586588727807e-01
3.769676498549442978e-01
-2.682373511637023422e-02
2.071959371146163409e-01
-8.097949550106778860e-01
-9.999048008863739012e-01
-8.062539422950499857e-01
-9.999847858517575405e-01
1.000052848517003490e+00
1.000026672284493934e+00
-7.990738129161952807e-01
-2.930977565676942675e-01
-3.845527054744228568e-02
-8.029337516192431856e-01
1.000027801111030401e+00
-6.001065584603623160e-01
9.995095075800060347e-02
-9.999092203061291650e-01
4.049715295135276061e-01
2.186916924438271903e-01
9.999631242358901773e-01
-5.999866192006465537e-01
-5.999482124207107248e-01
-2.628015005663190684e-01
9.999758633586565137e-01
1.000149649968980342e-01
9.997565311903431340e-01
9.999499399879288042e-01
-1.000039786754938431e+00
4.178522877212008657e-01
1.000312297673389833e-01
3.775113698810036444e-01
1.001778002293715608e-01
9.247983374617253435e-03
-8.611428540571128276e-02
2.114237536403760220e-01
3.915933455755828962e-01
-8.148898991774516931e-01
-5.998556486365235196e-01
3.942047442024587123e-01
9.999374929872735240e-01
-7.129407201394796778e-02
-7.837825455901893390e-01
3.837189494180835991e-01
-2.142184765382415534e-02
1.902110154881374027e-01
-1.000185581670196555e+00
-2.015308098410334980e-01
3.913280188225074507e-01
2.139189903987146202e-01
4.120229026978943637e-02
1.000152733458842258e+00
1.000094323427300980e+00
9.998875198143160059e-01
1.000331485916623880e-01
-2.371875047066336964e-02
-1.000037318478948833e+00
-2.855380171302818182e-01
-2.909866354619489726e-01
9.998827165538596295e-01
-8.041661492378876508e-01
-8.068661740608649158e-01
-5.999793758284567291e-01
-2.974273464669786593e-01
-9.999710143870208512e-01
2.172886143118186453e-01
1.001135707950015358e-01
-6.001432165286266773e-01
1.150581024777442007e-01
1.000132135188694704e+00
1.859313312835743359e-01
2.073960075847157969e-01
-3.650225631707856855e-02
-2.501773279148779561e-01
-3.152242595451225649e-01
-3.849001845668028610e-01
3.991532176863442083e-01
-3.007547536823392265e-01
9.999810018014846369e-01
9.999232425057219542e-01
1.265023364125348049e-01
2.059134791942721643e-01
1.898885764399355636e-01
1.321714587966699855e-02
-2.528035902765873311e-01
-5.998033468593816364e-01
-9.998303618444377427e-01
1.999830826941866591e-01
2.004774553784561750e-02
