-5.999031793969608062e-01
-6.001640799685521444e-01
1.000171290948565828e+00
-1.120473511277193275e-04
-1.000118711235988833e+00
-8.026036636164222138e-01
-6.001634910785447197e-01
9.220828288001002571e-02
-8.254722420249221981e-01
-2.239811310050514037e-01
1.000611680463865949e-01
-1.000007665183959116e+00
2.108585470226787550e-01
-1.953956744644632596e-03
1.986785340790359344e-01
4.183466530567499508e-01
4.668783786754418519e-02
-9.999824167364420591e-01
2.028413600415867324e-01
-1.373820438584798069e-02
3.851915163956939336e-01
3.932388803822619017e-01
-3.134840271490156871e-01
-7.886990827332911458e-01
-1.000049220762761815e+00
4.119258194348857094e-01
-3.675897172330290785e-01
-6.000988635846706831e-01
-3.524077533332218293e-01
1.000102280261995075e-01
-1.000038755243444211e+00
-8.176489028836773088e-01
-7.979486969637751281e-01
-1.000105658341627235e+00
4.338044255873502175e-02
9.999776433663222219e-01
-1.000042680336774348e+00
9.998801208578231847e-01
3.927915183946807942e-01
-5.997799700274171197e-01
9.998611469469858015e-01
-8.135492697741585344e-01
-3.079086886037759596e-01
9.997732331216983848e-02
-2.981903390871707971e-01
4.084835997483278192e-01
9.985410943393625838e-02
9.994171491532113927e-02
9.972542092503494660e-02
2.120349698890593715e-01
-9.998573366967772325e-01
-7.888641551224770954e-01
4.238163102117322167e-01
3.974732555496696129e-01
-4.094959468441143891e-01
-9.999710579281591016e-01
-7.988963353922950983e-01
3.972212564592687012e-01
-2.785525062151920916e-02
-1.000013565361304035e+00
2.339983600096038133e-02
4.206165257192888141e-01
-1.000040759161906490e+00
-3.037943987217704978e-01
-9.998725360449650656e-01
1.000157001925477823e-01
-9.998294527108216867e-01
5.572573789016543877e-02
-8.125169835462430212e-01
3.989591004551416020e-01
-5.998154892905355196e-01
-3.373556365386872202e-01
9.984423701790823280e-02
-2.108611950715591141e-02
1.967155795826132092e-01
9.997163849408975678e-02
2.027641359296881163e-01
1.000001090608026555e+00
-6.207396734495793100e-02
-7.943819873259326814e-01
3.887124158690187237e-01
4.078390888878607456e-01
1.898047905268606672e-01
2.056789984671083815e-01
9.998793386423072693e-01
3.847007762852530099e-01
-1.000148937374938374e+00
-5.999394588924789051e-01
-9.999790730962774266e-01
-9.223725668607707720e-03
-1.000078806482229243e+00
9.991467228311010085e-02
9.991210299736415223e-02
-6.000860789772226589e-01
-2.904137558613111708e-03
-7.929048678462180533e-01
-7.956268045204246686e-01
-3.030909657285493219e-01
4.008205205530763204e-01
-2.560751386825467213e-01
4.066481491504698176e-01
-7.999334154898690707e-01
-1.874575863933055087e-01
1.000434321459121173e-01
9.988934305236053801e-02
1.000109096568092548e+00
8.325394171521356690e-02
4.118635181474802343e-01
1.000564985604605051e-01
-2.546115452075131680e-01
2.134355012136620600e-01
-2.726677875929164885e-01
-5.999587917732088771e-01
9.999452013410311535e-01
3.957333549011551321e-01
2.058647433821288730e-01
9.989851810510425034e-02
1.000013598265982351e+00
-9.998968497136625500e-01
4.124540458260015363e-01
1.000025737694591133e+00
3.923698550812431129e-01
9.997869124168450028e-02
3.920356668067319084e-01
-5.999489295165794100e-01
4.057980888364745020e-01
-3.412706687076750844e-01
3.883312538943125558e-01
1.000127045844187545e+00
1.000116862116862126e+00
1.000838442918929455e-01
1.918600458875875381e-01
4.066224653675834522e-01
-8.022641255100729785e-01
9.991307403455158831e-02
1.000028461277374880e+00
1.000016602078978689e+00
-1.000119502504727809e+00
-5.998399674935077641e-01
4.084294714295525486e-01
-4.034741030206638081e-03
4.066369289386527197e-01
1.001765021982114895e-01
3.739096201576401768e-01
-8.568051503783721476e-03
-3.490063517800732207e-01
-5.999676540800410462e-01
2.045131900521230395e-01
1.000177717787926079e+00
-1.000107012111462135e+00
-7.924046812048405330e-01
9.999773429235757627e-01
4.117468901036678841e-01
-5.999403984089420883e-01
9.995647039709446013e-02
8.528588602620200410e-02
-3.362346272530069013e-01
-7.992854814245282657e-01
2.128933388095777535e-01
9.984765144228596734e-02
1.000057869972390323e+00
2.013534772182239974e-01
2.083140796495205893e-01
-2.941082476282797509e-01
-1.000207323124178815e+00
8.599118336265669515e-02
3.969709321483727016e-01
-7.905845530656379072e-01
1.930991441834285227e-01
1.000048014815755559e+00
-7.797720549736252282e-01
-6.000407374863141463e-01
-1.000005150300825152e+00
6.677014770105933750e-02
-3.488860138139404654e-01
-5.999835569357576670e-01
2.124411452856724697e-02
2.017250642106537262e-01
-1.000140320669684613e+00
9.998795417433921084e-01
-7.949838736311669596e-01
4.102823359331687070e-01
-3.285264712664314191e-01
9.999919258753015017e-01
-1.000134635697331742e+00
2.637747221690936450e-02
1.884346072776389991e-01
9.996869589029201697e-02
-8.050946779607436321e-01
-2.849294250615032054e-01
1.737241034103649204e-02
-3.470002417749668555e-01
2.060947402160051012e-01
5.212816380415134093e-02
-5.998808114755358467e-01
-5.999898418054309124e-01
4.178840613149615857e-01
1.000137796583603356e+00
1.000792622005715060e-01
-2.736421948695227924e-01
2.011510109908762334e-01
9.985616771792138469e-02
1.000679533996402387e-01
-8.128107412236706963e-01
-6.000085142412105998e-01
-6.000613215356374042e-01
9.998629398942825430e-01
-6.000662003137560152e-01
-6.000550374584474600e-01
9.998610627313223587e-01
2.195225230301124375e-01
-8.018209697973225358e-01
4.146070790318163168e-01
5.599181477469961088e-03
2.108612413808122754e-01
-8.038929450357319428e-01
-1.000067765774284911e+00
-7.888451509058876931e-01
-1.000047685049596291e+00
9.999831517674276915e-01
9.999552493212794380e-01
-7.875330688586267280e-01
-3.231504662123934057e-01
-4.300398481590081423e-02
-7.860723918558378820e-01
1.000149449134418500e+00
-5.999392559162972649e-01
1.000160397865858114e-01
-1.000129659974639873e+00
4.086619824258106437e-01
1.968956596519239599e-01
1.000018602648614863e+00
-6.001050619734080716e-01
-5.999546153599157883e-01
-2.943302208711701673e-01
1.000119993961664511e+00
1.000870000102003360e-01
9.998843464516709023e-01
9.999054498950437075e-01
-1.000168373153483836e+00
4.027787452691386494e-01
1.000465735412703755e-01
4.222864700761964074e-01
1.001399838376515750e-01
3.227113996407633689e-02
8.182220257267942831e-02
2.099257390788690780e-01
4.024830836635943099e-01
-7.975085375798668386e-01
-5.999597722500172869e-01
3.881171862799780437e-01
9.999120801536548475e-01
-2.156182682733855105e-02
-8.106138741634254519e-01
3.988402241597838738e-01
2.701937424981271096e-02
1.936639379518303727e-01
-9.999960074150004985e-01
-3.063377925345630026e-01
3.994304300488785708e-01
1.972759857373955206e-01
-5.831437483691918194e-02
9.999370661500678326e-01
9.999595461315525791e-01
9.998715663236260598e-01
9.998382444275777381e-02
-4.139576162915797886e-02
-1.000037578836843855e+00
-3.110793006936836136e-01
-3.132402729376813633e-01
9.997721796662026872e-01
-7.922462307020873284e-01
-8.087777423707440683e-01
-5.998626788549411559e-01
-3.005154433804682057e-01
-1.000010350881145316e+00
2.025080810303704903e-01
9.989176100884020193e-02
-6.000458593216695391e-01
-9.243696711989916881e-02
1.000004657813775344e+00
1.991076090473820615e-01
2.008534659600781092e-01
2.635696868206338292e-02
-3.450443427605441871e-01
-2.637278000616142259e-01
-2.691464109740867583e-01
3.997724568300705106e-01
-2.703443512806974480e-01
1.000152303473475390e+00
9.999064768461032315e-01
-5.926105325166937388e-02
1.844908229180581560e-01
2.077431863753148311e-01
2.102849358443815986e-02
-3.580600442209118661e-01
-5.998983784308077327e-01
-1.000136795133390599e+00
2.191804766983872776e-01
-3.552574176707572889e-02
