-6.001587447345533288e-01
-5.998794773358010479e-01
9.999421871780396209e-01
-1.993692659878211482e-02
-1.000210749675838562e+00
-7.861117219154631908e-01
-6.000037846371000239e-01
1.815519968259164327e-02
-8.020785599248726472e-01
-3.034570770674120399e-01
1.000610378186303356e-01
-9.999126618972904446e-01
1.984826246092906976e-01
1.609206397161467433e-02
2.048893579488494099e-01
3.913262974612669032e-01
-4.864647698763770525e-03
-1.000236622147198551e+00
2.000834992360446263e-01
-3.443169403520095206e-02
4.047711866346195286e-01
4.038767090081441524e-01
-2.949483511277984360e-01
-7.902525672560144487e-01
-1.000014827355180991e+00
4.105743342616477998e-01
-2.019075629499910152e-01
-5.998325802621450320e-01
-3.085346930287838907e-01
1.000770926898941621e-01
-1.000196779077317855e+00
-7.956048220886172695e-01
-8.044697834438918616e-01
-9.999439501238905903e-01
3.249052115496851162e-02
9.999855448015818604e-01
-9.998864743739678262e-01
9.999952290053452097e-01
3.831539523304649530e-01
-5.999547332674065592e-01
1.000213367411853183e+00
-7.876867848169728514e-01
-2.698580320546061229e-01
9.997257690760151527e-02
-4.232345027303819895e-01
3.962202889881508150e-01
9.995047813929083813e-02
1.001983873971623307e-01
1.000056171457167770e-01
1.949815418456237737e-01
-9.999980117304922977e-01
-8.126575255451925495e-01
3.977447484182658477e-01
3.823368326514604565e-01
-2.468172216745231629e-01
-9.999352186449229629e-01
-8.018290671602068542e-01
3.890701935749885654e-01
-3.289915905367606086e-02
-9.999091253014682490e-01
2.510281645163690151e-02
3.801017088539193067e-01
-1.000095788260243257e+00
-3.541055410758136013e-01
-9.999969138424187332e-01
1.000268265451804833e-01
-9.998304539525930679e-01
-4.329871569300275391e-02
-8.078048687556403928e-01
4.066363497585153697e-01
-5.999271475925903596e-01
-1.749435913929401065e-01
9.993318750836110986e-02
3.625119489466443329e-02
1.913605718895370345e-01
9.994031296855876434e-02
2.045405657046045766e-01
1.000125406000257566e+00
-1.867215846877725433e-02
-8.008636359859748755e-01
4.083195148960783727e-01
4.100124209065110770e-01
2.050087322116526389e-01
2.007217417933049031e-01
1.000032377479816770e+00
4.158460471423482963e-01
-1.000026089802800389e+00
-6.000453870875116502e-01
-9.998627927359454715e-01
-9.613225095791338992e-02
-9.999901678557931994e-01
1.000960716295948155e-01
1.001413616848431942e-01
-6.000063230673662318e-01
3.118019956737959342e-02
-8.051438425463117721e-01
-7.910098628848766245e-01
-3.131374607280978384e-01
4.018617315598250750e-01
-3.063988216610896709e-01
3.963330783714941741e-01
-7.941175416880801308e-01
-2.010357754890298998e-01
1.001874325010711636e-01
9.995259575331104374e-02
9.998993587660119919e-01
-2.499899719920025895e-02
4.027396730814190029e-01
9.995820933365040517e-02
-3.291429746560757263e-01
1.830176751579131178e-01
-2.132592268829755500e-01
-6.000763728555352783e-01
9.999747229336314325e-01
3.972390857630732630e-01
1.947393030680329429e-01
1.001466977092202310e-01
1.000104473493494517e+00
-9.998835339271165967e-01
4.147993416076488082e-01
1.000081362287041031e+00
4.209899850009612421e-01
9.999955949937808231e-02
4.064392328760716433e-01
-5.999370678846855931e-01
3.873220409704800082e-01
-2.307219081459790377e-01
4.103125358568240344e-01
1.000001186497323502e+00
9.999185643994519257e-01
1.003983108293532989e-01
2.031142558374148255e-01
4.030236866152152042e-01
-7.923978133314052430e-01
1.001081644748705174e-01
9.999900587122364515e-01
9.999515948472145199e-01
-1.000054058964575221e+00
-5.998501686009425349e-01
3.888500613950883755e-01
-1.591692131166379948e-02
3.901358361363545524e-01
9.998130424755453938e-02
4.086763607358040451e-01
1.334614999885076758e-02
-3.126339160645030812e-01
-5.999931531162234766e-01
1.838291090367176195e-01
1.000007009214314069e+00
-1.000031237570262688e+00
-8.176310055460220827e-01
9.999629092262815044e-01
4.041257290986777773e-01
-6.000467883542380809e-01
1.000910210961450664e-01
-2.277864307305836611e-02
-2.744084670262652015e-01
-8.124715789290245516e-01
1.865929321142437425e-01
1.000599834296429375e-01
9.999434629593398904e-01
2.136994375786215594e-01
1.986874556165106886e-01
-4.064536639971315646e-01
-9.998886802742268376e-01
9.337395634468224556e-03
4.002333756016059896e-01
-8.154906125582426224e-01
1.984907829415596403e-01
9.999505705340037132e-01
-8.046907546505663866e-01
-5.998337560235249555e-01
-1.000078169509204251e+00
1.350675255920251276e-02
-3.467147873722079554e-01
-5.999592994360383180e-01
-9.822013798884410979e-03
2.184388334811573906e-01
-1.000128813676310680e+00
9.999591584383760168e-01
-8.109774981956555662e-01
4.098774402985003174e-01
-3.362730094070814912e-01
1.000050637282877020e+00
-9.999149360376269335e-01
-8.832064635291292376e-02
1.952750669864315447e-01
1.002367980426322747e-01
-8.084712007394386779e-01
-2.861621716373406454e-01
-4.699846079193903403e-02
-3.655204587503842473e-01
2.022919677689068441e-01
2.234132487016858917e-02
-6.000931195096999016e-01
-5.999092024607777240e-01
3.927813430341214329e-01
1.000101569153278414e+00
9.997785118541957505e-02
-2.705338190373732243e-01
1.858097030055555765e-01
1.000147958412804794e-01
1.000645292414604204e-01
-7.906113978535566078e-01
-5.999538333460533446e-01
-5.998132478508679810e-01
9.999681099888817482e-01
-6.003964158351385860e-01
-6.001334504763414790e-01
1.000145171065010219e+00
2.104848654654429274e-01
-8.047504931765753211e-01
3.928161841888774264e-01
3.037475650786087330e-04
1.897676432938144586e-01
-8.004582852440144114e-01
-9.997904343111361225e-01
-8.071959494161546900e-01
-1.000073852178325895e+00
9.999994303273818108e-01
1.000000905568281473e+00
-7.842679108937526955e-01
-3.052081216972188926e-01
-1.152752902978015567e-02
-8.099340440244996442e-01
1.000005318148382338e+00
-6.000233659231494210e-01
9.997842726899655585e-02
-1.000025578616614563e+00
3.889140107170389604e-01
1.815400382653362399e-01
1.000118230810344899e+00
-5.999890197629991206e-01
-6.000112450075912873e-01
-2.449139286329549969e-01
1.000042836747965680e+00
9.990857998016264285e-02
9.998862655319620263e-01
1.000001915113467588e+00
-1.000009326887227656e+00
3.802646506929961978e-01
9.998018161660296443e-02
3.956910759183037141e-01
1.001088430747641700e-01
-4.982188545742525197e-03
5.581133258200816905e-02
2.060858278643467600e-01
3.901881646254374836e-01
-7.923679213988131798e-01
-5.999592730986715861e-01
3.846414198296668197e-01
9.998679286693462620e-01
1.044913974154104558e-01
-7.939082746447263528e-01
3.982698763476525405e-01
2.460386093778571537e-02
1.814919277454564162e-01
-1.000069707631890514e+00
-2.896971409692666310e-01
4.032919406266244899e-01
1.927431156476233365e-01
4.279828296252769643e-02
9.999848267865335538e-01
1.000078933649060975e+00
9.999620117718283074e-01
1.000169177942229065e-01
6.850047041646314949e-02
-1.000306161491006929e+00
-2.123129030625718339e-01
-3.139806597583922887e-01
9.999561305559278024e-01
-8.054557387020827575e-01
-7.930621075381943941e-01
-6.000774535493592632e-01
-2.708401885361267358e-01
-1.000131214772693289e+00
2.021815456445664183e-01
1.000722458381438779e-01
-6.000242164065308081e-01
2.477984409862853815e-02
9.999480810947191101e-01
1.970762376337371613e-01
2.046974518913344809e-01
1.002128276786814522e-02
-2.871295100644172260e-01
-2.041836203043229658e-01
-2.903811314096741980e-01
4.100243294023167562e-01
-3.002579872750434364e-01
1.000226927235181140e+00
1.000217026023117795e+00
-3.847474956678995084e-02
2.151209289405332514e-01
2.135961249474457035e-01
-8.956233944246386192e-02
-2.905043581941886277e-01
-5.999884655787866006e-01
-1.000100568399519663e+00
1.931721036617083942e-01
4.110570163359689860e-02
