-6.000710203767597450e-01
-6.000676605632672134e-01
9.998968130774442686e-01
9.430731093740325754e-03
-1.000074159434415355e+00
-7.927457154698119846e-01
-6.000619168191860808e-01
1.619942177672669542e-02
-7.820879625063633656e-01
-2.513126893724134669e-01
9.989600504000899217e-02
-1.000008472137282833e+00
2.000997627754873553e-01
3.814629038276757395e-02
1.883214286559290185e-01
4.130427379226048190e-01
-9.327958283396839759e-03
-1.000094224774015661e+00
1.921511175903624913e-01
5.581229603536171395e-04
3.957452228437894348e-01
3.937924740791109435e-01
-2.708648087379937341e-01
-8.091427675704437883e-01
-1.000137925816549700e+00
3.815446485365720508e-01
-3.245337308431855416e-01
-5.999557487284571389e-01
-3.399981145599669241e-01
9.992521339577846440e-02
-9.999971414785429058e-01
-7.938661395544066579e-01
-7.821921388127573982e-01
-9.998331535362728895e-01
3.365389803284505460e-02
9.999850130268099768e-01
-9.999270100890151891e-01
1.000003472965774964e+00
4.149712821586534206e-01
-6.001273665609527797e-01
9.999439298853224356e-01
-7.888068181550346170e-01
-3.089261836806715400e-01
1.000101574125590448e-01
-3.822737246664559829e-01
3.999716048856132855e-01
9.992577110275770169e-02
1.000131234229154342e-01
1.000558267394176110e-01
1.949562160767814023e-01
-9.999838582562261546e-01
-8.069717899409216688e-01
4.036101282296392090e-01
4.074378263032786274e-01
-3.103880497638841218e-01
-9.999968980167888155e-01
-8.070067256714716919e-01
3.948831631502122685e-01
-7.961574412713823962e-03
-1.000055581943824157e+00
9.020830367097805794e-03
3.980690158935218936e-01
-1.000124663511920087e+00
-2.566588575822428275e-01
-9.999577442721544474e-01
9.981882072251860305e-02
-9.999197016591468978e-01
-3.955373333042311312e-02
-7.993898936925514231e-01
4.080920183356741560e-01
-5.999355382398954273e-01
-2.791522176592857174e-01
9.989761711033443015e-02
1.371479361468990188e-01
1.967625552084439067e-01
9.987663865296073085e-02
1.857545795955956591e-01
1.000072275512619902e+00
-3.010018189761948931e-02
-7.968397858591275140e-01
3.999973393293320689e-01
4.020493362059148756e-01
1.934248723727857167e-01
2.146461044442161126e-01
1.000185747154104687e+00
4.057208166806432481e-01
-9.997051999191347571e-01
-6.000522556936864760e-01
-1.000166562839738926e+00
-4.964794784915517456e-02
-1.000183655808048577e+00
1.000919936917126080e-01
1.000149778242761106e-01
-5.998332600090224842e-01
6.438642856443502205e-02
-7.996325615136670173e-01
-8.177789036004492473e-01
-2.494946458125724131e-01
3.991777208481440686e-01
-2.980560404469405067e-01
3.909374672234584014e-01
-7.824220538067344632e-01
-3.547723043852989422e-01
9.975674403826928494e-02
1.000334185035749446e-01
1.000051733634563789e+00
5.404490959844848036e-02
4.009407792461855413e-01
1.000313566886094213e-01
-2.433431117337923333e-01
1.903582913111642738e-01
-3.122231348065865331e-01
-5.999271915481363404e-01
9.999973078350079536e-01
4.005930661874443910e-01
2.049736108205668372e-01
9.995974970559617923e-02
9.999212016782872414e-01
-1.000020453107646423e+00
4.006474622791662554e-01
9.998723934548012782e-01
3.954388190005836967e-01
9.974138568954635242e-02
3.901660584632009598e-01
-5.998757705956172526e-01
3.981751033464118184e-01
-2.227390257314081357e-01
3.983884271565908408e-01
9.998561678190396318e-01
1.000195657240436686e+00
1.000956394778667047e-01
1.959681122367083472e-01
4.082696416477626933e-01
-7.967649768141570332e-01
9.994546744559901219e-02
9.999863461052718172e-01
9.999587005038048648e-01
-1.000054732632616128e+00
-6.000945182650698762e-01
4.013249918556835993e-01
1.003265186186584265e-02
4.155308009218056653e-01
1.000666012888601214e-01
4.020955460241409929e-01
-7.603047299200126063e-02
-3.006034434740068040e-01
-6.000634959765840382e-01
1.854765628838576375e-01
9.999407217642785062e-01
-9.999349874239106262e-01
-8.129867437480180481e-01
9.999155466471763010e-01
4.053082709016546104e-01
-6.000005510786674545e-01
1.000156612932783656e-01
-1.283484454352958049e-02
-3.561985693467736858e-01
-7.895789779689147414e-01
2.016946496384658394e-01
9.992632449398657080e-02
9.999634908813073153e-01
1.879985242902361409e-01
2.020192453359040408e-01
-3.490584930141877873e-01
-1.000054959998627258e+00
4.601408309040120465e-02
4.040203228094757515e-01
-7.883766512997661957e-01
1.937333181114734848e-01
9.999550002889907585e-01
-8.036425527471380281e-01
-5.999620871051933868e-01
-9.999210163422216358e-01
-5.722658624958120582e-02
-2.360007986595266671e-01
-5.999598582016325565e-01
-5.067372236826998139e-02
1.974418579482754565e-01
-1.000140506163374354e+00
9.999322444558168543e-01
-8.022153571035560704e-01
4.054384508365607709e-01
-2.092343629943117511e-01
1.000162484184469402e+00
-9.998753191939011575e-01
9.004129213606864440e-03
1.931420233996605784e-01
1.000365475637485374e-01
-8.222033933289988328e-01
-4.140757850999297052e-01
1.245391217066207229e-03
-2.485328268425187059e-01
1.957039095046416433e-01
6.763682638364755615e-04
-5.999909726391139397e-01
-6.000041053717752870e-01
4.095365699344452604e-01
9.999754397959133012e-01
9.989238592406028683e-02
-2.941178207888274221e-01
2.068585968793946184e-01
1.000963758220142219e-01
1.000509175525486072e-01
-7.937212066184319292e-01
-6.000453612616967192e-01
-5.999271632673984778e-01
9.999938483558835634e-01
-5.999549659512589672e-01
-6.000361470485158222e-01
1.000087460422794283e+00
2.027892824081934942e-01
-8.015227284779169459e-01
3.959384140820682019e-01
1.755517794509667273e-02
2.024298562734463958e-01
-7.860027803120740453e-01
-1.000029774132727756e+00
-8.046422723128855425e-01
-1.000014688768920079e+00
9.998778194947349762e-01
1.000025525529597115e+00
-8.043698587969609903e-01
-3.179434892246467137e-01
-1.390223214383065620e-02
-8.041286467102182201e-01
1.000035926145869336e+00
-5.998637218218048073e-01
1.001779132638648956e-01
-1.000051261556033744e+00
3.956822349433079533e-01
2.066670616803334137e-01
1.000069825947228042e+00
-5.999998143977391951e-01
-5.998667306633668206e-01
-2.913519175749413326e-01
1.000125170808231712e+00
9.998470678220594543e-02
1.000042812367553324e+00
9.999098436679697555e-01
-1.000124854477169922e+00
3.956537527382956720e-01
9.989949476029197362e-02
4.057219793566257393e-01
1.000150591500905267e-01
-4.204906088792163821e-02
-3.007803591593753018e-02
1.970540459957386970e-01
4.069657417402200994e-01
-8.024078827853515783e-01
-5.998783066985325929e-01
4.072800522604778650e-01
1.000040669585256392e+00
-6.472230853776131387e-02
-7.956942122453433131e-01
4.032487541986514157e-01
-3.613704026110634709e-02
1.978655138500228228e-01
-9.998770447771313519e-01
-2.748294703359548952e-01
4.078029580917790220e-01
2.063882683757920777e-01
-1.866686501344357735e-02
1.000124510145813606e+00
9.999984873273577435e-01
1.000070045665856222e+00
1.000652969808575737e-01
-4.550011868655916281e-02
-1.000233108381613389e+00
-2.709711478194707923e-01
-3.723913294091406034e-01
1.000072004293709460e+00
-8.015225466644529950e-01
-8.095223035710844561e-01
-6.000013336097733685e-01
-2.045555525983953626e-01
-9.999370047404154693e-01
2.146169037907694199e-01
9.988887339536337007e-02
-6.000343052664512955e-01
-2.264350699098352515e-02
9.999399878567053479e-01
1.986560467847660050e-01
1.943351055559207341e-01
-2.700260359317435688e-02
-3.149487269813846524e-01
-3.701974260540983885e-01
-4.341580834838600911e-01
3.880666239089582970e-01
-2.849068342159956080e-01
1.000238079155800319e+00
1.000035502455925762e+00
2.149976105575550356e-02
1.948619718912045218e-01
2.109983392667768853e-01
4.059313853798962590e-02
-4.072319427952738602e-01
-5.998152118420159162e-01
-1.000051501440198054e+00
2.085729159830935209e-01
-6.738879526171605294e-02
