-6.002288390716059574e-01
-5.998872430217190299e-01
9.999447042112383777e-01
1.491092502702006176e-02
-9.997837075406146301e-01
-7.883168803502101918e-01
-6.000387111171016086e-01
-4.973678706394817767e-02
-7.912376845930695346e-01
-3.274902849532004279e-01
9.994661183699253548e-02
-1.000130000383056217e+00
2.109765969689825771e-01
-1.561538232982517295e-02
2.052273505837503009e-01
4.103524164234486071e-01
-1.675055144320746967e-02
-9.997983227495225167e-01
2.026883605504494756e-01
-1.021941082378790069e-02
4.042426150520689876e-01
4.066851871536213414e-01
-3.478907582997148307e-01
-7.880900976346589815e-01
-9.998393590387093521e-01
3.989920355815159136e-01
-2.502205487027355235e-01
-6.000861732538890214e-01
-3.189914379686842327e-01
9.984880775132255748e-02
-1.000004739220297090e+00
-8.052584482234518282e-01
-8.125995000259333967e-01
-1.000040208188028856e+00
-3.343152610487348103e-02
1.000063906428109384e+00
-9.999317582572021523e-01
9.999104229513581243e-01
4.110726499131299727e-01
-5.999099981304184537e-01
1.000148261026713170e+00
-7.987123814637276942e-01
-1.883398769519771254e-01
1.000045043912571596e-01
-1.801212917335606734e-01
3.910993203686140007e-01
9.999260847695197463e-02
1.001771609538064239e-01
1.000584485967827286e-01
1.842843175701593394e-01
-9.999188327928432152e-01
-7.790576724631078642e-01
4.037983298809077470e-01
3.987141583267523326e-01
-2.244028032456166777e-01
-9.998585544955574944e-01
-8.059661828519462112e-01
4.009254741650766229e-01
-4.958239544422737843e-02
-1.000093717184319830e+00
-5.570719064613802174e-02
3.948138091058914223e-01
-9.999987486655403934e-01
-3.510611421715428282e-01
-9.997764512919617985e-01
1.000603538108215812e-01
-1.000043949126761200e+00
1.021984845111766939e-02
-8.143934999748008163e-01
4.069877276847812531e-01
-5.999703470618356071e-01
-2.967378046936550162e-01
9.987930126009271492e-02
3.255282487233440020e-02
1.881198632721674258e-01
9.989038406309194706e-02
2.053065311389768166e-01
9.999520261090344420e-01
6.325688239917685862e-02
-7.990159626297625994e-01
4.116688457052017913e-01
3.933234083077210008e-01
1.877075464726018772e-01
1.838467650584686697e-01
1.000005295468098243e+00
4.048261380933139697e-01
-9.999759660768545722e-01
-6.000988625533943965e-01
-1.000010983706522971e+00
3.041758148458217903e-02
-1.000038589448384974e+00
9.996850134132320709e-02
9.991010013677496804e-02
-5.999795608760947196e-01
-4.192557504872209545e-02
-8.028096095664852827e-01
-7.980478894007174695e-01
-2.486274600546024005e-01
3.958228657121176663e-01
-3.720019639306853532e-01
4.103852056725125763e-01
-7.837098907491385491e-01
-3.418891914078628913e-01
1.001195902774702357e-01
9.992652489460074339e-02
9.999233499273715298e-01
-3.646028027138929067e-03
4.027310722943046040e-01
1.000407056249320720e-01
-3.534693825586624483e-01
1.909458886054272719e-01
-2.931630055235195376e-01
-6.001281513623719643e-01
1.000246993893041392e+00
4.025129620947539011e-01
2.146088206413101496e-01
1.000167450854180101e-01
9.998832134452556586e-01
-1.000006288140157240e+00
3.989305592382533794e-01
9.998369077710851371e-01
4.017105693774166708e-01
9.990094357716154672e-02
3.998320697661431056e-01
-6.000668478286986796e-01
3.916767319600944486e-01
-3.086118490793025027e-01
4.020722421837206739e-01
9.998698053905450411e-01
1.000073528081150354e+00
9.982571560476956318e-02
2.012174558355489251e-01
4.047092494804624407e-01
-8.163373483888911597e-01
1.001343330172753121e-01
1.000022188236043608e+00
1.000002945463951853e+00
-1.000032980778349678e+00
-6.000362091665132347e-01
3.878573508347798460e-01
-3.362450678245898494e-02
3.993423779145791608e-01
9.993230733122564213e-02
3.893441348219079390e-01
-7.601817807399541271e-02
-2.722835692591826229e-01
-6.000411853472927826e-01
1.962225279885444484e-01
1.000072435372302726e+00
-1.000114839386721188e+00
-7.910786835302624498e-01
9.999578876407380079e-01
3.941961023603632319e-01
-5.999948754431870812e-01
1.000098996335134771e-01
-2.785746975640002784e-03
-2.412390966361576961e-01
-7.963901550200871426e-01
1.986098534962565110e-01
9.996729199118804809e-02
1.000081164130402156e+00
1.826113357778311741e-01
1.973467499320225582e-01
-3.052864648276318316e-01
-9.999527195597455176e-01
-5.396385366728615428e-03
3.988704597909191740e-01
-7.892133179242855068e-01
1.929785652781668415e-01
1.000208691980841502e+00
-7.977805269100577412e-01
-5.999870781483415128e-01
-9.999669584112768073e-01
1.075955542998358050e-01
-3.018881712190410460e-01
-6.001202698408449887e-01
8.769201496414927299e-02
1.830975792605012142e-01
-9.999812193876341793e-01
9.999268405726624565e-01
-8.042119290564986311e-01
3.992134986992340595e-01
-2.268510591406799337e-01
9.998371712411044943e-01
-1.000097964197426803e+00
-1.984877547188952998e-02
2.102130937309608927e-01
1.002771046724910964e-01
-8.166479063122291659e-01
-3.245344642393969692e-01
1.007933651926582082e-02
-2.471617509934915247e-01
2.066111116772175460e-01
6.354164092042090262e-02
-6.000068711759255491e-01
-5.999591484501165528e-01
4.004462417560452625e-01
1.000159100185633143e+00
9.996876130343156086e-02
-2.359449927462983210e-01
2.137054215473397911e-01
9.996206698236985433e-02
9.996266088559060958e-02
-7.926674024232243099e-01
-5.999114984548676865e-01
-5.998187860490115098e-01
9.999508616848693521e-01
-5.997072740877111841e-01
-5.999984486498115555e-01
1.000010300662785623e+00
2.163625606002967661e-01
-7.974721956085843999e-01
3.976562712658969767e-01
7.060262626832504440e-02
2.118552339960504960e-01
-7.895312451672771292e-01
-9.999580853144617310e-01
-8.072754913191291237e-01
-9.999944150733527382e-01
9.999809326514575991e-01
9.998448896069549452e-01
-7.900558791629858080e-01
-2.658842619359414461e-01
-3.256015963677556802e-02
-8.023153366510925588e-01
1.000068698699902336e+00
-6.000540797115433422e-01
1.000536842981739338e-01
-9.998888462324658777e-01
3.958822126390252882e-01
2.045942060760252978e-01
9.999014523229139417e-01
-5.999357664919586774e-01
-5.999924210235664246e-01
-2.761481022343031944e-01
9.999863907996460188e-01
9.999143950055584817e-02
9.999324591971086029e-01
9.999164620132318104e-01
-1.000108388300263940e+00
3.987719690040700260e-01
1.000833171116670695e-01
3.879263510643243817e-01
1.001255959503407483e-01
-7.424575704934521792e-02
-1.221934620387283704e-01
2.112661780534278722e-01
3.939177200463718775e-01
-7.945813860561740105e-01
-5.999944757810605767e-01
3.991955229290196083e-01
1.000013365196296800e+00
1.272229077451715075e-02
-8.094886720349504516e-01
3.916811275648769963e-01
5.221718570537670079e-02
2.017072964125750101e-01
-9.998174140059366000e-01
-2.888735474165498029e-01
3.847947519382514669e-01
2.058765836373646629e-01
7.242222595043090738e-03
1.000136038544300332e+00
9.998355087436514577e-01
9.996731114383133887e-01
1.000904968911204840e-01
-9.500371939774526764e-02
-9.998060614005435109e-01
-2.882267892112714835e-01
-3.664647010339123212e-01
1.000031628033243525e+00
-7.908457455915176570e-01
-8.051136627782606858e-01
-6.000318029857166779e-01
-2.084904431374297040e-01
-1.000275201557315974e+00
2.171490717680386040e-01
9.991801991620727352e-02
-5.998953549588680323e-01
1.328176635173607990e-02
1.000062707128302586e+00
1.958228256659236000e-01
1.995760718344476714e-01
-4.212019113528690101e-02
-2.917858653518090040e-01
-2.659174286971073276e-01
-3.105396313782745610e-01
3.833728669493108865e-01
-3.002644052560856647e-01
9.998591712932348718e-01
9.997718722278473580e-01
-7.023787648019895469e-02
2.124887435178280937e-01
2.052693877815051360e-01
-1.136274939383415290e-02
-3.486700532916195971e-01
-6.000441209380701357e-01
-1.000012163665580989e+00
2.163869387641627895e-01
-1.744834623620001787e-02
