-6.000283843383054094e-01
-5.999017504350874219e-01
9.997977544152609752e-01
-8.226539921141895473e-02
-9.998796697714606996e-01
-7.916886315082247716e-01
-5.999462797948430515e-01
2.006209286512019435e-02
-7.895609971297932184e-01
-2.967028062104928865e-01
1.002767543919296372e-01
-9.999490012878947676e-01
1.874608718289165477e-01
-4.800338107800702220e-02
2.136798918852920448e-01
4.004820825434751153e-01
1.546793732577165245e-04
-9.997962558901378749e-01
1.806248575606723139e-01
3.045265427851419349e-02
3.823547614809073569e-01
4.019514294245993269e-01
-2.741750361358012977e-01
-8.014659183560601807e-01
-9.999645839073361131e-01
3.889599478733697935e-01
-3.321111105823156828e-01
-6.002777630125688546e-01
-2.602126763816297594e-01
1.001308839767093839e-01
-1.000022067719833041e+00
-8.068452383071083034e-01
-7.944933159574865122e-01
-9.999462759538529921e-01
-5.401690113617974021e-02
1.000107117135703882e+00
-1.000214093829861595e+00
9.999540589716290340e-01
4.020678134032218964e-01
-6.001216381302011404e-01
9.998886771398559636e-01
-8.000329141971047608e-01
-3.014854911878799282e-01
1.001344580767850878e-01
-3.305405217129251949e-01
4.129773063231474972e-01
1.001140750828659054e-01
9.974238034447130419e-02
9.986649908188344194e-02
2.118755518151246298e-01
-9.998300275010020277e-01
-7.956060264664090997e-01
4.055289890859644641e-01
3.932240786818190226e-01
-3.084826079778366092e-01
-1.000032815163419242e+00
-7.984361340217313030e-01
3.926322010736967294e-01
-6.239760131329050163e-02
-1.000085183850459636e+00
-9.467424820094942628e-02
3.984222719595469364e-01
-1.000009574743371932e+00
-3.129221253358761001e-01
-9.999306622063087735e-01
9.994179825610996493e-02
-1.000128385852819601e+00
-4.436654454176353068e-02
-7.974613760992452782e-01
3.997712317752506461e-01
-6.000899375083681431e-01
-3.090084008300908458e-01
1.000323178702189064e-01
-5.518077756062925859e-02
2.061438232499735734e-01
1.000470504749509798e-01
2.003555327187257207e-01
1.000151242457163248e+00
1.280889390631782809e-01
-8.021912598472357159e-01
3.969186311639968934e-01
4.090985923860795404e-01
2.084342747848021427e-01
1.867884331221019156e-01
9.998558563723404236e-01
3.945674300698444603e-01
-9.999746795085774353e-01
-5.998736809647630119e-01
-1.000087479051914752e+00
-7.797363916003913209e-03
-1.000023291318562935e+00
9.997697250909989841e-02
1.000259959601433879e-01
-5.999871309215072390e-01
1.469388118463102900e-03
-8.027277986953121891e-01
-8.004707513003768149e-01
-3.430434564972400513e-01
3.948472603413282211e-01
-3.110653412206395574e-01
4.077138584788423947e-01
-8.027762869055773409e-01
-2.185908871135183174e-01
1.000107881406274435e-01
9.992025242054998480e-02
9.999203194782420034e-01
-6.085856823775247920e-02
3.813235474635574551e-01
1.000082183393408292e-01
-3.511717511191976837e-01
1.775964091218585339e-01
-2.566197670917056417e-01
-5.999892171272444008e-01
9.999963248231682478e-01
3.912198495376735807e-01
1.873858512732399784e-01
9.996934732062193185e-02
1.000173366646920359e+00
-1.000066501667990382e+00
3.955867764584746205e-01
1.000103250848854319e+00
4.090823209566321061e-01
9.995084963395224620e-02
3.888314972507823097e-01
-6.000046339209060831e-01
4.005500499400756476e-01
-3.044278004229427625e-01
3.967542978454540181e-01
1.000054449187093741e+00
9.999268334368855982e-01
1.000508203725285067e-01
1.971694309400503220e-01
3.860026896140527630e-01
-7.945169491359340697e-01
1.000049763084926852e-01
1.000075903771054042e+00
9.997954841526081049e-01
-1.000014219597737064e+00
-6.001081500791036749e-01
3.872461705605104720e-01
-2.770091467554518239e-02
4.071795866259890206e-01
9.998475472067165637e-02
3.906096521394102350e-01
-7.919336951942390623e-02
-3.103610415009228074e-01
-6.000693726372434700e-01
1.924251974059236203e-01
9.999417329995098358e-01
-1.000058071154729111e+00
-8.005931467266713675e-01
9.999161681245566369e-01
4.024316401193057113e-01
-6.000166871260004253e-01
1.001376779800848826e-01
-3.835920564720526893e-02
-3.251970941782430513e-01
-8.152426829099966854e-01
2.045290434681894809e-01
9.998758696946444258e-02
1.000039427144329141e+00
2.175106169144488122e-01
2.103638836843480797e-01
-2.652571626172890440e-01
-1.000084064249676885e+00
-4.740772750019514245e-03
4.152005096652545690e-01
-7.990426246781955344e-01
1.966111424151530396e-01
1.000024676322322392e+00
-7.987610027704957760e-01
-6.002079333399881200e-01
-1.000236897106519640e+00
1.849964401624937249e-02
-3.560868982455948073e-01
-6.000273885919585881e-01
-2.256550998276316694e-02
2.149323866840261166e-01
-9.999499128981056417e-01
9.998957556812340108e-01
-8.138539746564437127e-01
4.000774702286439277e-01
-3.275964784366278137e-01
1.000036594432812898e+00
-9.998751943654875518e-01
-7.443632375232843434e-02
1.912377506820839568e-01
9.994710477999145526e-02
-8.013280600729062453e-01
-1.767854066606789343e-01
-1.323664995764198271e-02
-3.784358697627230872e-01
1.831891290567895514e-01
-3.848625477054491706e-02
-5.999183766581928090e-01
-6.000150261335389645e-01
4.018520553718216703e-01
1.000206828781475599e+00
1.000234089636425766e-01
-3.457736532118637629e-01
1.974188788068976241e-01
9.993669391946510827e-02
1.000716158228021624e-01
-8.022353303009084335e-01
-5.999383035300336342e-01
-5.998906586468504276e-01
9.998696697953006751e-01
-5.998884825507797558e-01
-6.000157930488287938e-01
9.998897130792823162e-01
2.241036785862129954e-01
-8.046256674456592206e-01
3.805139905898021757e-01
-3.538317629313129931e-02
2.013998312958247272e-01
-8.014783146100790123e-01
-9.998396565305571748e-01
-8.109700547969707074e-01
-9.999475495982068640e-01
1.000026975151921071e+00
1.000080209868320802e+00
-7.985924765230941746e-01
-2.383852979025953278e-01
4.710858711616135869e-02
-7.973453639041826468e-01
1.000029526139841751e+00
-6.000187109205138425e-01
9.988479775596990906e-02
-1.000088447729177599e+00
4.099099867363988903e-01
1.834260092753302873e-01
9.998622985163654331e-01
-6.000534835865798389e-01
-6.000926552836987060e-01
-2.353124753729950447e-01
9.999155443219437389e-01
9.998954138555388171e-02
1.000068849399179172e+00
9.999490817548010169e-01
-1.000040371887303436e+00
3.828586593716051256e-01
9.989284869683230650e-02
4.079374954886151872e-01
9.992289552613313475e-02
7.826151260508151797e-02
2.976732618296079602e-02
2.027257755271874573e-01
4.014986197565933446e-01
-8.006916647069532988e-01
-6.000186642661380354e-01
3.873274299929733155e-01
9.999841805928222360e-01
6.514859921836678447e-02
-8.003685117701361262e-01
3.964239301808026861e-01
6.430198050541589827e-02
1.944283374114660901e-01
-9.998071041809242221e-01
-3.805971812440441804e-01
4.118701999483507237e-01
2.030270560758616893e-01
4.816943362386769817e-02
1.000017145354464621e+00
1.000028031536100315e+00
9.998985826846679137e-01
9.979201345131323564e-02
6.576244941961907620e-02
-1.000157937849987855e+00
-3.042269650210505105e-01
-3.035365283232789868e-01
1.000018814624069163e+00
-7.887906762898314605e-01
-8.065381343323194674e-01
-5.999630203278376595e-01
-3.254734293124142974e-01
-9.999516989039417547e-01
2.037589014427063916e-01
9.997639741026317917e-02
-5.999288290660772516e-01
-3.567134502058524892e-02
1.000045353004598070e+00
2.135896333793596003e-01
2.042015447481756452e-01
-1.586660652328168372e-02
-2.364579204356221653e-01
-3.461406075021792317e-01
-3.500272577823556053e-01
4.101963481629704589e-01
-2.124886195572637249e-01
9.998631895986694884e-01
1.000015402203263681e+00
-1.015243055383207998e-01
1.840530977121684064e-01
1.957055009619269037e-01
1.841694807729675129e-02
-3.120073248264998989e-01
-5.998663770198384704e-01
-1.000013938687094317e+00
2.007584032049597733e-01
5.711794074962781020e-02
