-5.998226714925084524e-01
-5.998884159509029201e-01
1.000086910391852157e+00
-1.531984307713655513e-01
-9.999597126883472686e-01
-7.847699156098992823e-01
-5.999462285781714810e-01
6.447631547765096671e-02
-7.996167299130728656e-01
-3.030149150804845593e-01
9.995901890391806210e-02
-1.000122028426633669e+00
2.073386181915254645e-01
-7.899498876814443557e-03
2.217551661901692173e-01
4.045932987265197234e-01
-1.020837621580441834e-01
-1.000118025354593376e+00
2.086248697235977001e-01
2.439299853401709784e-03
3.930106810875260148e-01
4.093450858564601225e-01
-3.854489239110944210e-01
-8.125857565895572288e-01
-9.999569385847120184e-01
4.045617515607310977e-01
-2.835866237264931811e-01
-5.999940446993360377e-01
-3.131171707558367823e-01
9.993348221729650427e-02
-9.997950261505101910e-01
-7.882288120906658646e-01
-7.963818859059867972e-01
-9.998306529024333367e-01
-3.591760375564879287e-02
9.999517951933110105e-01
-9.999582938411162303e-01
1.000133131086496707e+00
3.862924386784548636e-01
-6.001536977452496258e-01
1.000057976852296360e+00
-7.970398884065887923e-01
-2.823706075549046735e-01
9.998084955542359265e-02
-2.586484978555967928e-01
4.112723971986039784e-01
1.001198446205525949e-01
9.992415530031949211e-02
9.996265121529773756e-02
1.969825524064768019e-01
-1.000086928798122221e+00
-8.069939460435939793e-01
4.106904838143830561e-01
4.114182376375973282e-01
-3.134882172574487424e-01
-1.000023275075470064e+00
-7.938202123022481960e-01
4.044024813914366412e-01
-5.504768205425968758e-02
-1.000072456522037578e+00
-1.092033635071417291e-01
3.995614932743257186e-01
-1.000029575245332314e+00
-2.273700430834895703e-01
-1.000080201515354483e+00
9.998055828400009837e-02
-1.000106368265909484e+00
7.120010394995422709e-02
-8.101662049636286778e-01
4.008108096077153681e-01
-5.999990242277226660e-01
-3.828195726932234755e-01
9.998033131128410134e-02
-2.998197671374430370e-02
2.020259602787163045e-01
9.994100792498152031e-02
2.190367395505958548e-01
9.999375073003694547e-01
5.347164962766996939e-03
-8.047735444320075482e-01
4.075660292786247862e-01
4.102346492979648263e-01
2.085478565798203621e-01
2.024496587893386546e-01
1.000015524016979462e+00
3.977713009114610676e-01
-9.999649079640215987e-01
-6.000289929317539350e-01
-9.999418159984647669e-01
6.800340416733188093e-03
-1.000104084622825518e+00
9.990336138168824653e-02
1.000371157387574123e-01
-6.002701081710681841e-01
2.435753757020953092e-02
-8.021181952912497248e-01
-7.953017592467794827e-01
-3.026915805807045001e-01
4.067412533342883441e-01
-3.682557929619583170e-01
4.204405812237451134e-01
-8.026032040533678247e-01
-3.110863595734027487e-01
1.000336437148700436e-01
1.002735232388337755e-01
9.999738707764858070e-01
-5.944966274356704855e-02
4.011370586901678581e-01
1.001158762687930359e-01
-2.891900279464428292e-01
2.016790788674570623e-01
-2.736501594953362204e-01
-5.999229507803006678e-01
9.998324582960418372e-01
3.875401836227945207e-01
1.984826799795714469e-01
9.998680724546142595e-02
1.000006581240204806e+00
-9.999691251331389585e-01
4.110315705771331318e-01
1.000036390648556983e+00
3.984601434420365074e-01
9.984458086059297410e-02
3.855969508569677129e-01
-6.000708882809071554e-01
3.882099871611506270e-01
-3.365200190312167550e-01
4.245664441850731108e-01
9.999982765400120543e-01
9.999748838915114568e-01
9.999348554225608032e-02
2.013325109525616052e-01
3.991923793936690834e-01
-7.932166293050634254e-01
9.989541047932271045e-02
9.999433715463340588e-01
9.999392928937452796e-01
-9.999069664583849493e-01
-6.001264255286004046e-01
4.026034522560879569e-01
5.889491430234187336e-02
3.794462487990408750e-01
1.002027189542661484e-01
3.994215882171712195e-01
8.913491143895009572e-03
-2.894487158865529097e-01
-5.999007794857341702e-01
2.032242736223946467e-01
9.999462044694822360e-01
-1.000083240841245447e+00
-8.146887394776517466e-01
1.000057199239740235e+00
4.069656215683193357e-01
-6.000375615654530703e-01
9.993466563755522281e-02
4.405112235548729743e-02
-4.055938699436071326e-01
-7.887915745741322926e-01
2.052392203271424798e-01
1.000311410275840363e-01
9.999516844607559962e-01
2.106946450829152440e-01
1.900776950679185784e-01
-2.630489848176056911e-01
-9.999042763406233991e-01
1.032019488610698942e-02
4.051410262438117638e-01
-7.877539703810820804e-01
2.015838033236019844e-01
9.998644270247757371e-01
-7.915716985132823513e-01
-6.000466476774998226e-01
-9.998351615602235620e-01
-1.102094412854497107e-02
-3.037054206877853879e-01
-5.999429386826137245e-01
-4.363313923329467658e-02
2.069271305710558839e-01
-1.000043902493879422e+00
9.999367823555588286e-01
-8.075507507229623405e-01
3.817336753170103569e-01
-2.418662752675921901e-01
1.000034596839248335e+00
-1.000261837707045354e+00
-7.385979660393059143e-02
2.077105244871299827e-01
9.995545431435075290e-02
-8.105596417313826185e-01
-3.465357308411044501e-01
6.372473960563244944e-02
-3.910089469481837776e-01
1.788318858108106091e-01
-6.669225040641890874e-03
-5.998778924390792966e-01
-6.000140203255279747e-01
3.955171751674577130e-01
9.999954618480195734e-01
9.980367291423322684e-02
-3.392733475537471621e-01
1.978744874682419330e-01
1.000327124704155496e-01
1.000952199149522243e-01
-8.161721258562777415e-01
-5.997527118337709906e-01
-6.000643594045138585e-01
1.000084149641787823e+00
-6.001603018441785675e-01
-5.999934180710225773e-01
9.999306226734575587e-01
1.899433591664251020e-01
-7.986217120610950015e-01
4.006691183149468927e-01
-6.066157835025481893e-02
1.944721883845901833e-01
-7.948903019563824390e-01
-9.998887400694101979e-01
-7.941105925893133799e-01
-1.000106192571068808e+00
1.000022259176382544e+00
1.000167855175019049e+00
-7.885580614702027979e-01
-3.460270798342361398e-01
1.119104316080480888e-01
-7.997300591870590836e-01
9.999055952628322919e-01
-6.000862517419232045e-01
1.000569971776808925e-01
-9.999984687320478960e-01
4.088929654040041051e-01
1.970210159253975857e-01
9.998209442796665014e-01
-5.998964782749911517e-01
-6.000177106144525263e-01
-3.365822453444715090e-01
1.000086785151584223e+00
1.000678397595848312e-01
1.000010620197118394e+00
1.000157710825841262e+00
-9.999051681705531935e-01
4.026672431140509989e-01
1.000463008058673081e-01
4.006328587720315304e-01
9.999417757089980319e-02
-9.401098293105039638e-02
-3.979700078529240653e-02
1.960770897856167483e-01
3.985002677285202077e-01
-8.024667946297070475e-01
-5.999268311448170410e-01
3.992762703792961942e-01
1.000013873781195883e+00
-8.803381918452828645e-04
-7.880334662300609860e-01
4.145357204677233010e-01
8.845349619390071097e-03
2.104937192520323630e-01
-1.000067742308306862e+00
-2.778543442730607715e-01
4.134360329290144853e-01
2.085104182485062185e-01
-3.259561912428216111e-03
9.998929132037928103e-01
1.000085907409993036e+00
1.000136592053360918e+00
9.996385646543558268e-02
-7.003642996850209523e-02
-9.998673025472714082e-01
-3.371330821827593360e-01
-2.367478396428750465e-01
9.999367996633605760e-01
-8.048960722626189446e-01
-7.931364549581942924e-01
-5.998161372894270649e-01
-2.289341060475080236e-01
-1.000065360076317633e+00
2.014454011919301624e-01
1.001019472317365155e-01
-6.000765156198765160e-01
-2.649010042099285422e-02
1.000189539988607379e+00
1.900416975571603273e-01
1.959059984774339791e-01
2.632953371867541997e-02
-3.088081298132170915e-01
-3.303919181858959164e-01
-3.111716633044327995e-01
4.083779987252835197e-01
-2.005428932512990647e-01
1.000158302451825909e+00
9.999549118904813572e-01
4.589668723986024129e-02
2.014423621075431825e-01
1.861774133787706120e-01
-1.185166226183182181e-01
-2.882649958831597914e-01
-6.000924440369230783e-01
-1.000119379767837602e+00
2.094928509063083699e-01
-4.576775380544376159e-02
