-6.000870170655032698e-01
-5.999143220207500127e-01
1.000077301030271926e+00
-3.826258593630185723e-02
-1.000021196675559221e+00
-7.798365873839898654e-01
-5.999497571413270336e-01
-4.502163573535239438e-02
-7.958825824730368925e-01
-3.037127311452542111e-01
1.000567399478738406e-01
-1.000010060781347354e+00
1.848268271553600017e-01
2.723244512522166039e-02
2.120280644756870059e-01
3.923961227606904689e-01
-1.054235917080723062e-02
-1.000060427415138120e+00
1.992628538657204851e-01
6.606964437287783654e-02
3.833293371777097835e-01
3.748096337806834932e-01
-2.029125784637004770e-01
-8.063091623711966527e-01
-9.999351600453809663e-01
4.077896364118041572e-01
-3.538688956119229734e-01
-5.999716726141579581e-01
-2.824105536511412606e-01
9.991753733593707054e-02
-9.999016953300985389e-01
-7.964547132847347166e-01
-7.968190056408792632e-01
-1.000029974799874433e+00
-3.959335331345339992e-02
9.999471253988828634e-01
-1.000033788849516991e+00
1.000032996018600961e+00
4.050317713286100685e-01
-6.000644156362050508e-01
1.000064356724104542e+00
-8.029262514373147752e-01
-3.372583442442741442e-01
9.997938236733215633e-02
-2.951594481060592079e-01
3.955788434347711213e-01
9.981466606172051392e-02
1.000104115008687983e-01
9.996186546906667136e-02
2.066803679376219283e-01
-1.000049657140064774e+00
-8.000252772129445855e-01
4.090485074467727911e-01
3.956176730169036482e-01
-2.265879509961847282e-01
-9.999755425396313901e-01
-8.061104969943262422e-01
4.091159626917372782e-01
5.656720221688549093e-03
-9.999366990916600528e-01
-1.034163066728865238e-02
3.986099613601548075e-01
-1.000042156389005177e+00
-2.672047535966252663e-01
-9.999669357800375913e-01
9.978949040894734279e-02
-1.000044578756552838e+00
2.721771897615882230e-02
-7.869272563718492375e-01
4.018921801475544564e-01
-6.000646520342087786e-01
-3.148067503200241424e-01
1.000416341161809441e-01
6.847273829069543127e-02
2.058947082206028789e-01
1.000389082260515206e-01
2.023663397864981228e-01
1.000006535256824369e+00
8.226231990342387779e-02
-8.036959773174662258e-01
4.155684939727392058e-01
3.941108106212385942e-01
2.071960744734935855e-01
2.092945532701793732e-01
9.998984497221888867e-01
4.118948466986883661e-01
-9.999551246229333445e-01
-5.999666201399158627e-01
-9.999707831408402026e-01
3.175995754963810425e-02
-1.000007041046977019e+00
9.990540965082536640e-02
9.990803340841002134e-02
-5.998173782913570617e-01
-9.745151028847584551e-03
-7.898428451584024179e-01
-8.101788475538156398e-01
-2.528511091592488547e-01
4.002332690486608557e-01
-3.018281445490944570e-01
3.959936575670798264e-01
-8.229417633312735569e-01
-2.694581243450599461e-01
1.001178828016101724e-01
1.002909953378701563e-01
9.999978804628070206e-01
3.319704908735781473e-02
4.144727601558904073e-01
1.000511661355557996e-01
-2.604370150964196995e-01
2.044803598540194667e-01
-3.220651174335341649e-01
-6.000097268778769033e-01
1.000164896121723546e+00
4.047682751166545856e-01
2.098430072409355751e-01
9.995863245357197724e-02
1.000027283263521527e+00
-9.999007533627000122e-01
4.056156409038143562e-01
1.000130632019839094e+00
3.869372465928579974e-01
1.000925392425248556e-01
4.081895541177432696e-01
-6.000747806996939993e-01
3.905805480489781822e-01
-3.357283014799263832e-01
3.792806002173183533e-01
9.999881349778949602e-01
9.999569098978992043e-01
1.000946328117298112e-01
2.001223017830726369e-01
4.041767437840580457e-01
-7.936588367812104083e-01
9.991177963718621269e-02
9.999476501901262138e-01
9.999199948638383129e-01
-1.000136511412125007e+00
-5.999245480213986070e-01
3.982236504777506569e-01
7.958509713085214904e-03
4.002137255172560915e-01
1.000354194686634418e-01
3.996118553465293766e-01
-6.275543412793503639e-02
-2.833055639941096659e-01
-5.999326288992976597e-01
1.927389469029986147e-01
9.998478374741671670e-01
-1.000016099507621714e+00
-8.120006900894535251e-01
1.000081796822444913e+00
4.089094364481158927e-01
-6.000469090746132217e-01
9.994792887702498574e-02
-7.763029242335932334e-02
-3.148100102073768669e-01
-8.092908419530184805e-01
2.113306438414097321e-01
9.986409822012590198e-02
9.999211797984379757e-01
1.997140279632253490e-01
2.063088742304645118e-01
-3.452804913576867363e-01
-1.000136402428769555e+00
-2.359169795346607867e-02
4.068844017714124961e-01
-8.000640009064481362e-01
2.053174849964323756e-01
9.999637038181632409e-01
-7.918859283221827416e-01
-6.003144404151448121e-01
-9.998687833513812961e-01
4.906609690260523016e-02
-2.475579553865304150e-01
-5.999469683485890714e-01
-8.214948618841275141e-02
2.004356183416151072e-01
-1.000129983029895975e+00
9.999475477749457664e-01
-7.943220192822204595e-01
4.083346243989169344e-01
-2.748018472070895002e-01
9.998232957518679020e-01
-1.000083670160350380e+00
4.213264221760345402e-02
1.928027744947850286e-01
1.001062892563658463e-01
-8.073820567747398425e-01
-3.325027730663337455e-01
-1.076976962875756394e-01
-2.901263875363624956e-01
1.985486229415499571e-01
3.028571883670740442e-02
-5.998410316449741542e-01
-6.001593748616170787e-01
4.114517469092125457e-01
9.999844768035691667e-01
9.991665357770725120e-02
-2.720279271676237509e-01
2.193930470201404803e-01
9.995391073569892537e-02
1.001666865177474747e-01
-7.865653892056553298e-01
-5.998637213162698600e-01
-5.999860342670139124e-01
1.000057372672140232e+00
-6.000028432363715414e-01
-6.000191955535224553e-01
9.998645336622622448e-01
1.980498082346949240e-01
-7.843209329701084087e-01
4.068587646861068774e-01
2.858556564588700735e-02
2.003983869215334723e-01
-8.001921166357962578e-01
-9.998962458693381183e-01
-7.980080929953607960e-01
-9.999887785888936786e-01
9.999600907884588219e-01
9.999504889243899797e-01
-8.049251614044973246e-01
-2.666853895565357013e-01
-1.303022428898507890e-01
-8.208195572493836023e-01
1.000029273778712424e+00
-6.001296685360690830e-01
1.001560440797774204e-01
-9.997938342512643350e-01
3.906889656886334827e-01
2.092500259568011445e-01
9.998839763223511534e-01
-5.998943114825644463e-01
-5.999651534005042697e-01
-3.143343391836609380e-01
1.000026444698767447e+00
9.978868285525142878e-02
1.000003103276376315e+00
9.999154539837736833e-01
-1.000091540611902197e+00
4.080772612437041924e-01
1.001071258462641889e-01
4.102133914203523468e-01
9.985697354285509586e-02
1.081010005700475292e-02
9.067886400625177826e-03
2.080566173807615882e-01
3.936891147651483958e-01
-7.986070028663917464e-01
-5.999017217948082736e-01
3.998212560650816760e-01
9.999266141462723745e-01
-9.544358312499232055e-02
-8.147016368264472508e-01
4.223724913014230697e-01
-5.938026388478672563e-02
1.692990859899228817e-01
-9.999068820788860057e-01
-2.757975101108224303e-01
3.961694436069461700e-01
2.027294019948691906e-01
4.378452120363091581e-03
9.999992597738840416e-01
1.000081651637795277e+00
9.999268649391532815e-01
9.999669106549397002e-02
4.678429437447870903e-02
-1.000094132731232266e+00
-3.416983232435694129e-01
-3.255377927623244183e-01
9.998731546889507715e-01
-8.044666720767036372e-01
-8.084816056454550148e-01
-6.000981158699093543e-01
-3.584166330526105670e-01
-1.000146434370852599e+00
1.895016872032676825e-01
9.994228923226015915e-02
-5.999969102446529590e-01
-1.583923769081941463e-02
1.000047668451729876e+00
2.123689772265096587e-01
1.906922389143593521e-01
5.012824780929475699e-02
-2.789976110852617208e-01
-3.129778261061179623e-01
-2.343641908642863925e-01
4.092375758142021702e-01
-3.620370435760414951e-01
1.000007637916503267e+00
9.999414324435065282e-01
-9.933452688662598468e-04
2.012757360813977048e-01
2.011068072184159228e-01
1.174267042318880711e-02
-3.044445188752901710e-01
-5.999697257096029412e-01
-1.000128459381640855e+00
2.058339792674796498e-01
9.843465491805744594e-03
