-6.000373852577325362e-01
-6.000874259408579547e-01
1.000051466379076492e+00
-3.013327676275630654e-02
-9.999617265361178120e-01
-8.115102906416971074e-01
-5.999526769441688723e-01
2.675685821320250568e-02
-7.954146884140913532e-01
-3.504317273325231463e-01
9.999843117960584282e-02
-1.000014566345539313e+00
2.196932507591324302e-01
-7.402146508706583658e-04
1.825249872858244193e-01
3.974593323232131770e-01
3.845976650556066911e-02
-9.999425653613329690e-01
1.893659302877427897e-01
-3.676861497333557688e-02
4.048568487155736473e-01
4.103598226170581120e-01
-2.276305712786854674e-01
-8.110541803826866181e-01
-9.999360015188859530e-01
4.123927110313404532e-01
-2.816642278881797967e-01
-6.000308693770305402e-01
-3.357944236996797671e-01
9.983746644406531201e-02
-1.000115599819762835e+00
-7.933908949968944135e-01
-7.948272746404227984e-01
-9.999332894303117891e-01
1.216629306335138411e-01
1.000010832782944892e+00
-1.000028817013614013e+00
1.000030834229262755e+00
3.878926844690709363e-01
-6.000013986224573825e-01
1.000077808500919874e+00
-7.978910685330312669e-01
-3.530197115688497034e-01
9.989583300107830743e-02
-2.530770048506283398e-01
4.162658582305908128e-01
9.989594628543062294e-02
1.001340834730368445e-01
1.000183945923696915e-01
2.066605815502453869e-01
-9.998925051596985192e-01
-8.023924873226921939e-01
3.985673666705731866e-01
3.954773414312339752e-01
-2.976918883713363662e-01
-9.998343312471433819e-01
-7.956082777355349966e-01
4.012544581435090740e-01
1.212831897275082338e-01
-1.000096204779632014e+00
-1.502012784784057843e-02
3.979056483774341957e-01
-1.000127456797972547e+00
-2.702049532764677631e-01
-1.000213439811487692e+00
1.000335323525733677e-01
-9.999118927318625394e-01
3.845140849093062196e-02
-8.020835825393599627e-01
3.943375875907204620e-01
-6.000276193453867313e-01
-2.359094509259521133e-01
1.000065959515948205e-01
-2.852755552450511600e-02
2.077295832078134841e-01
9.982140736538432091e-02
2.071902145743823032e-01
1.000058976983728920e+00
-3.808954734361678484e-03
-7.989335976213929325e-01
3.985523052362881513e-01
3.848236342405023658e-01
1.811353473604973008e-01
2.027472561308448495e-01
1.000087188615450540e+00
3.988297634426207772e-01
-1.000089658066607212e+00
-6.000001521380680103e-01
-9.999736054957799603e-01
-1.741730129395591131e-01
-9.999356290570545758e-01
9.992135802857161908e-02
1.001105228561668115e-01
-6.000761405011353355e-01
5.118592432909038759e-02
-7.983197192784845519e-01
-8.055075424992975686e-01
-2.784214586863891228e-01
4.013536473895820689e-01
-3.150535424160089693e-01
3.981117680575063655e-01
-7.951134766614477156e-01
-3.205557695524140494e-01
1.000663766180511227e-01
1.000083965862824803e-01
1.000002232312989792e+00
-2.518108590679897507e-02
4.080733387072095764e-01
9.997516715430788958e-02
-2.876700258634830587e-01
2.049162123697880755e-01
-2.941540788672593609e-01
-6.000964384258251627e-01
9.999787638324771910e-01
3.978508428979495304e-01
2.020223722020279555e-01
9.993775435982424349e-02
1.000105638456267876e+00
-1.000134275153063301e+00
3.815719517781582248e-01
1.000082126989774611e+00
4.089536700626553167e-01
1.001061330787696435e-01
4.104391402349858442e-01
-6.000744387415127834e-01
4.039316054363663033e-01
-2.518934312080591265e-01
4.014830079754956871e-01
1.000093331055059265e+00
9.998911157235464975e-01
1.001741616272007612e-01
2.115826631913817757e-01
3.994745705822257964e-01
-7.969079660542685017e-01
9.976934349804200686e-02
1.000169594635226922e+00
9.999593483110800207e-01
-1.000023355837554861e+00
-6.000165956755565411e-01
3.971408671044501237e-01
3.467482178433131668e-02
4.085474708180270587e-01
9.992027402246161927e-02
3.881165178560271323e-01
2.127264180839709071e-02
-3.217229744448212858e-01
-6.000003529924975432e-01
2.129683814971613798e-01
9.999782942842999622e-01
-1.000020315525112613e+00
-7.806028043052181120e-01
9.996432498484778550e-01
3.878814141609314703e-01
-6.000261506086814745e-01
1.000484516799772378e-01
7.418143558911680091e-02
-3.014061223988320215e-01
-8.067369872003979925e-01
1.970338897621332075e-01
1.000800524784292711e-01
1.000055761627335560e+00
2.003217044625769661e-01
2.086960872879595197e-01
-2.849558733916612296e-01
-9.999274162579449010e-01
-6.625713938889947648e-03
4.100547618158210672e-01
-7.983535410686711797e-01
1.886931472821367362e-01
9.998559254853617295e-01
-8.013669913707485160e-01
-5.999134298999584392e-01
-1.000019627441685044e+00
-5.472808720751738687e-02
-3.104669288175277986e-01
-6.000313676604901447e-01
-6.667839599884436974e-02
1.925392209308289804e-01
-1.000110041192419308e+00
1.000014000978156403e+00
-8.082009898852062779e-01
4.140238650985121338e-01
-3.350358467902981863e-01
9.999760726891192553e-01
-1.000108137329814406e+00
-9.158120692878933544e-02
2.045055652385365241e-01
1.001171684450881810e-01
-7.928189990558361933e-01
-3.079540868031920842e-01
7.026286139711197809e-02
-2.303823251845871778e-01
1.994596964128207417e-01
4.399111303681541713e-02
-6.000721098489374405e-01
-5.999673709825641410e-01
4.144926924127719237e-01
1.000053172349548714e+00
9.986596356010368769e-02
-2.209495904472397187e-01
2.001659737848739129e-01
1.001402480395693628e-01
1.000793664778498876e-01
-8.021005310010450584e-01
-6.000468952878185158e-01
-6.000238304381333432e-01
9.998960977649249404e-01
-5.998895260586797340e-01
-5.999908728233735999e-01
9.999278261209567642e-01
2.096855487545705721e-01
-7.777981259659237923e-01
3.973255924456331467e-01
-1.633899837582077118e-03
1.735019061191942491e-01
-7.868373737736085172e-01
-1.000116983258287018e+00
-8.117009579962498611e-01
-1.000095424383341536e+00
9.998345322667671065e-01
1.000075124717860531e+00
-8.085311103849287528e-01
-3.179910286383841878e-01
9.806718652759466304e-02
-8.042417660902428933e-01
9.998893534325979937e-01
-6.000633711984993957e-01
1.000243929932154857e-01
-1.000112175591803432e+00
3.945420566864911716e-01
2.034435313449369509e-01
1.000023872570986905e+00
-5.999610938098157709e-01
-6.001380337907938900e-01
-3.132698524267764073e-01
9.999375056064455647e-01
1.001574615869428586e-01
9.998835417246318968e-01
9.998973374678085113e-01
-9.999983525008558916e-01
3.949090879709884483e-01
1.001843011692893359e-01
4.096719838836244132e-01
1.000219398733463577e-01
1.226803506617599702e-03
-1.206957632015379228e-01
2.065694767852303271e-01
4.057639654154154285e-01
-8.030358483151321947e-01
-5.999285519021331226e-01
3.970563843291774475e-01
1.000044072857502631e+00
3.254310466592392342e-02
-7.695558295164696139e-01
4.132631632316144943e-01
-3.201599837240722696e-02
1.924865381838618550e-01
-1.000017093868126539e+00
-2.910152163843849893e-01
4.091738066712433119e-01
1.945870138186543419e-01
4.536203536739458198e-02
1.000216434207094718e+00
9.999608539630900905e-01
9.997882883477977600e-01
1.001049102297491139e-01
1.860082374712401787e-02
-9.999706764338679443e-01
-3.047573088069351899e-01
-3.419422493665322804e-01
9.999099200757227690e-01
-7.914324696554844163e-01
-7.970673498202119900e-01
-5.999300278992325541e-01
-2.575707156559904343e-01
-9.999053832040810663e-01
1.979559561783641175e-01
9.990331687774929581e-02
-5.999033304070962025e-01
2.858373790135893683e-02
9.999751990647096633e-01
2.015316820760304772e-01
1.859713410201810635e-01
-8.302213184490560283e-02
-3.077484424901322790e-01
-3.644934857710423470e-01
-2.875877596079245424e-01
4.067529340271411886e-01
-2.814676497671851907e-01
1.000010563127259999e+00
9.999663033978086757e-01
-8.540330443622694626e-03
1.896587331658372844e-01
1.997348093858410389e-01
-1.067009560866867129e-01
-3.004549211516185370e-01
-6.000260660426777193e-01
-9.998930019495458899e-01
1.942617856259695464e-01
2.137250733531098623e-02
