-5.999552862204259318e-01
-6.001175683039504660e-01
9.999657392593859218e-01
6.743876689934906465e-02
-1.000021699409200826e+00
-7.983239386418118366e-01
-6.000734245525853883e-01
-3.174724668351662504e-02
-8.116095387911650416e-01
-3.606556963890071299e-01
9.995102829548282997e-02
-1.000131674431867790e+00
2.064845727528943353e-01
2.423823235617526481e-02
1.984008822777566239e-01
4.098511278363703436e-01
3.165040869289263703e-02
-9.999214560280007547e-01
1.958942704411404390e-01
-5.901640194320556532e-02
4.050816180195070948e-01
4.089288538273926910e-01
-3.032710413510653624e-01
-8.037718822096908688e-01
-9.999972475257988824e-01
4.132316494703135445e-01
-3.424413730122461974e-01
-5.999629340820394896e-01
-2.972388561024025266e-01
9.988777042319398058e-02
-9.999748181153320647e-01
-7.924576821226255730e-01
-7.973852153561095113e-01
-1.000050534538010183e+00
-3.095296366474784705e-02
1.000018455964514219e+00
-1.000098367470600103e+00
1.000061078120700886e+00
3.822142059289950211e-01
-6.001417622144423758e-01
9.999300539314963654e-01
-8.063020987380068449e-01
-3.121668941019427601e-01
9.994878995482421591e-02
-2.568063292456483349e-01
3.927546686050634173e-01
1.000819570138373055e-01
9.995422989359135924e-02
9.999486175635634300e-02
1.853408279131318337e-01
-9.999704860045895982e-01
-8.081826536983759413e-01
4.002596165288332952e-01
3.940341965156408111e-01
-3.410884079021399007e-01
-9.999808610945385423e-01
-7.910526562480585389e-01
3.990087078014771249e-01
-1.920208451007046277e-02
-1.000042266738315089e+00
5.399238516001421406e-02
3.916485136712180015e-01
-1.000043908341401444e+00
-3.201727396878309984e-01
-1.000008220147722948e+00
9.980289128228499174e-02
-9.999646643271784541e-01
-4.039600787062060799e-02
-7.907668231013239568e-01
3.938236255182835377e-01
-5.999886235026883341e-01
-3.225583696958259083e-01
1.000773455339913770e-01
-5.605429188232194035e-03
1.948730501166481277e-01
9.997101539790037572e-02
1.869968898823911319e-01
9.999181728450005080e-01
1.042448628723556259e-01
-7.868122031876120248e-01
3.966105241375242896e-01
3.994014012351873588e-01
2.090597301453189505e-01
2.028617948070162436e-01
9.998428267093144584e-01
3.786336689197593031e-01
-9.998364137069518653e-01
-5.999996759241911226e-01
-9.999833705520300153e-01
-5.383432591618056429e-02
-9.998540340866667320e-01
1.000535732704103814e-01
9.997753166694980931e-02
-5.999437727651820706e-01
5.328955120653398186e-02
-8.190532157950647374e-01
-7.997936459632302153e-01
-3.016196565171347377e-01
3.978326820166426248e-01
-3.445000276164347230e-01
4.092866274080471656e-01
-8.128149391345644847e-01
-3.207639366134679704e-01
1.001137186124178569e-01
1.000212082345122711e-01
9.998484896342968442e-01
1.849093583292547166e-02
3.999740411533899143e-01
9.998841231949810726e-02
-3.013620543442989685e-01
2.003363883413699087e-01
-1.609208087036162194e-01
-5.999885184773907643e-01
9.998960378165410168e-01
3.912527612070191840e-01
2.026367160543972312e-01
1.000323457503291963e-01
9.999865318936425052e-01
-1.000089327024981989e+00
4.002808256970415979e-01
9.998973556452873668e-01
4.000429504300652139e-01
9.993946592039545940e-02
4.028208002213763406e-01
-5.998071767080890293e-01
3.913526785845424238e-01
-3.402416569847775407e-01
4.079039194117413669e-01
1.000018730891392149e+00
9.998368624903994917e-01
9.981663806768205360e-02
1.864573676282737791e-01
3.972401487785094387e-01
-8.072304939211486507e-01
1.001624172695718545e-01
1.000051223310289394e+00
9.997431079752168159e-01
-1.000042278945181495e+00
-6.000067981555701202e-01
3.962991743383806886e-01
1.616498335366992750e-02
4.042373984460591596e-01
1.001107156864805142e-01
4.120130412325113678e-01
6.826115999487925023e-02
-3.381350321249515511e-01
-6.000670127174129176e-01
2.150088919207616411e-01
9.999155123481638929e-01
-9.999762391834249309e-01
-8.008882893422931692e-01
9.996932019084707743e-01
4.196590694858840509e-01
-5.998964785385521026e-01
1.000200512173355094e-01
-2.100616214853177378e-03
-2.807388980265109746e-01
-7.893732609673455025e-01
2.059825619652724538e-01
1.001281298724483598e-01
9.998761486026658263e-01
1.982813996455891625e-01
2.005635594872356431e-01
-3.531201581310405291e-01
-1.000082927091447083e+00
-6.755434300866894337e-02
4.080561558823344037e-01
-8.086390422860726401e-01
1.985933008467086480e-01
1.000127552168660783e+00
-7.965495162168807486e-01
-5.999944222036398545e-01
-1.000121558781513320e+00
1.025422982178919584e-02
-2.983740858553457498e-01
-5.999442272133589382e-01
3.843563559200807722e-02
2.078338850288457551e-01
-9.999696653662015766e-01
9.999298873024530243e-01
-7.895715212835939800e-01
4.017563802271708617e-01
-3.128525599151057435e-01
9.999913589849520612e-01
-1.000159182028759863e+00
-1.298127017639725926e-02
1.817752764058868653e-01
1.000823467208177830e-01
-7.991013656842672619e-01
-2.585845392595359504e-01
7.054898307369372734e-02
-1.798738860488821034e-01
1.772068019661074134e-01
8.334314305690990535e-03
-5.999863542383340187e-01
-6.000661143511197837e-01
3.991637597613520438e-01
9.999595552295557077e-01
9.990563913395685003e-02
-2.338524989960560352e-01
2.099369283732103186e-01
1.001217893852922453e-01
9.989915689512700314e-02
-7.864672147930327206e-01
-6.002533437637497249e-01
-6.000605651368734472e-01
1.000009532398105083e+00
-6.000972939780983006e-01
-6.000568889011512752e-01
1.000112009803040936e+00
2.053628373861956791e-01
-8.118664495657531566e-01
4.103557183679328868e-01
-4.453252962973750645e-02
2.026979864164844825e-01
-7.915448297331771910e-01
-9.999717885785228688e-01
-7.969767328313592802e-01
-9.999170134177322034e-01
9.998424653662155714e-01
9.999954791491336703e-01
-7.889307194889777497e-01
-3.122772156701745239e-01
2.324688044553008606e-02
-8.072225024361791013e-01
9.999546276769244457e-01
-5.998350862204859801e-01
1.000681876676416393e-01
-1.000095529594515975e+00
3.974370186391341098e-01
1.990173226405204110e-01
9.999132262639155444e-01
-5.999355700212771758e-01
-6.001561558163239773e-01
-2.770617849102474106e-01
1.000072154356515641e+00
1.001819337874020055e-01
9.998949705983566361e-01
1.000204737516196207e+00
-1.000180502570215957e+00
4.012787534580369853e-01
1.000029712491882355e-01
3.873537512200988520e-01
9.996134534438776142e-02
-1.897653122484569896e-02
-4.341821503470615767e-02
1.930644955992222855e-01
3.817867749146587331e-01
-7.947260155593063313e-01
-5.998102133213096820e-01
3.903337746515427864e-01
9.998339404430832689e-01
-4.929653260513766622e-02
-8.136016145453601744e-01
4.087157250160755595e-01
-3.745218622932790925e-02
2.144461950625851099e-01
-1.000072772913684682e+00
-3.169455317652019599e-01
4.140087379155450442e-01
2.107655574093885431e-01
-2.441616538162296596e-02
1.000072966873065905e+00
1.000052213265961498e+00
1.000096187564478267e+00
9.986176846170584376e-02
1.495232419370089161e-02
-9.999240473026425047e-01
-3.070532846072245858e-01
-3.293763427151426559e-01
9.998701948615160706e-01
-8.091836203792122095e-01
-7.752492078206397741e-01
-6.001600856173249232e-01
-2.583736375285228259e-01
-1.000059481014660800e+00
1.846885045016720961e-01
1.000314938945667531e-01
-5.999268668637910418e-01
-9.317790341738218726e-03
9.999697100646939285e-01
1.946540478806662866e-01
1.939059837694072919e-01
-5.115255281217589295e-02
-2.990519926863589029e-01
-1.792633129814032167e-01
-2.861010632931166309e-01
4.075580496945249709e-01
-2.770940567369767349e-01
9.999336530151227143e-01
1.000002916975236689e+00
5.631161206072962666e-02
1.864687592480924194e-01
1.978183564593534449e-01
-2.353510546352275985e-03
-3.959486813197116151e-01
-6.000069911271743717e-01
-1.000091436291080438e+00
2.005344672472138268e-01
-4.412187193389335502e-03
