-5.998322258632723392e-01
-5.999694066271689108e-01
9.999933037920913925e-01
-1.054695262130120742e-01
-1.000043460144705243e+00
-7.953393118969738218e-01
-6.000587425048192758e-01
-2.959882497584174349e-02
-7.985003477095768964e-01
-3.296031775645101303e-01
9.994576806729045526e-02
-9.999023955209126457e-01
2.075275035512971766e-01
1.755444244761071235e-02
1.785620658178435072e-01
4.024457671381191926e-01
6.041662871991089478e-02
-1.000062307505201975e+00
1.961919232137091240e-01
3.762781685578114876e-02
3.978713080152913584e-01
4.045711594777095521e-01
-3.546479064977583473e-01
-8.171935540242559748e-01
-1.000044559859542215e+00
3.699115366811542849e-01
-3.173172667074565245e-01
-6.000692734321855237e-01
-3.592961280213036179e-01
9.980172649420063213e-02
-9.998663653814292562e-01
-7.989913784151252418e-01
-7.845275141529628460e-01
-1.000202675825672349e+00
1.964878568760976621e-02
1.000143662003038170e+00
-9.999730926276274579e-01
9.998523132272201241e-01
4.097003384722233132e-01
-6.000641263744302956e-01
1.000181521490510539e+00
-8.052991761449742603e-01
-3.152119422484924716e-01
9.997771379146566662e-02
-2.654746045728169079e-01
3.978428510136398089e-01
1.001802100856420547e-01
9.998869513547187227e-02
9.998557572946235872e-02
2.136331942479715862e-01
-9.999740830222869636e-01
-7.889798261837434046e-01
3.740870300935812409e-01
4.116196340308317381e-01
-3.859237772907990194e-01
-9.999607687530558398e-01
-7.833153323267081358e-01
3.956617743072531890e-01
-4.770015252328436636e-04
-1.000106366782009593e+00
2.298105998476630829e-02
3.949653677958354092e-01
-1.000022927603358980e+00
-2.773251660121243689e-01
-9.999000321780556755e-01
1.000531138514142576e-01
-1.000035018433835354e+00
-4.054776431932387293e-02
-7.821338149645995497e-01
4.295283996512219149e-01
-6.000233533977694655e-01
-2.902162066155815068e-01
1.000818344068893778e-01
2.130385071931358357e-02
2.065330322610963443e-01
9.988457071715450830e-02
2.058128830269679022e-01
1.000082673739760120e+00
-3.042028843661498047e-02
-8.157119678066721002e-01
3.985728936235669040e-01
4.072067513569439523e-01
2.034196180019180178e-01
2.048004501855318904e-01
1.000041279760389035e+00
3.738823336154593613e-01
-9.998964137102790417e-01
-5.998817591841023589e-01
-9.999482743932037732e-01
8.448200007167551429e-02
-9.997893176231094081e-01
1.000311657610469390e-01
9.976671399884498581e-02
-5.998516050122149057e-01
1.302993335088651998e-02
-7.915966319811745810e-01
-8.029608104298195936e-01
-3.519916900287798356e-01
3.907263212970197852e-01
-3.290664636130941623e-01
4.040764316478002161e-01
-8.023717193727396557e-01
-3.784087527889246627e-01
9.990458026940535197e-02
9.992393694195093878e-02
1.000005700776326778e+00
-1.151490097326050670e-02
4.115911458292504377e-01
1.000952960501194783e-01
-2.339125936309919829e-01
2.092225584632448898e-01
-3.223565204943245055e-01
-5.999130515681089237e-01
1.000069838212279238e+00
4.028156868575130112e-01
2.059159805363938722e-01
9.993962060211027121e-02
1.000043484033224850e+00
-9.999416034483028515e-01
3.899841806430833779e-01
9.999384269052505880e-01
4.187193950366128181e-01
1.001850906950686182e-01
3.950585566820879468e-01
-6.000303804959080667e-01
3.892256990231703906e-01
-2.788853359244279351e-01
3.796128193893050229e-01
9.998984630436019705e-01
9.999455563313432993e-01
9.964352241023409495e-02
2.192275105922022738e-01
3.948774120984638869e-01
-7.863179043022487935e-01
1.000978515259077911e-01
1.000053906845190133e+00
9.998649097792690066e-01
-1.000037165453554033e+00
-6.001565862267358442e-01
3.969071223835611839e-01
5.003205087281962365e-02
4.127048295751252760e-01
9.996801742974134597e-02
4.122736310907307300e-01
-1.122093288963558894e-01
-3.749609585048840343e-01
-6.003731502658096186e-01
2.072077287012749625e-01
1.000074191378755195e+00
-1.000133470785501855e+00
-8.060378031271360211e-01
1.000100852089900627e+00
3.989243859923516378e-01
-6.000287838804336804e-01
1.002641483945162365e-01
-8.673521753067590934e-02
-2.424290274109710541e-01
-7.980461947319010818e-01
1.959896185366443722e-01
9.992184707930935883e-02
1.000182997733339407e+00
1.888547838702830106e-01
2.011873995526532177e-01
-2.899362844315392929e-01
-1.000035791583495648e+00
-6.125605816827166955e-02
3.912197050508650631e-01
-7.941417500217597958e-01
2.023775170928779621e-01
1.000024727596049878e+00
-7.969481231478108274e-01
-5.999033268599238689e-01
-9.998558582977066234e-01
2.654993510374093618e-02
-2.838381383758189491e-01
-5.999395195267477332e-01
4.241304482084188449e-02
2.032659889417751387e-01
-1.000038848446444195e+00
9.999578988429101978e-01
-8.095266874698061610e-01
4.087128844037606901e-01
-2.987453547005873289e-01
1.000008099093012248e+00
-9.999978349057924154e-01
-6.079303197274676072e-03
2.149781282501449786e-01
9.985476918000979474e-02
-7.816818187840853804e-01
-3.551981537242523412e-01
3.959727295535102332e-02
-3.623638074182250479e-01
2.004170001977051419e-01
3.692816024996430080e-02
-6.000567581149293117e-01
-5.999958909457545619e-01
3.998813161308408803e-01
9.999895343416240756e-01
1.000214737088027106e-01
-2.905067166611790541e-01
2.111727998386184468e-01
1.001996607709320364e-01
1.000340796418339173e-01
-8.018902205527307370e-01
-6.000252961243962568e-01
-5.999366237294586623e-01
9.999398942459200024e-01
-5.997118396566851750e-01
-6.000783702941493436e-01
9.999838663773257252e-01
1.919815571249565977e-01
-7.913477772248624920e-01
4.041625925744847803e-01
-6.495303463064122651e-02
1.923568595848388907e-01
-7.993578385098650818e-01
-9.999056525318099631e-01
-7.969367961824371793e-01
-9.999097402771606191e-01
9.997648587602540049e-01
9.999795708803846939e-01
-7.954948273797295411e-01
-2.751513489707823612e-01
7.947494326099334427e-02
-8.071283500974193448e-01
9.999745931047231418e-01
-6.000835476851777983e-01
9.993002249049516561e-02
-1.000053685671718595e+00
4.078369846444910296e-01
1.934458102086969444e-01
9.999775747198264009e-01
-5.999515955515717369e-01
-5.999672418838171151e-01
-2.168143919321674495e-01
9.999642518910613065e-01
1.000338054079887434e-01
1.000064931449390571e+00
9.999209610187796970e-01
-9.998930509507595321e-01
3.796687940489847368e-01
9.985739582923525148e-02
4.151766188475103925e-01
1.000325791693256056e-01
4.551722774641289715e-02
4.836420266270939627e-02
1.901192384765355847e-01
4.102653393339322774e-01
-7.953933920758174958e-01
-5.999214751746573260e-01
4.130025046360911722e-01
1.000002107217289549e+00
3.516058131842468570e-02
-7.792250707667169873e-01
3.802015674707428516e-01
-1.132064629057911304e-02
1.884346322624980696e-01
-9.999192881649080489e-01
-2.449036528186791517e-01
4.070765087054521447e-01
1.987754790035321517e-01
-2.327283425122459240e-02
9.998916641122408411e-01
9.999573561205093997e-01
1.000066668449492990e+00
1.000335635489393304e-01
7.679882758081454930e-02
-9.999865424671193770e-01
-2.664217667094416209e-01
-3.367185612371483838e-01
1.000130183627754077e+00
-8.106779390834973897e-01
-8.023034610006678502e-01
-6.000055464385380954e-01
-3.947038261660726910e-01
-9.999989257879330351e-01
2.069594402386666365e-01
9.993120929059799706e-02
-6.001992583768983591e-01
4.242088541093130827e-02
1.000122501423614141e+00
2.105938253094157830e-01
1.976543846205519039e-01
4.567102100584960467e-02
-2.562508751397445383e-01
-3.377349644604746293e-01
-3.028874987974383148e-01
4.057459707613363387e-01
-3.946577539536321177e-01
9.999974067709148651e-01
9.999593844541599941e-01
-2.053586878399100979e-02
1.886864511664533561e-01
1.910033434026710830e-01
-3.113667619744830625e-02
-3.036526589567787315e-01
-5.998721609640368380e-01
-1.000130481029788632e+00
2.098300199478852768e-01
-5.146587873313660660e-02
