-6.001222160811340300e-01
-6.000148816401560392e-01
9.999024064666569567e-01
8.597167985530806966e-02
-9.999867485522665467e-01
-8.101873383087957459e-01
-5.999948813169593276e-01
1.701281569131583155e-02
-7.924638485182327052e-01
-3.317284583761773709e-01
1.000225479300740766e-01
-9.999416104232228264e-01
2.106778594488759593e-01
8.118712846361750279e-02
1.990908145111567051e-01
4.100692712370709869e-01
7.491560904593776160e-02
-1.000097282365659535e+00
1.921345159686610460e-01
7.731251504599004343e-02
3.972907021495650781e-01
3.963354064561681600e-01
-2.455953591614760678e-01
-7.974505068537127705e-01
-1.000105069980389727e+00
3.977985094114789288e-01
-3.043042349748402708e-01
-5.998771324198454158e-01
-2.678381746535636321e-01
1.000467258527486386e-01
-1.000041109600493527e+00
-8.093256345654226136e-01
-8.009421864933438107e-01
-1.000199291977501126e+00
-1.470027896510273796e-02
9.997906147202981764e-01
-9.999059333462493315e-01
1.000037186765799113e+00
3.889171400915411581e-01
-5.999012397127192475e-01
9.998998837124680739e-01
-7.985952050699756111e-01
-2.191590209074069096e-01
1.000442558178694513e-01
-3.274153320168223247e-01
3.896637602303048564e-01
1.001209189658461146e-01
9.971267723889988555e-02
1.000613499471828538e-01
2.109977810462274062e-01
-1.000062808758428456e+00
-8.054435504303767424e-01
4.000136437336583306e-01
3.887891016962712332e-01
-2.839125408647465432e-01
-1.000038906773932590e+00
-8.082960275920811899e-01
4.028996469685263704e-01
2.748883873505847050e-02
-1.000003596443165055e+00
1.699875330370188235e-03
4.139212898828241172e-01
-9.998849487579286599e-01
-3.074579206938952147e-01
-9.998516516857997027e-01
9.998308228048020940e-02
-9.999486157105990092e-01
-6.679691533841437823e-03
-7.962257138596240402e-01
4.010621083538509213e-01
-5.999357069089600314e-01
-3.118947484127411740e-01
1.000132613173771307e-01
-1.545867133083728973e-01
2.128904691768933044e-01
1.000018020022050980e-01
2.004872764092186510e-01
1.000062984116230513e+00
-1.552227657803888911e-02
-8.076089926327121304e-01
3.779663181354103729e-01
4.078338639848999581e-01
2.117772257415477255e-01
1.899149184223536402e-01
1.000087944991852940e+00
4.052848818158044653e-01
-9.999936850431965230e-01
-6.000538885862977123e-01
-1.000171266132207526e+00
4.527416382634912723e-02
-9.999467324455095785e-01
9.981070944095606079e-02
1.000362486375664106e-01
-6.000383761185666964e-01
-3.436049250457112042e-02
-7.941033004721784749e-01
-8.148705133610627538e-01
-3.551695341779361192e-01
4.089930361871871312e-01
-3.435152503545718106e-01
3.994351421197959717e-01
-8.079209311998426513e-01
-3.027465645070028799e-01
9.992335662807252938e-02
1.000210256036785927e-01
1.000008879511605775e+00
6.910875458104249330e-03
3.973476817795738025e-01
9.997241281850070826e-02
-3.195137338878760169e-01
1.943737124518309656e-01
-3.198987438189325738e-01
-5.999300790024817420e-01
9.998832993322541718e-01
4.091072619737535776e-01
1.859573495807800292e-01
1.000180562326234562e-01
1.000112676474051332e+00
-9.999629458762487877e-01
3.927356713657214060e-01
9.998135973678948796e-01
4.008670453933428357e-01
9.987191053096604321e-02
4.128764586636396450e-01
-6.001425850300378118e-01
4.000969174326864941e-01
-3.027811261497265205e-01
3.999101293405125102e-01
1.000192883203483429e+00
1.000072013467385723e+00
9.976534838193328036e-02
2.037066744469507862e-01
4.109170734937911962e-01
-7.978120952668877885e-01
1.000421186174672711e-01
1.000114816595692790e+00
1.000060618553964442e+00
-1.000036954946960543e+00
-6.000613898461767404e-01
4.129756588232765813e-01
-1.647113001584777844e-02
3.993771040992349919e-01
1.000796655413064284e-01
3.829968070126325008e-01
7.225976297326573705e-02
-3.118738487127005743e-01
-6.000266225113773944e-01
1.965919272542014928e-01
9.998805523738170109e-01
-9.998910562331780882e-01
-7.895591600773046448e-01
1.000105600170465348e+00
4.076186010275280047e-01
-5.999594388903194409e-01
1.000764506970640844e-01
-2.491275569099906523e-02
-3.293461795538187853e-01
-7.904950966139449031e-01
1.948248255861503575e-01
9.992022070764805530e-02
9.998458691479588101e-01
1.787532554777991611e-01
2.033268455245312023e-01
-3.579121728309747064e-01
-9.998730504774421268e-01
-8.752132733545795427e-04
3.916726135161048283e-01
-7.952429779287927269e-01
1.978361267641297327e-01
1.000088912943424724e+00
-8.070708488415508919e-01
-6.000445498333517591e-01
-1.000029041304611566e+00
5.826606587417301752e-02
-3.264579998443902231e-01
-6.000967839880978483e-01
-3.597757664944092187e-02
1.860667837098310129e-01
-1.000093970827046874e+00
1.000021200928031151e+00
-7.944116381092126700e-01
4.115377662752546795e-01
-3.713737170706484791e-01
9.999189660858763817e-01
-1.000002328345040326e+00
7.670010338030608388e-02
2.095110378569887688e-01
9.991758091248723050e-02
-8.049322804396669140e-01
-3.298093164820050660e-01
6.817028843487908663e-02
-3.243084624854403741e-01
2.012431675544065490e-01
-3.349608187167799761e-02
-5.999003771912779781e-01
-6.000442727405874699e-01
3.910044606015345425e-01
1.000039421606531587e+00
9.998357954769650224e-02
-2.436123668253674934e-01
1.991019741763248307e-01
1.000853538441718038e-01
9.991194863355173927e-02
-7.935183904157414592e-01
-6.000320423138357784e-01
-6.000692506747952182e-01
1.000161335495323600e+00
-5.999086888537242812e-01
-5.999605645751148186e-01
9.999747268222287655e-01
2.125067310107799645e-01
-7.945031415448063905e-01
3.890059656841265978e-01
3.836948276527007984e-02
1.937961579338310369e-01
-7.946718496776919993e-01
-1.000004311223783970e+00
-7.968950001802246330e-01
-1.000059114879403133e+00
1.000030384606575007e+00
1.000065693014750456e+00
-7.856682675749581124e-01
-3.033780687774774165e-01
3.576437549379973130e-02
-8.017519058539130938e-01
9.999477392826878752e-01
-5.999955647906231038e-01
9.995115340848066687e-02
-1.000077133561585452e+00
3.962616456958228950e-01
1.906992555478595197e-01
9.998311577162228847e-01
-6.000929866333731821e-01
-5.999907991518180772e-01
-2.378593490721565284e-01
1.000051898422703811e+00
1.000492892351873830e-01
1.000123392093528629e+00
9.999631374291821917e-01
-1.000118873181077728e+00
3.837212999423461057e-01
1.000734361904969810e-01
4.146054219238494154e-01
9.989545835384230910e-02
-5.879918144388488616e-02
5.407406170353889346e-02
2.193573011447909615e-01
4.012292231277584387e-01
-7.970834252854126500e-01
-5.999993808446748567e-01
4.068074648009778471e-01
9.999864969401750514e-01
-3.526680705285190759e-02
-7.804930847264671678e-01
4.073731982432943766e-01
9.243963708165018819e-03
1.855065410991811881e-01
-9.999970009082435052e-01
-2.676820846035621315e-01
3.828770715112588263e-01
2.104013659629559163e-01
-3.877971528554662733e-02
9.999771166692789093e-01
9.998501894715652316e-01
9.999932101886479519e-01
1.002677898733839862e-01
1.468688318260418652e-02
-9.999823799017735215e-01
-4.437688432731846655e-01
-2.790834883438069181e-01
1.000004914510252974e+00
-7.867833394868394281e-01
-8.061824403681896456e-01
-5.999561422589710924e-01
-3.185719886872096507e-01
-1.000011371978936525e+00
2.018159993992232060e-01
9.998178143201966184e-02
-6.000252086579065391e-01
-8.397647928333145870e-03
1.000027041983610809e+00
2.129664307602552875e-01
1.876341296464920094e-01
-5.670592173374921358e-02
-3.148722785554413095e-01
-3.795733108325878846e-01
-2.780592251495692113e-01
4.169734192133016104e-01
-2.873958303365355960e-01
1.000044163891689042e+00
9.999099043869867920e-01
1.403354935479535215e-02
2.039884861857142184e-01
1.842730838485493461e-01
-9.052392292652837458e-02
-3.393260683294107016e-01
-6.000349423148332306e-01
-1.000061525001249896e+00
1.975491636875332246e-01
-5.227688608198710618e-02
