-6.000854491342795249e-01
-6.000495679315539510e-01
1.000018126073991986e+00
-6.578571436790467408e-02
-9.999929805870381161e-01
-8.057081157426723150e-01
-5.997432366062808162e-01
-5.374854664217963013e-02
-8.005836510819621665e-01
-3.550411720948376537e-01
9.995583044654154925e-02
-1.000144984952738625e+00
2.003074981625181938e-01
1.765887700224910359e-02
1.919955115883579533e-01
4.082307578746523502e-01
6.745309306053738629e-02
-9.999450024884469768e-01
2.083826865163709852e-01
2.134114852951440877e-02
4.271407388604040456e-01
4.086895148155987312e-01
-2.777500453368042521e-01
-8.038222961795192800e-01
-1.000017879561036604e+00
3.887708606971854719e-01
-3.027388285107916466e-01
-5.999288943606817526e-01
-3.025427189197493760e-01
9.994892668423874249e-02
-1.000045149696918489e+00
-8.097749060636557639e-01
-8.028913219615549934e-01
-1.000003661697962842e+00
4.015769705277888457e-02
1.000018880305615809e+00
-1.000045953021181155e+00
9.999172367162851849e-01
3.876493950240449404e-01
-6.000229036598655474e-01
9.999446794256783289e-01
-8.016620355901699080e-01
-3.110173295270696192e-01
9.980697018795631204e-02
-3.333883182291537128e-01
4.138320451261767174e-01
1.000751234146211033e-01
1.000884414118009963e-01
9.993993440667926775e-02
1.926545481908459867e-01
-1.000079194744308619e+00
-8.170801869968133957e-01
4.079538779757574951e-01
4.108635482447255405e-01
-2.825124699873818312e-01
-9.999778556295734200e-01
-8.133938508960615321e-01
3.966661571826464172e-01
-8.771728945686793621e-02
-9.998447294062472457e-01
3.330815369602248537e-03
3.992851531802607545e-01
-1.000081502358274310e+00
-2.779945872781133809e-01
-9.999443707854228647e-01
9.989683586737330145e-02
-1.000031477396755575e+00
6.991282273575579430e-03
-7.827839229797469711e-01
3.994277805790372726e-01
-5.999080240309239143e-01
-2.856570349528013697e-01
1.000183525542876900e-01
-4.803860260231129775e-02
1.980133436877094255e-01
1.000262014170298780e-01
1.935288849532733890e-01
9.998817941767736972e-01
-2.202569428483054301e-02
-8.207535128967181626e-01
4.003434788077637196e-01
4.021179829163331609e-01
1.902176003391502779e-01
2.061254391303391775e-01
1.000035824181676025e+00
3.956115243041259388e-01
-9.999759321801995338e-01
-5.999926779740207827e-01
-9.999030551175741577e-01
3.548609960286980974e-02
-1.000001822063296242e+00
1.001182391118026344e-01
9.993570465417228599e-02
-5.998901329097151569e-01
-3.594382004079276632e-02
-7.847734896236234770e-01
-8.090906632632058892e-01
-2.276981919737272597e-01
3.897035533697331688e-01
-3.083093735965035109e-01
3.913529671563036327e-01
-7.793323788558765841e-01
-2.761250559393140236e-01
1.001106142964330870e-01
9.991472520441475880e-02
9.999620239042977810e-01
-7.605123846069329618e-02
3.978981358550912617e-01
1.000766470071730169e-01
-3.624183027070497776e-01
1.980058717654702982e-01
-2.941853983521614535e-01
-6.000871910418142940e-01
9.998963226635672052e-01
4.156267600937252338e-01
1.969276679650729667e-01
1.000267575464765663e-01
1.000028999038483857e+00
-1.000108259404378863e+00
4.012193849663869827e-01
9.999264618866822163e-01
4.046219309194604152e-01
9.998208256693028040e-02
3.895554931440768920e-01
-5.999371034992663221e-01
4.034537751479178591e-01
-3.186739418648351641e-01
4.063985683433044005e-01
1.000091650877783511e+00
1.000102912654596832e+00
1.000242357356959516e-01
1.964291027661594635e-01
4.044643043337840527e-01
-7.924807778768442335e-01
9.989679646460759843e-02
9.998876368603581977e-01
1.000029541318423476e+00
-1.000132425865770225e+00
-6.000797767722634291e-01
4.009003443769058039e-01
-1.077746504570270417e-03
3.725286181373628769e-01
1.000153264124790942e-01
4.092187847698198211e-01
-1.604025366052273208e-04
-4.187245645544123152e-01
-5.999721516820679668e-01
2.257892772232603651e-01
9.998888488824119181e-01
-9.999696302729907949e-01
-8.068633241936880029e-01
1.000013111477653815e+00
3.973989341231533023e-01
-6.000221067972218991e-01
9.997777044264490043e-02
-4.222698160427708347e-02
-2.165983652662299142e-01
-8.055350454224716739e-01
2.034898434322070793e-01
9.998054067398944034e-02
9.999905530663421027e-01
1.981518978966095856e-01
1.986340006199641683e-01
-2.491342537904337739e-01
-9.998045634995150754e-01
-7.905731828184848001e-03
4.057964059497271014e-01
-8.105073408649178246e-01
1.912937574999550583e-01
1.000005951368958979e+00
-7.983594720445392756e-01
-6.000125747419711164e-01
-9.999895579448917493e-01
-2.413801329666126483e-02
-3.076130392940197300e-01
-6.000500482281276859e-01
-7.583576828977076079e-02
1.983072091485565680e-01
-1.000183597049791873e+00
9.999477834859837877e-01
-7.865464565448985201e-01
4.093983752830508971e-01
-2.834685830586990973e-01
1.000088351277734988e+00
-9.998848892081667605e-01
3.393509584649374855e-02
2.159120533503690043e-01
1.000190594539691474e-01
-7.879127812246242701e-01
-3.028776706977028277e-01
2.829075508329262356e-02
-2.840402618885584651e-01
2.192656784658680857e-01
5.174115375459275440e-02
-5.999264510972439624e-01
-6.000373349906903409e-01
3.982755397681206344e-01
1.000016853902123470e+00
1.001138049294170440e-01
-3.151321474065845174e-01
2.034975155557273985e-01
1.000453695370928237e-01
1.001192497269479120e-01
-8.010810526646505725e-01
-6.001312172429459357e-01
-6.000168960239107285e-01
9.997745948725075271e-01
-6.001336560086865113e-01
-5.999420737748268895e-01
1.000037893968990454e+00
1.987643661514355564e-01
-7.988633288811110011e-01
3.998939139821802158e-01
-3.940814396812498607e-03
1.975652666773770327e-01
-8.011574365047952062e-01
-9.999792745215012602e-01
-7.914159053747743533e-01
-1.000168268902265511e+00
9.998725181286529651e-01
9.999403427938339251e-01
-8.100983543659593389e-01
-3.010400946005405420e-01
-7.802076837043597779e-02
-7.977988975523943038e-01
9.999328720721835095e-01
-6.000653079177966642e-01
1.000609877337155784e-01
-9.999078944445058958e-01
3.841845552381990547e-01
1.891736715618488884e-01
9.997773487727558139e-01
-6.000588829918030997e-01
-5.998010104384585706e-01
-2.829622418562764974e-01
1.000018138534523482e+00
1.000287608950012896e-01
9.999357745543002718e-01
9.999542849983311665e-01
-1.000097912868342931e+00
4.065903095968572689e-01
9.991706318466478387e-02
4.111626020916751001e-01
9.991627254706250683e-02
1.494968531747123755e-02
-5.469799315687477043e-02
2.061728576666813917e-01
4.012407035693832946e-01
-8.086037520079648599e-01
-5.999488089730664608e-01
4.014116208231553462e-01
1.000121604742912895e+00
3.293112977622274923e-02
-7.910276277180497972e-01
4.004278863443894165e-01
-2.533137368463871109e-02
2.028770726344635289e-01
-9.998433436862097512e-01
-2.314786721854710794e-01
3.991504461948204296e-01
2.010010260302696472e-01
2.022798534569320017e-02
1.000044064163325030e+00
9.998616933301700538e-01
9.999827722069902780e-01
9.996604802330240347e-02
-4.939394236146643635e-02
-9.998792814833292741e-01
-2.782633070928409724e-01
-3.469712205837162666e-01
9.999785138155581343e-01
-8.016235825947845006e-01
-7.931038321161242299e-01
-6.001433714068585834e-01
-2.946916737762453886e-01
-1.000140831258096608e+00
1.854174404196400894e-01
9.995763803926277502e-02
-5.999150830929926848e-01
-1.186499373810071499e-02
9.999616941348165033e-01
1.912462237320093905e-01
1.977209744963574489e-01
-6.808305212864242464e-03
-3.251526449341658465e-01
-2.611464433358574588e-01
-2.958753837189930236e-01
4.032295057194943966e-01
-2.893354040947391237e-01
1.000070832932646869e+00
1.000027472913860738e+00
-1.052563622629115320e-01
2.059135114895656871e-01
1.961205279320969996e-01
5.585272387850657300e-02
-3.741426634790737671e-01
-5.998985515401517032e-01
-9.998448732836250352e-01
1.863282120422737054e-01
1.236599201380547339e-02
