-5.999089003907696060e-01
-6.000362336552127474e-01
9.999585147561919074e-01
-1.840530507342119301e-02
-1.000095812725048328e+00
-8.051610986270407722e-01
-6.000602349455133044e-01
-1.468443455659304564e-02
-8.056100354938943164e-01
-3.899095481948372521e-01
1.000364872107927933e-01
-1.000085110439358882e+00
1.889553893399086859e-01
4.255457274035211006e-03
1.910256459158790054e-01
3.945112842388840968e-01
-4.012905426888836030e-02
-9.999981571949663195e-01
1.896152358831742768e-01
-1.517786740386011836e-02
3.955127606561605891e-01
3.863213415227502168e-01
-3.003781433837250936e-01
-7.994038057084650317e-01
-9.999508767578595414e-01
4.061933944867068824e-01
-2.826215287645139629e-01
-5.998301086577335628e-01
-2.725434538523822670e-01
9.999194752549690757e-02
-9.999098295315690388e-01
-8.055295367983843491e-01
-7.971572882093442836e-01
-9.999796786767696233e-01
-3.166566741645814205e-03
9.999966223410243771e-01
-1.000028646288489309e+00
1.000071292215404251e+00
3.745309960980623964e-01
-6.001022915416538428e-01
1.000041242292416976e+00
-8.047505400272018106e-01
-2.769522800819514408e-01
9.986433947314296566e-02
-3.273320092077698362e-01
4.068518559186228845e-01
9.993605344000798529e-02
1.000356348794106398e-01
9.985402394222167577e-02
2.082786597313435739e-01
-9.999458865329997614e-01
-7.973759251590224473e-01
4.099709300328519546e-01
3.935966536269082661e-01
-3.123788474187947362e-01
-9.998486582965857572e-01
-7.864644524144199789e-01
3.945442141999014884e-01
-2.331942231271917632e-02
-1.000156714840128469e+00
2.840036521110623352e-02
4.018640911843703867e-01
-9.999784893434182642e-01
-3.001628051314241263e-01
-9.999469802243587946e-01
1.000526425025971416e-01
-9.999679233938897349e-01
-8.438680461850678327e-02
-8.033514022563114088e-01
3.974541294354067000e-01
-6.000869493957038392e-01
-2.280041815396939842e-01
9.997505417296335961e-02
3.949655742154189325e-02
1.926458994199460595e-01
9.993387954183202693e-02
1.955429848479443566e-01
9.999447632271712960e-01
-2.546939262668095408e-02
-7.936479241366157789e-01
4.011590641325641360e-01
3.913218559799080953e-01
2.042211075966779699e-01
1.877095143308087910e-01
9.999424032691746067e-01
3.945325029849894860e-01
-1.000008646098818232e+00
-5.999841883727576874e-01
-9.998951806057363445e-01
-1.798910998144671522e-02
-1.000026280992906136e+00
9.999723987620294519e-02
9.992350487143213111e-02
-5.999318999238416605e-01
-5.312819598333646393e-03
-7.929682051719102454e-01
-8.050002983590008876e-01
-3.149090839060905700e-01
3.860654407937028076e-01
-2.868873688474676831e-01
3.987176676260323349e-01
-8.001002501302925118e-01
-2.977417977109118596e-01
9.991028037825060160e-02
1.000148925920373161e-01
9.999118965277441484e-01
3.887788350272321919e-02
3.961654436549753022e-01
1.000015010472155852e-01
-2.180902905875737319e-01
1.937881685502008400e-01
-3.660062151733257108e-01
-5.997402324315320721e-01
9.999533136083059714e-01
3.989928667994392386e-01
2.013371862249322131e-01
1.000855857888893197e-01
9.998816058450071820e-01
-1.000015204374710143e+00
3.927159256678897092e-01
9.999068337880884227e-01
3.814857237454454264e-01
9.987496480913479746e-02
4.043945478270968286e-01
-5.999423521342809318e-01
3.931027383312807877e-01
-2.344460058889914489e-01
3.907430273294293932e-01
9.999559633880161780e-01
9.999444292948949098e-01
1.000899731965773642e-01
2.042563004065909849e-01
4.100310922556655857e-01
-7.979471199429786221e-01
1.000348958651756520e-01
1.000090582842072306e+00
1.000278353451498514e+00
-9.998890078758232436e-01
-6.000126081249343990e-01
4.018128746734684342e-01
1.407809564014467565e-02
3.967429721105862894e-01
9.992495260173554772e-02
4.155690524101409711e-01
-1.226533637484157266e-02
-2.171508618795745804e-01
-6.001978546784227930e-01
1.922913475450496457e-01
9.999603822132830944e-01
-9.999828010175672022e-01
-8.071461522523984966e-01
9.999160086949131498e-01
3.959548887240166293e-01
-5.998519404164508462e-01
9.988147928259050179e-02
8.975018376440924150e-02
-2.482552700648346100e-01
-8.050425510368242055e-01
1.925991678113557481e-01
9.997650999501021818e-02
9.998197357107726502e-01
2.020998261665353235e-01
1.968520424719526485e-01
-3.643221538115694602e-01
-1.000146948217288223e+00
4.490837343900400125e-02
3.840061890087713148e-01
-7.857993390759530072e-01
2.056019270045091329e-01
1.000077117116306757e+00
-7.875409013268191982e-01
-5.999929931235123970e-01
-1.000111227099877320e+00
3.381840181035187382e-03
-2.576191564066319661e-01
-5.999393751072552572e-01
-3.429362684276656553e-02
2.031538248280363168e-01
-9.998413864454592792e-01
1.000130528908141025e+00
-7.860188136538416304e-01
3.929546427990345814e-01
-3.296547786555769077e-01
1.000091309153617214e+00
-9.999624315369222138e-01
-7.782014595906222576e-02
1.848456523062164403e-01
1.000848772566989009e-01
-7.960747510626985379e-01
-2.941333322953011420e-01
4.739816389339779334e-02
-3.070370193561723915e-01
2.081790876994591144e-01
4.629185658966804805e-03
-5.999782972309393170e-01
-5.999813919833686393e-01
3.911400477654095598e-01
1.000177733519320711e+00
1.000389708249143084e-01
-2.379417403294846189e-01
2.149855767134023765e-01
1.000439233492335100e-01
9.986904826135588331e-02
-7.997375621448082894e-01
-6.000862888502466186e-01
-6.000302864898865440e-01
9.999769551351113117e-01
-5.999696404273283656e-01
-6.000761139178466541e-01
1.000094968869773338e+00
2.026640141574826137e-01
-7.979478741315904067e-01
3.996042870377085610e-01
4.504001003220714505e-02
2.046004741501138702e-01
-7.940056776324159182e-01
-1.000092390968745582e+00
-7.846236847275391835e-01
-9.999677179954148398e-01
9.999515443504350953e-01
9.998716171688519783e-01
-8.170430568284247075e-01
-3.418124546202372382e-01
5.116945502120784361e-02
-7.796923880163885157e-01
1.000048427104095472e+00
-6.000298958991752141e-01
9.994916927768415782e-02
-9.999764556308711194e-01
4.063819936176011893e-01
2.100197227524725763e-01
1.000012120086757106e+00
-6.000676728558024253e-01
-6.000038213605833892e-01
-2.866965447911055676e-01
1.000173272339051733e+00
1.000475664329873171e-01
1.000020487726079654e+00
9.999133831623003843e-01
-9.999784708195473826e-01
4.092538399212647393e-01
1.001137449953017344e-01
3.955986221297462802e-01
9.994972145760887272e-02
5.933728147230753897e-02
-4.733501428522115390e-02
2.007013271984846858e-01
3.892109265645724570e-01
-7.810853467424381247e-01
-6.001247679454005945e-01
4.043680313161250317e-01
1.000021005002944108e+00
-1.093873722358072592e-01
-7.878475611543352963e-01
4.075491742267943196e-01
-4.837569931203124229e-02
2.022401086667937053e-01
-1.000028157730824763e+00
-2.720401686222475579e-01
3.971285140307206363e-01
2.001725093037550196e-01
3.910316072773825646e-02
1.000062665547702068e+00
9.998585173830065731e-01
9.998382422928360214e-01
1.000233848617016613e-01
4.178748862044952966e-02
-9.999124460891107846e-01
-4.303418226368312949e-01
-3.052737985262532483e-01
1.000131273124944542e+00
-7.983843368884380176e-01
-8.039764702628147131e-01
-6.001416058967647960e-01
-3.021247945729192974e-01
-9.998707925396896901e-01
1.918019225244107506e-01
9.993913353553153522e-02
-5.997462401242661389e-01
-6.305810512014825737e-03
1.000052274792373685e+00
2.059642885702711590e-01
2.217629779792613665e-01
-4.151526714126695279e-03
-3.474631836612044888e-01
-3.632830999981087605e-01
-3.304244777202390293e-01
3.925803093366054264e-01
-2.791173167522056353e-01
1.000012656477525130e+00
1.000156090954388732e+00
5.322948216822533107e-02
1.988439869993831877e-01
1.997907140323730291e-01
-1.577482605794253839e-02
-3.292907683123999507e-01
-6.000291439041910424e-01
-1.000132337951816774e+00
1.900501068926812032e-01
1.687169347299127473e-02
