-6.000721842415337459e-01
-6.000601990088016979e-01
1.000070216618147434e+00
-1.914874359656105335e-02
-1.000030828130235694e+00
-7.964072556745259712e-01
-6.000499123210543129e-01
-1.129391828232018807e-01
-7.995401779841955214e-01
-3.112062546473501889e-01
1.000654528757480705e-01
-9.999074162183371195e-01
1.930461934234138088e-01
-1.119483682998827093e-03
2.013366155525100898e-01
4.185630315081865782e-01
1.040767186246713445e-02
-1.000026052385305286e+00
1.999099103453455817e-01
-6.369342821429728463e-02
4.045392104836197933e-01
4.167652944158700690e-01
-3.721824737060931421e-01
-7.938937240689049046e-01
-1.000097607280413525e+00
3.790464607427056487e-01
-3.167319682346062537e-01
-6.000725338715309221e-01
-2.890850582873047414e-01
9.994869544509768500e-02
-9.998287577758168121e-01
-7.831774007521126180e-01
-7.975217914627295013e-01
-1.000072077013354210e+00
-8.533563358306302249e-03
9.999797967783746744e-01
-1.000165233781954210e+00
9.998001905475613071e-01
3.902434677558555554e-01
-6.000636265724555996e-01
1.000001977809736653e+00
-8.043170861098464242e-01
-3.297253000815856261e-01
9.987775000113160995e-02
-3.389642890307127399e-01
3.949439227158471621e-01
1.001421546997226797e-01
1.001154229509770982e-01
9.989457026780663995e-02
2.008688295796970391e-01
-1.000054183751102332e+00
-7.973405385801360934e-01
3.965530232973190627e-01
3.949137052311870733e-01
-2.491968271696465842e-01
-1.000075720895525544e+00
-7.984521259627300749e-01
3.893412878398883059e-01
8.133595235788665390e-02
-1.000188116525633664e+00
-4.925493991777537411e-02
3.962034798342498609e-01
-1.000028072116534883e+00
-3.213566489944341686e-01
-9.999916980417968837e-01
1.000274597846834423e-01
-9.999909769422361538e-01
-1.302629621541405783e-02
-8.130088738078289357e-01
4.089166966651252566e-01
-5.999966506904397257e-01
-3.058669530910872458e-01
9.983566290966600087e-02
-4.874389860300865768e-02
2.128371480804683302e-01
1.000681357134825950e-01
2.022944937728208825e-01
9.999445921838460150e-01
-1.060789144264680933e-02
-7.899748902201726430e-01
4.032765991321822785e-01
3.797925397451425433e-01
1.959131602287298990e-01
2.041062994130383723e-01
1.000154726261031968e+00
3.780204461739196109e-01
-1.000032956552570518e+00
-6.000021955367426107e-01
-9.999732832416347028e-01
-1.005654658892614871e-02
-1.000040046678837724e+00
9.992168276789691050e-02
9.996445829388736493e-02
-6.001262635467499162e-01
-5.740197947469203449e-02
-8.133468799747459732e-01
-7.981329296371492132e-01
-3.085879995676551468e-01
3.829926515539066600e-01
-3.521955797879117167e-01
4.060423767995535171e-01
-8.026286875371995144e-01
-2.598438038016748219e-01
1.000326641519099224e-01
9.998623013549381988e-02
9.999547119701559517e-01
2.854630746808455282e-03
3.967833092854627930e-01
9.990582426215244283e-02
-3.370873826737611489e-01
2.010945357446888293e-01
-3.870380366328745603e-01
-5.998813739107172749e-01
1.000009741900811822e+00
3.819224562041216853e-01
1.892962447196199771e-01
1.000365156299887343e-01
1.000220400481120375e+00
-9.999215107240376765e-01
4.183382419893676984e-01
1.000090043089804315e+00
3.944911436660315518e-01
1.000228743899253675e-01
3.877027445118941817e-01
-6.000752025103363030e-01
3.975674357811651016e-01
-2.581809196727263833e-01
3.832068964750309781e-01
1.000070102868945598e+00
1.000087217462477751e+00
1.000216689574226769e-01
2.084415611500612941e-01
4.241106760585424129e-01
-8.050349964963317007e-01
1.001403921527786456e-01
9.998463051513124533e-01
1.000032754190834039e+00
-1.000140097229089919e+00
-6.000416106728576615e-01
4.124984952100507196e-01
-1.963068995523477300e-02
4.160880756020278182e-01
9.991871924493513080e-02
3.928167286750812170e-01
2.586684508701241059e-02
-2.868586682041647240e-01
-5.997677194714107207e-01
1.803846007046034650e-01
1.000110264093298396e+00
-1.000027680045215250e+00
-7.938310641020189795e-01
9.999380144207836718e-01
4.125779918852589545e-01
-5.999049092085256829e-01
1.000921408519326039e-01
4.178776060725539199e-02
-2.688958285806241078e-01
-7.961132559651297180e-01
2.088111642400855006e-01
9.984651537215089023e-02
9.998941714558060578e-01
1.966454570896380427e-01
1.968191011290766901e-01
-3.481803826912130417e-01
-1.000061997892424337e+00
2.114223254229987206e-02
4.034824242867767197e-01
-8.072871252026797562e-01
2.001863128068809561e-01
9.999038589856538151e-01
-8.136407712776143608e-01
-6.000205140406459359e-01
-9.999164319952786872e-01
7.323022557224720397e-02
-2.651877320442403985e-01
-5.999679604419728696e-01
-1.088282210932623589e-02
1.979310427352480029e-01
-9.999934679559125961e-01
9.998916188886891598e-01
-7.807154825550637334e-01
4.016704676773615867e-01
-3.301483360572124437e-01
1.000048835311819095e+00
-1.000011716821469276e+00
7.198602008890896825e-03
2.140805616169956238e-01
9.994464912956955993e-02
-8.139309429264880436e-01
-3.513525685051153147e-01
-7.114670582283955103e-02
-2.910553320796345766e-01
1.983837473057460943e-01
-1.099485185083273666e-03
-6.001162243033325572e-01
-5.999639490884600690e-01
4.053228033656829377e-01
1.000039259980454398e+00
1.002455274927051693e-01
-3.966386629635936245e-01
2.044103589797861831e-01
9.981221472430441832e-02
1.000148195985287036e-01
-8.152743296405016160e-01
-6.000305753658289332e-01
-5.999612786580569290e-01
9.999554660458754851e-01
-5.999090508829320045e-01
-5.999150524591755351e-01
9.999813249650134628e-01
2.060873398370859921e-01
-8.151852220023412254e-01
4.003669156857941891e-01
4.503325883015280723e-02
2.010187088070542749e-01
-8.003217505078933369e-01
-1.000050902147753717e+00
-8.012095580662254024e-01
-9.999073064038955794e-01
9.999387013635611110e-01
9.999282908245483714e-01
-8.068161825734139203e-01
-2.900182272121092919e-01
3.284304319800036148e-02
-8.081536816742578289e-01
1.000133864419469720e+00
-6.000727083856938204e-01
9.995091557867233356e-02
-9.999932855525820452e-01
3.829567559374196239e-01
1.938773444076974939e-01
1.000098804004437625e+00
-6.000231627014722680e-01
-5.999589052564476832e-01
-2.814253121468970331e-01
1.000021444489848532e+00
1.000551371495540243e-01
1.000026830986598725e+00
9.999456439849623290e-01
-9.997983620259106585e-01
3.972263343934948621e-01
9.985889586691747144e-02
3.818889590085726149e-01
9.991313816673653980e-02
-6.558752508073105447e-02
-5.508514967338580537e-02
2.019136057086591551e-01
4.153781943502261598e-01
-8.024110852953618700e-01
-6.000511890244897284e-01
3.954492329479759039e-01
1.000042936497002266e+00
-4.373034969313221304e-02
-7.895570191819728523e-01
3.817576911796268235e-01
1.405422190327959044e-02
1.958077484132358381e-01
-1.000054723321555317e+00
-2.533323123687364342e-01
4.243572242929594673e-01
2.156357742045608150e-01
-3.738059941476230830e-02
1.000004516100045038e+00
1.000106543650923774e+00
9.999936854172127854e-01
1.001488026423117406e-01
-1.057615097351575495e-01
-9.998089703726225075e-01
-2.446558730025530093e-01
-3.811388042267065956e-01
9.999244078800471058e-01
-8.072043507814103958e-01
-7.982355888842901370e-01
-6.000282748025245194e-01
-2.305293683011852002e-01
-1.000117543066986636e+00
2.187520328201703612e-01
9.980401638627234284e-02
-5.998104095386407320e-01
-6.619888208354184587e-03
1.000185117070291785e+00
2.123683344640675541e-01
2.053997759767683118e-01
6.310139610519346909e-02
-2.902254686625994062e-01
-2.497109746808038599e-01
-3.228391885928706961e-01
4.162384684100285948e-01
-3.024623553725595548e-01
1.000091025995062610e+00
1.000203142499683118e+00
8.306931676579554225e-02
2.036434727547049850e-01
1.991130086997143778e-01
-1.077170799737569296e-01
-2.547203631149838610e-01
-5.999686002785936667e-01
-9.999303197619873185e-01
2.098343095498324817e-01
-2.726732432727442881e-02
