-6.000395729979907111e-01
-5.997653240326104029e-01
1.000022393408025678e+00
-1.999251113956649131e-02
-1.000005210833012192e+00
-8.045391255808387321e-01
-5.999466827776213096e-01
-1.308589605020744340e-01
-7.890871485617648728e-01
-2.118212362203968357e-01
1.001004348484472034e-01
-9.999082884280677819e-01
2.055298189958307264e-01
2.970370708825038897e-02
1.946905025799090805e-01
3.896365833115717492e-01
7.292626292797555268e-04
-1.000044919559854195e+00
2.096421169877254187e-01
1.038180301944063855e-02
3.882584341298412900e-01
3.972847451544924691e-01
-3.359096461077247797e-01
-7.943920265704830230e-01
-9.998520283536781461e-01
4.139771445346896450e-01
-3.107653785018175685e-01
-5.999281332021321189e-01
-2.110045339045765744e-01
9.975981980509587843e-02
-9.999176580290126681e-01
-7.918057874045792977e-01
-8.073137739847214833e-01
-9.999930077798551142e-01
-1.062739846748424026e-02
1.000039697308705788e+00
-1.000045371821708606e+00
9.999728535489422754e-01
3.901416189853967320e-01
-6.001382409568599696e-01
9.998209740817702862e-01
-8.015782969413229875e-01
-3.487616176662425294e-01
1.000741576575156222e-01
-2.178477482249477348e-01
4.051497718229066791e-01
1.000979550671968338e-01
1.000965675857904413e-01
9.990459722910820239e-02
2.013345335002544034e-01
-1.000135055568147635e+00
-7.936488415235594118e-01
3.878251043073740467e-01
3.986121475634294420e-01
-2.720015534179995309e-01
-9.998473135056501482e-01
-7.988795168350832920e-01
4.006238963703832034e-01
2.561080652848918456e-03
-9.999309162062995915e-01
-1.406842932770314275e-02
3.921392645986607195e-01
-1.000113686821665127e+00
-2.516565043480872288e-01
-9.999069743478022909e-01
9.990240820929720267e-02
-9.999243482711346331e-01
-6.344689346675805829e-03
-8.163384475112137606e-01
3.992381065633406334e-01
-6.000777265768921787e-01
-2.569286551413544339e-01
9.975578030083506742e-02
5.074388925999432504e-02
2.103377754159742041e-01
9.986420448159412377e-02
2.116060628748736294e-01
1.000098733247424043e+00
-3.947851918972404561e-02
-8.092105457585534456e-01
3.969050939270458711e-01
3.828048237864414283e-01
2.052704650815879439e-01
2.147204825225855207e-01
9.998772814072781623e-01
4.038470847258701646e-01
-9.999730657553111968e-01
-6.000072657592100400e-01
-1.000037932280372743e+00
-7.818138341464787866e-02
-9.999917133781915934e-01
9.997159556208790043e-02
9.997897439893144167e-02
-6.000339558191404299e-01
-1.664487199434599995e-03
-7.998335431180281230e-01
-8.088171130047689950e-01
-2.706816871147008641e-01
4.101067415015662299e-01
-2.774966709545589882e-01
4.009456917385844088e-01
-7.948596965954743965e-01
-2.424345894717502004e-01
9.994580370149792892e-02
9.994711440023755500e-02
9.999261656645797025e-01
2.646603404271038931e-03
3.979862293637544957e-01
9.982728199424725779e-02
-2.817128264083365585e-01
1.897140128733597608e-01
-3.471777045931795369e-01
-6.000581509228776200e-01
9.999482909527669383e-01
4.042214437416959405e-01
1.904072778638612462e-01
1.000026015214636882e-01
1.000055840458300871e+00
-1.000175054474861325e+00
3.838660057664880498e-01
9.998541770793797356e-01
3.808412486771339811e-01
9.993082939575601009e-02
3.954198065512778415e-01
-5.999107867513620018e-01
3.882041312589488702e-01
-3.612531884967474793e-01
4.013192196150063840e-01
9.999908021214061193e-01
1.000050257611486249e+00
9.983824933462699669e-02
2.016918566296207749e-01
3.982723002502184806e-01
-7.969141921215122659e-01
9.994636974267395724e-02
9.998976755502458902e-01
1.000155610206112211e+00
-1.000177634979938501e+00
-5.997719040389520861e-01
4.109709901972645185e-01
9.016905529166082886e-03
4.011149127841862061e-01
1.000152905642797962e-01
4.074986978258744452e-01
2.585514112713091506e-02
-2.983224129267741387e-01
-6.000096852823554316e-01
2.078387160939275391e-01
1.000036458276049478e+00
-9.999723015135877358e-01
-8.105101685012825463e-01
1.000091502213056760e+00
3.829588858464116896e-01
-5.999181067435621628e-01
9.994460247068687186e-02
-4.741375758898588866e-02
-2.518802648386904153e-01
-7.971902368436241115e-01
2.057693631356382336e-01
9.999415923204567347e-02
1.000100311186395752e+00
1.831469259434807817e-01
2.093801151994190424e-01
-3.344549250702268384e-01
-1.000017303984364503e+00
4.356730623809360048e-02
3.851913453034234158e-01
-8.120962187367972707e-01
1.940715585676374144e-01
9.999618639779495055e-01
-8.092391182275755490e-01
-6.000543965749020048e-01
-1.000100582428539386e+00
-3.043272108014807853e-02
-2.463386811369531193e-01
-5.999474773981716691e-01
1.311506596574370589e-02
1.946776384298826434e-01
-1.000031838095640335e+00
9.999296453991894928e-01
-7.875632888062689130e-01
3.970098726811072121e-01
-4.221458697357000078e-01
9.999167366791187339e-01
-9.998649728110120538e-01
2.007473369974661914e-02
1.923026157353994736e-01
1.001453776627369147e-01
-7.953433618233002322e-01
-3.031152964726903654e-01
-4.826290139627564812e-02
-2.716373186882873880e-01
2.074600114062323530e-01
9.503617686941018272e-02
-6.000124831242721335e-01
-6.001229333636487473e-01
4.064184193439175918e-01
1.000036191192613666e+00
1.001052215130889406e-01
-3.004992605697273667e-01
1.929612199212483170e-01
9.995967542392919514e-02
9.989801482648875963e-02
-7.924026057670116030e-01
-6.001262571692486114e-01
-5.999220118969665894e-01
1.000018588448772228e+00
-5.999999175174137722e-01
-6.001141969445361601e-01
9.999213304734517749e-01
1.990144585140304623e-01
-8.037226195661790751e-01
4.003227884881094267e-01
3.873713337020157771e-02
1.998858179683678793e-01
-7.981998604719929835e-01
-1.000201946294972277e+00
-8.096727133889053407e-01
-9.999228920428040457e-01
1.000022676195163829e+00
9.998298489790120591e-01
-7.842195760516151859e-01
-2.251130100886978846e-01
-1.228096016794702657e-02
-7.953622836868173840e-01
1.000021375149284131e+00
-5.999158167290667976e-01
1.001333680129960213e-01
-9.999869751926262484e-01
3.988100180898366820e-01
1.937614421398959619e-01
9.999367047481255710e-01
-5.999797437693957791e-01
-5.998017753635976890e-01
-2.651863999065428579e-01
1.000016497890925615e+00
9.991018317983176023e-02
1.000097136230458039e+00
1.000076308975247130e+00
-1.000008378803711517e+00
3.951746396109741544e-01
9.998668439228231009e-02
3.813716411403154094e-01
1.000485594973731102e-01
-2.309909135955623416e-02
-3.470974427730032230e-02
2.208120708141141919e-01
4.028154885166230770e-01
-8.037826579497761026e-01
-5.999986799879527544e-01
4.080707022609530443e-01
9.998628695172043779e-01
-4.473249174322671551e-02
-7.899925526134635723e-01
3.843656783080429684e-01
-1.074384092712820163e-02
2.088219623809200454e-01
-9.999431961912582656e-01
-2.917309512156300300e-01
3.978897695109545607e-01
2.170452181491523136e-01
-1.085028584766851122e-02
1.000047978345075306e+00
1.000089521305140838e+00
9.999124636379413955e-01
9.998397359453227440e-02
2.434798204076184941e-02
-9.998857268388822161e-01
-2.981480792672605018e-01
-3.959929925943376783e-01
9.998445950437019336e-01
-7.814276055463559301e-01
-8.068781422037272222e-01
-5.998337466888138403e-01
-3.119087744799342032e-01
-1.000104829408670515e+00
2.061616362522425416e-01
1.000944510337629517e-01
-5.999321952984856265e-01
-4.596794815484497865e-02
9.999452052858780471e-01
1.935401752721299662e-01
1.852463755184013683e-01
3.518902087428171788e-02
-2.418651655933733990e-01
-3.552928469263671452e-01
-2.851578518420235797e-01
4.062690924955301153e-01
-3.373335781837540348e-01
1.000141497815882463e+00
1.000018198553861870e+00
-5.949241950969375026e-02
1.966073861207762175e-01
1.942857253101761272e-01
-6.169868231032097500e-02
-3.448418392702107260e-01
-5.997729277288308403e-01
-9.999142202458952688e-01
2.151381957504629461e-01
-7.930160906044225744e-02
