-6.000671674372717312e-01
-6.001462347079300486e-01
1.000161482059919615e+00
1.052926340794016827e-02
-1.000007280762220008e+00
-8.080250765391802092e-01
-6.001350868718288156e-01
5.053816148336431197e-02
-8.053712959130590043e-01
-3.808218801794646113e-01
1.000133955216146592e-01
-9.998392541544863787e-01
2.107184078866169707e-01
-4.512960888600999615e-02
1.947575759393253003e-01
4.143787113523064169e-01
3.619228016367634360e-02
-1.000144679805102355e+00
1.907672760502872877e-01
-5.437913266147719610e-02
3.932755762524103305e-01
4.105342262624825933e-01
-3.239822812981663080e-01
-7.993387823302610107e-01
-9.999544323170427296e-01
4.068170916835247009e-01
-2.367448849655404142e-01
-5.999882147247481701e-01
-2.853921740499963389e-01
1.000604684551126417e-01
-1.000105729472251070e+00
-8.161050841004541256e-01
-7.980745355940324082e-01
-1.000016222938888255e+00
7.216757613691786311e-02
1.000257801998910789e+00
-1.000138941203300158e+00
9.998708474302692162e-01
4.137542258805532169e-01
-6.000972740369618919e-01
9.999237449803819455e-01
-7.974090453278153134e-01
-3.763905286052331989e-01
9.986151061248352279e-02
-2.890073148368739187e-01
4.049494487374175056e-01
1.001512862967775391e-01
9.998353915528251923e-02
1.000779299356466673e-01
1.841813124031475846e-01
-9.998723364308056416e-01
-8.244037322714695692e-01
3.976928127671869317e-01
3.923584414452568891e-01
-3.067672233257313086e-01
-9.999772746305264359e-01
-7.854997652968725985e-01
4.063060102222327830e-01
-1.832024917700643060e-02
-1.000081713829809926e+00
2.260430095278245441e-02
3.866563347484017754e-01
-9.999703404897393177e-01
-2.450256785087535361e-01
-1.000160439965177783e+00
9.988934634870727525e-02
-9.999413088596895705e-01
-5.142040877771029972e-03
-7.869948615914138523e-01
3.989870001831237745e-01
-5.999722184127578295e-01
-3.123421928294103367e-01
1.000875987231653053e-01
3.750898714253808608e-02
2.111056379743708744e-01
1.000729657090099201e-01
2.003269529143450189e-01
1.000013835599817380e+00
-6.258464961499632384e-02
-8.169093466308429141e-01
4.073048193928697769e-01
4.107619737205364663e-01
2.039106969356254406e-01
2.033301284865217107e-01
1.000297667416164993e+00
4.029994965538736262e-01
-1.000008223719926814e+00
-5.999109268974019971e-01
-1.000029093187196017e+00
7.630334464460511446e-02
-1.000095330817929895e+00
9.985635156426422854e-02
1.000546104963061511e-01
-5.999812128394712563e-01
2.563049169664229077e-02
-7.915309244988552040e-01
-8.012418065394187883e-01
-3.864267853261461605e-01
4.250964802933521747e-01
-3.154329260307145444e-01
3.992793702322037785e-01
-8.051452182017003745e-01
-2.639193643138836309e-01
9.991676756696678263e-02
1.000608761249361239e-01
1.000192858086935033e+00
2.369018789399131644e-02
4.033859447492798567e-01
1.001148878115736551e-01
-3.321125614091831602e-01
2.109781016407996646e-01
-3.705721752821857784e-01
-5.999859874783035618e-01
9.998655479903277854e-01
3.985659809996520142e-01
1.942188250292264107e-01
1.000105611330375510e-01
1.000023199802778429e+00
-1.000022281766514531e+00
4.009776670382488861e-01
9.999039925024155728e-01
4.071938774723435350e-01
1.000230768849892649e-01
4.154168808135498270e-01
-5.999766549237869340e-01
3.894667299546384354e-01
-3.464594581380070482e-01
3.969425211798038311e-01
9.999691809513437946e-01
1.000178079029146572e+00
9.999017234050718017e-02
2.008969477273117032e-01
4.053012566384423532e-01
-8.131458875791154339e-01
9.993574571355949565e-02
9.998317428993087619e-01
9.999708884365429151e-01
-9.999653823546252873e-01
-6.001188909586011588e-01
3.918929807884409255e-01
1.803320616963996134e-02
4.057741813557292909e-01
9.991807175168829214e-02
3.965953173018464395e-01
-4.959150669792844295e-03
-2.464270097558468042e-01
-5.999065359987159063e-01
2.091051256916283962e-01
9.999838001278701372e-01
-1.000056826342265559e+00
-8.065364560842797070e-01
9.999873020277466606e-01
3.966251557161611929e-01
-6.001527699958001394e-01
9.998140126203400313e-02
1.010526844949280467e-01
-3.704048499744566070e-01
-8.047465329131170408e-01
1.974180513345082377e-01
1.000977707853796528e-01
9.998906327187728760e-01
1.968543482836060676e-01
2.003837414956663732e-01
-3.476668401542611919e-01
-9.998744176373479675e-01
-3.851050410275585340e-02
4.130244469454505407e-01
-8.056527534450106387e-01
1.875877130288386707e-01
1.000142533619380769e+00
-7.837811181971665597e-01
-5.999755235016495103e-01
-1.000139179406248857e+00
-7.952347310915502954e-02
-3.356211879983305724e-01
-5.999462132508599499e-01
4.229752216539134531e-03
2.144172986184555429e-01
-9.999230658421602858e-01
9.999325685226783111e-01
-7.920921100209424859e-01
4.099865190632822620e-01
-2.782351232523648243e-01
9.999814705573181195e-01
-9.998914468797863719e-01
-1.200825460631007591e-01
1.905094997330490370e-01
1.000470257454136036e-01
-7.918825166576300978e-01
-3.134252632302769181e-01
3.065628196614295087e-02
-2.119543219904289066e-01
1.985869798129470398e-01
5.731698416980020305e-03
-5.999609866773818467e-01
-6.001401147238186740e-01
4.105107184350879623e-01
9.999108723102702045e-01
9.996915940990187821e-02
-3.267731794116062183e-01
2.033344749072960034e-01
9.998251779999295374e-02
1.000383766204259867e-01
-7.913777896428576542e-01
-5.999709112993329985e-01
-6.001201642411779780e-01
9.999739313335544999e-01
-5.999468856323536547e-01
-6.001292682163410497e-01
9.999140464425653185e-01
1.999192483483202831e-01
-8.065090539252934843e-01
3.947347317428034907e-01
5.715228805493062503e-02
2.036817551850641783e-01
-8.037346668703969632e-01
-1.000034231266796469e+00
-7.894926380488314077e-01
-9.999247545575734586e-01
9.998442375259741777e-01
9.999824892096884632e-01
-7.912569765501106245e-01
-3.208610190164138398e-01
-7.772174406356187337e-02
-7.890108892536159546e-01
9.999689664167692449e-01
-6.002056020932369229e-01
9.993551956863125363e-02
-9.999039235127449299e-01
3.920088235619355044e-01
2.015538481917275304e-01
9.999448017750222073e-01
-6.000031713648210641e-01
-5.999627071831258318e-01
-2.663384649986688113e-01
1.000019791095942967e+00
1.001626894228177800e-01
9.999491791285534115e-01
9.998858957445028173e-01
-1.000141555122026515e+00
3.977361499812168133e-01
1.000758558434259454e-01
4.098461900652821122e-01
9.997069560049752501e-02
3.393730896259319202e-02
-1.638819960442890883e-02
2.036701516439123061e-01
4.024718277878375217e-01
-7.953223296868050518e-01
-6.001404025965827449e-01
3.904038222784110834e-01
9.998863106116813171e-01
-9.051360766564328988e-03
-7.946884361499547689e-01
4.076181412301571605e-01
8.304390357395939615e-02
2.031330554828092438e-01
-9.999843052458470272e-01
-3.046484279639786186e-01
4.058840388263044163e-01
2.050549729112040587e-01
-3.147537934321451014e-02
9.999647449351778405e-01
1.000066780655915366e+00
9.999658119454021277e-01
9.998606832067490069e-02
2.034859273909264687e-02
-9.999918907005327373e-01
-2.774533636385644320e-01
-3.328534073203428534e-01
9.998418408679182745e-01
-8.083560982761187619e-01
-7.987853949337552217e-01
-6.000562911323923387e-01
-2.506829622419197712e-01
-9.999969430985310437e-01
2.108850335162176515e-01
1.000190480119201170e-01
-6.000361279551921223e-01
7.545471583366056625e-03
9.998881611158481064e-01
1.804654854311030787e-01
1.911346391872398576e-01
-1.189517908984880495e-01
-2.371004163958930211e-01
-1.898713279125154862e-01
-3.935034892028506648e-01
4.106122026363961397e-01
-2.660997834846228205e-01
1.000071471724436112e+00
1.000154306509603019e+00
-9.216383212863574204e-02
1.999137673575302476e-01
2.053141393486114519e-01
4.970467178975286615e-02
-3.459568346936360839e-01
-6.000149422946453592e-01
-1.000176574120290152e+00
1.842046083334868967e-01
-4.514454987272820130e-03
