-6.000608436144960756e-01
-5.999469338307057420e-01
9.999077165263241529e-01
-3.126615573157270900e-02
-9.999622879688712107e-01
-8.031329755859095698e-01
-6.000925889672082958e-01
-1.847047650180347333e-02
-8.089905371839699599e-01
-2.373596637954208388e-01
1.000918319295884124e-01
-9.999332576751117641e-01
2.053559113904901146e-01
8.366104566736171089e-02
2.187106024705709195e-01
3.907485154142065764e-01
7.362832155733360640e-02
-1.000072148826166796e+00
1.988702979650233960e-01
-2.168743142641308200e-02
4.107166389332417289e-01
3.957782677799223103e-01
-3.145673828828954299e-01
-7.934241806065903679e-01
-1.000027033283174882e+00
4.132546727189816416e-01
-2.871624356496176866e-01
-5.999506163138063064e-01
-3.714114745908160264e-01
9.994418287548086088e-02
-9.999437461301592389e-01
-7.928005690607232703e-01
-8.027887900373706920e-01
-9.998389058813527130e-01
-3.350969349473861131e-02
9.998771903731685784e-01
-9.999920178608274757e-01
9.999321135618355338e-01
3.841004867662471400e-01
-6.000160100750644432e-01
1.000097566359215540e+00
-8.002061354989973285e-01
-3.396128037442870395e-01
9.998489232094640022e-02
-2.583723361923020434e-01
4.046865539128690070e-01
9.997042219875157398e-02
9.993064074148946818e-02
1.000552087596021517e-01
2.101200196061488168e-01
-9.998882829749230483e-01
-7.979102813607482636e-01
4.018411219935570933e-01
4.065824249969566262e-01
-2.667354212472943797e-01
-1.000200601608383977e+00
-7.906871287691890071e-01
3.999841558339207181e-01
3.108709028851418948e-03
-9.998059582031894044e-01
2.699158124465181330e-02
4.145837702810210024e-01
-1.000018302903441514e+00
-2.500907489421579921e-01
-1.000148399774034136e+00
9.999250741108053897e-02
-9.999962833076614377e-01
-2.529551776081514700e-02
-7.987368008016044740e-01
3.901755359655007527e-01
-5.998674304725191142e-01
-3.127154956403012664e-01
1.000465747613854262e-01
-5.718034145810982349e-02
1.884507350195454567e-01
9.996328749810844128e-02
2.131075120441820181e-01
9.999880210857625684e-01
1.871002621486692746e-02
-7.948526405707411202e-01
3.870232592246107828e-01
4.050451007766914802e-01
1.997078314082320338e-01
2.122722831740236626e-01
1.000085955816492289e+00
4.026977633437998638e-01
-9.998873202460744070e-01
-6.000220937156123258e-01
-1.000077301613477188e+00
4.182241519250975981e-02
-1.000204784896647325e+00
9.990492102137288333e-02
9.988706918264513013e-02
-5.998523979851372312e-01
1.218008877427272790e-02
-8.082281505753385886e-01
-7.845854201117437032e-01
-2.837325083669112180e-01
3.957737534145296943e-01
-2.117554468729412331e-01
4.031696624150983288e-01
-8.100439572931170673e-01
-3.148948342327521632e-01
9.984216151787497773e-02
9.997571682398288806e-02
1.000015637086252518e+00
7.395492767994185646e-02
3.999475711421662805e-01
9.988939187287916577e-02
-2.259317230452060343e-01
1.985488350523865186e-01
-3.451220834041407448e-01
-5.998925116968195637e-01
9.998736672260317704e-01
4.121331099998769565e-01
2.075370690724128442e-01
9.998546974696051470e-02
1.000090125641676320e+00
-1.000141039474435667e+00
4.317505121663717804e-01
1.000007108920163867e+00
4.130060607299015363e-01
1.001925628361176462e-01
3.993342146093495360e-01
-5.999892241093959244e-01
3.954104948464550184e-01
-2.693840002458594562e-01
4.072541839996066115e-01
9.998449090475000078e-01
9.999137780895354100e-01
1.000958600389572628e-01
1.985377056654335781e-01
3.991760791364558081e-01
-7.878025755326967250e-01
1.000762188727323393e-01
9.998917657725416852e-01
1.000037697431250150e+00
-1.000078097745430661e+00
-5.998039465938527215e-01
3.877344980245916450e-01
-2.211166188077373987e-02
4.204952539197812089e-01
1.000998413685311034e-01
3.979928966678313862e-01
-1.652755059855844089e-02
-3.071443199728272622e-01
-5.999478472670479734e-01
1.841715616158799140e-01
1.000161997127447799e+00
-1.000105784530301856e+00
-8.025952923982858644e-01
9.999522512498740801e-01
3.946644764452352794e-01
-6.000938357579865823e-01
9.996215532082027011e-02
3.334886760072267291e-03
-2.792472191625642308e-01
-8.141221189043078565e-01
2.072465961422950143e-01
9.999844378258380961e-02
9.998826515452265973e-01
1.971288781691829806e-01
2.030673852877382668e-01
-4.156730466137044666e-01
-9.999328546678463159e-01
-4.805505151626812514e-03
3.978139437649620413e-01
-7.854107128714811203e-01
2.010487152516151343e-01
1.000015634008122101e+00
-8.180349785591832790e-01
-6.000515015837866173e-01
-1.000117344841385814e+00
3.285008681467558450e-02
-3.091020892602298620e-01
-5.999544304925480409e-01
3.683985952354178889e-02
1.983603996643135969e-01
-9.999010276554755050e-01
1.000057378305893696e+00
-7.924839438072883713e-01
3.951524682432593916e-01
-3.390605338158520499e-01
1.000056101266994180e+00
-9.998782320812112934e-01
4.202543685111769650e-02
2.085526779264300912e-01
1.000460454202052041e-01
-8.064100689258424381e-01
-2.647143195515537784e-01
-1.354724083460975143e-02
-3.458140217153599094e-01
1.966999946367626317e-01
4.618341209197648206e-02
-6.001901961121199891e-01
-6.000835507921580270e-01
3.928423769455184900e-01
9.999513075356910585e-01
9.995418176069023608e-02
-3.571877735262969922e-01
2.192501106500658048e-01
9.995503457395071845e-02
9.993724239309074997e-02
-7.961096620412438929e-01
-6.000214671013957002e-01
-6.000397950616649378e-01
1.000010363832416038e+00
-5.999944611926587568e-01
-5.999275677982108812e-01
1.000176527760709089e+00
1.988684895753337623e-01
-7.942414143629258350e-01
3.988606776746120852e-01
-6.851134897374143440e-02
1.983886629536245061e-01
-7.963771157665594513e-01
-9.998181997096051710e-01
-8.024068065524031512e-01
-9.999997050927663667e-01
1.000016170846769858e+00
1.000043080993604949e+00
-7.953856791891984468e-01
-3.062593397310079402e-01
6.197300554030088504e-02
-8.040181022135339806e-01
9.999089019158369229e-01
-5.999707151855636633e-01
1.000697073736884768e-01
-9.999936881994427873e-01
4.041087204753498474e-01
1.834281164716542734e-01
9.999187555765428614e-01
-6.000098199326626691e-01
-5.998974798407141762e-01
-3.480374489343781019e-01
9.999541651833844247e-01
1.000416216775234374e-01
9.999687771918016610e-01
1.000104887232100337e+00
-1.000045603703302088e+00
3.813376157324127602e-01
1.000144860014341303e-01
4.038921635832538048e-01
1.000005022022227158e-01
-1.166894408774349634e-01
1.108893709708429348e-01
1.975086597892769247e-01
3.898889745268150353e-01
-8.238506098282091239e-01
-6.000902393765045195e-01
3.950122158285330753e-01
1.000144658066570491e+00
2.506984567044900913e-02
-8.039218977728205262e-01
4.194596378301125306e-01
8.796909206154855665e-03
2.004730500474927735e-01
-1.000039304431203702e+00
-3.390059687378335074e-01
4.182310655033351088e-01
2.047233201134504299e-01
1.044295375343739229e-01
1.000050439902854249e+00
9.999797093361769695e-01
1.000071762116823804e+00
9.992279539349364914e-02
6.097751948709512204e-02
-1.000040913569684831e+00
-2.717834355652136713e-01
-2.898538908241650724e-01
1.000040673283795645e+00
-8.007661724341692544e-01
-8.083293910362663315e-01
-6.000165077813587322e-01
-3.300936040823811979e-01
-9.999577054095424300e-01
2.099298139284431208e-01
9.996140868908945376e-02
-5.999373166761421405e-01
-6.700716693470350205e-02
9.999683001902850421e-01
1.921284535650584491e-01
2.117254352299722253e-01
4.597698584186783038e-02
-2.487213201594646872e-01
-2.769825350209382253e-01
-3.423953700329380179e-01
3.909108454021244516e-01
-3.032773278211073897e-01
9.999282620531286803e-01
9.997846340421187028e-01
-6.346906720440477490e-02
1.987889741797005672e-01
1.827273893211769917e-01
-3.969546486086872154e-03
-2.877386102518364464e-01
-6.000332006299585741e-01
-9.999314704424066003e-01
2.197700022780305074e-01
8.867369552543619138e-02
