-6.001951193977066445e-01
-5.998416655682597964e-01
9.997722552336114621e-01
5.705058669154576198e-03
-9.999651571775057812e-01
-7.894105368538465450e-01
-5.999696000354149961e-01
-5.489713445956428267e-02
-7.922455210150304294e-01
-3.111151846433771739e-01
1.000433150759305057e-01
-9.999819248428196694e-01
1.976907315346378979e-01
3.097403496280786220e-02
2.032402172944726970e-01
4.070963209885709588e-01
-2.109195280786137217e-02
-9.998564567009614601e-01
2.162632202663948844e-01
5.180949418483188872e-03
4.011645304356808994e-01
3.929897504175814404e-01
-2.333193077431042206e-01
-7.981882222109429881e-01
-9.997759464534836660e-01
4.084827137794067586e-01
-3.247058063795608684e-01
-5.999546204753301026e-01
-3.435335797809260239e-01
1.000891636665798973e-01
-1.000171773465528879e+00
-8.058267501595776094e-01
-7.983613651337743145e-01
-9.999984977857708790e-01
4.740375076486624123e-02
1.000060734213734204e+00
-1.000047619949866684e+00
9.999282533595560407e-01
3.927209762397185222e-01
-5.999090844764864983e-01
1.000070075905702183e+00
-8.038889396440807023e-01
-1.650489643934074102e-01
9.993922610217183256e-02
-2.832079976044903913e-01
4.023702871576847473e-01
1.001005979392637774e-01
1.000390330978681297e-01
1.000655515369233139e-01
2.143280061727123875e-01
-9.998984284468236394e-01
-8.050229814868921085e-01
4.147026831752807507e-01
4.011598825382580169e-01
-3.479260419629176537e-01
-9.998552836797357513e-01
-7.869960542887187716e-01
3.897980754277478588e-01
-3.925700442567541665e-02
-1.000165750979748358e+00
5.559764656775106895e-02
3.955500970255391713e-01
-1.000013717852254791e+00
-3.238797306770334616e-01
-1.000018522228334872e+00
9.996967098694467535e-02
-9.999764436164819692e-01
2.189249282939402866e-02
-8.178479749166399637e-01
4.057201292828272465e-01
-5.999151943164112710e-01
-2.784342478990384784e-01
1.002015687663112137e-01
-2.399374308021381616e-02
1.983801290234183390e-01
9.999998934406775786e-02
2.020222915098056626e-01
1.000092869177227062e+00
3.590315673549281800e-02
-7.933374521343762309e-01
4.001337520440194639e-01
4.107034685640666427e-01
1.850864722390699879e-01
1.973615248657968890e-01
9.998342657829479840e-01
4.140619404765219502e-01
-1.000038896778891573e+00
-5.999886065488292397e-01
-1.000038766626257347e+00
-3.058143275410822592e-02
-9.999356793918597885e-01
9.997815008015573102e-02
1.000200193769412438e-01
-6.000542421929458969e-01
-1.532300397698106720e-02
-8.010950633013365074e-01
-8.171687499623584428e-01
-2.462906342454676545e-01
3.969831663129097521e-01
-3.157958407808999501e-01
4.158103543769612331e-01
-8.057470360348737426e-01
-3.353500915142816896e-01
1.001534872322675657e-01
1.001059410587115256e-01
9.999911449764811167e-01
-2.143336739796868409e-02
3.910381330373707831e-01
9.988346333866421345e-02
-2.280344093341895029e-01
1.944220156374232567e-01
-3.844930285733634268e-01
-6.000626204024497312e-01
9.999488783101999623e-01
4.139242882931831735e-01
1.859667222991126523e-01
1.000209931482600595e-01
9.999279978177127992e-01
-9.998976896152430571e-01
4.004999072366913215e-01
9.999467832985939886e-01
4.059796472024491676e-01
9.992037412466177326e-02
4.143049157178189668e-01
-5.999492348231213468e-01
4.094881822774564251e-01
-3.626032527645218217e-01
3.873190645308958735e-01
1.000019041476660542e+00
9.999234427416181514e-01
9.985624188870352580e-02
1.866854534444644664e-01
4.060240619797574890e-01
-7.970664515482795975e-01
9.995247695361512974e-02
1.000086699697521508e+00
1.000214315775717289e+00
-9.998687665803541735e-01
-5.998504894364323770e-01
3.871862384311600125e-01
5.631475239634986529e-02
4.056578152863149489e-01
9.994568380186642786e-02
4.091786794333378552e-01
3.554028369260711639e-02
-2.687051348221469738e-01
-5.999630441012284710e-01
1.880735880744018040e-01
9.999638882121965056e-01
-9.999846755918749830e-01
-8.018744629663191459e-01
9.999229721828355455e-01
3.869281258050880634e-01
-5.999017919808750099e-01
9.993584794084714451e-02
5.510487169761574267e-02
-2.450732322397439766e-01
-7.961556227863234581e-01
1.902194066841044195e-01
9.998166263328624181e-02
9.999620029738440774e-01
2.036158629529041530e-01
1.920481357618545326e-01
-3.484342992345376699e-01
-9.998623603941063642e-01
5.222927634454328782e-02
3.933669935073891288e-01
-8.114076379280875662e-01
2.180662450176236444e-01
1.000095096447369380e+00
-8.053664094261716588e-01
-6.000374274328263979e-01
-1.000052312322999404e+00
2.611219100862258863e-02
-2.174897365324129916e-01
-5.999632604529517854e-01
7.637116761812341725e-02
2.099805500826132931e-01
-9.999385322790605990e-01
1.000045768940403201e+00
-7.947462004869056962e-01
4.078379584777874767e-01
-2.801648619869145929e-01
9.999226628684479978e-01
-9.998244381431585781e-01
1.785905003271111291e-02
1.836193091874948891e-01
9.997382317424653719e-02
-7.971647777079792219e-01
-3.041500246599530000e-01
-2.765585432824961901e-02
-3.504924599590110157e-01
1.905787061411525485e-01
-1.027673286301874177e-02
-6.000677447496000072e-01
-6.000698950429602663e-01
4.016579922057368912e-01
9.999273401669164230e-01
1.001218482785583147e-01
-2.969645119071941952e-01
2.064920593038849506e-01
1.000382501633036852e-01
9.982272540458790588e-02
-7.994150017969809952e-01
-5.999199143989122351e-01
-6.000832139330485315e-01
1.000216930633364143e+00
-5.999434467709672258e-01
-5.999433750406127919e-01
1.000076036390432188e+00
1.888276367242784914e-01
-7.778774102939410851e-01
4.066523883998402478e-01
-1.196735198263908923e-02
1.982600597417041033e-01
-7.984158836378126844e-01
-1.000202849841925312e+00
-8.050280907844403755e-01
-9.999014797129566201e-01
9.998581790214995380e-01
1.000051618048001245e+00
-8.251511946103826656e-01
-3.437801681440492696e-01
7.327573052253563701e-02
-8.194751646947944224e-01
1.000065497093698852e+00
-5.999539311235972949e-01
1.000874534798859294e-01
-9.997882314739738874e-01
4.044628705856668782e-01
1.794066170611821331e-01
9.999559099704882215e-01
-6.000087634263705505e-01
-6.000297643211803811e-01
-3.359389737823736399e-01
1.000104903018147473e+00
9.996838337218619253e-02
1.000154105039947394e+00
9.999165283679229965e-01
-1.000036602163854704e+00
4.018490383223425888e-01
9.994116417094947580e-02
4.114272537199324398e-01
9.992897724878398169e-02
-9.770771451685493492e-02
3.784722792447833828e-02
1.936695287496322804e-01
3.991556182360031513e-01
-7.974585508566320868e-01
-5.998376267793548156e-01
3.894035154660834275e-01
1.000095292427728877e+00
2.386220162124554414e-02
-8.085008793751661260e-01
3.917798953336154577e-01
-4.160369360896019886e-02
1.913745568007296505e-01
-9.998149338903772332e-01
-2.799627058424729587e-01
4.098224208116301170e-01
2.121314377845059940e-01
4.416865515934691871e-02
9.999958347189658037e-01
9.999840957768212357e-01
1.000017120669382198e+00
1.001870767900211873e-01
-1.875385702664686405e-02
-1.000031549819353049e+00
-3.407262651045136481e-01
-2.617150432964098217e-01
1.000090621972762550e+00
-7.968879631202544500e-01
-7.927310380335680362e-01
-6.000354980265985017e-01
-2.401716382553487628e-01
-9.998856201787573728e-01
2.040650770493790123e-01
1.000067513769455352e-01
-5.999804632634130330e-01
-1.711540954154281910e-02
1.000085262602779634e+00
1.910874425257536868e-01
2.093190121023139061e-01
7.317895750539663013e-02
-2.902319696863044363e-01
-2.979313261694323534e-01
-2.277063938017052924e-01
3.963788953178131180e-01
-3.604574728495769653e-01
9.999748067081196679e-01
9.999271442816921596e-01
-3.631468287034430448e-02
2.033446479802623885e-01
1.823086932423197692e-01
1.685632446575032611e-02
-2.394805056850796698e-01
-6.000039040104501176e-01
-1.000096093827344212e+00
1.999886017996326260e-01
6.723751450116120798e-02
