-5.999320174766261671e-01
-6.000044470513695716e-01
1.000032637851365092e+00
-4.503411548391631630e-02
-9.999025503521241642e-01
-7.973600601130270693e-01
-5.999005996091221204e-01
3.980417543676086772e-02
-8.062386393942695406e-01
-2.663193161928481545e-01
9.986624782952921442e-02
-9.999497149257383644e-01
2.036751750591023480e-01
2.982133762271936897e-02
1.954765029828612055e-01
3.914219990750597566e-01
-3.449142313120331926e-02
-9.998872712671088570e-01
2.162095992846463088e-01
5.786469059388466007e-02
4.052909238744508702e-01
3.814519179052613396e-01
-3.213201487467894912e-01
-7.995966075395113393e-01
-9.999605083562935759e-01
3.921047226935575059e-01
-2.742223699612784671e-01
-5.999806595510646101e-01
-3.102440266059685037e-01
9.991515126868125152e-02
-9.998493837861646139e-01
-7.987480309683054891e-01
-7.973483886183622138e-01
-9.998431665847301586e-01
1.841217806482504937e-02
9.998509751797852729e-01
-9.999318652766997495e-01
9.999542274171876466e-01
4.162654266783008539e-01
-5.999444977496530829e-01
9.999610856373287726e-01
-7.888693354805411673e-01
-3.937856428491313121e-01
9.993539467905546148e-02
-2.875809762023516236e-01
4.154447608698264571e-01
1.002108842417883672e-01
9.994667964755160616e-02
9.998687706032850786e-02
1.995559988813745411e-01
-1.000009884104088309e+00
-7.850350744993828123e-01
4.047497710183908803e-01
3.963926942880544591e-01
-2.736888225702505117e-01
-9.999463712849306907e-01
-7.869720053152081674e-01
4.061019312827229832e-01
-2.317104516828150454e-02
-9.999624962404431994e-01
-1.251849511503871741e-02
3.836337390025332805e-01
-1.000139059064895530e+00
-3.111350524678349050e-01
-9.998968159665534428e-01
1.001149938621719859e-01
-9.999078487495194345e-01
1.915273713995333665e-02
-8.107487988623650610e-01
4.061274114038186944e-01
-6.001015557278143175e-01
-2.593450551727087272e-01
1.000087306761895528e-01
2.950986570681142854e-02
2.144345701442370855e-01
1.000362902285519690e-01
2.027849290648962022e-01
1.000184566691281640e+00
4.141615730600203826e-02
-8.045356788267897796e-01
4.041380830271978919e-01
3.900406723205705473e-01
1.951821558659305456e-01
1.867500891135706331e-01
1.000181357496721546e+00
3.977632748038286703e-01
-1.000162601649353666e+00
-6.000647398494435292e-01
-1.000001733016702810e+00
1.428981727724570709e-02
-1.000061188359838926e+00
1.000658777714610453e-01
9.993499206144534908e-02
-5.999379475153904240e-01
-4.070428611034115733e-03
-7.846156980477219101e-01
-8.067443191772851740e-01
-2.396834020039786128e-01
4.120378230050432133e-01
-2.998634291743673685e-01
4.054080977403210495e-01
-8.051895891435546515e-01
-2.895950436154573482e-01
9.971865355631134853e-02
9.967597067769613794e-02
9.999840247136250193e-01
-7.226218124522455766e-02
3.983792244018949935e-01
1.000492662704107194e-01
-2.435644044335907588e-01
2.030630799813372966e-01
-2.292809352856528538e-01
-5.999780178582083678e-01
9.997971877580072997e-01
4.287808027860017801e-01
1.973643149170278832e-01
1.000451583411310075e-01
1.000053116960971655e+00
-1.000081633545168103e+00
4.051431926922305360e-01
9.998613597717034285e-01
4.005676685844812290e-01
9.993243021157184602e-02
3.891353982990659044e-01
-5.999624223049137006e-01
3.994013256042596716e-01
-3.232197090211500479e-01
3.902745246726661565e-01
1.000082870320971873e+00
1.000181476019849969e+00
9.993395520520853559e-02
2.112279080527973418e-01
4.041512861863328920e-01
-8.023915951231106458e-01
1.000741998191334026e-01
9.998269914065436303e-01
1.000002718153171877e+00
-1.000120244987028117e+00
-5.999752447438970737e-01
3.834807701019981030e-01
-6.519667186460834226e-04
3.935506859996966145e-01
9.997683336637709639e-02
3.836627665234422779e-01
-6.181809336874913297e-02
-3.430523454116910509e-01
-6.002197172414646120e-01
2.015609461588349360e-01
1.000140347912966909e+00
-1.000070176079546291e+00
-7.815269481363549264e-01
9.999667527374759279e-01
3.992452902022304850e-01
-6.000641165977674829e-01
1.000644596705795170e-01
5.288964218442630122e-02
-2.979339898966317235e-01
-8.004722378418671624e-01
2.095424660650213045e-01
1.000959571118375385e-01
1.000007107447476784e+00
2.063167977829869493e-01
1.989408374516744293e-01
-2.755998720620785325e-01
-9.998928236410375980e-01
5.056193864370286950e-02
4.137998162409805558e-01
-7.976900521525418508e-01
1.980465686143513260e-01
1.000131515517838743e+00
-7.856525918140636611e-01
-6.001633107576045401e-01
-1.000033397013712966e+00
8.158984550253939316e-02
-2.745704872981769573e-01
-6.000054988686321922e-01
-4.963243095055541731e-02
2.010342616372924329e-01
-1.000223317417418656e+00
9.999965446520100443e-01
-7.981272481593933987e-01
3.927646538321459824e-01
-3.703912942043645629e-01
9.999307621135478108e-01
-1.000148548735739107e+00
4.086106489072383226e-03
1.944292747089813034e-01
1.001419772218257315e-01
-8.148143586760434598e-01
-2.344792870466740897e-01
6.854826415857841714e-03
-3.127204784304150609e-01
1.983081315830534097e-01
1.150815598707942561e-01
-6.001116479834459616e-01
-5.998837024081844493e-01
4.015201039075848022e-01
9.999870964928001538e-01
9.996333251594567704e-02
-3.105793474285977740e-01
2.066179136661761007e-01
9.988170311774351162e-02
1.000357340892283481e-01
-8.138693003331530784e-01
-5.999332716132412813e-01
-5.999584115461359390e-01
9.999247388187804120e-01
-5.999549794085049514e-01
-5.999000439782372629e-01
9.999846787314742302e-01
2.133549393209882850e-01
-8.122060792006499108e-01
4.056053687837663513e-01
-2.880960944935864743e-02
2.077762200794222303e-01
-8.041021917352974002e-01
-1.000259209650127712e+00
-8.194842941379977264e-01
-9.998218933299991562e-01
1.000138676586671327e+00
1.000178393985441838e+00
-7.969676408736562356e-01
-3.389779140101926713e-01
4.046122839223214446e-02
-8.106748679555066950e-01
1.000138281503509363e+00
-5.999817951615649125e-01
1.000035535697859357e-01
-1.000011722723773921e+00
4.051028529934056488e-01
1.779843205012216489e-01
9.998866953310017180e-01
-5.998663606129072123e-01
-5.998386969269771107e-01
-2.272808771258628402e-01
1.000203746401219673e+00
1.000652974854832344e-01
9.999015000168270939e-01
9.999768768850054723e-01
-9.998903543119064263e-01
3.925520042049314706e-01
9.992652387413594739e-02
3.890240052658529013e-01
1.000448741725848273e-01
-1.820953736456001545e-02
-4.115280113143261753e-02
2.002066231910668570e-01
4.025986904101443442e-01
-7.919498825244304374e-01
-5.999310588148817347e-01
3.918719568164086287e-01
1.000007160050149002e+00
-7.438817609098404005e-02
-7.919578480501222595e-01
4.142959699765769166e-01
-2.498164376241911525e-02
2.186598752724227268e-01
-9.999357125601722185e-01
-2.698299919507382016e-01
3.831639804172384256e-01
2.043954056139289654e-01
-6.694330953916409477e-02
9.999464599832896816e-01
1.000074511868073390e+00
1.000172536856637651e+00
9.991057757740587353e-02
5.822609222347383678e-02
-9.999888778121457378e-01
-2.850647097502112537e-01
-3.641245300832039455e-01
1.000023810337034469e+00
-8.296751626483833686e-01
-8.077826107425196689e-01
-6.001310672174144933e-01
-2.789709490137769476e-01
-1.000079280525784986e+00
1.989801564556450963e-01
9.992338340004223995e-02
-6.000734295633730619e-01
-2.365800754797876132e-02
9.999925843817890625e-01
2.204684514715545551e-01
2.002873884449225539e-01
-2.943796007163408668e-02
-2.718385869090402251e-01
-2.851636261564265418e-01
-3.093749306702447410e-01
4.220411041457613477e-01
-3.189606792901511501e-01
9.999587090152972646e-01
1.000105596137467856e+00
-1.692647830197735806e-02
2.007270421117411940e-01
2.001573929072276437e-01
6.510536599999522389e-02
-3.044167686420424790e-01
-5.999469640255830072e-01
-1.000044758364785347e+00
2.041896454626809521e-01
7.967832014122777640e-02
