-5.998669607949255189e-01
-5.999660630497650748e-01
1.000096651217797339e+00
-2.540767973559260318e-02
-9.999364467193098127e-01
-8.114283097484996654e-01
-6.000882094684065748e-01
-8.278374713664542195e-02
-7.904727343401718453e-01
-2.352470713583515727e-01
1.000219738171943124e-01
-9.999618297019745583e-01
2.027268139144478010e-01
2.352155961712521642e-02
2.048902298453146864e-01
4.177572072863348640e-01
5.065905918563700511e-02
-1.000073099714588354e+00
1.903954673274269593e-01
1.311241560296571608e-02
4.012464816920444100e-01
3.972766178387250879e-01
-3.083512586037807646e-01
-8.008958139939594822e-01
-1.000004429033101383e+00
3.968197820876880888e-01
-2.918520121314240323e-01
-6.000560095334839250e-01
-3.376593375639659889e-01
9.990548856031104819e-02
-9.999577181813688043e-01
-8.030682493298200164e-01
-8.091988523687013712e-01
-9.999553380859298457e-01
-2.659523500804558682e-02
9.998177507783894136e-01
-1.000013585476153821e+00
1.000036773048139871e+00
3.914315114503419402e-01
-6.000635411073144132e-01
9.999422821511833037e-01
-7.905285513035136269e-01
-2.509400587414949424e-01
9.984047453751204726e-02
-3.274307673738685032e-01
4.079822050093913632e-01
1.001317995994987359e-01
1.001341331510696431e-01
1.001423117269752555e-01
2.050016916965156921e-01
-9.999471244345568000e-01
-7.937135789835296773e-01
4.051609263855587284e-01
3.975484571616835217e-01
-2.439623188704609369e-01
-9.999661075215398043e-01
-8.025045641439224609e-01
4.013308346270024196e-01
4.143795842549995861e-02
-1.000129698205117323e+00
8.155215543222496880e-03
4.064710308617434653e-01
-1.000263187977587398e+00
-2.383760111144055116e-01
-9.998855859183597428e-01
1.000884792981092952e-01
-1.000047000890963655e+00
6.303100650423250351e-02
-8.038821449731217150e-01
4.061187794137062768e-01
-6.001461279656773451e-01
-3.005559834714544021e-01
9.997458105678606877e-02
5.980791432493703930e-02
1.998377878199634472e-01
1.000956002695500696e-01
2.179843145455300224e-01
9.998747605542246397e-01
8.194786608640547421e-02
-8.117045771922073438e-01
3.909335858040693390e-01
3.720719093672526512e-01
2.135741698730532490e-01
1.916839658703046456e-01
9.999458594704123682e-01
3.992747286089931569e-01
-9.998810046427484277e-01
-6.001541502918403825e-01
-9.999781587121244764e-01
2.005560209332086369e-02
-9.996952620474008899e-01
9.996832273069475305e-02
1.000572796592262836e-01
-5.999857652503308714e-01
9.229921641585001361e-04
-7.958326384075949944e-01
-7.818689336272477419e-01
-2.628132195161702600e-01
3.990514595854211533e-01
-4.009417624291931048e-01
3.817840492967335964e-01
-8.001662739742521069e-01
-1.804164272622743592e-01
9.998867292116053740e-02
9.981627037528807700e-02
9.998837443807416792e-01
7.790633363094827402e-02
3.846891416253146456e-01
9.999352989447078677e-02
-2.333100082567167721e-01
1.854809188241582363e-01
-2.737636823132414965e-01
-5.999835821027763583e-01
1.000037668727663975e+00
4.113897507990615932e-01
2.119970405515387013e-01
1.000592533298481357e-01
1.000130030521425573e+00
-1.000101710966575297e+00
4.158151355356640155e-01
9.999178532694921184e-01
3.801464995783157552e-01
1.001027248628844069e-01
4.091569868365493856e-01
-6.000204745770129078e-01
3.898876302126543236e-01
-3.195417979247681117e-01
3.872982828385334586e-01
9.999125027925224174e-01
1.000043116674525390e+00
9.997142685246532268e-02
1.926216648758992678e-01
4.060279601002146910e-01
-7.962144729063979076e-01
9.983800731640958548e-02
1.000084427177089674e+00
1.000219119196795736e+00
-1.000084710187874482e+00
-6.000070953416923869e-01
4.287587484815936767e-01
-8.026091642833110829e-02
4.145265373425994215e-01
1.000842662551525847e-01
3.937198553579035476e-01
-1.303901734724504172e-02
-3.338988897812751877e-01
-5.998638132751428209e-01
2.083564315876207940e-01
1.000076799570880581e+00
-1.000020596467968925e+00
-8.006277324116268801e-01
9.999358395408206590e-01
3.905941878843204873e-01
-6.000308698367520233e-01
9.997860478133760442e-02
2.232619978062393498e-02
-3.600992917418054384e-01
-8.035532597250887310e-01
1.988907832556468525e-01
1.001000851252509261e-01
9.999425144032316748e-01
1.840330879832928479e-01
1.983742113425318310e-01
-2.287305141069319592e-01
-1.000027605828867516e+00
8.958122319277191103e-02
4.038576492493557435e-01
-7.976841152733809004e-01
2.039747080785427880e-01
9.999742209718675001e-01
-7.900750172282876571e-01
-6.000651570115307365e-01
-9.999981995591705752e-01
1.200365428422956460e-01
-3.430612704121654977e-01
-6.001417915934094127e-01
1.576721153122588245e-02
1.910001642476492068e-01
-1.000040862373430262e+00
1.000019831879814802e+00
-8.109325074738910066e-01
3.996347407007254104e-01
-2.035731462727758956e-01
9.999146920789683257e-01
-1.000051410222011938e+00
-9.404559854599209290e-02
2.007454976002763514e-01
1.000095186638008254e-01
-7.926043760012024819e-01
-3.273314422227298071e-01
-3.973065696398888659e-03
-3.358621124803632951e-01
1.996952442824617979e-01
2.868682041414527539e-02
-6.000613386094878487e-01
-6.002165136005240820e-01
4.158508777888945129e-01
1.000152290672078559e+00
9.997726634171458238e-02
-3.491532435584022154e-01
2.021628736755615718e-01
9.999875099871056994e-02
9.993984975887017230e-02
-8.116204797710395713e-01
-6.000195156996542822e-01
-5.999247783632879472e-01
9.999920686601584396e-01
-6.000101048153678729e-01
-5.999798648719374405e-01
1.000025805433878201e+00
1.894447451458692866e-01
-8.088442334689446289e-01
4.151042306124064218e-01
-2.901732782350252213e-02
2.062134092930115459e-01
-8.158926742622827355e-01
-1.000024104911071854e+00
-8.003060608860280700e-01
-1.000082646451859292e+00
9.999089019717475324e-01
1.000043991356774242e+00
-8.185053879645504127e-01
-3.179937484432565076e-01
1.499471998194527311e-01
-8.141532013735561790e-01
9.998722801615340661e-01
-5.999532474274852367e-01
1.000783850510721662e-01
-1.000009818510976256e+00
3.880160364125703754e-01
1.939497346197638084e-01
1.000096604049982796e+00
-5.998719798836711359e-01
-6.000029548241500033e-01
-2.451587856006874344e-01
1.000081457523555262e+00
9.987947921009668328e-02
9.999694822229605595e-01
1.000010858178452144e+00
-1.000117979230190635e+00
3.921220859326002839e-01
9.992575463694881865e-02
4.000599770666931065e-01
9.983254448968892358e-02
2.119969224889763082e-02
1.579109243094248619e-02
2.046092554285372789e-01
4.031792858191063922e-01
-7.967911907537387206e-01
-5.998802819812067977e-01
3.812802019241168239e-01
9.998545138505349206e-01
1.082149732617246896e-01
-8.035562279647470163e-01
3.931591287616430508e-01
-1.700735449873653701e-02
2.073967487622979111e-01
-9.999580495374297273e-01
-3.056220317420641486e-01
3.905616451276642809e-01
2.088034545251341023e-01
5.551070869234479149e-02
9.999313659580306712e-01
9.999096441330428409e-01
1.000106207757599730e+00
1.000551528232588305e-01
9.273138839492127417e-02
-1.000201089078452288e+00
-3.370635023826668575e-01
-3.583866535245722185e-01
1.000081063167220341e+00
-8.008539949937383273e-01
-7.918485391233183179e-01
-6.000041039625001460e-01
-2.521274030146368195e-01
-1.000005800450900484e+00
1.953706887259195057e-01
9.979341508050404430e-02
-5.998543835301315408e-01
-2.916111045190632536e-02
1.000305796794006108e+00
2.058914278425967581e-01
1.972280645803358712e-01
3.789909887290946605e-02
-3.335104520106658144e-01
-4.374181765189074089e-01
-2.440968886471680532e-01
3.976125458445328720e-01
-2.927606321141831835e-01
9.999920995577112892e-01
1.000020212716372647e+00
3.965749238666103210e-02
1.962828290951666999e-01
2.003695954011400215e-01
8.303465507782818722e-02
-3.037936108158681425e-01
-5.999115867088536946e-01
-9.999609179689569194e-01
1.958475951153493266e-01
-7.731080914413307470e-02
