-6.000283595166510109e-01
-6.000404669459390439e-01
1.000029061061064928e+00
-3.091101492135329629e-03
-9.999559011722152224e-01
-7.994376453554760120e-01
-6.000036797654346721e-01
-2.272666189165841247e-02
-7.886876400210964810e-01
-2.550829840142046501e-01
1.000306097108421971e-01
-1.000021432614941030e+00
2.038727287605701655e-01
-5.002484142242122751e-05
2.028307308085444960e-01
4.032435311583568160e-01
-4.920197704215242829e-02
-1.000174621702919930e+00
2.019897075712197565e-01
1.135311349037081835e-02
4.093179815123876852e-01
4.144988640946991043e-01
-2.794518584040474596e-01
-7.873497610553155113e-01
-1.000032115547053735e+00
3.968675791151826115e-01
-2.779736665658941175e-01
-5.999570552761607223e-01
-3.707303295894097683e-01
1.000310132481426889e-01
-1.000115378447431258e+00
-8.051280123262642974e-01
-8.044379738617541964e-01
-1.000152174415014361e+00
-8.029939844973849397e-03
9.999870288893741854e-01
-1.000172546314695543e+00
1.000121849819196829e+00
3.953991285417887136e-01
-5.999251445882312073e-01
1.000108603541543184e+00
-7.972655696855992513e-01
-2.326452035705963151e-01
1.001641904591633603e-01
-2.319231028166048314e-01
3.968283279443295397e-01
1.001244844209128598e-01
9.981009124178795433e-02
1.001074480381974885e-01
2.046173349281884823e-01
-1.000062708477027495e+00
-7.998953368685095544e-01
4.011123497227039869e-01
4.066970856814263735e-01
-3.429257708506870395e-01
-1.000195056592976472e+00
-8.151457064299522104e-01
3.956242883281728684e-01
-3.640928813285451010e-02
-1.000060229666141387e+00
-9.868161601860769849e-03
4.100748800243801950e-01
-9.999198123690608009e-01
-3.105268643591609923e-01
-9.999736976939427313e-01
1.000292308615168962e-01
-9.999586810669206516e-01
7.590944728177996710e-03
-8.016517577333739375e-01
4.160374725008688657e-01
-6.000619020678624738e-01
-3.034645625984760398e-01
1.001445000666173202e-01
7.024826265482024545e-02
2.068543862245497134e-01
9.991168795211936848e-02
1.992448687834016963e-01
1.000001362408455163e+00
1.386470367914118262e-01
-8.129848812320816798e-01
4.014496892170146269e-01
3.933226041964921760e-01
1.905460040945617661e-01
1.986942546697758327e-01
1.000088920437721907e+00
3.909114279867210717e-01
-9.999665255124757790e-01
-6.000591418977225810e-01
-9.998451978418020358e-01
-2.677119762881404949e-02
-9.998373007244333310e-01
1.000795775487872130e-01
9.990082993261757693e-02
-5.999394700382180146e-01
-6.125896020592640906e-02
-8.008971533590270031e-01
-8.134130177069893719e-01
-4.211657264929624667e-01
4.016253345440089495e-01
-3.312449643762017670e-01
4.128379152553898757e-01
-7.842901985657323438e-01
-3.212942941496781946e-01
1.000716267541925525e-01
1.000539484546816710e-01
1.000076036007483404e+00
-7.774069155225583894e-04
4.016865319339689711e-01
9.978994293012005690e-02
-3.360918210857459787e-01
2.040205570345881847e-01
-2.350363337485283366e-01
-5.999975584857609734e-01
1.000115556134377082e+00
3.956512924853176072e-01
1.999370107107467376e-01
1.000351706411396896e-01
1.000035214854517518e+00
-9.998700161756458593e-01
4.169136805371977395e-01
9.999776221754620442e-01
4.186767999232923754e-01
9.989253305482892475e-02
4.041817048494865117e-01
-5.998803332494693219e-01
3.986788817300870313e-01
-3.617628821008340712e-01
3.970436555653492072e-01
9.998485560256012983e-01
9.999833540882634431e-01
1.000311199161078857e-01
1.942073760791463710e-01
3.921627977396576759e-01
-8.066813795915590557e-01
9.995275173849361983e-02
1.000016205679245207e+00
1.000136708649623118e+00
-1.000023965928229508e+00
-5.998167779456442528e-01
4.111770084989030960e-01
-3.096137894115984571e-02
3.919797210292957357e-01
9.986529073004281332e-02
3.946029561773350958e-01
-1.012715671423829455e-01
-2.614719184346572245e-01
-6.000624441825433975e-01
2.091450876421262761e-01
9.998348955355279566e-01
-1.000235456568767223e+00
-7.904643540949517488e-01
1.000076849621316155e+00
4.072304886090112874e-01
-5.999686091245546304e-01
1.000308391535304625e-01
-8.237684233337641201e-03
-3.158700089116536769e-01
-7.975634832976848942e-01
1.949112074466667621e-01
9.995106877767837017e-02
1.000049656188501945e+00
1.970892600676544537e-01
1.855853671013013018e-01
-2.568977263232989361e-01
-1.000169170919042338e+00
2.716710148802346098e-02
3.916015688758643365e-01
-8.034892226102939849e-01
1.908309052241761727e-01
9.999890714563852701e-01
-7.904454469013562079e-01
-6.000399698478721122e-01
-1.000147717955587989e+00
4.733083117447750565e-02
-3.303116125307290485e-01
-6.001660035922803393e-01
-9.445623305704772474e-03
1.981481342837727311e-01
-9.998494603291098182e-01
1.000090385443248797e+00
-7.901762898029808246e-01
4.148110848145237783e-01
-2.711693266258150548e-01
1.000035168122055174e+00
-1.000077852767108588e+00
-7.742465742876740442e-02
1.999060564316103294e-01
1.000203118998956031e-01
-7.984038148493675102e-01
-3.293745165408643039e-01
5.761912689194340770e-02
-2.740636688528758080e-01
2.062641995033693831e-01
-1.108210294625421588e-01
-5.997849162489430341e-01
-6.000566441026962128e-01
3.960851015063505676e-01
9.999039187508487192e-01
9.989753989447594518e-02
-3.720870063726590127e-01
2.142448330392188460e-01
9.999207224328590660e-02
1.001022857625693957e-01
-7.935477451181034425e-01
-5.998986813707712917e-01
-5.999082264144077747e-01
9.999590718384744337e-01
-5.999639060298977977e-01
-6.000035150306867182e-01
1.000044596258377938e+00
2.037427876211284072e-01
-7.892907171766404550e-01
4.101532889110269808e-01
1.518021135254796553e-02
2.089105437720921443e-01
-7.906893712021875187e-01
-9.998597651757251681e-01
-8.052050792956982894e-01
-9.998851078018390348e-01
9.999531987958486523e-01
1.000010353880345315e+00
-8.142466734311486487e-01
-2.461124656532636956e-01
-2.304188573287868289e-02
-7.858871674581413558e-01
1.000165972203566955e+00
-6.000550155631850791e-01
9.985850400300423646e-02
-9.998969032087309250e-01
3.987245226603128856e-01
2.088094635201369620e-01
9.999312802783375531e-01
-5.999430822998814694e-01
-6.001742127246263436e-01
-2.529655993610844256e-01
1.000059563056462153e+00
9.985504553398903693e-02
1.000013574531675387e+00
9.999746821710904232e-01
-1.000032181115669827e+00
4.085448956915367913e-01
1.001306755664190806e-01
3.914673127274547748e-01
1.000161636177545749e-01
-2.156220820308430222e-02
-6.231029044048996823e-02
1.807641274282248411e-01
3.954465438562854152e-01
-7.945795256587829813e-01
-6.001092564316814482e-01
4.012030547700149441e-01
9.999158436781636627e-01
-6.503841537634014180e-02
-7.831366320857215957e-01
3.954940124338611751e-01
6.128301568393906829e-02
1.891330875055767247e-01
-9.999407762123586618e-01
-2.874298175864698490e-01
4.023016926542565264e-01
1.966928154694133346e-01
-2.066875034522838023e-02
9.998890148976120607e-01
9.999300675160857077e-01
1.000029094468842583e+00
9.989786043297274598e-02
5.134132964747398914e-02
-1.000105481028298104e+00
-3.422100608683971701e-01
-2.932016901421778399e-01
1.000061858409948323e+00
-7.923931863855478985e-01
-7.973875819240684448e-01
-5.999720116457799568e-01
-3.531782619158146952e-01
-9.998606588341696355e-01
2.046622038936389831e-01
1.000123788373929318e-01
-5.998326656777558386e-01
1.465871404203495688e-02
9.999246238203389758e-01
1.860962832956079560e-01
2.128257126590002435e-01
-5.189716090625608180e-03
-3.116096860951373948e-01
-3.049540084498007508e-01
-2.197538128908012312e-01
3.927016551893189322e-01
-2.832419995925360423e-01
1.000066046946554543e+00
1.000076634275314014e+00
4.748157881847100970e-02
2.222208410006586976e-01
2.068988379203526573e-01
-3.274324808575051343e-02
-2.994000220526740197e-01
-5.999568488269018118e-01
-9.999676429697387237e-01
2.052718831168921509e-01
4.907313493092749224e-02
