-6.000788589342751500e-01
-6.000015914114530391e-01
1.000050378811864871e+00
3.459844361319058814e-02
-9.998299469183022925e-01
-8.185703694458973390e-01
-5.999950509262926834e-01
2.031473228672079148e-02
-8.028398062041762762e-01
-3.217240174486102888e-01
1.000138707888279938e-01
-1.000093508705641954e+00
1.860110704875522769e-01
1.899759667013745101e-02
1.996035009294924167e-01
4.140488090685800482e-01
-4.492461036543162617e-02
-9.998837131995188532e-01
1.921730895972598441e-01
8.812481724063219585e-03
3.824476927596490161e-01
3.875265867503537298e-01
-2.991008501759498395e-01
-7.846463598836527220e-01
-9.999246344669781017e-01
4.047877246443054577e-01
-2.096549569404369540e-01
-5.998826973710673638e-01
-2.884140713392480126e-01
9.993666196352417319e-02
-1.000054149168835504e+00
-7.898762202906255414e-01
-8.087362686737343820e-01
-1.000145618344445930e+00
7.319990639196671811e-02
9.998939075152468714e-01
-1.000259741939611091e+00
9.998850391525044845e-01
4.089859994778435870e-01
-5.999226986054516653e-01
9.999074419976884398e-01
-7.873388746275280514e-01
-2.747890945719650424e-01
9.988663627727907557e-02
-3.239754080069344178e-01
4.054304908719824074e-01
1.000940609810144766e-01
9.993962802222619568e-02
9.998332042692575916e-02
1.984183026114519910e-01
-1.000003584582823901e+00
-7.956794987348448922e-01
4.041215384467303218e-01
3.912867288727198689e-01
-3.030879494372080707e-01
-1.000098391598259528e+00
-7.978760234616120162e-01
4.019106582013524664e-01
6.583418284241947249e-02
-1.000065851664997174e+00
-5.217409113173372692e-02
4.199530536146196535e-01
-1.000181373336871404e+00
-3.510388672509461849e-01
-1.000122021060766864e+00
1.000181612617550703e-01
-1.000116819670316959e+00
9.017429792957688817e-02
-7.917147541453651849e-01
3.904838700369122062e-01
-6.001650780131693175e-01
-3.343500016825374233e-01
1.000028756317130202e-01
-7.615091358270958954e-02
1.810978982958386663e-01
9.993882773646924067e-02
2.269291000064875552e-01
9.998797554581900782e-01
-5.452694745740574445e-02
-8.170989559335425367e-01
3.877917039068257132e-01
3.959495647369709603e-01
2.051324583627604226e-01
2.157788237976872026e-01
1.000120851427416691e+00
4.173375685491099718e-01
-1.000085303760486433e+00
-5.999987340729328045e-01
-1.000007886449456818e+00
-2.932876241757800470e-02
-9.999888158586108799e-01
9.987765320789111778e-02
9.983967963362726239e-02
-6.001450188214628723e-01
6.738094223283895567e-02
-8.177271339921543536e-01
-7.973552609327321239e-01
-2.229565513819075084e-01
3.926084426703183583e-01
-3.128524399644635468e-01
4.005294441520648729e-01
-8.023103445761754493e-01
-3.017076563493173436e-01
9.983841748244454140e-02
1.000324405613678552e-01
1.000058090590252080e+00
1.816116826172867313e-03
4.234329977542544698e-01
1.000134787061572189e-01
-3.437156957450057670e-01
1.887734075472969064e-01
-2.314724228143039131e-01
-5.999058064839505322e-01
1.000181627920194494e+00
3.910285377506828586e-01
2.033839723198229144e-01
1.000694839040032202e-01
9.999709556310240055e-01
-9.999799293384975529e-01
4.013461737231968640e-01
9.999860361276773357e-01
3.860861829794799971e-01
9.994193918586609382e-02
4.237252767567318834e-01
-6.000537560518028890e-01
3.739396374775391663e-01
-2.776719473960857498e-01
3.828365492348179133e-01
9.999999053576327235e-01
9.999319075530140877e-01
9.992346431251421246e-02
2.004483381979560996e-01
3.924484136701261172e-01
-7.977426514151159109e-01
1.001582423065066896e-01
9.998821436030265186e-01
9.999397203931742473e-01
-9.998987908033282190e-01
-6.000906440492281835e-01
3.970409078772469957e-01
1.106374853649848833e-01
3.868950859626604788e-01
9.986861971241749181e-02
4.051314930517022628e-01
-1.259452181878719101e-01
-2.557761876420042713e-01
-6.000504052623216733e-01
2.047868745949285585e-01
9.999914964876925882e-01
-1.000138463632924024e+00
-8.056342653886868765e-01
1.000084566884343884e+00
3.959748082377971823e-01
-6.000985076771250259e-01
1.000569981381253526e-01
-5.656776955622325881e-02
-2.886830054345153607e-01
-7.903955632797515785e-01
2.005898440693861251e-01
1.001902436153391807e-01
1.000123582888522433e+00
2.019124996224714030e-01
1.862975013807851299e-01
-2.775277781577651370e-01
-9.999296304831972737e-01
1.547911516237606422e-01
4.130556370798114108e-01
-7.914003941377327767e-01
1.945008389102369506e-01
1.000084013408672146e+00
-7.932954540265784171e-01
-6.000084763589721426e-01
-1.000080785486513024e+00
-2.595770605179271995e-02
-3.295054756287864595e-01
-6.000630467905460064e-01
-6.081844226111457474e-02
2.014872602510515698e-01
-9.999972224063280457e-01
9.999414645804149959e-01
-8.115510702498389684e-01
3.987657105572715022e-01
-4.693699875110436959e-01
9.999264933807161526e-01
-9.998479020682514706e-01
2.734789391988276183e-02
1.894497657826004211e-01
9.984883983687195541e-02
-7.997377502640714564e-01
-3.003227116862852708e-01
4.960192186810481740e-02
-3.032913871846938947e-01
1.981101666174906462e-01
1.151312940695781162e-02
-5.998450350164520328e-01
-6.001265038959926468e-01
4.007873665265619390e-01
9.999105745136434020e-01
1.000564655527936692e-01
-2.753760265546971731e-01
2.073122440183082227e-01
9.995269764864853079e-02
1.001330658727543760e-01
-7.990184909219701925e-01
-5.998968836211209243e-01
-5.999851055881686435e-01
1.000230434088309250e+00
-5.998416093328488019e-01
-6.000282020410792061e-01
1.000053791614965659e+00
2.108362144063627430e-01
-8.153997603705207542e-01
3.907642149630368156e-01
8.179563788183035269e-03
1.815137229697413312e-01
-8.113083790139217211e-01
-1.000043204669068375e+00
-8.039004846386298420e-01
-1.000034940092662916e+00
9.999520889098137966e-01
1.000022393135698184e+00
-8.074966945830640563e-01
-3.360155446312386163e-01
-3.822596842620135278e-03
-7.961952034166711600e-01
9.996982869653830983e-01
-6.000743723314783118e-01
1.000475758504178331e-01
-9.999576857517048500e-01
4.078400675754911830e-01
1.930008618086891392e-01
9.999449556416770690e-01
-5.999029290299555672e-01
-6.000396842032170719e-01
-2.904981330433697995e-01
9.998784266026551348e-01
9.989322035420383772e-02
1.000046893555569971e+00
1.000088955169941674e+00
-9.999930710319047122e-01
3.828210515931152469e-01
1.000258142362268343e-01
3.934437580027324577e-01
1.000838191320323062e-01
4.545105283451961187e-02
6.377146795178710581e-02
2.122727365400448318e-01
4.040689997325302985e-01
-7.966532925509939300e-01
-5.997879989584646854e-01
3.830283635103660655e-01
9.998700094109297387e-01
3.815705840040322858e-03
-8.057093330188243030e-01
3.943739803839383384e-01
6.888824801537504761e-02
1.936448214024271419e-01
-1.000069107061633211e+00
-2.663230763106388399e-01
3.886807695044713906e-01
1.969671467828357225e-01
5.797133362780731297e-02
1.000050277310560842e+00
1.000051534404315712e+00
1.000110383361090260e+00
9.998391781410302659e-02
-4.990729055162093641e-02
-1.000119420384933955e+00
-3.176912877061039420e-01
-3.210288842205549775e-01
9.999030242987551054e-01
-7.973920707555921528e-01
-7.928877790650826762e-01
-5.999476314825032963e-01
-2.524426400924666414e-01
-1.000095697174442577e+00
1.935724853734451245e-01
9.986798586667296196e-02
-5.999968293157696975e-01
7.546137572763911283e-02
9.998525057703288033e-01
2.091212632156453366e-01
1.922573518633335921e-01
4.130699017286191405e-02
-3.069831789427617252e-01
-3.047511131974020571e-01
-4.162649102309279314e-01
3.967915745820898010e-01
-2.905750350317747865e-01
1.000080395314406401e+00
1.000121021498572071e+00
-6.919506278728154020e-03
1.948607399252985373e-01
1.820997064040286439e-01
4.434680268771440392e-02
-3.358713024484834553e-01
-6.000072917719728727e-01
-1.000225096042520967e+00
2.039080593818131670e-01
3.104965258053937749e-02
