-6.000896892367889590e-01
-5.998223121255259471e-01
9.999234126439159320e-01
2.728193417242812113e-02
-9.999335802622878466e-01
-8.048718153104994499e-01
-5.999852072982385653e-01
-4.990965862571766776e-02
-7.959717950114094664e-01
-2.819272533170171791e-01
1.000718496505846877e-01
-1.000046746684511323e+00
1.878022900578982246e-01
-1.617506644966493299e-03
1.932559774456749646e-01
4.028959997431557638e-01
4.761154790104498574e-02
-9.999843426763062038e-01
1.964663259356393965e-01
-4.533695183023338238e-02
3.995462969842051293e-01
4.065978296970418349e-01
-2.387917799866210444e-01
-8.116095015455684347e-01
-9.999379932085236122e-01
4.024986709991696943e-01
-1.565133996464836974e-01
-6.001354120065365283e-01
-2.564582189058831618e-01
1.001293142473016901e-01
-9.999731120108412696e-01
-8.062301280508018531e-01
-8.134506449474305789e-01
-9.999234441686849495e-01
2.762582718830114067e-02
1.000047396091193752e+00
-9.999685898514917293e-01
1.000047315896716693e+00
3.968202626282901768e-01
-6.001325776004639012e-01
1.000007830940190523e+00
-7.962245533587386515e-01
-3.244506345661801738e-01
9.996185188660888787e-02
-2.997954456268967505e-01
3.935491846583837883e-01
9.981645062450821004e-02
1.000314568880894261e-01
1.000430618184932341e-01
1.885745379475944339e-01
-9.999497575997546850e-01
-7.842268575073217951e-01
3.987573462480726305e-01
4.087059020128318010e-01
-3.379876368276588106e-01
-1.000051428649886276e+00
-7.895255766874188508e-01
3.998975663828200355e-01
-1.709433429468893567e-02
-9.998865104046813501e-01
-2.062299117610465389e-04
3.831541372705317694e-01
-9.998821091662609684e-01
-2.763554690427201255e-01
-9.999365244048787904e-01
1.000540369818362779e-01
-9.999761395006295794e-01
3.356359169185071933e-02
-8.011957878470653549e-01
3.995023309411450119e-01
-5.999973609325701673e-01
-2.711516103494009400e-01
9.989839984666656902e-02
2.873050554017296532e-02
1.917566920351550519e-01
1.000804257358463706e-01
2.123934331163786216e-01
9.998455645190016394e-01
-1.694147256712150162e-02
-8.117386569454569933e-01
4.025653280004069523e-01
3.990584097460607715e-01
1.968836412022964000e-01
1.946300891107831943e-01
9.999783100113976975e-01
4.129363413206965649e-01
-9.999930153714959857e-01
-5.999205591575363927e-01
-1.000013587693330042e+00
1.549432051566325408e-02
-1.000034500572421825e+00
9.995500761440605231e-02
9.997358568530984035e-02
-6.000361613459165300e-01
-7.502802358048210607e-02
-7.861999784059565677e-01
-8.108051470416454132e-01
-3.323803853934211294e-01
4.022877490113600518e-01
-2.149776967368259850e-01
4.008441003082889864e-01
-8.078060127883482933e-01
-2.220496299588640698e-01
1.001207637577670312e-01
1.000771343220410170e-01
9.998775603519932664e-01
-2.486831967549263389e-02
3.888422292073517861e-01
9.983670006719261303e-02
-3.069995319801015476e-01
1.952307137597952824e-01
-3.643001081733506230e-01
-5.998528571480158389e-01
1.000099663436958775e+00
3.835287921107490838e-01
2.065075787129502793e-01
9.998378275979942498e-02
9.999047678558344865e-01
-9.999123298143058891e-01
3.834831086117870269e-01
1.000032274338325866e+00
4.094775161869104729e-01
1.001167187974990047e-01
3.882891334780921300e-01
-5.999249352854578721e-01
3.842491747523378298e-01
-2.960722439306849862e-01
3.881532100090724913e-01
1.000115089202969099e+00
9.998731945261990495e-01
9.987722037868651537e-02
1.968411745045999250e-01
3.990803682397000007e-01
-8.064097925566653391e-01
9.991896517170273384e-02
1.000110617891538656e+00
9.999976350947943349e-01
-9.999122342273034647e-01
-6.000069937453016422e-01
4.114803810199940681e-01
3.539393685666016726e-02
4.032534169088129450e-01
9.983401220428021750e-02
4.145079632157422367e-01
2.962136651553211319e-02
-1.811393845112544421e-01
-6.000670200070583604e-01
2.064822524548337868e-01
9.999636142964258845e-01
-9.999200992240205865e-01
-8.000380149218596637e-01
1.000225276922303674e+00
4.186501306038505343e-01
-5.998492587256264441e-01
1.001736247721270179e-01
-3.745287458309927431e-02
-2.720110678448968144e-01
-8.093345069666413316e-01
1.850717813857861438e-01
1.000007012065722289e-01
1.000088794282191884e+00
1.907498511761423488e-01
1.783774662885212470e-01
-2.562908363928629862e-01
-9.999117013686934508e-01
-4.336121391769548299e-03
4.199866789937278799e-01
-7.965409233985091264e-01
2.196306086718031736e-01
9.999217729575592406e-01
-8.101935633981252050e-01
-6.001135155331415172e-01
-1.000060570773796620e+00
-9.447762497933674675e-02
-2.813293478220813548e-01
-5.997419404855671710e-01
3.179897789211977993e-02
2.072810618454033749e-01
-1.000108581858536461e+00
9.999341779247234996e-01
-7.927799731221668589e-01
4.113036097480707309e-01
-4.083260727001961077e-01
9.999932449829989078e-01
-9.999524119634141117e-01
-2.173905683490041582e-02
1.974849951494308253e-01
1.000302054097997051e-01
-7.995234845266471213e-01
-3.715438455209204016e-01
-6.502694966208061311e-02
-2.461700273288851548e-01
1.791162536684303141e-01
-3.298136709132565986e-02
-6.000439480269015302e-01
-6.001821745225048854e-01
4.104691604712323860e-01
1.000198189414951422e+00
9.992449218859553173e-02
-3.265808014473964849e-01
1.890461919254034229e-01
9.995413142799647321e-02
9.990200738252175139e-02
-8.034870848909927421e-01
-5.999263542033623775e-01
-5.999357926294839327e-01
9.999988127792950321e-01
-5.997953954813125543e-01
-6.000607152547319245e-01
9.999873889303382279e-01
2.012427142445958883e-01
-8.043051223011471462e-01
4.106552753836287262e-01
3.767470458736425776e-03
2.072609499121563781e-01
-8.126119811948200322e-01
-9.998438703220088319e-01
-8.100044341343697329e-01
-9.998242955363897400e-01
1.000008459621086532e+00
1.000131092778146602e+00
-7.976962433116425721e-01
-2.716598542944007044e-01
-1.403727174272899683e-02
-8.032585361094721765e-01
1.000048551715986722e+00
-6.001128969881338593e-01
1.000972072482228803e-01
-1.000110721123079971e+00
4.051763990538012616e-01
1.947852354341170489e-01
9.999514639343450861e-01
-5.999341729457924322e-01
-6.000026744942781320e-01
-3.080880769854913992e-01
9.999954293978149389e-01
9.993708238655762965e-02
1.000128654468011247e+00
9.999633211769745067e-01
-9.998874236981392105e-01
4.143837403903996019e-01
9.992146056304901380e-02
3.876508310018113024e-01
9.991916929965713456e-02
3.111870454309832723e-02
1.253008563399372333e-01
2.018661758298122000e-01
3.926219700798889156e-01
-7.863913970739188075e-01
-5.998412668393963143e-01
4.133432152004183346e-01
1.000090775510216856e+00
-6.949593379226517986e-02
-8.041213982037115349e-01
3.875991979591347225e-01
7.705802458907420882e-02
1.898354850099266689e-01
-1.000149612330234916e+00
-3.141545955306747628e-01
3.936730553365231922e-01
1.954511765827177672e-01
3.633073873144673088e-02
9.999677294064527322e-01
9.998893621075720661e-01
1.000192441906350815e+00
1.000054074898018841e-01
-2.524260299215994041e-02
-9.999492065148861686e-01
-3.248757679787983021e-01
-3.637790547887237991e-01
9.999963731099439368e-01
-8.059833636927490330e-01
-8.169757741062813050e-01
-6.001341754829617736e-01
-3.602788133717518271e-01
-1.000124897095072241e+00
2.062880836133911544e-01
1.000987929950523936e-01
-6.001873056756108493e-01
4.398212477564956979e-02
1.000059200043996954e+00
1.916825904873731834e-01
1.882141623084869209e-01
-6.815953416576047558e-03
-2.688675337950299227e-01
-3.011084061998675621e-01
-2.744493279915336537e-01
4.079250856494056610e-01
-4.331274858037853503e-01
1.000094640316010919e+00
1.000051361416433249e+00
-4.758340523716144028e-03
1.967355715659937776e-01
1.936944671807545593e-01
-3.742268940119178322e-02
-4.116233092729135179e-01
-5.999208095898691528e-01
-1.000051446869582028e+00
1.806294315532064876e-01
4.874175831938114267e-02
