-6.000061491602405317e-01
-5.999577582510553508e-01
1.000062214456149290e+00
-5.043602284110665357e-02
-9.999937444250136531e-01
-7.925129115479817576e-01
-6.001834394020275631e-01
6.741127219445529339e-02
-8.089555971042858840e-01
-2.788983738222067799e-01
1.000116375043841321e-01
-1.000039479800008291e+00
1.980522030100598241e-01
6.226458258462964392e-03
2.002635294264843713e-01
4.284928276475667985e-01
5.083653332130453478e-02
-1.000044476426738438e+00
1.909015238741010867e-01
2.873003791478467850e-02
4.177824535640825565e-01
3.900474638515215586e-01
-3.511704156700640733e-01
-7.981962102325339536e-01
-9.999236429833977535e-01
3.906859442017474038e-01
-3.513565826884362253e-01
-6.000944041981400856e-01
-2.271457169916764052e-01
1.002665028502045530e-01
-1.000063706067803704e+00
-8.054144957803778260e-01
-8.074571472145760653e-01
-1.000041932856925886e+00
6.955339676205839206e-02
1.000116443345698602e+00
-9.998712143698657018e-01
1.000107741120776383e+00
4.094203227079050711e-01
-5.999317002394610743e-01
1.000115629908856052e+00
-7.931259917630988365e-01
-3.344356677541741596e-01
1.000873544940014820e-01
-3.562081407781902409e-01
3.954817328083425898e-01
9.993602299566950453e-02
1.000484742447290132e-01
1.001013757597536136e-01
2.002019636034796934e-01
-1.000060882363091430e+00
-7.949571362404251884e-01
3.951571015690346078e-01
4.074561800686652413e-01
-3.078712031041768715e-01
-9.999049321588228123e-01
-8.031916843386617266e-01
3.975343824777656798e-01
-1.181622069189398189e-02
-9.999618214941278227e-01
-1.006855588362081527e-02
4.046631561453971071e-01
-9.999973185258816955e-01
-2.308783783963189729e-01
-9.999939177029461002e-01
1.000629531610955636e-01
-9.998046413961542145e-01
5.682549265915121106e-02
-7.987601104037014288e-01
3.953760775170752639e-01
-6.001628843044199968e-01
-2.994122306858815752e-01
1.001026361804125547e-01
1.643607372172937314e-02
1.873917852418628960e-01
1.000435095592349249e-01
2.087081013114734096e-01
9.999460638509298782e-01
4.242185409251451877e-02
-7.862361274807712075e-01
3.893877807600860108e-01
4.013881921546412768e-01
2.080580956584727748e-01
1.938191852136207927e-01
9.998590232997143223e-01
4.114499275606657847e-01
-9.999438943820926351e-01
-5.998781739942513624e-01
-9.999510477445954226e-01
6.412406443313227976e-03
-9.999102441599194702e-01
9.978206106657123986e-02
9.996077457137768352e-02
-5.999441138671903762e-01
-2.343672587313643321e-02
-8.079107024821854388e-01
-7.952262054480886411e-01
-3.781648700574236632e-01
3.862692940721597634e-01
-3.156904220828935514e-01
4.119837788289669178e-01
-7.867479691643047834e-01
-3.549113612460265688e-01
1.001631839075364516e-01
9.989653827333142000e-02
9.999543943769674259e-01
-2.476724678646568395e-02
4.055209315073871057e-01
9.985739527687161055e-02
-3.590847019027061382e-01
1.917656514221285635e-01
-3.029771725388245573e-01
-6.000844993212531842e-01
9.999042700819326113e-01
4.002917210618585631e-01
2.013688819513689277e-01
9.985415827873629635e-02
1.000058684019671240e+00
-9.997576813443350696e-01
3.931349684085262974e-01
1.000041369135459046e+00
4.005947394932838912e-01
9.998628755288196945e-02
4.149867442293636577e-01
-6.000441708763178950e-01
4.145868417613930434e-01
-3.249923935968999644e-01
3.947939643705660195e-01
1.000082882030682851e+00
9.999693656831081245e-01
9.988514382188376506e-02
1.995650009979095529e-01
4.090904979778362538e-01
-8.074126737429527800e-01
9.993422130417166371e-02
1.000149656301248413e+00
1.000013831506735507e+00
-1.000018353060200926e+00
-6.000320398552838608e-01
4.242605672315385434e-01
-5.128804438400698384e-02
4.012212567792087237e-01
1.000677940754021583e-01
4.021535048122769074e-01
-1.980253887350823250e-02
-3.365443191949041846e-01
-5.998875316568000882e-01
1.894962626214151125e-01
9.999668291328198677e-01
-9.999823443883125718e-01
-7.946822064424511334e-01
9.998992512983535530e-01
3.988111549209579221e-01
-5.998322609128015070e-01
1.000107332467945892e-01
-1.283443030453710887e-01
-2.425684897408257878e-01
-8.055572901965544208e-01
2.075440363078797090e-01
9.995440022122704937e-02
9.998733147953323686e-01
2.218535817186689796e-01
2.031505976433233274e-01
-2.461359459815989914e-01
-9.999015923808450834e-01
1.626807723379664755e-02
4.147036215579906204e-01
-8.144863152168116960e-01
2.032796730670344554e-01
9.998800786056822876e-01
-8.315931353165838535e-01
-6.000691685440221468e-01
-1.000017290532076553e+00
-5.738981515797695471e-02
-2.767222291465630812e-01
-5.999673725290470827e-01
-4.668327317913843755e-02
1.853480851780611172e-01
-9.999905592450580860e-01
1.000033602747457673e+00
-7.964486383840601036e-01
4.023622183007600772e-01
-3.578523802637196272e-01
9.998916802858612840e-01
-9.998002723877179587e-01
5.340748913000784720e-02
1.903182874254356893e-01
9.996900766538263650e-02
-8.160057746459766781e-01
-2.932085292891613570e-01
8.570497116001601912e-02
-3.194532072292530778e-01
1.899892982524777896e-01
3.108185375681884674e-02
-6.001727451436427163e-01
-6.000057532918307013e-01
4.103915071813256654e-01
1.000133150844942254e+00
9.997757206476706737e-02
-2.794852924605358280e-01
2.117592693878699028e-01
1.000426302321969357e-01
9.993095349357838941e-02
-7.896186840296225418e-01
-6.000960585376992062e-01
-5.999261045449530982e-01
1.000257067374152209e+00
-6.000352568912420415e-01
-5.999953660172361314e-01
9.999926858805223695e-01
2.043911506999577798e-01
-7.889529336018694661e-01
3.969792538249496405e-01
1.167293837662235767e-01
2.157905817921664249e-01
-7.931666695784014287e-01
-9.998599974983738425e-01
-8.180372203765352568e-01
-9.999846903281262023e-01
1.000010010853336295e+00
1.000131908226031152e+00
-8.018084685609088158e-01
-3.231852735728432124e-01
-4.115902423249907793e-02
-7.957531152023524790e-01
9.999662436687322131e-01
-5.999616241968180885e-01
1.000726126959008283e-01
-1.000019368219135174e+00
4.061988997332032225e-01
1.988148417261893786e-01
9.999633832796076538e-01
-6.000783267392871823e-01
-6.001157163234154268e-01
-3.099333750017561062e-01
1.000042308338328079e+00
9.997928306534169252e-02
9.999502510829888502e-01
1.000100088477242188e+00
-1.000052982289630021e+00
4.033966465694117098e-01
1.001396711401163209e-01
3.970960318472182005e-01
9.998805520070608299e-02
8.726249293295001985e-02
1.993332537477397748e-02
1.733653205991504687e-01
4.043881727501457135e-01
-7.917253452708170602e-01
-5.998608314735422997e-01
4.201494649255446134e-01
9.998999095449665475e-01
1.432368172536797879e-02
-8.017941090181013308e-01
3.869491413607637487e-01
3.643226591024935346e-02
2.097037633341282958e-01
-9.999541989599759484e-01
-2.963251335186630198e-01
3.921056938248804746e-01
2.075832638754518955e-01
4.935948145072178300e-02
1.000175984164144216e+00
1.000142627987292476e+00
1.000166416929297197e+00
9.994876448293417426e-02
8.550469951818248648e-02
-1.000020207760282887e+00
-2.676022289527091313e-01
-2.237361378996891026e-01
1.000062797704339923e+00
-7.955582160877634479e-01
-7.913609837628503563e-01
-6.001063447552902330e-01
-2.795302379252337932e-01
-9.998981638374618841e-01
2.113967076896105524e-01
9.998038363453837229e-02
-5.999256094039951970e-01
1.908938117582510002e-02
1.000127096986490383e+00
1.944183987638337663e-01
1.926538546333742552e-01
1.071851429695505342e-01
-2.499185845571339215e-01
-3.228640269776142935e-01
-4.450717159984355353e-01
3.909752802980895336e-01
-3.404023434778435941e-01
1.000177453091091406e+00
9.998391462180833411e-01
4.419460924257701678e-02
1.989111152375705738e-01
1.983525006019914716e-01
1.763580401169355383e-02
-2.943307165920489021e-01
-6.001670072282058177e-01
-9.999342049446892089e-01
1.947416415004923906e-01
6.435412922259116375e-02
