-5.998863768603106550e-01
-6.001536307671585524e-01
9.999717484631418518e-01
8.633892261477926766e-02
-1.000069427424000512e+00
-7.965545984413450187e-01
-5.999358251284668819e-01
9.129640500303107253e-02
-8.039879659204547391e-01
-3.457122104331076806e-01
9.996933592310458527e-02
-9.999574560178662308e-01
1.930603190398722524e-01
3.412471195931566365e-02
2.020936161271387199e-01
4.016331611116522038e-01
9.578914259440388101e-02
-9.999519949811455088e-01
2.028173300208459262e-01
-7.361605034617741197e-03
4.154113792653544301e-01
3.919224720120693117e-01
-3.031215023156719202e-01
-7.947131922216362776e-01
-9.998822679618574183e-01
3.856037062798463588e-01
-1.948878983552257138e-01
-6.000155151186655766e-01
-2.500155691881416065e-01
1.000409831974436448e-01
-1.000042473532235521e+00
-7.971326855504692332e-01
-7.875955090592269281e-01
-1.000142456780300115e+00
-3.258211342515277865e-03
9.999534976899491223e-01
-1.000070216928168998e+00
1.000122173904282485e+00
4.091311679687901770e-01
-6.000046503029602407e-01
9.999228914069625551e-01
-7.881806143888704375e-01
-2.461536714591212038e-01
9.987183287515458141e-02
-3.848172434196426295e-01
4.063913941913444017e-01
1.000688933942578268e-01
9.994797574547782670e-02
9.981482733173248356e-02
2.161401250449414002e-01
-1.000105013075835547e+00
-7.982353016188619144e-01
4.032000463914343080e-01
3.666226449302353307e-01
-2.198262586389351236e-01
-1.000007028628589589e+00
-7.881105492304095739e-01
4.058292072961507957e-01
6.803046133719378719e-02
-1.000049385908316602e+00
3.053816659278984005e-02
4.078929226091400628e-01
-1.000085366394862341e+00
-2.672841615347626987e-01
-1.000173307078264795e+00
1.000942774610536073e-01
-1.000056544903873190e+00
-4.590049526557606757e-02
-8.075006169583577309e-01
4.076121804002254545e-01
-5.999746831308498951e-01
-2.893829991823553272e-01
1.000847678291997972e-01
1.350545012530342953e-02
1.834105443430161242e-01
9.986611825387249619e-02
2.055666320279761761e-01
1.000161312876695741e+00
-1.169546316356179401e-02
-7.949221375086843455e-01
4.045805819596293706e-01
3.904101554517679928e-01
2.191136886227794123e-01
2.053354573834417218e-01
1.000085524074715293e+00
3.970237308798266751e-01
-1.000006027766743522e+00
-6.000668887041968880e-01
-9.998896339860524618e-01
-3.729808957741153480e-02
-1.000022467916950486e+00
1.001419397610017054e-01
1.001073846261544553e-01
-6.000837575933460899e-01
2.738023261495033112e-02
-8.086301574280347904e-01
-8.060386946105474459e-01
-2.819963374056785321e-01
4.005096038985772600e-01
-3.934678248448049698e-01
4.028001902324883643e-01
-7.951636869294992360e-01
-3.397566237466310701e-01
9.996778299857340955e-02
1.000527006040978495e-01
1.000107767050147034e+00
4.990897368343777396e-02
3.919732963283189542e-01
1.000688639107815414e-01
-3.077265754156296440e-01
2.155599227242272486e-01
-3.156215129812910414e-01
-6.000340231757393950e-01
1.000290860611976473e+00
4.020328689664680599e-01
1.880072606403710711e-01
1.000908149414562048e-01
9.999367401517550435e-01
-1.000155610349244828e+00
3.937574104387358553e-01
9.999330170754935354e-01
3.910459768705114580e-01
9.980010473556011341e-02
3.919520819548707458e-01
-5.998772134639973608e-01
4.086865654014474880e-01
-3.092371231183672076e-01
4.145949046894431556e-01
9.999218729872513256e-01
1.000006101172804307e+00
9.999901808393847624e-02
1.976914597590607170e-01
3.856750697881894396e-01
-7.966261820613184108e-01
1.000152545211208666e-01
1.000089701423819477e+00
9.999599193598711633e-01
-9.999215313659567395e-01
-5.999171883948191120e-01
3.979484418140799007e-01
-7.311069534755307298e-02
3.923435394267761334e-01
9.993798555540037154e-02
3.864960271364050737e-01
2.575688994805899398e-02
-3.861119073663896728e-01
-6.001137611403926098e-01
2.073099918980069178e-01
9.998463719851717890e-01
-9.999835521875609645e-01
-8.033451598611761613e-01
1.000087881079722019e+00
4.006948432423084183e-01
-5.999215999774240027e-01
9.994322429511071082e-02
-3.454403296398600443e-02
-3.340240611030564355e-01
-7.895678214592591893e-01
1.983166092033363526e-01
9.997002231049093024e-02
1.000006504745029501e+00
2.123621740189554075e-01
1.784428429189723331e-01
-3.176195979698802074e-01
-1.000018324502918166e+00
-1.488656810087614357e-02
3.854163510849726859e-01
-8.076093704186116939e-01
2.026644739397479300e-01
1.000080066382167843e+00
-8.064733055592279154e-01
-6.000233157144750917e-01
-9.999924297654154692e-01
-3.578071491156677858e-02
-2.622400880251382072e-01
-5.999156835635152119e-01
2.820167356906541634e-02
1.962187646386814865e-01
-9.998523417400227986e-01
9.998996537457287559e-01
-8.019916664024444586e-01
3.928483436159423414e-01
-3.464469575468699936e-01
9.999961513650672540e-01
-1.000218420708330447e+00
4.765569960095669688e-02
2.074713343097638329e-01
1.000311108195041515e-01
-7.847951394858131424e-01
-3.415708995164243311e-01
1.327348314240686666e-02
-2.239886387793413869e-01
2.002872683276097632e-01
-2.545355127800271941e-02
-6.000886397446087983e-01
-6.000398714284398416e-01
3.798410415070485602e-01
9.998814538946766417e-01
9.983377548049171546e-02
-2.699606996461504371e-01
1.890676516547272756e-01
1.001653878805739972e-01
9.993141225793276960e-02
-7.813502457540656421e-01
-5.998511426439689931e-01
-6.000822292292721238e-01
9.999114513403716265e-01
-5.997634294000265820e-01
-5.999895028837101130e-01
9.999051823891389468e-01
1.853734410898129070e-01
-8.037985285885338449e-01
3.947263741950939320e-01
7.841726055271054652e-02
1.890493243240125298e-01
-8.080938617826991521e-01
-9.998993246248838451e-01
-8.013841283047632436e-01
-9.998802729498106334e-01
1.000119383307300991e+00
9.999113655718079308e-01
-8.159385256989927226e-01
-2.271725403753518668e-01
-1.478667567877604014e-03
-7.917232628072761180e-01
1.000012946700938876e+00
-6.000843289691439875e-01
9.984201035316123130e-02
-9.999275850187989700e-01
4.059027792696196513e-01
2.064241239831414165e-01
9.997571600570386297e-01
-6.000052167172005291e-01
-5.999602122462694975e-01
-2.920044226266744758e-01
1.000012365817053439e+00
9.998671853249435637e-02
1.000051861396768160e+00
1.000187749330498033e+00
-9.998285974634557594e-01
3.939552884003117428e-01
9.985104855867500684e-02
4.183112634132970520e-01
9.988622758417362024e-02
-1.787213335307511961e-02
-9.225149367411077106e-02
2.038870583437183137e-01
4.098780600077440162e-01
-7.851909197015064512e-01
-6.000072998748975373e-01
3.999084003507811791e-01
9.998401773452820773e-01
3.336667344739687596e-02
-7.883433606282731487e-01
4.025869389202413884e-01
4.758893258325724157e-02
1.796187266924030301e-01
-9.998276308510328780e-01
-2.408753475556653922e-01
4.027128189624377130e-01
2.040763265342930843e-01
1.700378405569153914e-02
1.000031874423654488e+00
9.998167593107750717e-01
1.000095319459705090e+00
1.002127739803657519e-01
-5.350962745349992222e-02
-1.000036043878269609e+00
-2.145303333101631904e-01
-2.921479857697286131e-01
9.998244074860581643e-01
-7.923946511892101530e-01
-8.086806968773092574e-01
-6.001461552589486548e-01
-4.167141298780091541e-01
-1.000057273681706160e+00
2.252059234824550504e-01
1.002177554853625197e-01
-6.000254674231235708e-01
2.029652702961582539e-02
9.999615777752325352e-01
2.055570483335308341e-01
2.053331858376080954e-01
1.758118438585309570e-02
-2.511499859032388371e-01
-3.547032989069359710e-01
-3.015867855605442460e-01
4.145854876482056861e-01
-2.671361597646167430e-01
9.999277296570192597e-01
1.000125246941734547e+00
4.471330610265911165e-02
1.939555577153725119e-01
2.139222263317531181e-01
-1.001032984444691137e-03
-2.986114163642511476e-01
-5.999445242941917611e-01
-1.000178877562201141e+00
2.101459269057251444e-01
3.140671743579869640e-02
