-5.999994762607988585e-01
-5.999036422126057255e-01
1.000014776006980632e+00
1.585579308061084826e-03
-1.000050594301577833e+00
-7.966984714934951528e-01
-6.001945064281278830e-01
-4.296204285602611694e-02
-7.986981190814864684e-01
-3.205600474809535139e-01
9.994183947779498867e-02
-1.000069379935708547e+00
2.013834563422386981e-01
1.095634599796978248e-02
2.093810171751012417e-01
4.106433114742902291e-01
-1.034359690290005407e-01
-1.000054334350883645e+00
2.004274977931782553e-01
-5.861890098407603056e-02
3.971646346591907184e-01
4.112642578416075834e-01
-2.448014071924011492e-01
-7.864622075609528640e-01
-9.998907618458362512e-01
4.099417747718916427e-01
-3.403363323656333206e-01
-6.000833813544517170e-01
-2.571202639878302776e-01
9.998746729116464449e-02
-9.998411510483811160e-01
-8.025203685641177920e-01
-7.759897754972210349e-01
-1.000009945286475022e+00
3.294513808811371652e-02
1.000029138777922766e+00
-1.000038351680528681e+00
9.999587105835885392e-01
3.845088454083204210e-01
-6.000158817201052264e-01
1.000117269151329813e+00
-8.005971835430197858e-01
-2.594656173033641489e-01
1.000354431751420414e-01
-2.748128181747477861e-01
3.881706014899710677e-01
1.001044667410679878e-01
9.987269833148712528e-02
9.981392038164585423e-02
1.845061590445623845e-01
-9.999067040511535609e-01
-7.922065210650049982e-01
4.008497058850077344e-01
3.873700033217551963e-01
-3.154091994274741961e-01
-1.000061178168027753e+00
-8.055019339856878124e-01
3.984438377264508113e-01
-3.155485604185406107e-02
-9.999442591356190180e-01
1.319698490171039573e-02
3.776933790944461133e-01
-1.000030030469385656e+00
-2.798048379580722056e-01
-1.000047091766041785e+00
9.995007633206133557e-02
-1.000101161773750746e+00
-9.265726375514526936e-02
-7.815630924501613119e-01
3.853917758177670128e-01
-6.001116835124881144e-01
-2.924744515468903905e-01
9.998329814655239345e-02
2.865482419287319199e-02
1.923047839640863732e-01
9.998836176457152891e-02
1.917961178352597940e-01
1.000018890647588643e+00
-4.153772325006024196e-02
-8.116720530636244435e-01
4.122820891570346813e-01
3.960601715952057345e-01
2.070722725998005442e-01
2.063694817927577974e-01
1.000174524765752082e+00
3.843489467788517300e-01
-1.000107442564231341e+00
-6.000094661956502096e-01
-1.000047476316940909e+00
1.143943239987125216e-01
-9.998807704561235576e-01
1.001418434995359902e-01
9.997311788523242926e-02
-6.001079356892076166e-01
-4.756845882632727840e-02
-7.898049770135412428e-01
-8.094134768276968206e-01
-2.890957786328738344e-01
4.085563374094148270e-01
-3.193808506030898497e-01
4.247908945902171274e-01
-7.998524327136988799e-01
-2.816277196485066914e-01
9.999133742583932172e-02
9.995300803298268200e-02
9.999688484845760117e-01
-2.232044441606501062e-02
3.998891353430216733e-01
9.999407683054764573e-02
-2.371701314618319678e-01
2.176825736689050883e-01
-2.769217228578709777e-01
-6.000298181446397372e-01
1.000111101521381496e+00
4.034002091056515527e-01
2.030357967954839749e-01
1.000140985179696768e-01
9.999696040207646242e-01
-9.998879691782820434e-01
3.904578542048547374e-01
1.000061942430981787e+00
3.999176181286400178e-01
9.993298048736104500e-02
4.014549830004248143e-01
-6.001322879361821183e-01
3.987400995188812858e-01
-3.493497403918652267e-01
4.012643546256262628e-01
9.999762653368364784e-01
1.000196584983305215e+00
9.997817258083235847e-02
1.861426561652816947e-01
3.968508134317534353e-01
-7.925669991131105707e-01
9.993155395564710941e-02
1.000023712502750017e+00
9.999696011480129210e-01
-9.999317764599757741e-01
-5.999542721325868966e-01
4.131018779037217148e-01
5.474487272376473042e-03
4.012436182034238019e-01
9.995996005772936344e-02
3.833385517240268103e-01
-3.360049240894720513e-02
-2.849328473924235272e-01
-6.000258409293919293e-01
2.043412591802159783e-01
1.000134500669013660e+00
-9.998565134034745894e-01
-7.766494263668756171e-01
1.000168654526496947e+00
4.041457925584064914e-01
-5.999487971659613894e-01
1.000408751264738327e-01
-1.119583108185527543e-03
-3.184845990791665971e-01
-8.127156367763676004e-01
2.063333294158253561e-01
9.984219710713013174e-02
9.999338923378866539e-01
2.161567007062539791e-01
2.162632441264153438e-01
-3.824771710475390329e-01
-1.000005389076778828e+00
-1.535378460892696320e-02
3.955675108878402568e-01
-8.004966839303663262e-01
2.013124954942302203e-01
1.000139893035112637e+00
-7.865446651294770719e-01
-6.000511329034083907e-01
-9.998807553554135419e-01
2.651934119146559261e-03
-3.109295665274870446e-01
-6.001238198657665723e-01
1.157719572925115514e-01
1.887719460390048509e-01
-9.998616954823844605e-01
9.998022119928415830e-01
-7.977365073786555349e-01
4.166562395630514781e-01
-3.550425993165371996e-01
1.000250457061114817e+00
-1.000035889678623668e+00
-1.444245543246414423e-02
1.860722621433689439e-01
9.993081370279026376e-02
-7.931196965570521673e-01
-2.616465063783745548e-01
-8.641621806290314400e-02
-2.886067229666497980e-01
2.143909614166625566e-01
-7.238086659977303883e-02
-6.000399359973792590e-01
-5.997409311429215961e-01
4.102951084033976126e-01
9.998648768777390616e-01
1.000971653120601851e-01
-2.488263361073978774e-01
1.754363434629194196e-01
1.000056306680665030e-01
1.000485352233594222e-01
-8.014601677128427859e-01
-5.999939591730870658e-01
-6.000111365765370408e-01
9.999701739269047929e-01
-6.000312994641553432e-01
-6.003354550666071265e-01
1.000125046075143409e+00
2.016802456739970328e-01
-8.078362501536483498e-01
3.866392727442136690e-01
-2.004558794713667824e-02
1.981396525538121900e-01
-7.955196327731985928e-01
-1.000054960187396924e+00
-7.742021323844608949e-01
-9.998808832271982583e-01
9.999030284801726509e-01
9.999109410734402514e-01
-8.017300308452125490e-01
-2.828239759618699778e-01
4.459191253567448832e-02
-8.071759682524148882e-01
1.000049879055487478e+00
-5.999847491279561851e-01
9.998767374654959905e-02
-9.999665188261538384e-01
4.124141902697116557e-01
1.779069584413181526e-01
9.999763705385348311e-01
-6.000857080667074683e-01
-6.000239473347650510e-01
-2.377462228861373927e-01
1.000082228417917829e+00
1.000500219783250627e-01
1.000033725353935310e+00
1.000155022527400961e+00
-1.000197098560575037e+00
3.836258304497779381e-01
1.000646058563614688e-01
4.024030873435925360e-01
9.992944640339890272e-02
2.957330469748452664e-02
4.351839312561650575e-02
2.158026815717258018e-01
3.980414534757326095e-01
-8.036253787565653672e-01
-6.000827337273654249e-01
3.898588097824495780e-01
9.999155447771604921e-01
3.154071348190195384e-02
-8.010292062496084942e-01
3.982675048558976250e-01
-6.308122893682967247e-02
1.896418284248482800e-01
-1.000070111358390079e+00
-2.784235165649904808e-01
4.237736738744626863e-01
2.052813869617979292e-01
6.479579332812433930e-03
1.000046513446561924e+00
1.000083665195323990e+00
9.999428679730049119e-01
9.999353484148187921e-02
3.129136451589839552e-02
-1.000085090162549095e+00
-3.566426713393160419e-01
-3.254497045291463997e-01
9.999798784776492422e-01
-8.012838085626925455e-01
-7.967941893687270349e-01
-5.999948622675557175e-01
-3.989047026935212403e-01
-1.000033241231655046e+00
2.126236444525135827e-01
1.001391796904147063e-01
-6.000368894978657108e-01
-3.704293882666018917e-02
9.998393870185946497e-01
2.095607816249868416e-01
2.133335035579066730e-01
-1.193387754688627830e-02
-3.452949726258688901e-01
-1.977081576778079441e-01
-3.960767775094607424e-01
4.086016272867648014e-01
-2.659020120670964049e-01
9.999642217170564562e-01
9.998826441213923832e-01
3.367924928225664999e-02
2.016952594559231482e-01
2.035528960628829320e-01
-1.621386503950278737e-02
-3.364939491894155532e-01
-5.999150127125980614e-01
-1.000004582357941318e+00
1.834448837632028928e-01
-4.879834521430977817e-02
