-6.001677532723451725e-01
-5.999967098415065481e-01
9.998969891309847924e-01
-6.009256346164212892e-02
-1.000005663646770238e+00
-8.122571362940566031e-01
-6.001142717082803557e-01
-5.154543392222310505e-02
-7.983821941715305570e-01
-3.674216947976823300e-01
1.000239851765852284e-01
-1.000006351202180177e+00
1.966460134051339348e-01
5.627615206486905053e-02
1.997696687304615637e-01
4.091170390490799780e-01
4.005059228517745401e-02
-9.998745784846153617e-01
1.933329635299781690e-01
-2.452642122662234900e-02
3.821232446608198718e-01
3.937153193311600519e-01
-2.341348396356460748e-01
-7.957021697253680026e-01
-9.999017220465209466e-01
4.037096415533776850e-01
-3.553155448998887578e-01
-6.001009097303456885e-01
-2.990525340045545599e-01
9.988970473822550433e-02
-9.999613145510349854e-01
-8.000179465428440828e-01
-8.020346645160417731e-01
-1.000100056890933065e+00
6.932579142582216691e-02
9.999383901649863127e-01
-9.999610850533322548e-01
9.997437808347883204e-01
3.926767271773682899e-01
-5.999437428817743223e-01
1.000112712019489480e+00
-8.087230097758515424e-01
-3.874637906960339273e-01
1.000309372885239273e-01
-2.873279618718342920e-01
4.015802316362878654e-01
1.000099435041769819e-01
9.998675447660410054e-02
9.994335880029356356e-02
1.989458157484208511e-01
-1.000069124654480390e+00
-7.890437276719739490e-01
3.867919011555512876e-01
4.046788093614618331e-01
-2.411975467590068978e-01
-1.000038273192873861e+00
-7.988203453930777798e-01
3.906841695803074943e-01
1.598759860072036451e-02
-9.999897626529600236e-01
1.993765781834049705e-02
3.994687485615238676e-01
-1.000135270058671422e+00
-2.699041867970778386e-01
-9.997301453760306655e-01
9.986766185035701737e-02
-9.999630840979067958e-01
1.834844949372833531e-02
-8.128702200773647579e-01
4.003108303388747125e-01
-5.999213772674009126e-01
-3.431738900189625352e-01
9.999125860509817942e-02
2.745939221188016879e-03
2.030609806432031317e-01
1.000758159922755935e-01
1.849313439821622385e-01
1.000081667737006574e+00
2.756688754571026950e-03
-8.006343130925028806e-01
4.025781432232852231e-01
4.065299322251876846e-01
2.117924718047651811e-01
2.016676996905871766e-01
1.000001238227318900e+00
4.029076863909046846e-01
-1.000009519175841355e+00
-5.999852410055871443e-01
-1.000062534876654308e+00
1.625012098456419044e-02
-9.999199701335054202e-01
9.988102460706559105e-02
1.000441881399862509e-01
-5.998174923577285211e-01
-5.963941931277233661e-03
-7.966091727101043407e-01
-8.143776846233294897e-01
-2.742960291956801910e-01
3.868115842563819573e-01
-3.354943293574716989e-01
4.088548148990815423e-01
-7.972464808652723889e-01
-2.539276579442734660e-01
1.001677099210826621e-01
9.985228298255399704e-02
9.999986161415808095e-01
4.161688231546361444e-02
3.934391158412127165e-01
9.986938487781733820e-02
-2.409515710978928082e-01
1.922589007016822782e-01
-3.194222041000339685e-01
-5.999072082787494375e-01
9.999438282162060876e-01
4.031399654964948343e-01
1.968324329145177687e-01
1.000490244482940549e-01
1.000002467209055723e+00
-9.999858876302837318e-01
3.865652761089350964e-01
1.000205306844662356e+00
3.896029181718730916e-01
1.001354021195238614e-01
4.171905536206330090e-01
-5.999718725199343350e-01
4.071001523639081188e-01
-2.177674123460047184e-01
4.104607239173831412e-01
1.000146622876608049e+00
9.998902515471239649e-01
9.991063950243854463e-02
1.759100064990068435e-01
3.993058721075467554e-01
-7.856102726448290774e-01
9.985948671233652041e-02
1.000016348292836810e+00
1.000153774796536332e+00
-1.000083775234475558e+00
-6.001583056462168608e-01
3.923722239818025481e-01
-2.271785968734819916e-02
4.022853879492664375e-01
9.981218320508958297e-02
3.892533251098898028e-01
-4.021755692788429176e-02
-2.283685346786312187e-01
-5.998653456759669433e-01
1.975168278330400595e-01
9.998986353495113999e-01
-9.999832893314889448e-01
-8.049355294829282359e-01
1.000007207464189918e+00
3.904445252785208043e-01
-5.999538206469089419e-01
9.988504300748525522e-02
-1.720966764497581722e-02
-3.230972680619787485e-01
-7.970726699153410921e-01
1.865008493131564693e-01
1.000738747667081208e-01
9.999093614245130324e-01
2.027129546933460758e-01
1.965395809017108641e-01
-2.701086581068871117e-01
-1.000087725390819360e+00
-1.756684089802619184e-02
4.108469984948519560e-01
-8.145278193338935102e-01
2.028298960350415070e-01
9.998681051246601781e-01
-7.930296454078178403e-01
-5.999926407384931215e-01
-9.999358738468798746e-01
-3.689613323822174551e-02
-2.662900757527953965e-01
-5.999393748258566861e-01
3.080924644586879868e-02
2.094799500212093935e-01
-1.000012928283382507e+00
1.000275722492457442e+00
-8.043124869569016067e-01
3.946163029287984569e-01
-2.807684278137227429e-01
1.000008712641600184e+00
-1.000026717486679262e+00
2.233949931529399802e-02
2.077315367971127036e-01
1.000538529388794451e-01
-7.958936936673940421e-01
-3.223612231157212404e-01
-8.927627308106828030e-02
-3.586699347411346217e-01
2.027913559278810840e-01
-2.285390944294671614e-02
-6.000363206990417808e-01
-6.000011786791127344e-01
4.133356771743745828e-01
9.999886253316769835e-01
1.000696786631275204e-01
-3.268989139764733043e-01
1.929869634638491649e-01
1.000422715591750278e-01
1.000216262370672154e-01
-7.854531021546884428e-01
-6.002550814399650880e-01
-5.998501140195271475e-01
1.000087329608712938e+00
-6.001422821010762298e-01
-6.000224831908674838e-01
1.000092411099082534e+00
2.143518366447971502e-01
-8.063429654948415237e-01
3.627348353417289561e-01
-3.748458021845866434e-02
1.991177293159763217e-01
-8.089880008345160523e-01
-9.999254972648509154e-01
-7.965853569978619264e-01
-1.000037752677862324e+00
1.000108297525915235e+00
9.999674338731744383e-01
-7.948361693132161010e-01
-2.676127202357476143e-01
2.606570696833541978e-02
-7.754856716857174703e-01
1.000017692216829790e+00
-5.999097750180022448e-01
1.000095920143395517e-01
-1.000078245117469677e+00
4.105117979851436449e-01
2.016902876396477751e-01
1.000120315330638832e+00
-5.999107788478172942e-01
-6.000472589398787582e-01
-2.905783992422845130e-01
9.998299433891199017e-01
1.001651207620453954e-01
1.000044199889035701e+00
9.999232045609389719e-01
-9.999059424842118293e-01
3.872956342629569892e-01
1.000980498523747209e-01
4.059904940614387781e-01
1.001256976240485902e-01
-3.296065239171713096e-02
1.518362802452560140e-02
2.098598967786265146e-01
3.800775363004144647e-01
-7.993297879017275953e-01
-6.000001602430102832e-01
4.249460947712444536e-01
1.000150212359560031e+00
2.170377763735938798e-02
-8.049592604024518039e-01
3.826175759270941668e-01
-2.358640471864063837e-02
1.964118774113470245e-01
-9.999824018536477288e-01
-3.412823559622621961e-01
4.015041562871733971e-01
1.993234855518589421e-01
6.281945672667715863e-02
1.000118668563694468e+00
1.000055898593097181e+00
1.000049036497254074e+00
1.000110868190484531e-01
-2.047297507954055906e-02
-1.000056487367587899e+00
-2.678927898966504406e-01
-2.946451439225806768e-01
1.000023218776146416e+00
-7.817249054774461081e-01
-8.003034907531421105e-01
-5.998317629722085265e-01
-3.113526547192032590e-01
-1.000020376899464658e+00
2.003600139121132218e-01
1.001850513907631413e-01
-5.999384002020126117e-01
-1.029446612301817589e-02
1.000189971185405646e+00
1.971046371026759225e-01
2.027265055767940582e-01
-4.246704220408698688e-02
-2.931939705343921676e-01
-2.894854174265499291e-01
-2.504423346359733182e-01
3.849900835623367157e-01
-2.419802773575938371e-01
1.000042426850103139e+00
1.000044629219698278e+00
-6.573704070273238276e-02
1.960454972416449115e-01
1.997783926297825863e-01
3.228471178942644848e-02
-3.376338648968598144e-01
-5.999445122001351161e-01
-9.998496092646920186e-01
2.136559410537654247e-01
-2.842725219746816342e-02
