-5.999165315552279498e-01
-6.000520920383499712e-01
1.000038159530629134e+00
-1.972482830114310678e-02
-1.000054177212327700e+00
-8.094635697824200671e-01
-5.999964983848238287e-01
2.661020089861040883e-02
-8.108637242346095064e-01
-4.025919297605277114e-01
1.000045329942603756e-01
-1.000062410365891497e+00
1.942568869076089777e-01
-4.740443091986022706e-02
2.154877321205835861e-01
4.066789247419126951e-01
-9.138520690875574781e-02
-1.000039825845893349e+00
2.022112251671999983e-01
4.903939659822761921e-02
4.005438002388031493e-01
3.961244706727763965e-01
-1.790170258313418250e-01
-8.000697854950040711e-01
-9.998856325238545395e-01
3.911956001592241106e-01
-3.381064209022149325e-01
-5.999873562597100030e-01
-2.906820811884305300e-01
9.997631955487844280e-02
-1.000026710433987054e+00
-8.086157484196626610e-01
-7.949743829536377593e-01
-1.000007476470450518e+00
3.145936759796759408e-02
1.000082527613317174e+00
-9.999667548446906640e-01
1.000215035787316076e+00
4.035397798411672898e-01
-6.001010476410425509e-01
9.998641029193935381e-01
-7.964550503183320806e-01
-2.925767955852558999e-01
9.994365955447109817e-02
-2.691940873069387785e-01
4.071157822513653546e-01
9.993200787864370271e-02
1.000619905977480351e-01
9.990714081554430415e-02
1.934928441911696051e-01
-9.998962418753573056e-01
-8.105792276220873394e-01
3.935012445611566489e-01
3.950004501063417162e-01
-3.088140461820315097e-01
-1.000202748681215059e+00
-7.970192619451585969e-01
4.038633010021115410e-01
3.043570369501927275e-02
-1.000068638976060464e+00
-5.675946080715536107e-02
4.029146288871757187e-01
-9.999892232558209582e-01
-2.410902907254608984e-01
-1.000056976604729586e+00
1.000806852717937567e-01
-9.999901862810357533e-01
-7.151434054676114593e-02
-8.077313144047716387e-01
3.928378350044428591e-01
-5.999688597598876738e-01
-2.445917108787510619e-01
9.982055775678667919e-02
1.161773043881860618e-01
1.969083328206427119e-01
9.993380996508761938e-02
2.094742815127569879e-01
9.999589757772395782e-01
5.035657688109877045e-02
-8.141425729355875607e-01
3.999972341243612783e-01
3.973441389448661432e-01
2.071655899838559800e-01
1.949724418082983690e-01
1.000145946391856278e+00
3.810829847911350043e-01
-1.000281194602223200e+00
-6.000514620561711032e-01
-9.998870691184389425e-01
-4.534463246864756797e-02
-1.000053743486817304e+00
9.992606427529615587e-02
9.996025644537406829e-02
-6.001435963793808614e-01
3.254546798722876555e-02
-7.998304507119856632e-01
-7.982018713253691278e-01
-2.721677759781464534e-01
3.986492670866015331e-01
-3.199282590005119720e-01
3.950070854153143740e-01
-8.029500642568266899e-01
-3.551976724576622613e-01
1.000170454093266270e-01
9.997005906685664522e-02
9.999544390271856154e-01
4.061155040118114706e-02
3.990013525760473523e-01
1.001101893296257456e-01
-2.531029371730750266e-01
2.042545654874335648e-01
-1.997484083591118953e-01
-6.001458879521667233e-01
1.000004777992022476e+00
4.030754546979132824e-01
2.094187556768393466e-01
9.990603124860440720e-02
1.000031444515314449e+00
-9.999115314700676160e-01
4.197073309091270965e-01
1.000015258524566963e+00
4.143727479526085333e-01
1.000180817931988347e-01
3.831227102323819245e-01
-5.999935740432787989e-01
4.022948412923825212e-01
-2.714365754922314911e-01
4.017987495557758804e-01
9.999578262909452064e-01
9.999455637468767089e-01
9.999399183873966535e-02
1.881954592873023857e-01
3.971905444413290076e-01
-7.905126535646256336e-01
9.996233963975874326e-02
9.998896636314180686e-01
1.000061481766559179e+00
-1.000063485054272228e+00
-5.999648505884922489e-01
4.067240023809899352e-01
4.237885751600333449e-03
3.926918745788627318e-01
1.000807807089687668e-01
3.914063818375757564e-01
-6.399096092110689860e-02
-1.859962325690667495e-01
-6.000520429047171422e-01
1.925420376093861519e-01
1.000148716397672333e+00
-1.000091285643873507e+00
-7.868964515756576850e-01
9.999399331815935765e-01
4.043258161628719427e-01
-6.000514428426043656e-01
1.001174775559006830e-01
-6.559122986492438648e-03
-3.177655025706750402e-01
-8.019688779837882420e-01
1.986883742918458262e-01
9.988643584532562458e-02
9.999783681254031942e-01
1.865999959498945426e-01
2.181253377383573500e-01
-2.603319295331114058e-01
-1.000055265689724138e+00
6.976566050287347220e-03
4.034155322476199457e-01
-8.076826430295229731e-01
2.114584889065149742e-01
1.000036802503375011e+00
-7.819754331522368318e-01
-5.999867493918024097e-01
-9.999137702907451297e-01
1.318158393260990269e-02
-2.298547841465754527e-01
-6.001658912180020122e-01
-1.046271361884980045e-01
2.110627813694421206e-01
-1.000034512432743217e+00
9.999643510359089715e-01
-8.021275176370733506e-01
3.927338816864007764e-01
-3.363776775828393184e-01
9.998093491339768990e-01
-1.000210567135080275e+00
4.575756100635344770e-02
2.120035589058051617e-01
9.998242611461623242e-02
-7.929958177313578549e-01
-2.851991364299588660e-01
-4.950528188603413315e-02
-2.888818393897378822e-01
1.887764513175889947e-01
-8.108916036077012945e-02
-6.000011545366764620e-01
-6.000712914569833467e-01
3.932553995254944312e-01
9.999528516319275973e-01
9.996246866288155397e-02
-2.433294787557507277e-01
1.790016730864738559e-01
1.000478040567622934e-01
9.998699182522055584e-02
-7.877508340619009397e-01
-5.999189658039624229e-01
-5.998937440879839045e-01
1.000106460500497452e+00
-5.999826957134303251e-01
-5.999154971404041525e-01
9.999164932994405453e-01
2.002500991500200667e-01
-7.964496261532504340e-01
3.960053083872410173e-01
-6.219263014335490308e-02
1.931146440934971009e-01
-7.795840585770089648e-01
-1.000159417532117567e+00
-8.037792732506453541e-01
-1.000146274693513471e+00
1.000040902832568523e+00
9.998232379263994885e-01
-7.903415629971128897e-01
-4.076993105987323229e-01
-1.849884970137236767e-02
-7.969466344349029896e-01
1.000050561964340723e+00
-6.000469609304073249e-01
9.979710045856479694e-02
-1.000092293790661779e+00
3.729664908048437866e-01
2.119809351881613291e-01
1.000072910939468818e+00
-5.999505958939620465e-01
-5.998830518061118999e-01
-2.735655658984644245e-01
9.996964485083832397e-01
1.002690235986187089e-01
9.999958128827909354e-01
1.000204071322663868e+00
-1.000053655692915822e+00
4.027658326637786335e-01
1.000124953415660045e-01
3.829139267810645064e-01
1.000303042632076922e-01
-5.626445535744091508e-02
6.267530482060600094e-02
1.955883230364535430e-01
4.033270337785919146e-01
-8.042065597564711510e-01
-5.999987243116287061e-01
3.996158052576268549e-01
1.000104855133378212e+00
4.515559614964393537e-02
-8.003103833854696703e-01
4.039963243766280243e-01
-7.954541616294852346e-02
2.042364921269599898e-01
-1.000029623494937736e+00
-2.276879747793788822e-01
3.972489970280498328e-01
1.935565195935348703e-01
-3.763486844881648585e-02
9.999603775011675078e-01
1.000130820184752745e+00
1.000182254488263922e+00
9.986610599565153013e-02
3.322421594623072016e-02
-1.000041020740514819e+00
-2.157961704138802450e-01
-3.229002507633569885e-01
1.000031511983942245e+00
-8.019729041937048164e-01
-7.916996108507634577e-01
-5.998485979339428509e-01
-3.003480873143361540e-01
-1.000004511182947420e+00
2.206966533087418025e-01
9.986041779509580163e-02
-5.998060672481576594e-01
-5.495385483088478795e-02
9.999635688362584762e-01
2.013641228935371674e-01
1.943456457131577386e-01
2.929539583205492681e-02
-2.445498837510449719e-01
-4.272162125766799656e-01
-2.688015003983521001e-01
3.862082116598546944e-01
-2.551876444909342290e-01
9.999527358346680384e-01
1.000059513758530860e+00
-5.430757229482237325e-02
2.079877039129477412e-01
1.948657567347069908e-01
-1.648722989428497501e-02
-3.309282604060463928e-01
-6.000085477268671807e-01
-9.999373706372411963e-01
2.081457051386077783e-01
1.496023871769908489e-02
