-5.998962504774214555e-01
-6.000185667932353972e-01
9.999474858528516474e-01
-6.228949812344367759e-02
-9.999580246958430507e-01
-8.137535344775884694e-01
-5.999822738498440389e-01
4.325653652380406777e-02
-8.135394462786520453e-01
-4.132128724757666571e-01
1.000679004192189941e-01
-9.999629994603481675e-01
1.903604499397620331e-01
7.210024062304441761e-03
1.972233896953220489e-01
4.114893088391025633e-01
-1.779234006870653723e-02
-9.999281189398792069e-01
1.852871033050571548e-01
5.528842598572870914e-02
3.981422944595518487e-01
3.950232716250015041e-01
-3.013291387722131787e-01
-7.958803850722262485e-01
-9.999870034691491494e-01
3.693201381763252522e-01
-2.653164484758954722e-01
-6.000694015120908720e-01
-3.017190685591563115e-01
9.987907904412207660e-02
-9.999229675523513272e-01
-8.103699192535850360e-01
-7.921514530432328671e-01
-9.999529778025709748e-01
-4.016100463031189310e-02
1.000122105952145901e+00
-9.999395610042464133e-01
1.000130325394207320e+00
4.158029093926851605e-01
-6.000006505644701615e-01
1.000041931456030042e+00
-8.104833166884101159e-01
-2.382119428990474852e-01
9.996495048984246901e-02
-3.356755150518905828e-01
4.063295739759912317e-01
9.995425046022050897e-02
9.989012968692242977e-02
1.001184630986489826e-01
1.974028388047611438e-01
-9.999616321253704809e-01
-7.955585827431529422e-01
4.022166050858897446e-01
3.917499612574767420e-01
-3.121693957149781484e-01
-1.000163569224379989e+00
-7.976416129988018744e-01
3.945953201635743479e-01
5.594711381722516919e-02
-9.999076076115253064e-01
2.634109895181722949e-02
4.249301839034732575e-01
-9.999700482645020871e-01
-3.089867906779799056e-01
-1.000140307199088419e+00
1.001811476998074740e-01
-9.999332322315522825e-01
-1.072017045380575101e-01
-8.105424576624296051e-01
4.068965670314014793e-01
-5.999130448998554188e-01
-2.183370227081139481e-01
9.990682659674214594e-02
9.873471698568477353e-03
1.876387929032236890e-01
1.000040026287545986e-01
1.932713959295819239e-01
1.000048063338992321e+00
3.853853790234220908e-03
-8.099924011927966960e-01
3.839710006717985680e-01
3.946725411899254521e-01
1.885366789084035044e-01
1.959073802996146307e-01
9.999999560299493995e-01
3.996324545849772591e-01
-9.999719130674433742e-01
-5.999913458352316153e-01
-1.000192829817206919e+00
-2.291480318848153341e-02
-1.000004759665607423e+00
1.000396193716110577e-01
1.002184066313473870e-01
-5.999161167949242923e-01
-1.730506977700263169e-02
-8.041360784174459431e-01
-8.072165319213007173e-01
-3.664797741744405535e-01
3.877550900742115503e-01
-4.104561283831369978e-01
3.913616556871422625e-01
-8.108113727421536465e-01
-3.414474247125928730e-01
1.000150023781550129e-01
1.001484427266373933e-01
9.999067394315946933e-01
6.103909949015250830e-02
3.972542982625650310e-01
1.000202234447560706e-01
-3.092936586504630991e-01
2.069930446174598759e-01
-3.896449895000090313e-01
-6.001220123032626752e-01
1.000048527171125246e+00
4.110313838654860996e-01
1.877358972928198644e-01
1.001650761099023845e-01
9.999824315305190225e-01
-9.999265239873154076e-01
4.236615351130151863e-01
1.000029409778824485e+00
3.944102785748718754e-01
1.000361937602259749e-01
3.984729035570616085e-01
-6.001249805307576901e-01
3.869398493009168494e-01
-2.185003946770666394e-01
3.770390520570680581e-01
1.000083746767660653e+00
9.999289030690396984e-01
9.999734510007565746e-02
2.053067387048198300e-01
3.994763562290828962e-01
-7.754952310311138408e-01
9.980726859023600350e-02
1.000053418929375493e+00
9.998949567149761908e-01
-9.998897368016743670e-01
-5.999743132903222476e-01
3.879101468158784316e-01
7.788204995870241787e-02
3.988800819507725692e-01
9.977005713337641635e-02
4.014477600408105085e-01
5.788927079234212902e-02
-3.166510976885331674e-01
-5.999179997348258464e-01
1.797278508827818977e-01
9.999493014465798968e-01
-9.999476610200925819e-01
-7.981163963186069799e-01
9.998533453650505498e-01
3.972160072861959934e-01
-5.999648177165890495e-01
1.000467441925281947e-01
5.670990010482038733e-03
-3.306145234581270853e-01
-7.982601318613720132e-01
2.005889892574597155e-01
9.991013806196347158e-02
9.997394545782088970e-01
2.195272771212730956e-01
1.904346091992814016e-01
-3.262474302620970157e-01
-9.999467824939196614e-01
-1.343595141217593207e-02
3.917741366131202718e-01
-8.053554669146452127e-01
1.961236817426194601e-01
9.999675203139006818e-01
-8.120389687972353610e-01
-6.000948684997728932e-01
-9.999565991583662106e-01
3.018794138732324231e-02
-3.709389813816539871e-01
-6.000879202684202829e-01
4.785573761700788464e-02
2.010971797992888443e-01
-9.998593706092266942e-01
9.999680727651755197e-01
-7.978778696953896521e-01
3.840394392904018517e-01
-2.426986429766294640e-01
9.998510258419012198e-01
-9.999819682710012758e-01
-2.242877951028879671e-02
1.932111597133925607e-01
9.980462486639679609e-02
-7.954753088679025197e-01
-3.060923622027744151e-01
1.122749251563886497e-01
-3.001849398181270501e-01
1.991118684772364145e-01
1.344515215965792765e-01
-6.000428038500701389e-01
-5.999761814152080319e-01
4.047312018199711869e-01
1.000009861515642084e+00
9.994518223323348161e-02
-2.951348991603299221e-01
2.031472336239211751e-01
1.001186432377225155e-01
9.995318180429151045e-02
-7.928785285135089289e-01
-6.000508068890567648e-01
-5.999031330182769128e-01
1.000013177607047776e+00
-5.999654343251119570e-01
-5.999529264493735914e-01
9.999523626564964518e-01
1.862994911074388749e-01
-7.990227155950764271e-01
4.024079348284462232e-01
1.439379122087527108e-01
2.121466553020609491e-01
-8.055874780372368482e-01
-9.998637764895051960e-01
-7.836548174274466927e-01
-9.997802340409551736e-01
1.000020778105009889e+00
9.999945327030324016e-01
-8.068977164700563698e-01
-2.543773852602603247e-01
1.525665380686284239e-02
-7.861401947001588342e-01
1.000006203047473008e+00
-5.999794552723981544e-01
1.000362477336737277e-01
-9.998883636556455956e-01
3.923460353087075414e-01
1.975157205908979752e-01
9.999497136912439688e-01
-5.999675555254477821e-01
-5.999016646505247463e-01
-3.210711174370285970e-01
1.000091860624032769e+00
1.000490994507496761e-01
9.999287005978143572e-01
9.999043233555600096e-01
-1.000113689823981300e+00
3.994590531969947622e-01
1.001144356651444411e-01
4.038862303152296329e-01
9.997566492357702617e-02
-4.560021600268086145e-03
2.820287252469607861e-02
2.092207636102450807e-01
3.826992445166994550e-01
-8.045111795431146851e-01
-6.001083999968030991e-01
3.996839619083152328e-01
1.000017454241589610e+00
3.008799362443306466e-02
-7.778470525218943443e-01
4.044859458037272648e-01
-1.760655583126179841e-02
2.049288180172728346e-01
-1.000171744973642252e+00
-2.641568559840695163e-01
3.947661459750936297e-01
1.985112114537930239e-01
-2.021013903823550180e-03
1.000013153287169887e+00
9.999886840701430746e-01
9.999321638762029840e-01
1.000027867703128098e-01
-3.923574009936516699e-02
-1.000000455427023649e+00
-3.096923269279689417e-01
-2.381159858371882931e-01
1.000066719838932805e+00
-8.009449617012336375e-01
-8.046098127302659941e-01
-6.000885442469613418e-01
-2.603722946177793318e-01
-9.999942740818579257e-01
2.208551477469688218e-01
1.001535074005755893e-01
-5.999569798466862780e-01
-5.860786771448942001e-02
9.999942276569138144e-01
1.899095565601370550e-01
2.233937403802948030e-01
3.651462448348086198e-02
-2.552499993905080755e-01
-3.386909916089591577e-01
-3.248382964368800585e-01
4.064350116526906920e-01
-2.738654299587171548e-01
9.998637642899655953e-01
1.000000978331389456e+00
2.042746023350365883e-02
2.107530945599244976e-01
1.996253836833627171e-01
1.683872747883551416e-03
-3.282620234387462754e-01
-6.001577956972240502e-01
-9.999482663459493548e-01
2.104785989780397215e-01
4.503202433366187973e-02
