-5.998658289634611895e-01
-6.001202577177193742e-01
9.998556979859463123e-01
4.751481815505305753e-03
-1.000082084260978554e+00
-7.911861263254754695e-01
-6.000114129436538990e-01
-2.144985807856388330e-02
-8.070918486104354805e-01
-3.863031230921055714e-01
1.000881747321055310e-01
-1.000031840287865181e+00
2.166501747251718402e-01
-2.589090140426133710e-02
2.045091488415493042e-01
3.885924974993217318e-01
6.683828962936195356e-03
-9.999166853522334364e-01
1.974441120984473941e-01
-2.727398262661379080e-02
4.098995333497839066e-01
3.968949977662944995e-01
-3.283820734897461291e-01
-8.097778360930771857e-01
-9.999063341120573156e-01
3.912154854808444493e-01
-3.463829342073829198e-01
-5.999719597937491766e-01
-3.157066289887480726e-01
9.984743767734848008e-02
-1.000028026629635747e+00
-7.897306912413729618e-01
-8.060171230931920672e-01
-9.999745760914360293e-01
7.576559560336537658e-02
9.999640714639883576e-01
-1.000119645309097249e+00
1.000003562326171380e+00
3.917774138724826605e-01
-6.000877028274598235e-01
1.000112016891656630e+00
-7.863853199300814278e-01
-3.077157635914716249e-01
9.990663849618326708e-02
-3.320512237005728284e-01
3.972051042126249487e-01
9.994063636043518106e-02
1.000300591266254369e-01
9.995816511974386920e-02
2.035264319405508948e-01
-9.998825609180396201e-01
-7.912439861473583580e-01
4.150411374871323389e-01
3.888619856706023170e-01
-3.681613817680755019e-01
-1.000052773675187412e+00
-8.123721444350733289e-01
3.818950579006193391e-01
5.154934626481486037e-02
-1.000078221677564549e+00
-6.196064621161389424e-02
4.132900665461400336e-01
-9.997582585928862509e-01
-2.952798997435363559e-01
-1.000130099658920191e+00
1.000175716542823917e-01
-9.999358852244505380e-01
1.705658348049049824e-02
-7.911210964146837554e-01
3.995437981226399038e-01
-6.000273850723568669e-01
-3.300859687102244422e-01
1.000039731627574841e-01
-3.829138422082140059e-02
1.899243806060846584e-01
1.000725821442722818e-01
1.940994010814425519e-01
1.000169836324134032e+00
-6.447384518401465259e-02
-8.010279794816194121e-01
4.076245835351506863e-01
3.837714797970000480e-01
1.690440316748476612e-01
2.089052228653347221e-01
9.999815325940630828e-01
4.078225713503044192e-01
-9.998549218332017929e-01
-5.998996307592657784e-01
-9.999357035601211807e-01
-1.846659173193983088e-03
-9.999772409756771951e-01
1.001130001765162675e-01
1.001787690809108344e-01
-6.001072420248489969e-01
-2.257425204618964884e-02
-8.134250435864353035e-01
-7.924990763525840975e-01
-2.896887953790553416e-01
3.954743598947093042e-01
-3.214946403676132158e-01
4.143862605253220144e-01
-8.035502916085077718e-01
-1.798900289641645334e-01
1.000324266077640550e-01
9.986844148218788908e-02
1.000122271874023694e+00
9.077091068822124020e-03
3.961814354284690642e-01
9.996593610678845832e-02
-3.499438700124132273e-01
2.213063001373260508e-01
-3.382514945302745879e-01
-6.000889266478515172e-01
9.999585590085681153e-01
4.125142041959286576e-01
1.734849669389410542e-01
1.000905267665953974e-01
1.000047163619162571e+00
-9.998594114649377307e-01
4.005079959074496765e-01
1.000011597701676136e+00
3.831211630048595440e-01
1.000464089509266186e-01
4.025590748007856212e-01
-5.998139634404128229e-01
3.964001287288097530e-01
-2.616881591605387247e-01
3.945678260654265079e-01
1.000007158501349025e+00
9.999237350794252244e-01
9.985425171317516280e-02
1.904755038017537649e-01
4.177880491145116726e-01
-7.897471124977296641e-01
9.990042782787432463e-02
1.000119704370004525e+00
1.000177262093133956e+00
-1.000066391763932971e+00
-5.999294356621396318e-01
4.029687176863190889e-01
-2.058856050387727205e-02
4.138942898487128486e-01
1.001129214772112225e-01
4.206185580652390676e-01
-5.408125698270192100e-02
-2.802883843701693412e-01
-5.998797516110683237e-01
2.171222658298284924e-01
9.999425935052710379e-01
-9.999646422970194237e-01
-8.149478199125964606e-01
9.998916357874657601e-01
4.016477406216941715e-01
-5.998956994596424952e-01
1.000239726481055580e-01
9.464825046333422143e-02
-2.636043744019547219e-01
-7.932081944137332474e-01
1.859847142964946853e-01
1.000423343291315242e-01
1.000017173433065842e+00
1.995952375988487570e-01
2.221037577118476491e-01
-2.791041271003618651e-01
-9.999872050573405113e-01
3.001557676974651173e-02
4.026793305559433489e-01
-7.999646226870638088e-01
1.917465538000528436e-01
1.000082734804509599e+00
-7.998785788372563266e-01
-5.999773603339134675e-01
-9.998787786610386918e-01
1.395442002239000168e-02
-3.485100911846359395e-01
-6.001752081579733167e-01
6.559166412454785211e-02
1.932573407103903296e-01
-1.000039667789201392e+00
9.999750609454252093e-01
-7.923837670282544154e-01
3.881716516329648536e-01
-3.179687603815000707e-01
1.000009246058257917e+00
-1.000146931283921292e+00
2.214241770361248529e-02
2.095452713675900469e-01
9.990819067107449547e-02
-8.052699830936392855e-01
-3.534209619049820117e-01
5.504698623333262320e-02
-2.805709861706152664e-01
1.944210491934124097e-01
2.940190017600649228e-02
-6.001286648268431279e-01
-5.997720968628104110e-01
4.037020810885674216e-01
9.998903395155048779e-01
9.984943464807811975e-02
-1.880928047231447131e-01
1.987388717443683561e-01
1.000969850816869761e-01
9.992329039816384706e-02
-8.005315900949229180e-01
-5.999981025491678555e-01
-5.999976286755218657e-01
9.998638302232488728e-01
-6.000210033278999822e-01
-6.000479443771083998e-01
1.000199693845063242e+00
2.142271639500440972e-01
-8.071179601352111987e-01
3.953185369982963326e-01
2.075248918310184515e-02
1.963227828620015547e-01
-7.821422228602872284e-01
-9.999408216547563955e-01
-8.117834513760712190e-01
-9.998855778877497880e-01
9.998669355788141200e-01
1.000011878495154383e+00
-8.216005853772374579e-01
-2.422627564358516283e-01
2.962634697157438129e-02
-8.042433893601010908e-01
1.000008064802550445e+00
-5.998938459676534940e-01
1.000426586139430279e-01
-1.000021718140117422e+00
4.236819773289357549e-01
2.056033698649177011e-01
1.000107590071583896e+00
-5.999643411532314952e-01
-5.998735008154794102e-01
-3.244020035933478097e-01
9.999821617442260502e-01
9.996617055592592338e-02
1.000100530377165731e+00
1.000170263642294000e+00
-9.999165247032471004e-01
3.788541843607503568e-01
1.000430985360998004e-01
3.979689809145503521e-01
9.999910049100339815e-02
3.310686758003841823e-02
4.006810964081050641e-02
1.983495595532730471e-01
3.945498592219687795e-01
-7.806738258539064335e-01
-5.999615437110887850e-01
4.091898936049904734e-01
9.999256089722129426e-01
5.357495691376464031e-02
-7.960609188823033477e-01
3.778780611527875477e-01
1.310268881908006368e-02
1.842494309376820627e-01
-1.000147483578608609e+00
-2.937659833804482368e-01
4.134801330339470393e-01
2.102459026770521766e-01
1.795202031344305532e-02
9.998870012936366125e-01
1.000122992758122775e+00
1.000072346938878143e+00
1.000249670923573087e-01
-3.129934309064617837e-02
-1.000100259801282920e+00
-3.435179046380902879e-01
-3.537203510509182580e-01
1.000007871978820351e+00
-7.981010221371902524e-01
-7.959550368819527932e-01
-6.000771361338200771e-01
-3.335184361120550056e-01
-9.999599359463858805e-01
1.940534171527878993e-01
9.996404943452721903e-02
-5.998190040351116803e-01
-4.626618947667485160e-02
9.999725358717895807e-01
1.977453357092447683e-01
1.963302590385342661e-01
9.099420696392830979e-03
-2.912299686121032627e-01
-3.063905183558542356e-01
-3.189315092764947734e-01
4.149475144823679962e-01
-2.766286314776775779e-01
9.998774226429513190e-01
9.999727278344356929e-01
-4.869729053859412488e-02
1.870519429008865031e-01
2.046635951892844252e-01
-1.154290039452692332e-02
-3.167320845084363179e-01
-5.997997074724248368e-01
-1.000053249962030044e+00
2.165239871933791471e-01
1.901627382820056042e-02
