-5.999862561735938016e-01
-6.000116218362431253e-01
1.000102711031401359e+00
-6.612347972801801976e-03
-1.000020246174478267e+00
-8.075007255932941108e-01
-5.998591065947671552e-01
6.067673150229695861e-02
-7.984361218682437533e-01
-2.609085883918479398e-01
9.988200258173098034e-02
-1.000094064345229405e+00
2.075674850098497282e-01
5.188672519628467067e-02
1.929016222395217028e-01
4.110093774902163211e-01
-4.482582446697055967e-02
-9.998252057890035793e-01
1.835898080860422221e-01
1.047707904215725572e-01
4.020816529251163285e-01
4.144826429148241176e-01
-2.501134448836053181e-01
-7.901782015057273734e-01
-9.998580539049872762e-01
4.002000488964032043e-01
-3.779445726596881161e-01
-6.001090262674160236e-01
-3.283249442587609090e-01
1.000808746968349788e-01
-9.998161192810977038e-01
-7.924952840446930491e-01
-8.057820614362195544e-01
-9.999541133712804841e-01
-1.911356246568305522e-02
9.999783674172003645e-01
-1.000170313534043620e+00
1.000101560309968995e+00
4.004000279146280872e-01
-5.999421924539539708e-01
1.000126960972339107e+00
-8.058571896337499707e-01
-2.642400213080173810e-01
9.996720439190218133e-02
-2.304750553058578788e-01
3.878514288483581596e-01
9.980622042703719832e-02
1.000596262480646786e-01
9.993334580785728782e-02
1.964871925826930377e-01
-9.999061220012256390e-01
-7.927932541090244589e-01
4.062229996649953101e-01
4.118115409890485412e-01
-2.740846168571984820e-01
-9.999488149554767169e-01
-7.823273482054541317e-01
3.948158340790156595e-01
-8.301940261558097070e-03
-9.999793641818073286e-01
3.960836500433676660e-02
3.995975528976292712e-01
-1.000041504875468057e+00
-2.989211415413955408e-01
-9.999623128005507011e-01
9.994790251277901882e-02
-9.999036079834040525e-01
4.213091729614405756e-02
-8.105248766327264320e-01
4.020406535548344817e-01
-6.001044422928256683e-01
-2.948287564684684003e-01
9.996756497236732042e-02
2.099460033332770093e-02
2.058643220768978377e-01
9.981242251543422095e-02
1.993472060764938936e-01
1.000086621355550820e+00
-2.437144227496475246e-02
-7.990232246802609906e-01
4.110697003914625114e-01
3.977538914859685137e-01
1.920447054572035905e-01
1.828589354585524185e-01
1.000071447223510601e+00
4.006270130534461682e-01
-9.999306190667855976e-01
-5.999502026743022132e-01
-9.998926627422769497e-01
-2.731479386530645537e-02
-9.999947060478966421e-01
9.991581801046313382e-02
9.991271041298335764e-02
-5.999482265372713119e-01
-4.293360874436727426e-02
-8.013713674660791764e-01
-7.944624389904860751e-01
-3.030186598061089809e-01
4.117453184184056703e-01
-3.163372441591111306e-01
4.086579247935961390e-01
-8.063590948293863914e-01
-2.343990490750808009e-01
9.997653827035961338e-02
1.000664949202891979e-01
9.999992209945656185e-01
-2.918302643989816383e-02
4.197155135342905963e-01
9.986501950975167075e-02
-3.387334653380604799e-01
1.902005003253535720e-01
-3.012737222879318111e-01
-6.000574815853961796e-01
1.000040877396184413e+00
3.961098562833278436e-01
1.957722019802318747e-01
1.000657870668492377e-01
9.998579771518596448e-01
-1.000115277961606264e+00
3.942431255089678399e-01
9.999103456865097161e-01
3.936173088746138249e-01
9.987477903967414972e-02
3.763289220082978725e-01
-5.999731070064369121e-01
3.846470421012546104e-01
-3.126294108325015642e-01
4.064108142009100200e-01
9.999162475760512425e-01
9.999587819557769208e-01
9.989999381474173878e-02
2.144946217823959222e-01
4.045792256018725941e-01
-8.094024673388767743e-01
1.000757586807418387e-01
1.000005089495576760e+00
9.999650831274390361e-01
-1.000001689058529486e+00
-5.999152818431123801e-01
4.009770745162233863e-01
1.347030255303528030e-03
4.079110940914769112e-01
9.975497594124287104e-02
3.874189537032867725e-01
-1.281729699494281796e-02
-1.854680417147820393e-01
-5.998470645394432532e-01
2.035293580990247819e-01
1.000026406419892266e+00
-9.999226811475226961e-01
-7.987418144579656598e-01
9.998497688447711695e-01
3.951638457342047106e-01
-5.999960400056039145e-01
9.992857890176967683e-02
2.356261114031940607e-02
-3.214413556177017073e-01
-7.943055886997187898e-01
2.145312060267632048e-01
1.002374510342044084e-01
9.999570756148081774e-01
1.970489232968380411e-01
1.858277650319363206e-01
-2.920064697379782248e-01
-9.999505243089347184e-01
5.122602035954152561e-02
4.011145747175534626e-01
-7.915226839759365030e-01
1.992831330004397605e-01
1.000017332889500787e+00
-8.075848779303103075e-01
-5.997480964129691117e-01
-1.000063930974452564e+00
-2.071811327707256956e-02
-2.458099016888735944e-01
-6.000657211567876903e-01
-4.524451636052201874e-03
2.191082533309290648e-01
-9.999020771828677212e-01
9.999382720395433299e-01
-7.821556874844260987e-01
3.981182712921080280e-01
-3.719746996510187587e-01
1.000068204398552041e+00
-9.999461878283117944e-01
-9.380059225998230166e-03
2.103398199385626832e-01
1.000928471223184457e-01
-8.060131347884086361e-01
-2.963387257383887086e-01
6.792479290713446943e-03
-4.340534779614461103e-01
1.798294995078407177e-01
3.564914536677295936e-02
-5.999601032839453341e-01
-5.999498543414262253e-01
3.993734158090074815e-01
9.998256302091603764e-01
1.000313287594365719e-01
-3.695222811520493256e-01
1.951775319096258343e-01
1.000143736984626386e-01
1.000220054647544682e-01
-7.903930720191654213e-01
-5.999988008467921352e-01
-5.999493017016107599e-01
1.000327679330700548e+00
-6.000770097476649800e-01
-6.002283300358908225e-01
1.000017045762475965e+00
1.909193332931893028e-01
-8.166731208886398585e-01
3.894113616832765024e-01
-5.333307094120344483e-02
1.973311418230287995e-01
-8.039127527578037169e-01
-1.000044990904608966e+00
-8.022382762006663448e-01
-9.999617729612348960e-01
9.999450674207122081e-01
9.999913007875291804e-01
-7.999110342946614827e-01
-3.424479713675139814e-01
1.124486774515446284e-02
-7.940608745171869876e-01
9.999012028938358831e-01
-6.001662956784084013e-01
1.001152779624300271e-01
-9.998983432476602484e-01
4.058293374041272439e-01
2.060359154625590050e-01
1.000071108615029791e+00
-5.999912851997857288e-01
-6.001105025758428635e-01
-3.035706042419259454e-01
9.999507354678800475e-01
9.991877505080341837e-02
1.000109785328064049e+00
9.999953854245947626e-01
-9.999612478832364815e-01
4.220881682389778233e-01
1.000080074808696318e-01
4.074172408816799096e-01
1.000501547094922589e-01
-2.590704825078692097e-02
7.021533926841126705e-02
1.924796547417945425e-01
3.927917266188767909e-01
-8.118311747553044189e-01
-6.001194996379822788e-01
4.021866727163317390e-01
1.000036722451227433e+00
-4.615621590072931796e-02
-8.015822122564600916e-01
3.906433493271405100e-01
-7.539778612990099237e-03
1.982891716427265250e-01
-9.998954949866192266e-01
-3.437515429266616018e-01
4.151298907193012866e-01
2.098390835981962521e-01
-2.631632325437618936e-02
9.999375964348924395e-01
1.000017004440304058e+00
1.000186485300047945e+00
9.996957561054529984e-02
-1.367485345941022584e-02
-1.000169640811819027e+00
-3.180954013960781146e-01
-3.287021638976149185e-01
1.000071653968636509e+00
-7.936985494885776538e-01
-8.001664573696074534e-01
-5.999605053681309474e-01
-2.786131584359437530e-01
-1.000234195343615573e+00
1.892644725469953548e-01
9.983481081345159380e-02
-5.999765945462861572e-01
-1.412847927378178131e-02
9.999445601863862221e-01
2.099330981300212839e-01
2.076395402539917556e-01
-1.654436811645588756e-01
-2.871300806341083867e-01
-3.010711346983677150e-01
-3.382882861020601872e-01
4.125776018350371110e-01
-2.974323876004548728e-01
1.000062904687990528e+00
1.000094265705203211e+00
-1.426104031334529242e-03
1.906081893956200479e-01
2.143095333116124823e-01
1.375162053259052636e-02
-3.437461454803316663e-01
-5.999820761276190018e-01
-9.999450070819171366e-01
2.080113882926496738e-01
4.188078824329152794e-02
