-5.999077165210789930e-01
-5.999793499481018699e-01
1.000036862913344926e+00
-5.184810303542209363e-03
-9.999172648282255160e-01
-7.829953973522137955e-01
-5.998329756076580255e-01
8.230440311962352110e-03
-7.941227550307576877e-01
-2.870049306784785981e-01
1.000856060237728939e-01
-1.000183675632851266e+00
2.015186540715635521e-01
-2.970671471280910206e-02
2.264595776019677764e-01
3.980143534750461565e-01
1.372037710564074590e-03
-9.998218259837386990e-01
1.885345234029418005e-01
2.311248047350494481e-02
4.087222340904815843e-01
4.219176547658012311e-01
-2.243192397939655913e-01
-7.876359653214236589e-01
-1.000099721608327608e+00
4.241629115217583901e-01
-2.345665386172338662e-01
-5.999277260290698521e-01
-3.474627878541883264e-01
1.001354904891821745e-01
-1.000173833756220265e+00
-8.119977281791858070e-01
-7.910285594207896454e-01
-9.999778191485907408e-01
-7.912350614561564077e-02
9.999016911111070494e-01
-1.000140729148381036e+00
1.000032421634743596e+00
4.119128231997846168e-01
-5.998497610144903902e-01
1.000055679654331398e+00
-8.058895204320195571e-01
-2.906297933174920578e-01
9.993996478653331683e-02
-2.814843729453635479e-01
3.890128413397509477e-01
1.000359873121267063e-01
1.001295609943387843e-01
9.998364614093270542e-02
1.999892961095546540e-01
-9.999330299593592875e-01
-8.246930904710251253e-01
3.974832370971237427e-01
3.947529709796768205e-01
-3.408551691449108745e-01
-1.000037641317867765e+00
-7.871994684776171258e-01
4.065367744294566266e-01
3.007121510243263018e-02
-1.000073416275472304e+00
-5.338536577955648593e-02
3.967391165406518594e-01
-1.000084507792729616e+00
-3.617518275873402023e-01
-9.999616338353327638e-01
9.996359505255472677e-02
-9.999278669618741899e-01
-5.761357501315109153e-02
-8.130727641372252901e-01
4.052328218088318557e-01
-5.999521803399502362e-01
-4.083183105536493107e-01
9.997094056624127034e-02
5.138237993821877236e-02
2.029363598709340855e-01
1.001881897737034455e-01
2.176534263424072524e-01
1.000021469586726441e+00
-2.519356077918639969e-02
-8.028545332034445758e-01
3.936597243638118027e-01
3.948148418284060379e-01
1.856342095175290696e-01
1.965406597546811573e-01
1.000097066759043640e+00
3.936009202473929047e-01
-9.999950462961616493e-01
-6.001649165576951050e-01
-1.000065592574791440e+00
2.951614690692503512e-02
-1.000081037425493369e+00
1.001355321477230553e-01
9.977888216078233119e-02
-6.000824640434158086e-01
3.029737633362721005e-02
-8.001054944295510341e-01
-7.835477389702124595e-01
-2.951841699975474298e-01
4.261123759818949974e-01
-3.289407161124411338e-01
3.870458409992912907e-01
-8.085582923479337492e-01
-2.572357582780190333e-01
9.985271049014070310e-02
1.000224413456957395e-01
1.000050344710681216e+00
-1.228279176078243135e-02
3.945409674831784619e-01
9.992798221624078769e-02
-2.200093551835026751e-01
2.172963756237640265e-01
-2.780245365436508909e-01
-6.000278878019525974e-01
9.999884869118683683e-01
4.002308040362173025e-01
1.880221132192100020e-01
1.001666098314085152e-01
9.998908641862006563e-01
-1.000103354679061862e+00
4.163387327660811876e-01
9.999894201347252487e-01
4.006718142093108059e-01
1.000076232564163226e-01
3.945217325352682880e-01
-5.999258796213773337e-01
4.023954413510053008e-01
-2.332305376354669446e-01
3.997105955027467905e-01
1.000086428396347316e+00
1.000078729234696873e+00
1.000150582887747025e-01
2.112287087384444040e-01
4.142986681775294722e-01
-7.947436750868758226e-01
1.000682596120726908e-01
9.998567700620674126e-01
1.000067114108030841e+00
-9.999422361284695526e-01
-6.000766284656526839e-01
4.020470484068484618e-01
-2.885045321161279486e-02
3.974977187191068295e-01
9.990128440542653254e-02
3.974193538953205151e-01
3.026083542436124041e-02
-2.696753400201336581e-01
-6.000085203407052870e-01
1.904183973596962898e-01
1.000073454935695327e+00
-1.000010855641881857e+00
-8.018778186276598330e-01
1.000030926171912249e+00
4.020567245900007469e-01
-5.999679331514355951e-01
1.001752954243774474e-01
1.038502580705715633e-02
-3.805554594319054407e-01
-7.988115841830616404e-01
2.108623214606072105e-01
1.000872209333856511e-01
9.998542146313504908e-01
1.947323252302547436e-01
2.140263577185806954e-01
-2.613706597631924589e-01
-1.000088518180980657e+00
1.004199861061870619e-01
4.065943182840268677e-01
-7.995084461110051333e-01
2.002202208712960119e-01
1.000212395667502419e+00
-8.039914594075677767e-01
-6.000629251472170411e-01
-9.999532489413713865e-01
2.342703067008482937e-02
-2.583228507851499933e-01
-5.999061465901838197e-01
3.042117288133725644e-02
1.906861505897075870e-01
-9.999997402213254283e-01
1.000098791120249464e+00
-7.886957947557335924e-01
4.107315045905398643e-01
-3.905355448410865460e-01
9.999551329036503455e-01
-1.000043872920232335e+00
-1.329230559523950084e-02
2.047992253384653127e-01
1.001240014337685252e-01
-7.866736424895692803e-01
-3.472265832231608562e-01
5.086160654459790514e-02
-2.335589561491834276e-01
1.984361962667114399e-01
-5.874955917133244804e-02
-6.000064626387650035e-01
-5.999423770059262306e-01
4.111846048616865090e-01
1.000022122376456712e+00
9.992721654320925462e-02
-3.460416114367056983e-01
1.980140815586597658e-01
1.000626316882347183e-01
9.991374212083398154e-02
-7.962266722592291623e-01
-5.999489553304886424e-01
-6.002159651898704151e-01
1.000007329736977146e+00
-5.998801882356389337e-01
-6.000762970554107678e-01
1.000030532828998453e+00
2.257104803651575620e-01
-8.128288446794179611e-01
3.972642634494325531e-01
3.389695096292907883e-02
1.793032506699902828e-01
-8.113553120352318127e-01
-1.000035822052493861e+00
-7.888630784939155705e-01
-1.000177686788782827e+00
9.999046280518838481e-01
9.999151609781751215e-01
-8.075867550291911945e-01
-3.301553374621121195e-01
7.345284382160885417e-02
-7.928270576768544631e-01
1.000022529055496712e+00
-6.001088203699639356e-01
1.000722645284638501e-01
-9.999149077677194075e-01
4.029781568164260697e-01
2.205250204140651871e-01
1.000135709535380446e+00
-6.000637476699570705e-01
-5.999399117013858307e-01
-2.660923392415450173e-01
1.000060635540462428e+00
9.996445691093908126e-02
9.999856128567250479e-01
1.000023398109444184e+00
-9.998951337853496657e-01
4.028048550603388067e-01
9.995528723158920992e-02
4.126385155704133667e-01
1.000143521536682872e-01
-2.972874875314192311e-02
-1.244813141618207782e-02
1.971776227434253459e-01
4.046224109456961204e-01
-7.908117649529593507e-01
-6.001123882211738536e-01
4.081167238295926314e-01
1.000077660084458753e+00
-4.925835034909803456e-02
-7.816778241651463066e-01
3.967166149981419254e-01
-5.317692007699625217e-02
1.885320648231759710e-01
-9.999972002671728699e-01
-2.160521926259584280e-01
3.963599987161358085e-01
1.897506114172410052e-01
1.458016657703949982e-02
1.000024221132046698e+00
9.999263145669815556e-01
9.997970075713784599e-01
1.000991349790838064e-01
5.057978071948058402e-02
-9.998350570939182891e-01
-2.456679022013278646e-01
-2.436863236748895989e-01
1.000113531887168339e+00
-8.086772519870264464e-01
-8.027494079564965190e-01
-6.001811168547358522e-01
-2.421666664544901981e-01
-9.999981440305931724e-01
1.925774217020199131e-01
9.995029297965565829e-02
-5.999854111732946249e-01
-2.169607204519370322e-02
1.000062724642848178e+00
2.014531367458237687e-01
1.968631930757794302e-01
3.462593228961299147e-02
-3.650817779173324840e-01
-2.927214609358900210e-01
-3.360029224867912001e-01
4.072334627000326335e-01
-3.721908347191844046e-01
1.000099294457633903e+00
9.999467467838201173e-01
4.380873849931206550e-03
2.034194976415033551e-01
1.862725576462871124e-01
3.154959169583804179e-02
-2.905628800524222566e-01
-6.000520467105956435e-01
-9.999172130097537803e-01
2.020118227996917926e-01
-5.419567119029220642e-02
