-6.000381684164254326e-01
-6.000398989536626093e-01
9.998176013971242782e-01
4.629494506827486200e-02
-1.000091677094249620e+00
-7.999996568757520299e-01
-5.997977463156466404e-01
1.579825988166628711e-02
-7.984281241470040369e-01
-3.050620531497450494e-01
1.000388468244109569e-01
-9.999796108997042188e-01
2.087544452882509338e-01
8.368349698801164083e-02
1.910916505480722560e-01
3.922091039927380618e-01
6.421560389779243372e-02
-1.000071790859294651e+00
1.881317494302003346e-01
-6.234010489547438250e-02
3.959984513963497599e-01
4.254297929769845776e-01
-3.691095983538328351e-01
-8.038075888394889956e-01
-9.999401664097279374e-01
3.911980893921730984e-01
-3.088974669886217495e-01
-5.999026565623074569e-01
-2.817726960351222831e-01
9.991397721515497821e-02
-1.000105025364679934e+00
-8.095397518628276723e-01
-8.015183657991824528e-01
-1.000031780404813553e+00
3.382700176381812918e-02
9.998866345036162562e-01
-9.999901359597122008e-01
1.000138605152068871e+00
3.854710283382378200e-01
-6.000817337456108014e-01
9.999948190586157581e-01
-7.964397314323302668e-01
-2.829381665156273096e-01
1.001474105413927285e-01
-2.801403321467832996e-01
3.945801715587120562e-01
9.995411874771936711e-02
1.000645226489881440e-01
9.997538296711468153e-02
1.864049451594543272e-01
-1.000028748353611441e+00
-7.837129952496992846e-01
4.054948116739636732e-01
4.051972893666475062e-01
-2.707336332954604630e-01
-9.999687464149992211e-01
-8.121798453027824216e-01
3.930575719286450442e-01
-1.014238457211923128e-02
-9.999985622203575453e-01
-3.325707674723474977e-02
3.900257151908657072e-01
-1.000037366558953256e+00
-3.042256586297009124e-01
-9.998992626765857983e-01
1.000365154196295042e-01
-9.998521914241930153e-01
7.554561399463276261e-02
-7.974117959514892551e-01
4.118446515460414403e-01
-6.001251148855616391e-01
-3.465331137837496800e-01
1.000906276038582565e-01
5.114796018153059537e-02
1.843026991518813829e-01
9.995649973189354998e-02
2.157177956160586940e-01
1.000078784067634841e+00
-1.030661320459279467e-01
-7.911390218454911194e-01
4.045557033151483406e-01
3.982178802274336515e-01
1.978472564963701108e-01
1.958460687757964391e-01
9.999313468064190413e-01
4.098047766165591188e-01
-9.999475485371823735e-01
-5.999418619460086255e-01
-9.999274038516524632e-01
-4.781131426394433226e-02
-9.998789339753255678e-01
1.001290223577442906e-01
1.000663706134128778e-01
-6.000897494652185360e-01
8.663781388256958441e-03
-8.058545512782728792e-01
-8.008768121445676291e-01
-3.509386023431695367e-01
4.048952265250839178e-01
-3.930360418857056781e-01
4.087017454471802425e-01
-8.007205827567155376e-01
-3.202561114664439490e-01
1.000561822644645132e-01
1.000913139036990335e-01
1.000095616944291166e+00
-8.508758601983559822e-02
3.944514211459155817e-01
9.992624141141580318e-02
-3.110751630643323051e-01
1.993675786445714970e-01
-2.863178979590853546e-01
-5.999172778185367649e-01
9.999748765461017319e-01
3.892911829722889849e-01
1.991416655103596389e-01
1.000470092473256939e-01
1.000005816494691002e+00
-1.000043774064912627e+00
3.863554946998040696e-01
9.999842697652718826e-01
3.856787779188718956e-01
9.995384125567069455e-02
4.023789581121507974e-01
-6.000180256799706457e-01
3.955394454896815071e-01
-2.521086285082140277e-01
3.984844404370679882e-01
9.997837086475581669e-01
9.998562408595669249e-01
1.000162537056084738e-01
2.054494478934286994e-01
3.765211492391618009e-01
-7.997504672118356250e-01
1.000844200535066369e-01
1.000029974990224169e+00
9.999678330020145278e-01
-1.000043576169006743e+00
-6.001650728713372462e-01
3.969696361369234872e-01
2.371667833319207261e-02
3.933989180504244287e-01
9.998730619799482688e-02
3.990286891933509938e-01
3.172253138265953426e-02
-3.234686342577326457e-01
-5.999985769805321612e-01
1.864699137869829382e-01
1.000033518123151222e+00
-1.000106391976077758e+00
-8.061939261408526125e-01
9.999067658518538959e-01
3.776767879996176802e-01
-5.999761402995290593e-01
9.995029859888866774e-02
2.061415173198381454e-02
-3.081306149279924300e-01
-8.002054782704660640e-01
2.102732932821052836e-01
1.000059399154256123e-01
9.999855187380654042e-01
1.950975975972877030e-01
1.926156798615753230e-01
-2.742342015855890325e-01
-1.000092321091381464e+00
-7.538235165358661560e-02
4.036363828102789708e-01
-8.085312602251961689e-01
2.106360223658896025e-01
9.999377933286118791e-01
-8.117890239941926156e-01
-6.000377332836380750e-01
-1.000007281435563167e+00
4.924975871699560637e-02
-3.393542937149884309e-01
-5.999794951945859323e-01
6.678059226700882103e-03
1.773359110655854110e-01
-9.999514589381541807e-01
1.000156252688683356e+00
-7.849236812980460165e-01
3.871952840835019005e-01
-3.005691354755748446e-01
9.997653631259827423e-01
-9.997948298452460358e-01
-6.020630330475602865e-02
2.007812642676554127e-01
1.000123868354161755e-01
-7.925058329795502399e-01
-2.838797418357155156e-01
-3.569931089255121148e-02
-2.615072248002209276e-01
1.839710519295705005e-01
-6.772634243769627693e-02
-5.999837219988490844e-01
-6.000688417033614996e-01
4.018157623215244389e-01
1.000019279035968767e+00
1.000554813653724423e-01
-3.806453652380672459e-01
1.897639611143260852e-01
1.000395827644668667e-01
9.991156530712028139e-02
-7.892230249599272440e-01
-5.999868997442932006e-01
-6.000824752582355481e-01
9.999596850546575988e-01
-6.000445142388388664e-01
-6.000431979520154391e-01
9.998630549808801282e-01
1.979366596758298236e-01
-7.829416320852790045e-01
3.967541992833514830e-01
4.546619938454918297e-02
1.970020891332046331e-01
-8.077510496287784170e-01
-1.000045075755549906e+00
-7.893587481759625213e-01
-9.999608796463712590e-01
1.000063531107686865e+00
9.999863366192969227e-01
-7.987824299118699845e-01
-3.247133214941798074e-01
-4.636998673834023116e-02
-7.993128859367542027e-01
9.999197902753523826e-01
-6.000188974210785009e-01
1.000815512697024734e-01
-9.998366215920596600e-01
4.172185317820125694e-01
1.918032813721089469e-01
9.997830003904152329e-01
-5.998971948849347591e-01
-5.999297712959252848e-01
-2.921700435664275619e-01
9.999224865769893444e-01
1.001129849048722348e-01
1.000099718284602979e+00
9.997880572509159069e-01
-9.999065802135288505e-01
4.126521514301004778e-01
9.972758283553483094e-02
4.097713734573706912e-01
9.988181182791366908e-02
4.458964407343503356e-02
2.318510635889025825e-02
2.079762393716242941e-01
4.017229460994845014e-01
-7.967695382705328733e-01
-6.001010073926646982e-01
3.871648849532990377e-01
9.999759628028710434e-01
-4.844830258427833269e-02
-7.934374561909719459e-01
3.986938568211704226e-01
1.509049667351100533e-03
1.994159241518167480e-01
-9.998655323571018494e-01
-2.756661878830130030e-01
3.908218408340984329e-01
1.885526525768816408e-01
8.714700034472951107e-03
1.000003487654193002e+00
1.000076587794279437e+00
1.000051569828292797e+00
9.996314716709088499e-02
-1.020403507624217387e-01
-9.999216818931736528e-01
-2.876823375960022577e-01
-3.019431316911179164e-01
1.000037790222946699e+00
-8.053920199525067547e-01
-8.018418841647917406e-01
-5.998668010841461395e-01
-3.168484228897959776e-01
-1.000045040647500993e+00
1.883169482258727490e-01
9.998262478303243661e-02
-6.001965300043647922e-01
1.273076233589080508e-01
1.000006113935861585e+00
1.917582795670825790e-01
1.912992853745233146e-01
6.509161863528564740e-02
-3.636571138890254407e-01
-3.016835614381402353e-01
-3.245400779591781082e-01
3.995786351437674022e-01
-3.410273485605033184e-01
1.000103548010809806e+00
1.000059384625858083e+00
-9.304776678412580732e-04
1.958932615838761826e-01
2.010500452415580619e-01
-6.666345703160707348e-03
-3.646312589258620673e-01
-5.998872330693154620e-01
-9.998895272406426171e-01
2.055449449180180022e-01
-5.131707804930497885e-02
