-5.998746712814393423e-01
-6.000529638950474753e-01
9.999972705275644858e-01
6.142054324874487992e-02
-9.999756820823139103e-01
-7.985196378245558169e-01
-5.999075045722926935e-01
4.463119842220596156e-02
-7.806983038727780544e-01
-2.982309226658945711e-01
1.000535604773011428e-01
-1.000081307369490080e+00
1.875218272077346648e-01
2.697721366439184351e-02
2.010709719476229951e-01
4.053646526625958035e-01
6.771616432627775017e-02
-1.000056094509284454e+00
1.938922724310848111e-01
1.960390389392935653e-02
3.799571531996354667e-01
3.951335321861914607e-01
-2.763596834974471061e-01
-7.998677912797947931e-01
-1.000027266458786146e+00
3.968107255714838910e-01
-3.023173210049303061e-01
-5.999446182783455539e-01
-3.716656703309382248e-01
1.001479851687402667e-01
-1.000068852415931353e+00
-8.099158964086837775e-01
-8.106939249372898670e-01
-1.000009464773906842e+00
3.578373486517170965e-02
9.999408666829147085e-01
-9.998777980917069597e-01
1.000086804712745803e+00
3.970126759889294199e-01
-6.000944621958588243e-01
9.998877895782458669e-01
-7.935479033895452838e-01
-2.845520177631851722e-01
9.983231674718041904e-02
-2.513210859785628970e-01
4.179858705627886306e-01
1.000103341894025138e-01
9.998314299756753953e-02
9.985641941177633707e-02
1.969531106366450846e-01
-9.998457846050584630e-01
-7.962030163609340461e-01
3.938816655545057666e-01
3.852933552874631129e-01
-3.447504432419160048e-01
-1.000095344657868868e+00
-8.091797842375541006e-01
4.081551590397426987e-01
1.080451737203446394e-01
-1.000005681447883044e+00
4.473802902885276600e-02
4.144128227092004346e-01
-1.000067810130970125e+00
-3.613353404213008324e-01
-9.999706275690216639e-01
1.000752051597393749e-01
-9.998269657551173140e-01
9.552149626376024716e-02
-7.881484543098451478e-01
3.953920091198655506e-01
-5.999903343889413376e-01
-3.366833969452906472e-01
1.000021031522905085e-01
-1.246716343821803463e-02
2.003200625740523544e-01
1.001477547275757135e-01
1.962177437348595899e-01
1.000119001748433600e+00
6.631933682083314407e-02
-7.898207196221022075e-01
3.859009508147160927e-01
3.778565528359453807e-01
1.968770775906032167e-01
1.936500447381222789e-01
1.000130028126966497e+00
3.947630932484448296e-01
-1.000017547326633283e+00
-5.999592433686771198e-01
-1.000082181382531354e+00
5.113585194389394517e-02
-9.998193261586114655e-01
9.989834093469619758e-02
9.998206061784804810e-02
-5.998391614763387558e-01
-7.700333365216266435e-02
-8.026986582309496576e-01
-8.036253931074719414e-01
-2.621635289528026491e-01
3.973320633598131368e-01
-2.437095054416956730e-01
3.912481563359737624e-01
-8.113715542470762987e-01
-3.024616419027861824e-01
1.001992205637496358e-01
9.996345614707445593e-02
1.000031371253337076e+00
4.141683374396031014e-02
4.011425658896889401e-01
9.993147986328025645e-02
-2.369950176263990183e-01
2.027658084302527697e-01
-2.700945431721744616e-01
-6.001103962395447633e-01
9.999935754879735184e-01
4.092007644033184288e-01
1.953704766045197272e-01
9.988314508602169628e-02
9.998853217599227294e-01
-9.999786890904505121e-01
4.072072382676121260e-01
9.998844348252592384e-01
4.112690645191475203e-01
9.980737933765632119e-02
3.916631999523379482e-01
-5.997933713012173484e-01
3.965115365841628825e-01
-2.180390320607907273e-01
3.973015517323002510e-01
1.000036882231136293e+00
9.999581215146022828e-01
1.001431448014764858e-01
1.895212577037108936e-01
3.955413247870298576e-01
-8.077844460838020657e-01
9.991451174639187638e-02
1.000101789322609402e+00
9.999295109347726696e-01
-1.000079200964300030e+00
-5.999200411574119318e-01
3.997671731067777845e-01
2.925942215190305978e-02
4.102627593618966007e-01
9.995342924144900998e-02
3.955811595424876814e-01
-2.200361212502546099e-02
-3.197581704098623745e-01
-6.000987832087506524e-01
1.895983483990686946e-01
9.999980372948019669e-01
-9.999044305170418090e-01
-7.979226084793266116e-01
1.000123255442488368e+00
3.894988191603462879e-01
-5.999935215302374392e-01
1.001306754552757361e-01
5.190873683516808446e-02
-2.750895217527322689e-01
-8.118206539825546519e-01
1.956687742627517823e-01
9.998423131167322175e-02
9.999593028552394847e-01
2.176224327984032925e-01
1.902148561946514216e-01
-3.073642738491049187e-01
-1.000217030915361294e+00
-5.736453248822909190e-03
3.945917695016606941e-01
-7.952433072896063493e-01
2.124129297409397266e-01
9.999584459862737029e-01
-8.083713141056831919e-01
-6.000161410103794779e-01
-1.000031404720020722e+00
1.427832910020999241e-02
-3.323137376914968577e-01
-5.999338056627046001e-01
-3.308650562075196588e-02
1.895236469068572183e-01
-9.998225239820218713e-01
9.999859597538119926e-01
-8.026199491919957518e-01
4.030747659679793649e-01
-2.670360979580311267e-01
9.998950824382524250e-01
-1.000023976000806059e+00
-7.677904032073012974e-02
2.086381705784589036e-01
1.001326043524125159e-01
-8.015773117266792314e-01
-2.309470536599040336e-01
-9.673329242442008091e-02
-2.315527067350645618e-01
2.128087700799387583e-01
5.223564812686991993e-02
-6.000221881866092399e-01
-6.000575907175009771e-01
3.817571819933160415e-01
1.000034573923062942e+00
1.000985875195287700e-01
-2.155062876818711337e-01
1.914560279922711550e-01
9.983045530797751699e-02
9.995497670014617808e-02
-8.111503538319178030e-01
-6.000063354853398812e-01
-6.000060821752192242e-01
1.000035637152258960e+00
-6.000777666651353481e-01
-5.999503165551242079e-01
1.000151481566230904e+00
2.073393479780506199e-01
-8.085383309410972830e-01
3.938099060784960304e-01
-5.141255428248693408e-03
1.910706595795059470e-01
-8.085330997733148894e-01
-1.000229361659644711e+00
-7.955601564515144553e-01
-9.999323172400880200e-01
9.999820686275141535e-01
1.000032783892359944e+00
-8.042215187707487667e-01
-2.216723301533308765e-01
-2.128003839851008716e-02
-7.876986613913727897e-01
9.999272677028809841e-01
-6.000678391463982742e-01
9.984603652184943778e-02
-1.000138993265745624e+00
4.009579782487592281e-01
1.991759604252924809e-01
9.999898054424196658e-01
-6.000619864320104746e-01
-5.998729844306885939e-01
-2.459376284581117345e-01
1.000166075051614145e+00
9.988582163616843701e-02
1.000031846309992645e+00
9.999860906588279308e-01
-1.000106580185259997e+00
4.082968405876987728e-01
9.999906295088870078e-02
3.945759120381451823e-01
1.000160169880112970e-01
-8.653287457179399678e-02
-2.668763050013914923e-02
1.994406073963022052e-01
3.846440753261878842e-01
-8.001054452112787985e-01
-6.002336896974781455e-01
3.891886765371043722e-01
9.999411736359091751e-01
4.944383571104330605e-02
-7.942005219231152990e-01
3.950490027828719164e-01
2.347493494895797062e-02
1.933186134734046768e-01
-1.000024668088479229e+00
-3.771376114026029902e-01
4.183402837269694086e-01
1.974526640929225030e-01
3.316485401955306805e-02
9.999139024144673149e-01
9.998761993067252218e-01
9.999645955396837538e-01
1.000722513230546812e-01
2.569030809043482133e-02
-9.999682302946013568e-01
-3.215646139829994588e-01
-3.387472267018039607e-01
9.998163514031336296e-01
-7.991194565119552617e-01
-7.818875825306934590e-01
-6.001394208128749685e-01
-3.308646897072001769e-01
-1.000146891628479917e+00
1.982565867604331178e-01
9.992251151372823215e-02
-6.000288403483089450e-01
3.442206982982670368e-04
9.997290030704484298e-01
2.141450917045968627e-01
2.137411616197474884e-01
3.604622608134149669e-02
-3.156549217541103625e-01
-2.887210025404991498e-01
-2.584706296131885628e-01
4.102941385475294411e-01
-1.807924731490634374e-01
1.000031193328410062e+00
9.998778922863991170e-01
-4.226633777418038751e-02
1.939169672855434179e-01
1.967779862790701995e-01
-1.598015821846326262e-02
-2.848269464858450561e-01
-5.999899012540255150e-01
-1.000025992329801383e+00
2.073192331215898687e-01
1.006477261186571916e-02
