-5.999305582430646266e-01
-5.999693679486175490e-01
1.000100354065092567e+00
1.389088774731841829e-02
-1.000048191854872703e+00
-7.885220347502757132e-01
-6.000079845739194617e-01
1.055071170184962437e-02
-7.824247186732586901e-01
-2.983185973888660691e-01
9.998465755658272891e-02
-9.999414108431955439e-01
2.032290724760303924e-01
-2.548721295975667211e-02
2.181544511584924684e-01
4.091292907918619437e-01
-1.141097141232290113e-01
-1.000068504967144944e+00
1.949665618298530301e-01
-1.494876506495029789e-02
3.987733449719401690e-01
3.869116374460006558e-01
-3.702531447772094975e-01
-7.864924378925118864e-01
-1.000095967071136460e+00
3.869459526430643059e-01
-3.154791251812407715e-01
-6.000693606015656822e-01
-4.035942827313275805e-01
9.994604695800758665e-02
-9.997734734215937280e-01
-8.061314798994275721e-01
-7.982728081348506866e-01
-9.999159574587271893e-01
-4.081472288465291115e-02
9.998273460277624647e-01
-1.000090500181599618e+00
9.998351979214538110e-01
3.833805728510019661e-01
-6.000671502027791204e-01
1.000071213380589574e+00
-8.196621139039652615e-01
-2.958131335023012620e-01
9.999976449648471932e-02
-3.574209659895319913e-01
4.110408330070250416e-01
1.000529224096507047e-01
1.000250135565385196e-01
1.000267057559489497e-01
2.006693363868837510e-01
-9.999422810754088342e-01
-8.031325258863289962e-01
3.970271441890850794e-01
3.954348797361951773e-01
-2.617297244459128036e-01
-1.000156415175937230e+00
-8.120473426851717580e-01
3.896946412550977290e-01
4.995207073048717888e-02
-1.000055994198846721e+00
5.705985889230150848e-02
3.985426827750039314e-01
-1.000065400689495565e+00
-4.214301609137550142e-01
-1.000180920335120627e+00
9.998229501969721489e-02
-1.000030212757676784e+00
1.952477997808127128e-02
-8.053138669108724779e-01
3.992160133825182200e-01
-6.000149482955451363e-01
-2.625706605053601539e-01
1.000512396986788094e-01
-1.098783446560791521e-01
2.183597273789945892e-01
9.991182702420278727e-02
1.824648720350967035e-01
9.999379447079109751e-01
-6.572088447220278407e-02
-8.113280621289535866e-01
3.902901207994158295e-01
3.950081689586163458e-01
1.931274398667592873e-01
2.076718665890944504e-01
9.998090931400674952e-01
4.029367966342550789e-01
-9.998258222378781923e-01
-6.000909191878147642e-01
-1.000077484214017876e+00
-1.844507654026987867e-02
-1.000020090101948034e+00
1.000045369563957315e-01
9.999750729093209722e-02
-6.001536613523260622e-01
-7.405491400503654009e-02
-7.811842629337767407e-01
-7.722519261662899037e-01
-2.500079864397531937e-01
3.868053560949410441e-01
-2.974498892962080254e-01
3.988354992004082278e-01
-8.060166355039247721e-01
-3.416397252728350376e-01
9.989719562125611019e-02
1.001300580417114894e-01
1.000005567914674209e+00
-7.769130112455852055e-02
3.948771459919648841e-01
9.973900469461331741e-02
-2.603597887642377096e-01
1.981359558858930003e-01
-2.806799057033365075e-01
-5.999437857145120123e-01
9.999642715716876573e-01
3.866786065661855232e-01
2.051198131241858957e-01
9.988032038342301022e-02
1.000119855846368422e+00
-9.998140280195143559e-01
4.175030056504113740e-01
9.998376525996389708e-01
4.021506280449646531e-01
9.988424408614506034e-02
4.183681971752091777e-01
-5.999424067087379964e-01
3.956085689314178255e-01
-3.063843348582809822e-01
3.948858065418013319e-01
9.997827481368237734e-01
9.999980261415305494e-01
1.000902951022582948e-01
1.922600074759114042e-01
4.030642009841210460e-01
-7.930544461360805597e-01
9.995295930947656338e-02
9.999971225632338090e-01
9.999268021082727831e-01
-9.999574668993296278e-01
-5.999942857687163844e-01
3.910613638327561925e-01
-3.036557594705052709e-02
3.945738662057631241e-01
9.996356621492857863e-02
4.013200505399540097e-01
1.850965640983305918e-02
-3.170184554623590167e-01
-6.001960481300431249e-01
2.144448909716085705e-01
9.999966453739421723e-01
-9.998635198217941111e-01
-8.154915988300128760e-01
1.000097518704543997e+00
4.039965971320657601e-01
-5.999183202048787855e-01
9.966472503263604232e-02
-1.392274875172564222e-02
-2.930618614696189894e-01
-7.904293963193933514e-01
2.107854180292039470e-01
1.000237260799991812e-01
9.999790384829130296e-01
2.020676771076078682e-01
2.180664944901662960e-01
-3.914493359258994221e-01
-1.000008713059298948e+00
-2.238792239385834371e-03
3.985428114920017695e-01
-7.982391590710644635e-01
1.962868252236568967e-01
9.999478800406724766e-01
-7.868205802134196070e-01
-5.999206260618134001e-01
-1.000023141279902106e+00
4.696836047799685110e-02
-2.765743946637804762e-01
-5.999277246377392458e-01
6.021270446511117758e-02
1.987149427136618851e-01
-1.000010488298421985e+00
1.000018487952418544e+00
-8.014580227602694507e-01
3.964775580804740240e-01
-3.363480281952263007e-01
9.999431705201805576e-01
-1.000159862943331257e+00
2.999249215028799986e-02
2.063351078491141855e-01
9.992887850045462095e-02
-7.978412856645271667e-01
-3.394200180653881294e-01
1.341640851553304497e-03
-2.544267947459179502e-01
1.860248685112179945e-01
-1.862832885547567249e-02
-6.001454414554003858e-01
-6.001074651403734972e-01
3.803498696723994765e-01
1.000067670943227682e+00
1.000574131993259008e-01
-2.563882950602821564e-01
1.786902286623994196e-01
9.986575399881836290e-02
9.981423155143326342e-02
-8.058330947085645679e-01
-5.998988972564146538e-01
-5.999313826849604903e-01
1.000106233614787454e+00
-6.000616856500339269e-01
-5.998536227290475198e-01
9.999252579785978812e-01
2.004063295006111300e-01
-7.853153840639993666e-01
3.802787047507210638e-01
-4.301948362275261756e-02
1.995628095231353760e-01
-8.009834125553146889e-01
-1.000023650374100237e+00
-8.083841170406861343e-01
-9.999946826558133717e-01
1.000251335781435769e+00
9.998997379836490618e-01
-7.785104573858945276e-01
-3.634808160097603436e-01
4.109725796765709149e-02
-8.184512839048673216e-01
9.999624335401622321e-01
-6.000907751691754166e-01
1.001852422045984570e-01
-9.999759504453404890e-01
4.070584479422754698e-01
1.810801471981383637e-01
1.000108905133523240e+00
-5.999410342621461778e-01
-5.998692198509629758e-01
-3.362413517473633040e-01
9.998001607939207558e-01
9.988204016364757298e-02
9.998496780569539055e-01
9.997446037969681676e-01
-9.998938644701148570e-01
3.960734903506649696e-01
1.002142120445336654e-01
4.011977230071969713e-01
9.993986333875644335e-02
-1.824933297145747008e-02
1.505366524905316951e-02
2.033113031376037882e-01
3.922319514181980549e-01
-7.912178873955044711e-01
-5.999764292164009305e-01
3.913142378999437954e-01
9.999189447965360911e-01
2.522154985449318043e-02
-7.799904696838038110e-01
4.108085044642890149e-01
2.755828485948646003e-02
1.985810422579515622e-01
-9.999210526395697629e-01
-2.430861075754294220e-01
4.073139344800044137e-01
1.827917529745524405e-01
-9.604787775261250382e-02
9.999842058146320989e-01
1.000026663153919859e+00
9.999922716431675074e-01
1.000454980862644089e-01
4.240526423136056766e-02
-9.999502431263234126e-01
-2.484678780027614053e-01
-3.133517342548245432e-01
9.998912381083859824e-01
-7.954410127706489364e-01
-7.955710568464156029e-01
-5.999701664694686576e-01
-1.767815040421260586e-01
-1.000022755756783344e+00
1.926804881921400647e-01
9.989264019075819179e-02
-5.999368196336126724e-01
-1.230831380192217404e-02
1.000077582800241061e+00
1.898301067450064439e-01
2.093608990500855915e-01
2.071178235550981406e-02
-3.008004352568842132e-01
-2.701078999763784072e-01
-2.790428588914423691e-01
3.860734636922296681e-01
-3.073119127042265863e-01
9.999007219567453975e-01
1.000174792560573511e+00
-2.674634900023454046e-04
1.942387009676417309e-01
1.996887899144915990e-01
-4.849181068878662820e-02
-3.015866726948114307e-01
-5.999231259326991417e-01
-1.000057480335854176e+00
2.003264417664424313e-01
-4.145250193665277888e-02
