-5.999904947508793995e-01
-5.999731204488472081e-01
9.999117956683604147e-01
-2.515407972664137834e-02
-1.000047180369018296e+00
-7.906394311764749494e-01
-5.999686475755788839e-01
-1.545706116333543934e-01
-8.068116309375763517e-01
-2.303832356501798184e-01
1.000296175904880763e-01
-1.000068148350200747e+00
1.881234846158544027e-01
-1.722556717695545442e-02
2.058830881350498798e-01
4.097723293279706969e-01
-8.778144967215715383e-03
-1.000147662634341739e+00
2.039061924914545021e-01
-7.461467976022299886e-02
4.030097977930515163e-01
3.833519812553742856e-01
-2.825302404613300178e-01
-7.935523990371020631e-01
-9.999915240996787302e-01
3.746050264940058439e-01
-2.279362555146259295e-01
-5.999659643089549910e-01
-2.800947017349479373e-01
9.990113105227167722e-02
-9.998568534993403922e-01
-8.104235632760468100e-01
-8.054805656333761110e-01
-1.000024510154287949e+00
2.591975829306056994e-02
9.999330881424914885e-01
-1.000116773488247679e+00
1.000043459767259169e+00
3.852874595993225904e-01
-5.999418894411423508e-01
9.999021926490557766e-01
-7.855848083905612178e-01
-3.670727648119627151e-01
9.992862301816878012e-02
-2.489297662535647493e-01
4.018010346123315202e-01
9.996708888894907663e-02
1.000183728465776078e-01
1.000671249486633219e-01
2.036417171408737847e-01
-1.000118576296135764e+00
-8.025973286345347013e-01
4.060111195704726450e-01
3.940064641643236110e-01
-2.391884184366380450e-01
-1.000010707246937081e+00
-8.044822833162214026e-01
3.926385831452774422e-01
-4.932372219020956378e-02
-1.000120280955566043e+00
-9.708306629847598956e-02
4.141041899409751426e-01
-1.000156624123165194e+00
-2.515738168944833264e-01
-9.999596800965875332e-01
1.001377776435117828e-01
-9.998917360736331306e-01
2.344303579969973447e-02
-7.871757960619119032e-01
4.006425369495619226e-01
-5.999802048054047043e-01
-2.888571873797386447e-01
9.983311069486983103e-02
-4.103147615678556792e-02
2.193363681506419471e-01
1.000858079166761228e-01
1.942328366872000389e-01
1.000031707012789761e+00
-5.412401092064746122e-02
-7.917147784583891124e-01
4.051680272226250712e-01
3.978110424903177900e-01
1.987119946031659368e-01
2.016635974534987386e-01
1.000112762030247460e+00
3.945293369564455976e-01
-9.999939913105553302e-01
-6.000442633048188590e-01
-1.000126855361608058e+00
-2.909371173422662521e-02
-9.997907253274983530e-01
1.000061350375208713e-01
9.995756291371005187e-02
-6.001912772258131135e-01
-3.037972465650355669e-02
-8.038965601216874202e-01
-7.935505587419869888e-01
-2.499584700134646065e-01
4.027481566451247552e-01
-2.545903511635130290e-01
4.052445739727714713e-01
-8.048418524204017377e-01
-1.963474317842349159e-01
1.002316762587532328e-01
9.993968732677188660e-02
1.000028514819846670e+00
1.041740019768906678e-02
3.786320334924762054e-01
9.996858013121542874e-02
-3.690427454585379352e-01
2.164265771311189579e-01
-3.919455838716481844e-01
-6.000451876489226732e-01
1.000031906637401935e+00
3.904125085886891999e-01
2.015960509345647578e-01
1.001632570480960466e-01
9.999060172654085088e-01
-1.000179690036929525e+00
4.231996809381401992e-01
1.000106581380849846e+00
3.806620269920116817e-01
1.000131873607659067e-01
3.977095222854694634e-01
-6.001299002793221149e-01
3.899954626903644472e-01
-2.505917099098681766e-01
3.995780823624189293e-01
1.000195596911917839e+00
9.999645159265261318e-01
9.981786354502444891e-02
1.943317243856790832e-01
3.903842178723558320e-01
-8.040198875231465703e-01
9.994475598396439231e-02
9.999477871230869619e-01
1.000053101621517726e+00
-1.000066310514243773e+00
-6.001425259770638565e-01
3.973083726907760682e-01
3.364164989958882274e-02
3.977030675871116028e-01
1.000746318997988854e-01
4.117132593725942313e-01
6.114685316529738096e-03
-3.089074710176169525e-01
-5.999252370839408544e-01
1.948458354723460184e-01
1.000027020674716161e+00
-1.000028727646350646e+00
-7.877085700464450113e-01
9.999934314621452547e-01
3.939261914129163489e-01
-6.001005599598926432e-01
1.000563685957688159e-01
3.514625452258137578e-02
-3.476949231228300130e-01
-8.121883317717376594e-01
1.803796159321969517e-01
9.999730103025325501e-02
9.999739641247774591e-01
2.116215666757840785e-01
2.092549883404692945e-01
-3.466522649423441904e-01
-9.998633287471830888e-01
1.258872553755311652e-01
4.052090078089114478e-01
-8.083457677310471601e-01
2.048603273700388971e-01
9.999431877234770116e-01
-7.882468602638933453e-01
-5.999267816593979452e-01
-9.998293552184807087e-01
-4.046205436857105986e-02
-2.894977725893396192e-01
-6.000034390995332423e-01
-7.646604807733463349e-02
1.979170957462025593e-01
-9.998387744625728546e-01
9.999230811422518128e-01
-7.937655718792244741e-01
4.148531201966997872e-01
-3.801244528511644183e-01
1.000062363470858307e+00
-1.000053798836874952e+00
6.230533439318550887e-02
2.140826550669110429e-01
1.002382351838759511e-01
-7.966065450863059061e-01
-2.616684880873395569e-01
-5.770337737387076782e-02
-2.973305317048285379e-01
2.050157364006531813e-01
-3.132691426986055488e-02
-6.000741277085929193e-01
-6.000141916297624389e-01
3.885175730123804905e-01
9.999599661548939089e-01
1.001740040715879132e-01
-3.399543958815305356e-01
2.010566066741269475e-01
1.000412446989746018e-01
9.997555884570089035e-02
-7.970898198391321854e-01
-6.001683231887936509e-01
-5.999410911947126168e-01
9.999905938542057449e-01
-6.001368952530055090e-01
-6.000380226026524877e-01
9.999906966486372673e-01
2.054279438737928731e-01
-7.991696514073345359e-01
4.049284260038148453e-01
3.964005752331288546e-02
1.893127554500503573e-01
-7.890906857226993587e-01
-9.998121726834563461e-01
-7.909019525669475081e-01
-1.000008733373747960e+00
9.999390744740476178e-01
9.999229237236227918e-01
-7.997618139845777963e-01
-2.614915154411733278e-01
-2.715362408455566923e-02
-8.048076115265730968e-01
9.999998151420701475e-01
-5.998615708322996287e-01
9.970939203121163830e-02
-9.999680833040344163e-01
4.102696585353322600e-01
2.014738720165350494e-01
1.000090606675983373e+00
-6.000057479946391270e-01
-5.998645869324039648e-01
-3.212249488689649102e-01
1.000245515938029905e+00
9.989954785693230810e-02
1.000052833826918341e+00
1.000041697694076470e+00
-9.998921236632801746e-01
3.822133524905264590e-01
1.000381539471498077e-01
4.059197000791827104e-01
9.994403275143602661e-02
-6.195982565546519910e-02
8.000915891728577201e-02
1.906007582222692953e-01
4.027537063015124708e-01
-8.193359500232804127e-01
-5.998914108116583099e-01
3.989771542000793425e-01
1.000015343594877759e+00
2.177022029646049142e-02
-7.898364369113691774e-01
4.159113752337510461e-01
-1.073795212046092101e-02
1.843672530423324796e-01
-1.000016970647413572e+00
-3.307191513069611677e-01
3.875224280921085174e-01
1.978584433726559011e-01
-5.764299371236908907e-03
1.000062656140805029e+00
9.998748190434403327e-01
1.000088106641092045e+00
1.001977089915053465e-01
-1.041410375392560995e-03
-9.999052943550541528e-01
-3.067925931143510310e-01
-2.795978444805928276e-01
9.999291554773324098e-01
-7.952142035035758560e-01
-7.893235010995379719e-01
-6.000102580486481596e-01
-2.934514013299214796e-01
-9.998465417505708608e-01
2.027256574520397980e-01
1.000536817247565102e-01
-6.000188501272181174e-01
-7.285175710169250474e-02
9.999322505060375121e-01
2.063003645184734447e-01
1.957943556631887849e-01
-3.596756606687113306e-02
-3.353265740603909029e-01
-2.188714854335164217e-01
-2.171355925855908975e-01
3.938507303963905137e-01
-3.176159027073952590e-01
1.000023647112116221e+00
1.000000444749646666e+00
-2.175993152647516873e-02
1.999310036956128411e-01
2.118786425476281987e-01
7.994379135130140479e-02
-2.888883690703539786e-01
-6.002250433950605535e-01
-9.998573052531429806e-01
1.844617812196018836e-01
-2.744788856931429030e-02
