-5.998957601800150030e-01
-5.999347633234105581e-01
9.998391275957078106e-01
2.140616058684773060e-02
-9.999961669843628886e-01
-7.906429192326303035e-01
-6.002261532536012911e-01
1.495370944202122424e-02
-7.998058728479823243e-01
-2.858387653402564288e-01
9.992404985468439360e-02
-9.998284007876470092e-01
2.073303901071550659e-01
-1.311531971921663271e-03
2.007685862498828078e-01
3.814397254869777432e-01
-3.182083554927134998e-04
-9.999468602399352868e-01
1.949831083823557742e-01
3.650974740657455392e-02
3.975842595871892926e-01
3.902014501966366011e-01
-3.388739244207354395e-01
-8.136228587784110067e-01
-9.999146920242661940e-01
4.093223883239842653e-01
-2.835407936437960852e-01
-5.999412524838956262e-01
-2.359158742385299157e-01
9.994606014284465600e-02
-9.998686603917071869e-01
-8.035737374891751550e-01
-7.879567285607496085e-01
-1.000224567041391843e+00
-1.331383210827327968e-01
9.999495874191592915e-01
-1.000001804319943455e+00
9.999691202195328810e-01
3.895846239615417539e-01
-6.000262268934554166e-01
1.000107024518704923e+00
-7.962092977850265818e-01
-3.237953174273256463e-01
9.993173812671980738e-02
-2.171522927160110528e-01
3.945017710944469513e-01
9.998029609059294609e-02
1.001154226291178229e-01
9.981434813859899058e-02
1.911625307508988403e-01
-1.000131196412330059e+00
-7.942131309727175070e-01
3.991235794342934962e-01
3.977373496612381931e-01
-3.002054477631414531e-01
-1.000176794080263276e+00
-8.081011418145556124e-01
3.894675576709005771e-01
9.767795820830983688e-02
-1.000142501345071544e+00
-1.099634318708832791e-02
4.125489130985805497e-01
-9.999752694150615406e-01
-3.210975495922461231e-01
-1.000006431216161618e+00
9.974433355689220349e-02
-9.999585529522887484e-01
1.867957788858685617e-02
-7.840937640092011662e-01
3.989718516971017537e-01
-5.997923028266261003e-01
-2.820248479591612734e-01
1.000456613442249759e-01
-9.037937207568623454e-02
2.059273212496914862e-01
9.993353621371639517e-02
1.931329267687589557e-01
1.000095649166679479e+00
1.908971910543178288e-02
-8.161337922976419357e-01
4.197988575404528744e-01
3.908182655836007213e-01
2.118334284860753369e-01
1.859288482043420510e-01
1.000007964894522372e+00
3.871140245495454657e-01
-9.998184876539490951e-01
-5.998895153635829258e-01
-9.999404898871167013e-01
4.214811949689901277e-02
-9.998904600084645988e-01
1.000127915712292898e-01
9.989912442151475946e-02
-6.000777663426881681e-01
5.159788174553197465e-02
-8.070868341713851590e-01
-8.031582919214633742e-01
-3.654631639637976881e-01
3.907804115930691990e-01
-2.820775641037024939e-01
4.125275649514426046e-01
-7.981779904155796856e-01
-3.052749927790329165e-01
1.000372359078679219e-01
1.001573579960097354e-01
1.000081876341167186e+00
-4.445451533261862015e-02
4.097991204832094891e-01
1.001341742062044626e-01
-3.329486962303844777e-01
2.166565444362638648e-01
-3.104676122534092420e-01
-5.999951387871713671e-01
9.999852387466069414e-01
4.155360466068341307e-01
1.881353747766957296e-01
9.983435165432594238e-02
1.000145724903904965e+00
-9.999489802742345113e-01
3.950236535691752926e-01
1.000009534234208797e+00
4.032645186996185460e-01
1.000050326285325530e-01
3.835404350753779390e-01
-5.998685473908401677e-01
4.017508893868613207e-01
-2.983120500645932704e-01
3.885998829696435397e-01
1.000241947266307330e+00
1.000233832298668135e+00
9.999244813997282266e-02
1.921778293725564524e-01
3.946407444276122667e-01
-8.069007908140664043e-01
1.001077238978456962e-01
9.999813980332316055e-01
1.000045759768975362e+00
-1.000032431407874567e+00
-5.998062233260033072e-01
4.095553048152088538e-01
4.640026578301909010e-02
4.159396731847605500e-01
9.995796220583670622e-02
3.933767812159005839e-01
6.797923785029305610e-02
-2.968365168857570180e-01
-6.000633202112971576e-01
1.928660721031360548e-01
1.000033561233086621e+00
-1.000006968121275319e+00
-7.977897917083636159e-01
1.000015819196592659e+00
4.003555178054147845e-01
-5.999936781546111320e-01
1.000842730218134136e-01
1.353000648517823680e-02
-2.928687615069711092e-01
-7.756650156833215792e-01
1.951586721872329566e-01
9.996055805077234957e-02
1.000159208612541928e+00
1.957096427977020603e-01
1.926943231326181116e-01
-3.175336449394848826e-01
-1.000024296959767467e+00
-2.052865471606379888e-02
4.074938911185535528e-01
-7.768038852971268504e-01
1.955225918982054500e-01
1.000178706834748077e+00
-8.042106961068262727e-01
-6.000833558782532329e-01
-9.999281484047605195e-01
2.448452943056152881e-02
-3.230925713524592791e-01
-6.000696212421583464e-01
7.279796691723530722e-02
1.889712652948157545e-01
-1.000179261081334481e+00
9.999730656789060923e-01
-8.032831696302742408e-01
4.107899072184232336e-01
-3.453348551300431390e-01
1.000079187774830070e+00
-9.999821149088116146e-01
9.193784274508504106e-02
2.041331386132821668e-01
1.000391605917370919e-01
-8.103052534299790555e-01
-3.416710898723380185e-01
-6.389253069040601307e-02
-3.680276872237619457e-01
1.951433024865545374e-01
-2.028774817181845658e-02
-5.998861857280721743e-01
-6.001145760648546323e-01
3.980425792334082447e-01
9.999441957984170903e-01
9.978077506393007168e-02
-3.817295520884648186e-01
2.144052103965339295e-01
1.001923745307445740e-01
1.000438749436780989e-01
-8.054030853281276547e-01
-6.000723225095649926e-01
-6.000637888825618438e-01
9.999576650057132587e-01
-6.000684629067158937e-01
-6.001365662468235440e-01
1.000079937485198744e+00
2.043208322162673451e-01
-8.074630838956686762e-01
4.100835039895302514e-01
-5.984849123686637740e-02
2.020949260322722763e-01
-8.137012661541808134e-01
-1.000078235833030682e+00
-8.173718130640151847e-01
-9.999468479718138791e-01
9.999219962194668687e-01
1.000050556814024771e+00
-7.836409481412622835e-01
-2.550150198596090600e-01
-4.243056401780213871e-02
-8.048113176912905509e-01
1.000081324092152446e+00
-5.999786261823174538e-01
9.999103604808189105e-02
-9.998925517344772196e-01
3.890198915425074344e-01
2.126084187168016670e-01
1.000184629021526828e+00
-5.999678382905456742e-01
-5.999853368338403659e-01
-3.509697904677612224e-01
1.000142558916400581e+00
1.000344024780273761e-01
1.000106911290943534e+00
9.999457727670051366e-01
-9.998505556747010470e-01
3.968985183229696290e-01
1.001066369021766378e-01
3.886850395462382868e-01
1.000281389157493817e-01
-1.503410423791928276e-02
2.238083415427601433e-02
1.883202583236058825e-01
3.969935927138792398e-01
-7.970641070648698534e-01
-5.997912263610660766e-01
4.050542671975050912e-01
9.997670536064983127e-01
-1.530234746925947589e-02
-8.013548153459207901e-01
3.991927286088269300e-01
-8.765927199057491070e-02
2.008056870015015871e-01
-1.000138358520582083e+00
-2.724437058546512747e-01
4.019596994191350081e-01
1.890862413559551147e-01
-4.161489643654261820e-03
9.999126355071786820e-01
9.999775048295039825e-01
9.999199115848238506e-01
1.000335940175974409e-01
1.011352130714804863e-02
-1.000148449386748517e+00
-3.080362704172611710e-01
-3.203232746908107886e-01
1.000082130253214352e+00
-7.782614921359517490e-01
-7.972788377392064918e-01
-6.001832620713133393e-01
-3.029657404553254829e-01
-9.999857843815496139e-01
1.878482146564936506e-01
9.996705299157765401e-02
-6.000411729728040156e-01
-5.716798532124270360e-02
1.000057701150705691e+00
2.093049099642724509e-01
1.911535384711973984e-01
3.629077056692273096e-02
-2.903938677060307616e-01
-3.351754110172580070e-01
-2.986991127476940622e-01
4.254016580592357433e-01
-3.293330201298265147e-01
1.000178619491690846e+00
9.999006200282855028e-01
-3.981593052454725917e-02
1.927883579431572958e-01
2.055368073639406434e-01
1.951039891519223274e-02
-3.530775411243560757e-01
-5.999929078664009152e-01
-1.000153103231139040e+00
2.026232388197188039e-01
3.557857943594516098e-02
