-6.001175460750405311e-01
-6.000253714020598039e-01
1.000038467679862153e+00
-5.088057421537389713e-02
-1.000048695871124993e+00
-8.078020841955994014e-01
-6.000281318494843363e-01
-9.629805458739827684e-02
-7.997278390319447761e-01
-2.708904357765890003e-01
1.000430406453806514e-01
-1.000002037485650641e+00
1.933590936900767276e-01
4.458031434625814304e-02
2.029142704623829174e-01
4.027091357499945623e-01
1.152020695277529150e-01
-9.999076269982363208e-01
2.149655842704225883e-01
6.683103080116246930e-02
3.874102627280517352e-01
4.134156362020370290e-01
-3.556826567109340753e-01
-7.994066918164212110e-01
-1.000048173181204092e+00
4.197395424788250007e-01
-3.647921011162378324e-01
-5.999697428691357359e-01
-2.228346164768248705e-01
1.001647168902363855e-01
-1.000045511255942321e+00
-7.808790866814747655e-01
-7.971549711711528596e-01
-1.000039771708658209e+00
-3.829574100194430009e-02
1.000097167625257244e+00
-1.000072196152155479e+00
1.000118388722005980e+00
3.871960159587327088e-01
-6.000699492755691145e-01
1.000091864512320905e+00
-7.768266984190554947e-01
-3.542480906247769679e-01
1.000997536170651347e-01
-3.310649171739731833e-01
4.014096831224615580e-01
9.988238323735013080e-02
1.000809192753534110e-01
1.001428937431915051e-01
1.953200388097832418e-01
-1.000190936551601961e+00
-8.060693609956993688e-01
4.163345392243331666e-01
3.985828732740746561e-01
-2.187213418206283011e-01
-9.998088377099541013e-01
-8.125654657867433794e-01
3.961825612636422633e-01
-1.808331031730206137e-02
-1.000053866443237016e+00
-4.477763687313160434e-03
3.975630305511059226e-01
-9.999763229887174143e-01
-3.251675613033113699e-01
-1.000124512748992167e+00
9.995346720130243723e-02
-1.000050483806989909e+00
2.892430639175298107e-02
-7.945903664509244013e-01
3.918536150959983644e-01
-6.000110657314414730e-01
-3.358801230636833113e-01
1.000388068329674529e-01
5.767463300738857879e-03
1.967273888177783481e-01
1.000701419585314639e-01
1.926898605194438119e-01
9.999736019049060287e-01
-6.067933005588743017e-02
-8.009891039105287991e-01
3.968237266545215358e-01
3.989123552620289503e-01
2.043808190365211663e-01
1.915922568980929219e-01
1.000036298762007281e+00
4.131242286704722155e-01
-9.999154714659304055e-01
-6.001133602752574125e-01
-1.000022033578764846e+00
-5.968629506796742368e-02
-1.000006643773095671e+00
1.000465473226650609e-01
9.995259995755305382e-02
-6.000075391409470660e-01
-7.267577510243920791e-02
-7.899264856386744027e-01
-7.903518327469480909e-01
-3.502189830177121488e-01
3.998771083801196391e-01
-3.325487946758474700e-01
3.964940887679360149e-01
-7.891583516606985871e-01
-3.478827621669507431e-01
1.000965585638821653e-01
1.001148787752967062e-01
1.000038353316143658e+00
6.344353780001267540e-02
4.031582380298390778e-01
1.000074868106547166e-01
-2.570283884821332743e-01
1.947217412559436589e-01
-2.897189784130252965e-01
-6.001051164976622943e-01
9.999454828318921074e-01
3.988210967819795227e-01
1.857769770703091849e-01
9.994878005735077786e-02
9.998911665574292673e-01
-9.999792081147936829e-01
3.949988060832856362e-01
1.000207229050088520e+00
3.992563488381603576e-01
1.000495536382207812e-01
4.011080697195468781e-01
-6.000973767641301082e-01
4.052834330636138072e-01
-3.102264166305827575e-01
4.082117047185537251e-01
1.000002970546940650e+00
1.000075111889635826e+00
9.998878821527297511e-02
1.975085420131171277e-01
3.913938651055930973e-01
-7.856081725942947180e-01
1.002119118585272084e-01
9.999922393459464987e-01
1.000059675290590366e+00
-1.000125846672381913e+00
-5.999698832716100494e-01
4.012098077922384709e-01
-5.514943928341126123e-02
4.101697826948951797e-01
1.000087338255046115e-01
4.019039277253103060e-01
1.983700982735044430e-02
-3.243246790544480618e-01
-5.997683827688181646e-01
2.027355572829166452e-01
1.000000793972792845e+00
-9.998039898780670676e-01
-7.987751291339385551e-01
9.999506217322871038e-01
3.842483433972697648e-01
-6.001290309793877453e-01
9.998275240741652525e-02
1.334880215679262305e-03
-3.387673648042637820e-01
-7.846753206700834982e-01
2.023126611741874470e-01
9.996041025924105872e-02
9.999946826528700594e-01
1.934893988781274110e-01
1.942320939261832358e-01
-3.221898089868320270e-01
-9.999052049053845925e-01
-1.328659971791924278e-02
3.928192363870998682e-01
-7.946385313716602949e-01
2.111890029972935678e-01
9.999452848525798299e-01
-8.106914564115341726e-01
-5.998112461076948732e-01
-1.000063824802567281e+00
-4.301759301018701770e-02
-2.640162169231406453e-01
-5.999325136426669758e-01
3.331944318909012270e-02
1.874033885444185699e-01
-1.000068974265520882e+00
9.998762234838115548e-01
-8.276766687800345412e-01
4.015749757138263876e-01
-3.301705896319829248e-01
1.000090163093858120e+00
-9.998451565370197747e-01
-2.314449895099442156e-02
2.032053994364330374e-01
1.001219294253097997e-01
-8.017110585127721345e-01
-3.850606733670940418e-01
-4.120092907810486704e-02
-3.818614756961796197e-01
2.077902887256176945e-01
1.281622463951860927e-02
-5.999555646538706766e-01
-5.999838864736872779e-01
4.036220701367331798e-01
1.000042700867240564e+00
9.974299848014356318e-02
-2.989988595830535556e-01
1.869792517059261916e-01
1.000012916675693253e-01
1.000244605840962392e-01
-7.962670323251592741e-01
-6.000883091867044161e-01
-6.000498391225830286e-01
9.999695703265785163e-01
-5.998678573541066372e-01
-6.000556457004848632e-01
9.999226891078336621e-01
1.856958802767301187e-01
-8.066547418449341311e-01
4.112526918529439968e-01
-4.721665141708925734e-02
2.019503350464465774e-01
-8.033350385439766983e-01
-1.000125523876935763e+00
-8.126166670606652653e-01
-9.999667807317224044e-01
9.998474744288589067e-01
9.999614412533335273e-01
-7.967632262810895316e-01
-3.893182542901661991e-01
-3.316991709698689783e-02
-7.936066319571416505e-01
9.999984985711275476e-01
-5.999330031679933617e-01
9.992007350174698932e-02
-1.000027758417981083e+00
4.027775214717336794e-01
1.950263221193069552e-01
9.999818518331032857e-01
-5.999431580971223976e-01
-5.999958489996780608e-01
-3.528358947627127096e-01
9.998002371389050902e-01
9.991860030289048678e-02
1.000001105145888580e+00
1.000070975410204399e+00
-1.000102406207855399e+00
3.941099046465047495e-01
1.000673780967423487e-01
4.084001718456404806e-01
9.982861384198420118e-02
-1.816633200119429281e-03
-4.998561543250883143e-02
1.950435794625913211e-01
3.963860768923375133e-01
-8.028734102963515085e-01
-5.998012345038163939e-01
3.917330354306970963e-01
1.000214775902325437e+00
6.598045382868371334e-02
-7.939686478904109945e-01
3.936071936660095472e-01
4.585331009368765615e-02
1.927315790897322911e-01
-9.999493596963662245e-01
-2.404004111719110215e-01
4.009367546425094964e-01
1.774771946722177030e-01
7.617841833922839312e-02
9.998929206741550280e-01
1.000098383779576050e+00
1.000110483732372879e+00
1.000954319562080141e-01
-3.600364037369752079e-02
-1.000015863649187819e+00
-3.152918826796541341e-01
-3.044301713542776899e-01
9.999960323101022563e-01
-7.995257058406370909e-01
-7.728039464397007396e-01
-6.000094361355898798e-01
-2.965807727884213763e-01
-1.000152144935371634e+00
2.175472448655819679e-01
9.993541279226790530e-02
-6.001559695130789240e-01
-6.438493779066175064e-04
1.000103236561450171e+00
2.003683303106733593e-01
2.120953346267329120e-01
-3.902009038177403633e-02
-2.185093234199186329e-01
-2.126687695316832327e-01
-3.318304804103771044e-01
3.985064845278528667e-01
-2.516727677146796127e-01
9.999734273007347962e-01
1.000003740453856871e+00
-4.400705130294891437e-02
1.944202418451499714e-01
2.050900298396040600e-01
7.014233038847482449e-02
-3.159237453757788860e-01
-6.000791336450350677e-01
-1.000067625564443841e+00
1.892661885742736028e-01
-6.966833817922815641e-02
