-5.998700294801799782e-01
-6.000779252037858891e-01
9.999444983384337959e-01
-8.915072609054611186e-02
-9.999373122565199390e-01
-8.048846890930051456e-01
-6.001733779473715780e-01
-6.106096834028738179e-02
-8.121954415720235021e-01
-2.770846854542485249e-01
9.992828465851780195e-02
-1.000041188162658967e+00
1.903812345135008355e-01
7.236039920357514865e-02
2.115466903394540576e-01
3.953856268298821530e-01
8.996819474385375770e-02
-9.999544988531106071e-01
2.010716105406014365e-01
4.408242257620199195e-02
3.962279268167340218e-01
4.099716595828969412e-01
-2.447223386283117474e-01
-7.911993514376004510e-01
-1.000118397225172595e+00
4.083146396215404095e-01
-3.045858130341238534e-01
-6.000649316631134766e-01
-3.399694066100787393e-01
1.000950843362917730e-01
-1.000023400491258263e+00
-8.149253848776960574e-01
-8.011042585277756700e-01
-1.000041653606604575e+00
-1.299755171017919798e-02
1.000175451510633362e+00
-1.000004691383054478e+00
1.000008304457781216e+00
4.022260533931303894e-01
-5.998193153579468584e-01
1.000051083174480659e+00
-8.154998198168607049e-01
-2.981811331269150211e-01
9.994938890247886953e-02
-2.217579052397899986e-01
3.743650244855545317e-01
1.002159624260035159e-01
9.996366290479356820e-02
1.000583278675259563e-01
1.801636270595945444e-01
-1.000131454922013052e+00
-7.984430069405689112e-01
3.938793062270251610e-01
3.997781414240426101e-01
-3.166241627068405728e-01
-9.997733297702091626e-01
-7.992069460227424482e-01
4.103038792102032817e-01
-5.935127277475743014e-03
-9.998443909289326248e-01
4.432988925072812308e-02
3.799619694027820405e-01
-9.999775281745491018e-01
-3.301926093871641044e-01
-1.000044457270100384e+00
9.987556674200009921e-02
-1.000002087909749093e+00
-7.521602365057544152e-05
-7.862577894594144912e-01
4.080044822371518554e-01
-5.998827178054926268e-01
-2.243933219891480202e-01
9.996916001941875962e-02
1.331911144080884929e-02
2.063158484349347233e-01
9.998053295401738982e-02
2.137794892804698865e-01
9.998826550250822232e-01
1.048854672940701185e-02
-8.209300381572905980e-01
4.000778274520562228e-01
3.873073575869228069e-01
1.812244354992221806e-01
1.896142376275521957e-01
1.000167295604182494e+00
4.135698703979071578e-01
-9.999939338558645474e-01
-5.999939426565029654e-01
-1.000076347826443168e+00
-6.746234685672368447e-02
-9.999819972133568990e-01
1.000171225077121778e-01
1.001391357898602924e-01
-5.999874721433072766e-01
-2.583218406829306327e-02
-8.153208208496492970e-01
-8.051973655208822800e-01
-2.725008703957240708e-01
3.833029205973673692e-01
-2.695706560384600881e-01
3.937619790495874850e-01
-8.021871930656656602e-01
-2.389653767292189701e-01
9.991623151697300032e-02
1.001393373941189685e-01
9.999784585759291522e-01
3.506374204868182784e-03
3.918637033801600777e-01
1.000029478015078688e-01
-2.696922094273868642e-01
2.053274095361714291e-01
-2.519964001489793937e-01
-5.999975896756128968e-01
9.999907271666971242e-01
4.043526483015570383e-01
1.952427696250325639e-01
9.998700698955974298e-02
9.998665440435163809e-01
-1.000132005310531813e+00
4.140312710261479512e-01
1.000052355525062220e+00
3.840296744268331675e-01
9.988480649553689583e-02
4.169704967820708208e-01
-6.000842616609033398e-01
3.993673005657757957e-01
-3.193172054634568768e-01
3.925844101476360648e-01
9.999163263170283145e-01
1.000186594814902241e+00
9.980959712001552520e-02
1.890550856389770773e-01
3.869184028113630269e-01
-7.950035433860876966e-01
1.000681130453310308e-01
9.998967725296604714e-01
9.998861015105749983e-01
-1.000090340713700954e+00
-6.000635985471095557e-01
4.001989554295331541e-01
-5.943344480628566517e-02
3.970005078737607329e-01
1.000840279722582937e-01
3.897483695080496968e-01
3.164085052681742290e-03
-3.634907937469363803e-01
-6.000184759490176933e-01
2.116901143654411621e-01
1.000071786452388478e+00
-1.000262355009990944e+00
-7.959436582364464163e-01
1.000005596484355719e+00
4.036574295732831552e-01
-6.000097527926784302e-01
1.001029423367868765e-01
9.333604058924620944e-03
-2.292029278497050848e-01
-8.176063404656856992e-01
2.100617312087991739e-01
9.996789988679377625e-02
1.000114642302587287e+00
1.970064939837437301e-01
1.958047467828686328e-01
-3.220331720112388774e-01
-1.000077023986617464e+00
5.899912145944651715e-02
3.988795023921404281e-01
-7.977035193173898087e-01
1.966286744850244128e-01
1.000283030879494994e+00
-7.916988770417016097e-01
-6.001125871484731533e-01
-9.999334334346920983e-01
6.297999218681926692e-02
-2.845999433124661304e-01
-6.000851380899749898e-01
3.583140759622777116e-02
1.874282039719890325e-01
-9.998823250059438728e-01
9.999540992377682347e-01
-8.030473039140918479e-01
3.856536176475114930e-01
-3.273032734389073051e-01
9.997154756241155571e-01
-1.000036487876042601e+00
-6.672779526915195714e-02
2.153051016603734491e-01
9.994603202954416288e-02
-7.992328617442053806e-01
-2.496999992729447559e-01
6.009165220579273936e-02
-2.936716313254994493e-01
2.266345985857821099e-01
-1.372734703601578843e-02
-6.000855468847369201e-01
-6.000213127733878826e-01
3.983389562978646437e-01
1.000029333849271618e+00
1.000633587418323506e-01
-2.611406189205982553e-01
1.946930228086703185e-01
9.994730679438179610e-02
1.000438373851106760e-01
-8.005732110448317007e-01
-6.000351382876888406e-01
-6.000265911983708733e-01
9.999560323877317858e-01
-6.000522206916275580e-01
-6.000136724338930305e-01
9.999685959711898109e-01
1.977346886402139847e-01
-8.058904583056462068e-01
4.132737667098462242e-01
1.125050285006137449e-02
1.792007551681596700e-01
-7.989490374552494778e-01
-9.999324927172729138e-01
-7.913815518907915125e-01
-1.000032087126782709e+00
1.000003863936514081e+00
1.000216941171386154e+00
-8.062490095796790435e-01
-3.578596438913011490e-01
1.941931775235852808e-02
-8.018136676924428885e-01
9.999623618339167352e-01
-5.999558481467297533e-01
1.000923992962256537e-01
-9.999409048395524469e-01
3.831300212367947933e-01
2.068374814627420011e-01
1.000081138617263221e+00
-5.999600980139746520e-01
-5.998073785257693746e-01
-4.213847848681749331e-01
9.999648081739863636e-01
1.000044162196128267e-01
9.998185757046614830e-01
9.999591991715292005e-01
-9.999615674824534617e-01
3.854985179271278595e-01
9.999955639590056566e-02
4.160276880078110362e-01
1.001124021774750517e-01
6.673270643065902508e-02
-2.712239996172127396e-02
2.048588935958955415e-01
3.886984182258994558e-01
-8.165322748704176847e-01
-6.001039506342022989e-01
3.927155315847008499e-01
1.000147311880924095e+00
2.981549211208348732e-02
-8.119842811526077897e-01
4.072731075674146384e-01
2.081026873145962533e-02
2.049732287395075458e-01
-1.000008422238034766e+00
-3.614516878367227681e-01
3.989609361880848137e-01
2.010249433174535194e-01
8.166002850724564041e-03
9.999621839109679167e-01
9.999051118545122518e-01
1.000060977638659088e+00
9.980454697341378800e-02
-1.196372233557947695e-01
-9.999216251731150029e-01
-2.666986023105961112e-01
-4.031948778940137590e-01
1.000018215800019261e+00
-8.085485677603805321e-01
-8.029273376379041371e-01
-6.000045408853218465e-01
-2.794409411817459499e-01
-1.000099431682629492e+00
1.908488935604871761e-01
9.995099467776873137e-02
-5.998641532199349147e-01
-1.700618177321818955e-02
1.000005725272204549e+00
1.856024849836898361e-01
2.100569416335072437e-01
1.454852137281192337e-01
-2.673518104450285926e-01
-3.646036592358907202e-01
-2.088843256698149076e-01
3.898333907687345223e-01
-3.549779849678569854e-01
9.999534911048341135e-01
9.998287647633259390e-01
6.053980148210984756e-03
2.057743828914816719e-01
1.998518520974675861e-01
-1.015737282392192020e-01
-2.777825948239247555e-01
-6.000804282830102254e-01
-1.000120338733515579e+00
1.668754051668985272e-01
3.041931644021990747e-02
