-6.000116878509619278e-01
-5.999127001552392313e-01
9.999876510259578799e-01
2.576784469632763253e-02
-1.000137438516877975e+00
-7.976576623350857265e-01
-5.999846109279447504e-01
-9.380207766412101966e-02
-8.019548231364986846e-01
-2.929498204935877537e-01
9.987294804158229622e-02
-1.000185711359392160e+00
2.184012044249126760e-01
-9.259638883235653609e-03
1.932986856658047981e-01
3.965812518516797502e-01
-3.719016877189805503e-02
-1.000022872989488887e+00
2.028460691056348242e-01
-3.726883871946137534e-04
4.103541299726534697e-01
3.977469268855300388e-01
-2.787209191242693285e-01
-7.946272750285534592e-01
-1.000012073053321515e+00
3.947609450660897190e-01
-2.417956026071202691e-01
-5.999104969650593810e-01
-3.014521724954757342e-01
9.999423657588232817e-02
-1.000076242217543987e+00
-7.985396013001679894e-01
-7.959429999288082369e-01
-1.000125320320939037e+00
8.388018635053132166e-02
1.000059593211202191e+00
-1.000040896403311397e+00
1.000080395503710751e+00
3.953617152459594219e-01
-5.999449638371031623e-01
1.000153108410173131e+00
-7.997740460401742135e-01
-3.508101718519227585e-01
1.000130382119213124e-01
-3.333620798388396422e-01
3.972157362384265422e-01
9.993688701394938534e-02
1.000678274969250409e-01
1.000069100872554156e-01
1.911455374038356358e-01
-1.000011360799865079e+00
-7.753371301931423210e-01
4.008257465450060786e-01
3.979163851819958464e-01
-2.754411196756589852e-01
-9.999893342232745175e-01
-7.899989241288525310e-01
4.056599814089819067e-01
4.393466087794951208e-02
-9.999359570393997476e-01
-4.740260159696380038e-02
4.057605081084810217e-01
-1.000000846400076249e+00
-3.102029977257718119e-01
-9.998119882042204587e-01
1.000567449354557159e-01
-9.999101625456273679e-01
2.883602306145047894e-02
-7.813330440211436745e-01
3.941096941132481990e-01
-6.000441329092419673e-01
-2.841294734664617239e-01
1.000468256169918940e-01
2.039287988557231951e-02
1.989493421286152308e-01
9.998118257999451253e-02
1.934149827068517846e-01
1.000104914652490518e+00
-1.836728793368720691e-02
-8.036264465454917572e-01
3.944629878245274890e-01
4.053690289441203021e-01
2.108657699206667457e-01
2.005336707586805600e-01
9.999767383064079862e-01
4.231797121382397386e-01
-9.999968710195481503e-01
-6.000492694310566311e-01
-9.999800260453450829e-01
5.525161056575657315e-02
-9.998823068141073911e-01
1.001639122720144465e-01
1.000112265661839001e-01
-5.997869433417516438e-01
-3.885509507697072762e-02
-8.042632273039150848e-01
-7.999548001868417302e-01
-3.078544970454142327e-01
4.247332545851764118e-01
-3.028213551031958550e-01
4.009023422367694045e-01
-8.097133645472470720e-01
-3.106998146600167265e-01
9.994690486667207052e-02
9.997270166905196376e-02
1.000044765528043333e+00
2.053133595854211152e-02
3.974925171938282209e-01
1.000189071237476274e-01
-3.057705970025651476e-01
2.094469942811688634e-01
-3.323810477080515469e-01
-5.999663168680737790e-01
9.999178608547363289e-01
4.110566453656168129e-01
1.833705729909116122e-01
1.000827142572232459e-01
9.999428758964425956e-01
-9.999650928750100087e-01
4.111378948926366905e-01
1.000182070233655462e+00
3.863551891852475828e-01
1.000079793472086059e-01
3.950169562665319933e-01
-5.999777743990467593e-01
3.948785672920285261e-01
-3.326389111642716889e-01
4.043684418150303439e-01
1.000089377415348757e+00
1.000197500443614995e+00
1.001179543608756578e-01
1.911823048080682486e-01
3.945756233656124712e-01
-8.041872258224144199e-01
1.000816548299346548e-01
9.999632166769234498e-01
9.999851151235608082e-01
-1.000006025390189235e+00
-6.000732218943223284e-01
4.154961301741537105e-01
1.246327055823012037e-02
4.113294425621707995e-01
1.000407351547533547e-01
3.903183404182331007e-01
-8.422242630929906160e-02
-3.167077475642898765e-01
-6.002083984587609500e-01
2.015263754574075916e-01
1.000200205007962140e+00
-9.999872957519181371e-01
-7.853634306114398722e-01
1.000089793195996668e+00
3.985520027929322362e-01
-5.999471234624730309e-01
1.002465799994576301e-01
-1.353189756107314214e-02
-3.188006847433273450e-01
-7.973943342390059641e-01
2.132157329171895654e-01
9.993695803914437459e-02
1.000019494037067247e+00
1.958085598089540358e-01
2.060054609744211285e-01
-3.389029510261448719e-01
-1.000121375519176459e+00
-4.097361791893262828e-02
3.899356186831973159e-01
-8.038639661609615628e-01
1.995277441277098773e-01
1.000009401108567841e+00
-8.117350202417653593e-01
-5.999001101623298027e-01
-1.000078810777858207e+00
-2.202911401798515398e-02
-3.124000694465749461e-01
-6.000604306423620304e-01
-5.979745546552908686e-02
2.062789915178206979e-01
-1.000058167503830031e+00
9.999053200031232658e-01
-8.079473003451298485e-01
3.867578520278254217e-01
-3.012321569521899667e-01
1.000086489172848925e+00
-9.999146712705999640e-01
8.220711882275350338e-03
2.078123094825638506e-01
1.000558010523945884e-01
-7.874471187547222861e-01
-3.462499979066701039e-01
6.900665370879877081e-02
-2.273383057517257555e-01
1.791167606086104258e-01
1.065599716073752437e-02
-6.000099031138662609e-01
-5.999320397402270189e-01
3.993289416463498553e-01
1.000034162652325698e+00
9.989898480635635292e-02
-2.787342108927035600e-01
2.075226600473608907e-01
1.001134363550214429e-01
9.995306923519173270e-02
-7.958678046497410508e-01
-6.000807702337386251e-01
-5.999328385612795467e-01
1.000011983259988746e+00
-5.998704071907421387e-01
-6.001399925518700051e-01
9.998112344234544313e-01
1.835882416875215806e-01
-7.866868235826511846e-01
4.044441433747729686e-01
-1.436292715271342106e-02
1.891975606493019324e-01
-8.082453111048830685e-01
-9.999136482346550059e-01
-7.985707561162475043e-01
-9.998926882287834106e-01
1.000064787188981841e+00
9.998873457756168870e-01
-8.063575642933502596e-01
-2.769822730143525202e-01
-5.256997006956215523e-02
-7.874893064213187577e-01
9.999487476721433676e-01
-6.001141176010074130e-01
9.990385629111812882e-02
-1.000104210603089294e+00
3.975914164546153207e-01
1.959950730408793196e-01
1.000144468924136998e+00
-5.999418466914843151e-01
-6.000278523292528199e-01
-2.575456581657624144e-01
1.000074932422571949e+00
9.997589045922632145e-02
9.999162424949791239e-01
1.000092018462162224e+00
-1.000096639015520594e+00
3.866464191025916763e-01
9.993711926499601605e-02
3.886729651140364838e-01
1.000493891566862775e-01
-1.725390297310043161e-02
-8.944143155679726287e-02
1.901686902530307643e-01
3.935370597822570593e-01
-8.019329145762359445e-01
-6.000735306690822002e-01
3.971381379687420887e-01
1.000036309873550966e+00
-1.182218479507478673e-02
-7.914808868981217937e-01
3.928638611135807368e-01
1.321475954444813194e-02
2.020368268311407423e-01
-9.997914273453837319e-01
-2.744187127681403937e-01
4.209817628757315244e-01
2.039385590750946442e-01
-6.248535164928884292e-03
1.000042165776077852e+00
1.000130901278128981e+00
9.999988917675498579e-01
1.000480000317898327e-01
1.715967912150912975e-02
-1.000064827838286208e+00
-2.803368336567266250e-01
-2.818978588532247143e-01
9.999952104851446144e-01
-7.912685014212510470e-01
-7.979816500735407159e-01
-6.001146109323889366e-01
-3.527054707303078906e-01
-1.000069112117799808e+00
2.237650845887602935e-01
9.993403035590382733e-02
-6.000325453486156091e-01
4.244065854415117467e-02
1.000037163210764080e+00
2.042845067806121351e-01
2.006307843980718042e-01
-8.957612232385701173e-03
-2.874277314836048425e-01
-3.083868113870029126e-01
-2.406918115251143186e-01
3.989918214520059569e-01
-3.190284536046674169e-01
9.998570330437991371e-01
1.000024182878274992e+00
4.625080417259886528e-02
1.952167546500154782e-01
2.110067886603240461e-01
4.933701272270642896e-02
-2.727038723677408516e-01
-6.000399455010437810e-01
-9.999753230280519212e-01
1.859456240878188116e-01
1.928675770881657994e-02
