-5.999405720457744451e-01
-5.999899579794955029e-01
9.999919122694951312e-01
-1.127191861603551448e-01
-1.000149795925091789e+00
-7.870304167659544214e-01
-6.000755285811913975e-01
-9.323489736737342048e-02
-7.853965693931385106e-01
-2.627676862499660482e-01
1.001010004643423518e-01
-1.000023022656462146e+00
2.005790885109363930e-01
4.359758363269905512e-02
1.946669812772510444e-01
4.049559851577447245e-01
1.149784545303551321e-02
-1.000017226693911798e+00
2.139539306942832841e-01
-6.536830190245107586e-02
4.134269961762304102e-01
4.084681706793515943e-01
-1.750990654889725828e-01
-7.816887881001989280e-01
-1.000012951052678289e+00
4.073678960614587896e-01
-2.301320435309401335e-01
-5.999409335951005895e-01
-2.617683028278883217e-01
1.001227410434630399e-01
-1.000062985258387993e+00
-7.907540251314528756e-01
-8.106272170179139591e-01
-9.998891814204946549e-01
-4.715122703805260662e-02
1.000101794071807992e+00
-1.000082086374697754e+00
1.000272708500215435e+00
3.729927719471370917e-01
-5.999761336002964462e-01
1.000008521797512095e+00
-8.045364777240250342e-01
-3.055174872201172898e-01
9.996000215386832699e-02
-2.682804404108779517e-01
4.067573292162171561e-01
1.000212082899286647e-01
1.000900542439365493e-01
1.000364150272114588e-01
1.930934194662595194e-01
-9.999638306806509780e-01
-8.079574607680408693e-01
3.888130731567864262e-01
3.839735224895459154e-01
-3.255287101595505384e-01
-1.000086297471313834e+00
-7.975436577521236581e-01
3.998880264425810349e-01
3.816717027397898560e-02
-1.000050839776468470e+00
3.335492740286549046e-02
4.138210241477971452e-01
-1.000017267357253603e+00
-3.472665832401906627e-01
-1.000065163072267005e+00
9.986873673785058581e-02
-1.000034928630486375e+00
-1.416901885913049268e-02
-8.149426927250964514e-01
4.084927141044734644e-01
-6.000689070112574797e-01
-2.823862078112898133e-01
9.989222000094608034e-02
2.076940269918861950e-02
2.029198173928256910e-01
1.000381765560311720e-01
1.840566645584418293e-01
1.000048345185151621e+00
3.336231093144968046e-02
-7.822414459437807555e-01
3.985342385765087703e-01
3.992218219559519055e-01
2.088395782375595533e-01
1.975556165854581991e-01
1.000132668961605908e+00
4.030630238280546451e-01
-9.997955090093347819e-01
-5.999599697391903019e-01
-9.998651884003677548e-01
1.117983616319384033e-01
-9.997894418093993263e-01
1.000486548978339746e-01
1.000640111695918766e-01
-6.001654253605478440e-01
9.733343613005563180e-03
-7.887634335816370301e-01
-7.987609310693896125e-01
-3.159036238038797073e-01
3.864720847640187307e-01
-3.081617831871941715e-01
4.141892039755539212e-01
-8.122796242772647446e-01
-3.191524405661657626e-01
9.999686110196996658e-02
9.994911474141161822e-02
9.998935418310911372e-01
-1.239023849696209087e-02
3.941172772480628916e-01
9.991865765089043283e-02
-2.627331947939320900e-01
2.079088586184671683e-01
-2.799328416048032508e-01
-5.999597601226651644e-01
1.000059977589784266e+00
4.081181690235224924e-01
2.053427057090513319e-01
1.001149656098252461e-01
9.998937706888021415e-01
-9.998140041426700764e-01
4.037552242769262834e-01
1.000012506368846088e+00
3.907319710386037981e-01
9.988810341827514261e-02
3.889613037774077853e-01
-6.000971082707922122e-01
3.899670585323413707e-01
-2.404493260581040959e-01
4.319443511998349861e-01
9.999876034986024953e-01
1.000140868741726807e+00
1.000178063467237616e-01
2.016816922552919500e-01
3.972748706778624905e-01
-7.971307085387896452e-01
1.001093736172144061e-01
1.000053408969937552e+00
1.000008235201292672e+00
-1.000016963048512286e+00
-6.000441561217968456e-01
3.986544162105559730e-01
3.715736619211353065e-03
4.111834603090119278e-01
1.001205872515825435e-01
3.845859211359747287e-01
-2.784659165528174940e-02
-3.176475644051059422e-01
-5.999834701135957626e-01
2.008328914171828850e-01
1.000139065821181950e+00
-9.999984643309971499e-01
-8.009930808828273907e-01
1.000053217857216570e+00
4.055001374258193070e-01
-6.000874513699930857e-01
9.993282345299631109e-02
1.245889444258067302e-01
-2.789056045708812603e-01
-8.048674916248410582e-01
2.015567264987514207e-01
9.994489093486624842e-02
1.000050450766866827e+00
1.920560621418179736e-01
2.096456613553668857e-01
-3.182972541537325561e-01
-1.000036362394004064e+00
4.435056209975905828e-02
4.112933535962047804e-01
-7.865310443439632593e-01
1.883143922316602992e-01
9.998791540354818874e-01
-7.952916036102783970e-01
-6.000562022509929871e-01
-9.999520189969552941e-01
8.411891144211228188e-02
-2.308803626717603752e-01
-6.000155397389468348e-01
4.128302739335404370e-02
2.035371522493146790e-01
-1.000174964306925096e+00
9.999880222928368978e-01
-8.176746202785245554e-01
4.012691795531483363e-01
-2.710242037426094930e-01
9.997972663052920872e-01
-1.000165381312944524e+00
-2.797595065116087465e-02
1.961080664437343801e-01
1.000248724857131927e-01
-7.960768196865589674e-01
-2.685020061677685366e-01
2.743819316810235109e-02
-2.665237646937173577e-01
2.015209983631711943e-01
1.574125505633917066e-01
-5.999546984836874319e-01
-5.998931131910595349e-01
4.086011406371251597e-01
9.998892075249976585e-01
9.991925196933254538e-02
-3.211397561392430600e-01
2.029445664483170708e-01
9.996135111479949320e-02
9.994150038454874263e-02
-8.203100165748663519e-01
-5.999326792254607854e-01
-6.000589629328095809e-01
9.999969311369808489e-01
-6.000719496222529648e-01
-6.001799036207861038e-01
1.000042409710988567e+00
1.885890227648275297e-01
-8.147754799468739373e-01
4.031072785632065503e-01
3.741469234725732645e-02
2.060683595659430212e-01
-7.905694044586779601e-01
-1.000070776766598168e+00
-7.923775975551593520e-01
-1.000057336187636814e+00
1.000008282165945728e+00
1.000116657970307132e+00
-8.153249665228385901e-01
-2.777126504263374707e-01
-3.885404360718908157e-02
-8.123871834423063154e-01
1.000090054900761638e+00
-6.001223213720348060e-01
1.001236802165761663e-01
-9.999450280418402670e-01
4.117773297374066055e-01
2.152863300371818389e-01
9.999897786930371790e-01
-6.001106891461559512e-01
-5.999614799458841130e-01
-2.456169844364133048e-01
1.000130965057701715e+00
1.001152317631648359e-01
1.000069319990513961e+00
1.000039004040063073e+00
-9.998303495395665097e-01
4.033871296871232581e-01
1.001555801555048392e-01
3.991607623361895230e-01
9.999872055026159945e-02
-2.356698459337028262e-02
4.754680747147969205e-03
2.057161400085580627e-01
3.690732286595104217e-01
-7.903960197530871534e-01
-5.999551727405320056e-01
3.985600003855611084e-01
1.000084908540767259e+00
2.457039904301404429e-03
-7.843543470553601127e-01
4.060806237245030426e-01
1.718843767708736966e-02
1.981022543877860587e-01
-1.000055447421295929e+00
-2.777574167113335268e-01
3.949794765729142121e-01
2.056327380748188549e-01
3.561574732436641189e-02
1.000029471211795196e+00
1.000012350799861505e+00
9.999767775673716885e-01
1.002133609793617042e-01
8.685063879679774668e-02
-9.999829780208452368e-01
-2.932835856724937407e-01
-3.409938661551707995e-01
9.998682360934605384e-01
-8.066769886401996548e-01
-7.928702677142245303e-01
-5.999827107957933503e-01
-3.298552405268196375e-01
-9.999558929845461241e-01
2.090259518675447459e-01
1.000408709976441657e-01
-5.999822456522142522e-01
1.053809121223406049e-03
1.000061344540892794e+00
1.730288974241536715e-01
1.985900012779960866e-01
8.340813754038248207e-02
-3.219542222258613418e-01
-3.168909777157046248e-01
-3.160723290634588900e-01
3.986689545962237569e-01
-2.472533327857588670e-01
1.000185603634140996e+00
1.000011402763490542e+00
4.401957508585022105e-02
2.214904100391797692e-01
1.840038140859081850e-01
3.469895958693459959e-02
-2.098667620585666915e-01
-5.999218712165219625e-01
-1.000094848348455301e+00
1.967161639786726979e-01
-2.512047293827872341e-02
