-6.000845820346767390e-01
-5.998951542877941634e-01
1.000025505613120869e+00
-5.888314467358288229e-02
-1.000000205017663957e+00
-8.137926423177143098e-01
-6.001156301098072854e-01
-9.205629597826792132e-02
-7.932757678839698068e-01
-3.198228538760169437e-01
1.000743920017256455e-01
-9.998475854331178025e-01
1.868699857138610976e-01
-7.291839352330051205e-02
2.138156533749497601e-01
3.999706403395782428e-01
-6.031544710522025732e-02
-9.999372794672194420e-01
2.156272622281210916e-01
-2.030179588904196600e-02
4.093862018833846483e-01
4.222181984841791857e-01
-4.133881073361358460e-01
-8.085039173182569927e-01
-1.000012251526616325e+00
4.020001258013690681e-01
-3.134284543074080109e-01
-6.001578108060311445e-01
-3.815765832087260612e-01
1.001280051524585518e-01
-1.000042970716040092e+00
-8.225793076231600054e-01
-8.010689988612796908e-01
-1.000076342251291939e+00
-2.937918971972752150e-03
9.999272587205177976e-01
-9.998526428986722614e-01
9.999988104542657519e-01
3.912950491261688035e-01
-5.998613514437522998e-01
9.998619934031056644e-01
-7.914403101093261395e-01
-2.973967817562082616e-01
9.999652075987672251e-02
-2.859084809143460082e-01
3.952935219997908978e-01
9.976101251756236410e-02
1.000609867581018636e-01
9.981024103931869507e-02
2.026074550125741558e-01
-1.000055846814354332e+00
-7.897210059361985390e-01
4.107505562068114457e-01
4.092034429115385397e-01
-3.002336498988062430e-01
-9.999919258416185563e-01
-8.031651643503420201e-01
3.967278581126446046e-01
3.212493326109873773e-03
-1.000012336145769343e+00
-8.444171244738930826e-02
3.963036014603747992e-01
-1.000017127250178106e+00
-2.428208971900742141e-01
-1.000067671578085626e+00
1.001699365028040634e-01
-9.999610225006005937e-01
-1.226068073735767962e-02
-7.947947204919237896e-01
3.899181555535133348e-01
-6.000020284296531115e-01
-2.849671451400486721e-01
9.994054136487910689e-02
-1.886310327947174001e-02
1.985449141981623367e-01
1.002306158262183805e-01
1.914644272968527294e-01
9.999313339385167421e-01
-3.940413931273604314e-02
-7.818725844927755242e-01
3.982477005293793559e-01
4.079281018293919314e-01
1.895101899483323526e-01
1.889790434090487525e-01
9.999308884476522108e-01
4.003790367054440580e-01
-1.000005281083466757e+00
-5.999185200068052337e-01
-1.000064026880361334e+00
-1.423702250561169336e-01
-1.000082086661635117e+00
9.987985656712695948e-02
9.986168570666800748e-02
-5.998926043601663372e-01
4.197151996367183557e-02
-7.895643976009861786e-01
-8.077714705707725873e-01
-3.587040689365825763e-01
4.155779279490049993e-01
-1.714956806722821581e-01
3.868823095497799236e-01
-8.069443930356959838e-01
-3.341020203729603288e-01
1.001075137414517285e-01
9.974935834922012134e-02
9.999768134422936106e-01
1.780755578322213220e-02
3.932255150603642391e-01
9.990903384117405528e-02
-3.401493469422445792e-01
1.948402957053106954e-01
-2.652136470367134624e-01
-6.000819091056759369e-01
1.000021525386405097e+00
3.927340583695650422e-01
1.819519320204596169e-01
9.996666306177914851e-02
9.998704101664139809e-01
-9.998315949148327553e-01
4.098306579651936898e-01
1.000161153569580907e+00
3.890209578220335529e-01
1.000470390721260178e-01
3.993063049205355375e-01
-6.000388602420907436e-01
3.964287161100910062e-01
-2.917592806415358342e-01
3.995415929476165418e-01
1.000019627653685683e+00
1.000169885899068634e+00
9.997460657032782028e-02
1.987945763319932946e-01
4.003362946382229559e-01
-8.082264001670738107e-01
9.999638925654318056e-02
1.000002587136933574e+00
9.999890187307736156e-01
-1.000035414949447476e+00
-5.999506516766989206e-01
4.043254633233386297e-01
3.122608627192256792e-02
4.002056597532179238e-01
1.001096369193343882e-01
3.873866282871477051e-01
-2.237558130335746617e-02
-3.932230937095260725e-01
-5.999977161537159986e-01
1.918561252861484545e-01
9.999446467320124432e-01
-9.998778934480132552e-01
-8.149323600534955636e-01
9.998716383426520249e-01
4.067394444320539537e-01
-6.001064257283608150e-01
1.000107246066059968e-01
1.701529018914331448e-02
-2.853493490156305268e-01
-7.984654499366160563e-01
2.039567009592049285e-01
9.986868279824280548e-02
9.999817224961764506e-01
1.956722470245130796e-01
1.962111741782595620e-01
-3.012238304500298169e-01
-1.000092947458754766e+00
-1.108215852542644431e-01
3.949216779171626501e-01
-8.101372421213969277e-01
1.996202350803522041e-01
9.997734398712371240e-01
-7.860077944233757608e-01
-6.001192711589214968e-01
-1.000123653526945100e+00
2.600353832975098659e-02
-2.910040288795864294e-01
-6.000400505241859639e-01
1.446109598415384889e-02
2.055152123197148684e-01
-1.000014692082985990e+00
1.000045369111249416e+00
-7.966253592341554501e-01
3.876536784275356751e-01
-3.007459341034897093e-01
9.998969646369949560e-01
-9.999462665572890208e-01
-2.059475572720486161e-02
1.980196629270868092e-01
9.995732177377414374e-02
-7.947862596829734505e-01
-2.828699072368985878e-01
-9.471694747212528950e-03
-3.641032653524203244e-01
1.914798016999076091e-01
-2.042771621617855970e-02
-6.001407149272159902e-01
-5.999721745798096695e-01
4.149178864495334240e-01
1.000019541677731993e+00
9.999711718450887687e-02
-3.046693589259267809e-01
1.953188758543523418e-01
9.982371975355038007e-02
9.998980378114415146e-02
-8.064091932128807372e-01
-5.999010657106447209e-01
-6.001818201263073860e-01
1.000014835239270816e+00
-5.999655497656571912e-01
-6.000076297014773630e-01
1.000093605957955711e+00
1.937507462661339219e-01
-7.988246949205596303e-01
4.031725921826443959e-01
6.948700326855930705e-03
2.010033002845616479e-01
-8.091712535121683425e-01
-1.000114933088791291e+00
-7.972226361131934391e-01
-9.999839728970907338e-01
1.000056383386928482e+00
9.998940121580217610e-01
-8.189201341230265552e-01
-3.523198558243567646e-01
4.946053462651957972e-02
-8.093489003086163924e-01
1.000008070117025971e+00
-6.002215842555124192e-01
9.991461449717944920e-02
-9.999237985471626233e-01
3.988786638967296017e-01
1.814872796890600881e-01
9.998754420173660007e-01
-5.999616512697723003e-01
-6.000706742291580520e-01
-3.770527321318027925e-01
1.000159046766887050e+00
9.974075507829334442e-02
1.000093834523171576e+00
9.998393736093514894e-01
-1.000033017553250136e+00
3.977550889402919343e-01
9.998592604273583151e-02
4.031808038897707336e-01
9.996747446468863540e-02
-1.545334132970644682e-03
3.395321677715311404e-02
2.167462829243315958e-01
4.125781892841423049e-01
-7.908528192070630736e-01
-6.000909811246247783e-01
3.870461030780175116e-01
1.000038750889201689e+00
2.737044206269927463e-02
-8.004119231620218100e-01
3.745583505182004114e-01
2.900049684603323713e-02
2.037589983140226102e-01
-9.998693476919406908e-01
-2.784229634815177934e-01
3.937714926537714266e-01
2.032182659846199224e-01
-2.612872108316937822e-02
1.000058863258774355e+00
9.999615129015317905e-01
9.999396706468047791e-01
9.985477076989605905e-02
2.464121104427531919e-02
-9.999293793593984070e-01
-3.283799387815521942e-01
-3.011808375780806735e-01
1.000081613470049424e+00
-8.002193614137103062e-01
-7.969081666158199795e-01
-6.000356964001178905e-01
-2.892029936082736730e-01
-9.999877075072162169e-01
1.990461111656808002e-01
9.996604394982873398e-02
-5.999775100036621733e-01
-8.637460553335902722e-03
9.998234164438626337e-01
2.025959095018443901e-01
2.123560643940516912e-01
1.098257085935890470e-01
-2.731590265896435277e-01
-2.693790244910719833e-01
-2.925470604794885299e-01
3.980048971446635275e-01
-2.981706575107939128e-01
9.999898635859657547e-01
9.999168333837480382e-01
-4.954707351917255614e-02
2.029936055816606855e-01
2.217518770290279884e-01
9.868013845124126715e-02
-2.634965345414319593e-01
-6.001134503938870823e-01
-1.000070113562907981e+00
2.036488650740916062e-01
2.330996979768346078e-02
