-5.998798262491545907e-01
-5.999671731898956750e-01
1.000018180090611830e+00
1.797266368293792133e-02
-1.000134082483597142e+00
-7.945398287064672216e-01
-5.999232354151041724e-01
-6.235631937813809755e-02
-8.083661054155401038e-01
-3.436571813029052902e-01
1.001033347543654056e-01
-1.000156231933725381e+00
1.938556798472231280e-01
5.243321759230580581e-02
1.949916368502017938e-01
3.951025903255674376e-01
-3.361854679525265455e-02
-9.999717284920330851e-01
1.990315797095867367e-01
-2.054435155961094328e-02
3.856682212614032657e-01
3.980094213572288875e-01
-3.477649580461177892e-01
-7.905720958899159490e-01
-9.998524319207943156e-01
3.973105770731967246e-01
-3.322911703758190671e-01
-6.000826249681575630e-01
-2.370608097020535932e-01
9.978235736879834117e-02
-9.999726304343641292e-01
-8.029043704383849178e-01
-8.122814734290039196e-01
-9.998092674659194712e-01
3.947500537705612988e-02
1.000076206232408005e+00
-1.000035566903617390e+00
9.999798030947728567e-01
4.083276310646906659e-01
-6.001779190482970927e-01
1.000064676746391656e+00
-7.969300295614298868e-01
-2.588707588201758503e-01
9.987888591832731755e-02
-3.689231699914213292e-01
3.808717666382314126e-01
9.983953719326661702e-02
1.001642235665995001e-01
1.000646209786288515e-01
2.035095812229781864e-01
-9.999660947288071533e-01
-8.064911754998976834e-01
3.897173770710241070e-01
3.849961911872772369e-01
-2.234533054819266007e-01
-9.998158889251855808e-01
-7.857286339525260122e-01
3.979006365361583142e-01
5.327807177049347781e-02
-1.000015725556977486e+00
1.588434394449191045e-02
3.958548682949464270e-01
-1.000026053996926123e+00
-2.630101343812983883e-01
-1.000144500576235940e+00
1.001004311317696543e-01
-9.999780460904970081e-01
2.182353909390694416e-02
-7.939421658875950305e-01
4.110567461312836790e-01
-6.001324461212281802e-01
-1.937257678798789406e-01
9.987635154106680457e-02
-8.349083198936570194e-02
1.886517496439129860e-01
1.001004440256029887e-01
2.017884076588488118e-01
9.999482106025746608e-01
-9.210556242607850774e-02
-7.885868284001034123e-01
4.166628365221053953e-01
4.036063115721710282e-01
1.818257013169922998e-01
2.186039509779462708e-01
1.000060993714998903e+00
3.901207366325572523e-01
-1.000062545714305307e+00
-5.999657715238851940e-01
-1.000048839590574667e+00
-5.219151719423978375e-02
-9.999373267488578243e-01
1.000978211445402166e-01
1.000628399055362855e-01
-6.001790264183205492e-01
1.050129012954129255e-02
-7.992059292914629465e-01
-8.090916822902531891e-01
-2.988197361034135024e-01
4.123619122494314171e-01
-3.856417949323770467e-01
4.018361127591856263e-01
-8.126141669622474195e-01
-2.736779697006279100e-01
1.000156892327305480e-01
9.998571282270767024e-02
1.000017081820101073e+00
-2.189594307695724718e-02
4.093910134581250637e-01
1.000872628132936648e-01
-2.654904567235292223e-01
2.090125657946536319e-01
-2.562131914868385762e-01
-5.999535575181064173e-01
9.998823153237974548e-01
4.023856308263494275e-01
1.996902427967764682e-01
9.990119768099479935e-02
1.000084193816896283e+00
-9.998849606870227058e-01
3.881776879251651602e-01
9.998771517413153065e-01
3.942975725901877171e-01
1.000259453505691482e-01
4.165358983180145191e-01
-6.000062156704791816e-01
3.793742004068951235e-01
-2.956969803889155646e-01
4.101435274740022341e-01
1.000104196269414381e+00
1.000142832165607620e+00
1.001114401703252638e-01
2.116930854337744916e-01
3.966619867826849388e-01
-8.107854775213527709e-01
9.999718420191021362e-02
1.000142730616365272e+00
1.000144544295876292e+00
-9.999616175917090954e-01
-5.999261041901023939e-01
3.946738475796079948e-01
4.886234373598118130e-02
3.930924146393297569e-01
1.001012043941570534e-01
3.997884300459625395e-01
-5.757566611506918439e-03
-2.282218037779180642e-01
-5.999714846636154952e-01
2.133242689151949034e-01
9.999675603918380951e-01
-1.000048051171758434e+00
-8.174885376782687896e-01
1.000019886213086240e+00
3.998622589391543358e-01
-6.000039690350955635e-01
9.994007907933154244e-02
1.301371768610022107e-02
-3.281010221586572184e-01
-8.146389347324538566e-01
2.162261369709168324e-01
1.000337442180641440e-01
9.998845647107063028e-01
2.141327767130277726e-01
1.956494291947350195e-01
-2.827999556009025972e-01
-1.000140239096851680e+00
1.722146536145638743e-02
3.910178316014636390e-01
-7.994849471230571769e-01
1.966689919458815272e-01
1.000124504000732495e+00
-7.880730785309467690e-01
-6.000042498189710471e-01
-1.000003377403385407e+00
-2.277169468466817490e-02
-3.490768363779451211e-01
-6.001463403529353480e-01
5.451160976048925744e-02
1.932068482471242243e-01
-1.000046473985507722e+00
1.000065349877957477e+00
-8.208830865832205115e-01
4.251342939999243620e-01
-3.431865064409798105e-01
9.998110953068695128e-01
-1.000149952270378728e+00
-6.949309627237068576e-02
2.076920856060580634e-01
1.000885640464074522e-01
-8.146007547423528283e-01
-3.213060137060094190e-01
-5.488542810935509442e-02
-3.452836764079393328e-01
2.072574409012094554e-01
-5.244328300340440376e-03
-6.000028069198014569e-01
-6.001001276530854023e-01
3.920115931689712729e-01
9.999506290483500814e-01
1.002351133731119309e-01
-2.866798693198385206e-01
2.017892542123971011e-01
9.989746904326179955e-02
9.982575508606637837e-02
-8.033472097361676889e-01
-6.000390311614176575e-01
-5.999976154025359332e-01
9.999033268108437067e-01
-5.999810334618997931e-01
-6.000148196859648175e-01
9.999531831175602070e-01
2.039302830861891846e-01
-7.947766065034633787e-01
4.167899304035015406e-01
1.277111398376394071e-02
1.942904472349131773e-01
-7.847052071658461303e-01
-9.999922740025843915e-01
-8.145492871323076756e-01
-9.999262380008999695e-01
9.999538712437542332e-01
9.997951448629007754e-01
-7.825351428542905996e-01
-2.649285887164380404e-01
7.810568279077248488e-02
-8.031320603141631764e-01
1.000006436981410118e+00
-5.999530646996422689e-01
1.001009243862109876e-01
-9.999665366018326562e-01
3.809677991483027548e-01
2.079930459937447407e-01
1.000026273447838676e+00
-6.001085569785794549e-01
-5.999514240032051138e-01
-3.540952173632876954e-01
9.999900769914750187e-01
1.001204486950859202e-01
9.998912694384937128e-01
1.000087604791010998e+00
-1.000158142384946158e+00
4.103986640733193747e-01
1.000156032383229948e-01
4.000785846616629615e-01
1.001028249826555749e-01
-7.326322251163629173e-02
1.209069153209146041e-01
2.018737816815137642e-01
3.987868771880055396e-01
-8.064946867688236321e-01
-6.000720275869710907e-01
3.886994716445464348e-01
9.999045382390507886e-01
6.203077805887696750e-02
-8.046488378639664596e-01
3.996059229535028345e-01
-2.898687762338161486e-02
2.045045671429154555e-01
-1.000130541795025918e+00
-3.604204995062648686e-01
4.033382000258728950e-01
2.115345126598916770e-01
-6.991127768453041236e-02
1.000114329234859323e+00
1.000028067119363095e+00
9.999855473775111081e-01
9.993374896161622001e-02
-8.115397157174467080e-02
-9.999318022418319796e-01
-3.139160569941363277e-01
-2.506909110788704820e-01
1.000048504494569057e+00
-7.928377478374871723e-01
-7.818808998561072032e-01
-5.998040409119755889e-01
-2.334346397504108717e-01
-9.999082045563532084e-01
2.089962495228414041e-01
1.002044213459400701e-01
-6.000484385272193411e-01
9.928828672922108967e-02
1.000046471021452943e+00
1.889935779910568991e-01
1.985005237899268860e-01
-8.584368471171632820e-02
-3.682903897635639301e-01
-4.233889136373083506e-01
-3.096080567185439669e-01
4.049156681970867977e-01
-3.280691979497648569e-01
9.999721076643612871e-01
9.999703158641538581e-01
-1.097766455282556397e-01
2.167230992660687250e-01
2.067902800242381323e-01
3.114276687646163125e-02
-2.565711017652789749e-01
-6.001080131783548266e-01
-9.998213229268868574e-01
1.950225130593848388e-01
-9.661404896139436094e-02
