-6.000854541275271181e-01
-6.000563355220990269e-01
9.998173577099400688e-01
1.459838220618078775e-02
-9.998527550635023520e-01
-8.081108857747283380e-01
-5.999420651587331621e-01
6.331828443418408003e-02
-8.082271834898516749e-01
-3.094949387587229150e-01
1.000461315913005050e-01
-9.998813037013647431e-01
1.901939630534734138e-01
-1.908763664417853848e-02
1.991680005358477112e-01
3.974529802774111054e-01
2.234215727907275240e-02
-1.000016806818317061e+00
1.861428839291060233e-01
1.755037575485536919e-02
3.967299778516003017e-01
4.182989641116099389e-01
-2.915665452329265772e-01
-7.966003893741322450e-01
-1.000157927928647217e+00
4.061482097603504315e-01
-2.874322221819596845e-01
-5.999298717426893024e-01
-3.482305978928014745e-01
1.001390661994206871e-01
-9.999871948037151181e-01
-8.108263775837282195e-01
-8.094910161729411691e-01
-1.000071606444297823e+00
-2.884104108757654800e-02
1.000022750844584474e+00
-9.998546828732288727e-01
9.998361649294863485e-01
3.899835596406296956e-01
-5.999694385261958862e-01
9.999332387932754473e-01
-7.979774621266251255e-01
-3.268164371197561646e-01
9.991945904124484301e-02
-3.409253168154128266e-01
3.813628551186621363e-01
1.000273954340410304e-01
9.988123526409034558e-02
9.993693910897277766e-02
1.993260094696674423e-01
-9.999264642298547612e-01
-7.932751303552080246e-01
3.983376018105892480e-01
3.847686919880490275e-01
-2.764726627858652419e-01
-9.999039100894023813e-01
-8.019041031649821738e-01
3.974964280808357397e-01
4.129647911265114935e-02
-1.000174737551839721e+00
6.099871167216143475e-02
3.995179909285598852e-01
-1.000134058764623468e+00
-2.969028480781440993e-01
-1.000083321018643501e+00
9.989787858883378280e-02
-1.000115053387363284e+00
-3.650300058361194422e-02
-7.752798657624865308e-01
4.049708998090965628e-01
-6.000211706159888081e-01
-2.895254080543820940e-01
1.000301308232534603e-01
1.214754023612764529e-02
2.042943250531477073e-01
9.999659251985835995e-02
2.061772756724118139e-01
1.000050487921326337e+00
2.357489970761604200e-02
-8.043377853995608007e-01
3.986346271896840099e-01
3.907008363570909082e-01
2.003270776039739465e-01
1.893565037030626452e-01
1.000115240806057404e+00
3.982287055868882208e-01
-1.000016607057273799e+00
-6.000356703789937463e-01
-1.000078482355199139e+00
7.512927278820219490e-02
-1.000011351308297547e+00
1.001048088246950934e-01
9.987446674596878182e-02
-5.999756043742371370e-01
5.224206204681224736e-02
-7.993565115244788410e-01
-8.041757111895679877e-01
-2.908967779170982260e-01
3.997523884084439039e-01
-3.171186360948047844e-01
4.041032604834824959e-01
-8.016642856414980534e-01
-2.627556451510235092e-01
9.987163503524461305e-02
1.000750525107284433e-01
1.000017393542840693e+00
6.221533208127703191e-02
3.953120642722213751e-01
9.996334591784625245e-02
-2.004496820903940435e-01
2.091507319258342490e-01
-2.549434217564202632e-01
-5.997785547728374800e-01
9.998515439403621308e-01
4.076791087100627431e-01
2.024636220520189545e-01
9.990323058693417746e-02
1.000000089906613709e+00
-9.998764645855992006e-01
3.930904416694453452e-01
9.999609086870141494e-01
3.972741589494393488e-01
9.999776639393444244e-02
3.932491710235423432e-01
-5.999793958584695996e-01
4.014346613599769076e-01
-2.910288390227464550e-01
4.145873871273481615e-01
9.999928634060378796e-01
1.000054305410975841e+00
9.995750597475236421e-02
1.982091520643567417e-01
3.953558288907079721e-01
-7.938439336875908747e-01
9.990817610226880585e-02
1.000083067756496691e+00
9.998878456323948560e-01
-1.000137126106019014e+00
-6.000821848687323268e-01
4.111158028331515224e-01
-7.701342277926805091e-02
4.078900535321861587e-01
9.992101957600846296e-02
3.895455280198718562e-01
5.114262368313012008e-02
-3.793982566133685674e-01
-5.999872679409482545e-01
2.175124811447290418e-01
1.000016846066730913e+00
-9.997954635792343225e-01
-8.000761413040612391e-01
9.999631512422406665e-01
3.843541183704057285e-01
-5.999401329565033913e-01
9.992403233286986652e-02
5.584805917522381313e-02
-2.302545974515159410e-01
-8.013597194265303925e-01
1.851540770663422930e-01
1.000144284394221539e-01
9.999928879050348218e-01
1.844054726314599268e-01
1.886739627238683270e-01
-2.448113173598144843e-01
-9.999694631155447988e-01
3.826666889859830622e-03
4.108605673660448154e-01
-7.987856428743225212e-01
1.889085786351452634e-01
9.998307381719879761e-01
-8.045057829676856009e-01
-5.999957455070131784e-01
-1.000066593940642123e+00
-4.777473032015845666e-03
-3.586355887039802681e-01
-5.998353172980385173e-01
-4.002584851206660255e-05
1.913732370861833954e-01
-9.998224492230957106e-01
1.000029498579126930e+00
-7.863381842130354737e-01
4.049732416898410570e-01
-2.796789231599216552e-01
1.000208437590680122e+00
-9.999096924844548262e-01
-5.662131853431981443e-02
2.092761229447186733e-01
1.001404460160009724e-01
-8.104159605878300532e-01
-2.055299184205188201e-01
-2.373980128526333166e-02
-3.714124081890292639e-01
2.023162074578835623e-01
2.938067217288190675e-02
-5.999193802522830854e-01
-6.000000466768996565e-01
4.142175395918132330e-01
9.999015909008102110e-01
1.000671265256510706e-01
-3.033343421278043572e-01
1.864143377748715691e-01
9.989553655315346059e-02
1.000865800824797952e-01
-7.925457039173668949e-01
-5.998802746660916174e-01
-5.998819064834357562e-01
1.000042631822082306e+00
-5.999655244895872874e-01
-6.000624018252564973e-01
9.999086946343639370e-01
2.008349118809568123e-01
-8.116257978823260277e-01
4.088008018864615623e-01
-4.567241585093748113e-02
2.208719056973502681e-01
-7.893987701121804035e-01
-9.999799937702665842e-01
-7.988516848909361645e-01
-1.000043612636856372e+00
1.000116089360239879e+00
1.000099540992127611e+00
-8.274401992205159262e-01
-3.110929951969443885e-01
-6.608268902513736442e-02
-8.037792592230283972e-01
1.000060503419627711e+00
-6.000700997805687997e-01
1.000282296218179823e-01
-1.000216852794352462e+00
3.927296948422308587e-01
2.089218641395138298e-01
9.998962940127945620e-01
-5.999470601099824441e-01
-5.999462168465299339e-01
-2.514627563320060988e-01
9.999092230351166455e-01
9.997572846819931247e-02
9.999845052539284573e-01
1.000106667849277597e+00
-9.998760236268042778e-01
4.066584675983599961e-01
9.991206953112057032e-02
3.904948403605791873e-01
1.001015333852231237e-01
4.992826636484522934e-02
5.013307611495290000e-03
1.815966305192487085e-01
3.862196851360710226e-01
-7.996293778200949109e-01
-5.999419316135730096e-01
3.928457389798481469e-01
1.000049489174972717e+00
2.307644038811865195e-02
-7.895395290242952502e-01
3.948432855989891244e-01
3.926488533022610278e-02
1.968080118449145322e-01
-9.999939585342800807e-01
-2.800694685948451612e-01
3.975392937409459870e-01
1.965804508316202348e-01
7.401211961412854090e-02
1.000066707571469093e+00
1.000095138395882488e+00
9.999116787161552722e-01
1.001829903612350275e-01
-1.508234795452742007e-02
-9.998765265430281657e-01
-2.357794901700578372e-01
-3.013792574718952011e-01
1.000073254630340802e+00
-8.164574612367030415e-01
-7.743224322274734339e-01
-6.000246157184366824e-01
-3.161272082662652805e-01
-1.000075865810148734e+00
2.170023806920948761e-01
1.001127939556668567e-01
-6.001565497519394388e-01
-2.465819124321490252e-02
1.000139809149723114e+00
1.917826547946213933e-01
1.977863070193996986e-01
-7.217139665124509829e-02
-2.956886063108057905e-01
-3.295037278519344359e-01
-3.114934170021435023e-01
4.011335428969767247e-01
-2.894611929725692812e-01
1.000037111835186954e+00
9.998662126758278701e-01
-4.579786075662681949e-02
1.973161160297697558e-01
2.056789551515037506e-01
3.806298526005704765e-03
-3.491590454581282033e-01
-6.000734977381001478e-01
-9.999364384171179898e-01
1.986765044398342839e-01
-4.810671843856445529e-02
