-5.998503267477145462e-01
-5.999647313248315239e-01
1.000028481672190495e+00
-4.477881668422169226e-02
-1.000072634029696372e+00
-7.947009972161432900e-01
-6.000139479107362561e-01
1.201227283961150451e-02
-7.893455141229765992e-01
-3.020560984491472700e-01
1.000765292167447168e-01
-9.999183068766028804e-01
1.897368363823007109e-01
-1.128496418862592931e-03
1.843564164597799593e-01
3.794208528938429192e-01
2.106646444880309887e-02
-9.999364827111432152e-01
1.939938633291431458e-01
1.593453547913207397e-02
3.806413195748998834e-01
3.885783227643349602e-01
-3.407503142567306909e-01
-8.006339958147186131e-01
-9.999103804654173588e-01
4.047220903050817720e-01
-3.245238497835932767e-01
-6.001303577416496893e-01
-3.944468951477710927e-01
9.997433025160448739e-02
-1.000015960511867696e+00
-7.897787371781294086e-01
-7.825158179315203633e-01
-1.000029307280858593e+00
1.720160607743055278e-02
1.000050874677991919e+00
-1.000108794847831994e+00
1.000114039048497050e+00
4.092154873782631874e-01
-5.997761584413656699e-01
9.998981725479354488e-01
-8.035499418160406693e-01
-3.472356940336369102e-01
1.000391069887012346e-01
-2.867310012559260990e-01
4.053384788691187235e-01
1.001200912995652559e-01
9.991058910761660417e-02
1.001136499051822476e-01
2.074404275681829835e-01
-1.000004424602075837e+00
-7.903699763092496555e-01
3.965593334997663533e-01
4.020867971362216409e-01
-3.095378088949438666e-01
-9.999565006969705072e-01
-7.990596262634356295e-01
3.979975802180406030e-01
-1.227153452197064093e-02
-1.000134348952203434e+00
5.438233285091730734e-02
4.035044533865695948e-01
-1.000124363237401059e+00
-3.526957708073426012e-01
-9.998852927326359330e-01
1.000953412788730401e-01
-1.000091567131357495e+00
3.190913488906574336e-02
-7.995181649474517593e-01
3.879411292624053154e-01
-6.000909362808839465e-01
-3.345013960795221175e-01
1.000236809669354660e-01
-3.242541706646252103e-02
1.972725934367719203e-01
9.998353937000402369e-02
2.072555899030736615e-01
9.999963446596988881e-01
5.537043745793943095e-02
-8.120684064004978220e-01
3.700142623999913005e-01
3.935607563455484348e-01
2.170056514811275483e-01
2.212112185202005366e-01
9.999737591143443849e-01
3.977495559713509210e-01
-1.000034924949034787e+00
-6.000481672944115719e-01
-9.999336910183046490e-01
2.884144864581610068e-02
-9.999843530190065666e-01
1.000066870935209795e-01
1.000530465076610587e-01
-5.998029288237789469e-01
-4.199722256868587689e-02
-7.890638244381077415e-01
-7.937605071655710054e-01
-2.104449495608537724e-01
3.998963607493064010e-01
-3.237722570736623617e-01
3.920480584974614935e-01
-8.199201965741677034e-01
-3.586779901308055907e-01
1.000618802807465291e-01
9.991686752439422892e-02
1.000018167811005609e+00
-9.235084482429729152e-03
3.990838080398522725e-01
9.993397007937843135e-02
-2.179432973409444196e-01
1.955179727865389572e-01
-2.695869024130176372e-01
-5.999969940132219293e-01
9.999251745626366317e-01
4.027182743159254397e-01
1.942090410732704442e-01
1.001575606897295717e-01
9.999979770123569311e-01
-9.999030762962141106e-01
3.872832116801905866e-01
1.000147478542680046e+00
3.971047722769298072e-01
1.000051032310459720e-01
4.092782531478812991e-01
-6.000744375662274699e-01
4.045412974837225839e-01
-3.301383945166473932e-01
3.942519870655529779e-01
1.000081212573906253e+00
9.999429458488959810e-01
1.001316628053211394e-01
1.990572420759358641e-01
4.057566366751965137e-01
-8.073656603485926953e-01
9.989675177560168595e-02
9.999856031640744769e-01
9.999405029571990511e-01
-1.000004240016079793e+00
-6.000373563786290942e-01
4.283107741205628427e-01
-2.111858435889675534e-02
4.136064112145264593e-01
9.994054241643325620e-02
3.939787523255080526e-01
5.341061550108232997e-02
-2.649946832321412593e-01
-5.999435924700877720e-01
2.038552257192839667e-01
1.000136804692850490e+00
-9.999284007767663685e-01
-8.047806145132205824e-01
1.000176898023671823e+00
4.136426499668762191e-01
-5.999855027156728582e-01
9.986323241658645600e-02
4.028642127107513737e-02
-3.138019910885380681e-01
-7.962333874016037649e-01
2.105940499581844816e-01
9.999001181924946358e-02
1.000079196630358602e+00
2.049485104964552939e-01
2.134768505820899276e-01
-3.531518992515537692e-01
-9.999655751723554031e-01
4.615036329956861277e-02
3.950861376981521511e-01
-8.108110443505841536e-01
1.929518193298583317e-01
1.000009677608396430e+00
-8.071695487920165224e-01
-6.000531341772956662e-01
-1.000032513312029137e+00
-3.901375844991513547e-02
-3.485896779803120960e-01
-5.999799068718314476e-01
7.480231494872760512e-02
2.051581931234388312e-01
-9.998993707791878904e-01
1.000121721124471286e+00
-8.042292959717977086e-01
4.101087850085544106e-01
-2.744109161074210768e-01
9.999998579631178552e-01
-1.000012263483084807e+00
-8.559600085593789542e-03
1.932155933392213087e-01
9.992059355908596008e-02
-7.946256573575133375e-01
-3.283412270232157759e-01
3.459103841170806798e-02
-3.558980489960370530e-01
1.950678866678933476e-01
5.256068094184732781e-02
-6.000504321293831378e-01
-6.001096298239261273e-01
4.014923916267623683e-01
1.000127429978283189e+00
9.990870017578880324e-02
-3.045307232010379672e-01
1.975817382192149863e-01
1.001433909890037527e-01
9.999391378744061643e-02
-8.039379399328467901e-01
-6.000014449205584022e-01
-5.999652168355077420e-01
1.000181397314512610e+00
-5.999399439442764104e-01
-5.999717155051278450e-01
9.997754355161720952e-01
1.961159812126398450e-01
-8.069776440952428631e-01
3.965490817972411874e-01
4.667604886226057494e-03
1.803421224253923816e-01
-7.924821385690919984e-01
-9.999691419549927573e-01
-7.932370729296646106e-01
-9.999026924379117442e-01
9.999898999868979121e-01
9.999442446743339596e-01
-8.042134301935704999e-01
-2.680821669389228390e-01
-5.908134833862066504e-02
-7.866258023110902498e-01
9.999124732135939997e-01
-5.998415801553295124e-01
1.000092198678498717e-01
-9.998516011291945782e-01
3.882042692438508746e-01
1.861236196607377047e-01
9.999881838810966705e-01
-5.999217231535287631e-01
-5.999330796968876944e-01
-3.755372416140096425e-01
9.999888643295757884e-01
9.990519615573176249e-02
9.998636626170094299e-01
1.000001640214755572e+00
-9.999912078510159175e-01
3.975926349301175944e-01
1.000131408785649573e-01
3.923571142304853043e-01
9.995252331812704005e-02
2.211535025132788795e-02
-5.196777915808270532e-02
1.961035075643899062e-01
4.105732175446181742e-01
-8.073915258047803523e-01
-5.999585401459405221e-01
4.049416746238859721e-01
1.000018726644497979e+00
4.674337794711694305e-02
-8.057861680423904494e-01
4.159129156322195486e-01
-1.248937370755660858e-02
1.807405819203314890e-01
-1.000123954408956850e+00
-2.382440445411591889e-01
4.066244697801385533e-01
1.985670876556512587e-01
7.676617132324356496e-02
1.000057517164432586e+00
9.999123990284818353e-01
1.000110698131235543e+00
1.001064441141528150e-01
1.058230332549958512e-02
-9.999509917741293830e-01
-2.829761069675660878e-01
-3.362187281453982712e-01
1.000006013979802599e+00
-8.107819037997102685e-01
-8.026638612671641582e-01
-5.998087020075115738e-01
-2.959778859133596063e-01
-9.998770477426566217e-01
2.049015589508439983e-01
1.000757196895275120e-01
-6.000568801236437766e-01
-3.648578935458444278e-02
9.999622057342094639e-01
1.912117726868846068e-01
1.948340219341700152e-01
-1.777484945878690659e-02
-2.658979967637154496e-01
-3.087435221788218387e-01
-3.251589305427128318e-01
4.039376572289191669e-01
-2.381199529653318103e-01
9.999440799125770551e-01
1.000100095145248780e+00
-2.372223046980499045e-02
1.972032926321192481e-01
2.069440212533059098e-01
-9.290458757174557131e-03
-3.201433985128767645e-01
-5.998617407334132512e-01
-1.000004868276641146e+00
1.926029005357451640e-01
5.277377320759436830e-02
