-5.999752695032651850e-01
-5.998805430298620456e-01
1.000008758328826408e+00
4.508414681316300771e-02
-1.000048258284651936e+00
-7.968466425737555925e-01
-5.999482661242423465e-01
-1.552415837451340958e-02
-8.062623578955967485e-01
-3.381264743007812434e-01
9.999880829716503716e-02
-9.999742880901246744e-01
1.974521222644143870e-01
5.449702208027268346e-02
1.894638413637528274e-01
3.948162702794217327e-01
-1.091105798590439602e-01
-9.999937555847077109e-01
1.939879531209065533e-01
1.720455833098928286e-02
4.044381528571711626e-01
3.971806006074920514e-01
-2.416267891534076562e-01
-7.986285202133487360e-01
-1.000067550399825755e+00
3.937167419568528559e-01
-3.556663530897824499e-01
-5.999245580515938370e-01
-2.806400849081306936e-01
1.000410487892540168e-01
-9.999612847231261759e-01
-8.014186797194486900e-01
-8.080282076775444633e-01
-1.000064327927149277e+00
-6.198530859178606571e-03
9.999748736720274200e-01
-1.000206463478396035e+00
9.999789807970023148e-01
4.066219435628787293e-01
-5.999713131456974047e-01
9.999181540555266423e-01
-7.994008918077160075e-01
-2.603473391240386237e-01
1.000186264043367856e-01
-3.716090993988309110e-01
4.046613707657036318e-01
9.995915689352968814e-02
1.000130691356684864e-01
1.001836740758664385e-01
1.918360896267756743e-01
-1.000056562821958428e+00
-8.045430728228306627e-01
4.088472745325510416e-01
3.837022459471196578e-01
-3.015950508778661998e-01
-9.999876743751873187e-01
-7.832443101328826485e-01
3.906355583224246364e-01
6.895132510335093279e-02
-1.000080178347601656e+00
-3.484919297618199047e-02
4.027996171992700436e-01
-1.000033392651184849e+00
-3.824212285085304419e-01
-9.999913637273509792e-01
9.988339973513063463e-02
-9.999522752043524809e-01
-1.665769014519625363e-02
-8.070942531262550457e-01
4.018246699381695097e-01
-6.000369211776943601e-01
-2.100285456486160052e-01
9.999761977687320058e-02
1.286709359631069416e-01
2.034493540628087294e-01
9.987873129482284507e-02
1.900370527457900249e-01
1.000084293592252704e+00
7.676193537850801996e-02
-8.042366563881784280e-01
3.984684870858069550e-01
4.019840863622990978e-01
2.064960950887422264e-01
2.116103102901889244e-01
9.998787197655403247e-01
4.020922688141361223e-01
-1.000067016159004174e+00
-5.999511458260169405e-01
-9.998091090561190830e-01
-6.305385870011574745e-02
-9.999484767324141599e-01
1.000733657738562266e-01
9.991989097873607562e-02
-6.000025559350641302e-01
-1.861432174146401342e-04
-8.038322891943353588e-01
-7.883240546442441543e-01
-3.363128913796214481e-01
3.942234294002548434e-01
-3.788371758362490960e-01
4.085986731464310018e-01
-8.047020385616923122e-01
-2.785847431277741482e-01
1.001449513782891876e-01
1.000069721468711259e-01
1.000068579214581588e+00
1.465949833825734051e-02
4.009717157557367018e-01
1.000476113393025668e-01
-2.859812648999477958e-01
1.927050791198575141e-01
-4.322511790551458177e-01
-5.999515836252796719e-01
9.999238457297944249e-01
3.991516353265488481e-01
2.104005849418098262e-01
9.995400279668592569e-02
1.000136158233306594e+00
-9.999556056553845496e-01
3.985585741918341585e-01
9.999559939907570749e-01
3.942056919950309157e-01
1.001700947033546535e-01
3.963700244567264219e-01
-6.001700070202167225e-01
3.980744797576838412e-01
-2.273958732364419755e-01
4.012961379701227571e-01
9.997462735298985326e-01
9.998516353151035707e-01
1.000230146758214617e-01
1.983032981828618257e-01
3.788778562242255954e-01
-8.077171961831947078e-01
9.995950931917003957e-02
1.000082260675573931e+00
1.000076659466118123e+00
-1.000087932515926425e+00
-5.999969046435461584e-01
4.258808690539853670e-01
1.790794302758420484e-02
3.897767706746611549e-01
9.989050731472264022e-02
4.092849844019009198e-01
-9.525777642847743643e-02
-3.144826476701061968e-01
-6.000817255093606750e-01
1.905324617018844813e-01
1.000179058468753102e+00
-9.999503775556762841e-01
-7.852781684832342846e-01
9.999394374028165444e-01
3.993984276123698218e-01
-5.999377827500550486e-01
9.985822688812220904e-02
3.445513306335363634e-03
-3.382486409351951329e-01
-8.025002440324933151e-01
2.014485826806989566e-01
9.999090894440279542e-02
1.000117918546689744e+00
1.799458642663067376e-01
1.993965624830336680e-01
-2.971858515064475514e-01
-9.999281848451545551e-01
-3.430973505244633379e-03
4.216620564095487911e-01
-8.127835386722415123e-01
2.098472907765125961e-01
1.000080422425239535e+00
-7.901040286987781602e-01
-6.000860997759777105e-01
-1.000075143375153797e+00
-3.282653333459362860e-02
-2.837279929306890103e-01
-5.999366733890979519e-01
-6.301743512326309082e-02
1.893366581540110727e-01
-1.000022323296489324e+00
9.999226601876792797e-01
-7.965583197225013512e-01
3.996788775274463523e-01
-2.056697591902058586e-01
9.999296338844729792e-01
-1.000136219371475788e+00
5.284710098998412348e-02
2.076031481666942013e-01
9.993693488420751780e-02
-8.117754136079459171e-01
-3.081552213281354424e-01
3.157247037844399667e-02
-2.704490610673425666e-01
2.113396670987243431e-01
-1.174858658734086181e-02
-6.000363214247831367e-01
-6.000199172595881425e-01
4.037803677349526832e-01
1.000007306265185969e+00
1.001436973523559121e-01
-2.400385054869945134e-01
2.061418087433862789e-01
9.984677780101545996e-02
9.988502538092591809e-02
-8.039838124140650244e-01
-6.000246568100461309e-01
-5.999497142516518888e-01
1.000048084682447769e+00
-5.998024336285067148e-01
-6.000581109246568845e-01
9.998973585463040159e-01
2.046415730642540398e-01
-8.177002181550757642e-01
4.110955158003840038e-01
1.189381724117282227e-02
2.032187642381141912e-01
-7.906826089557102977e-01
-1.000046011980387783e+00
-7.910831160887350499e-01
-9.998909403256133199e-01
9.998367932573432038e-01
1.000068828067200322e+00
-7.995027397749611131e-01
-2.975933369241916537e-01
-1.791311101091176694e-02
-8.143005834012774224e-01
1.000178336849126159e+00
-6.000067888656454018e-01
9.985516238809111211e-02
-1.000048067236095628e+00
4.020351640941782767e-01
2.003017849796333016e-01
1.000004201583662544e+00
-6.002472018918476593e-01
-6.000468239374472379e-01
-3.306995669407628013e-01
9.998354631767027989e-01
1.001466040399363183e-01
9.999585377932729280e-01
1.000010057185296786e+00
-9.999676618297276276e-01
4.112429605552880285e-01
9.995531050354602987e-02
3.906147144905886548e-01
9.996888248837151880e-02
-2.461659719342701447e-02
-2.259141277710857709e-02
2.037142447526805455e-01
3.956412869701540491e-01
-8.068895352120201148e-01
-6.002330682448702159e-01
4.090034865076239701e-01
9.999169652695927279e-01
5.908872123885913763e-02
-7.824231369363221500e-01
3.950248326968122670e-01
1.895340153734130506e-02
2.009153617124628532e-01
-1.000027993610303367e+00
-3.396909559415218216e-01
4.168820554559677372e-01
2.152998900566154561e-01
-4.362926958985816062e-02
9.999128375214714204e-01
9.998881931579729487e-01
1.000052978888853916e+00
9.992998326985159940e-02
-1.090242254371558278e-01
-9.998368787254657830e-01
-2.172372768602090498e-01
-3.239329157448890828e-01
9.999804091832622532e-01
-8.047537271537912318e-01
-8.021980170322569048e-01
-5.999798103572343555e-01
-3.037539231208820634e-01
-1.000072229441262728e+00
1.941958319444363756e-01
9.994525001234051687e-02
-5.998996450158634586e-01
-6.074630674275474651e-02
9.999703079617132673e-01
2.028915347587828821e-01
1.967367477102656137e-01
-1.925110354557973275e-02
-2.649172552520240309e-01
-2.575877638043470585e-01
-2.971809227310701074e-01
4.170344492330883002e-01
-3.067162675439590869e-01
1.000169427554282953e+00
1.000076892562092867e+00
2.023161192253569371e-02
1.924083358546159195e-01
2.148496233879131634e-01
1.702181157492752006e-02
-2.512812528129916290e-01
-5.999783386538962704e-01
-9.998249761315006756e-01
1.957118310785208315e-01
1.497268063126709972e-02
