-5.999269886529373652e-01
-5.998551424431906032e-01
1.000039735685415598e+00
-4.619687577886896768e-02
-9.999926693360110530e-01
-7.856572555528865687e-01
-5.999177646004760778e-01
-2.169292800508039812e-02
-7.890685114326998484e-01
-2.918907918819299563e-01
1.000075939980329537e-01
-9.999637388818271022e-01
2.041852663628193343e-01
-5.628060519919293736e-02
2.057053137112993813e-01
3.931461020862191402e-01
-1.939482256789586134e-02
-9.999139081373729088e-01
1.892565442800899778e-01
-5.074527419887685936e-02
4.059995577697876890e-01
3.891067636265424512e-01
-3.612374971080608566e-01
-8.094038575185309448e-01
-9.998256689206198589e-01
3.906429210837299437e-01
-2.964041509605709890e-01
-5.998927580572119833e-01
-2.653288075141611024e-01
1.000047671762569756e-01
-9.999219366198630610e-01
-8.055914506966846966e-01
-7.813495672151918869e-01
-1.000045443222687291e+00
3.399164475179394795e-02
9.999366474058438703e-01
-9.998955195945044006e-01
1.000023074866709161e+00
4.033913127934866116e-01
-6.001400460697063899e-01
1.000047381304132843e+00
-7.979446294778045345e-01
-3.766578264199987869e-01
9.995828499103724674e-02
-2.856610087244104146e-01
3.996553882659397705e-01
1.000259938744921806e-01
1.001023289403075445e-01
1.000094847052407226e-01
1.949722621775781539e-01
-1.000088283997054628e+00
-7.932663779512364455e-01
4.081603981392419866e-01
4.139649519072767236e-01
-3.103500348918915575e-01
-9.999768460774616230e-01
-7.992847587482326821e-01
4.089800149657314976e-01
1.102256116682591575e-01
-1.000083997543323111e+00
8.793396094096075921e-02
4.032035963354708152e-01
-1.000042326303619333e+00
-2.476377972298790808e-01
-9.997845991391044462e-01
9.996121873830875193e-02
-9.999272569792693188e-01
-1.319566469319662441e-02
-8.070301391342213915e-01
4.060429200081960288e-01
-5.999436556410411292e-01
-2.652835679352432141e-01
1.000066084534980693e-01
3.007537490371997579e-03
2.199640322281677662e-01
1.001170838582222666e-01
2.076411571983514115e-01
1.000047497228816251e+00
-6.134575983888884004e-02
-8.050918365268379118e-01
3.804711014009128922e-01
4.139258783844546596e-01
1.928084401085843613e-01
2.054680510763422507e-01
9.999965456806699793e-01
4.042009995061384697e-01
-9.998599638434209069e-01
-6.002081446480108662e-01
-1.000062443052504024e+00
4.355024481470055886e-02
-9.999957240023296112e-01
9.992060159507235029e-02
9.998072401787076735e-02
-5.998404417213161199e-01
3.765976065420711949e-02
-7.906195965851693375e-01
-8.039830342985064826e-01
-2.793672437798837005e-01
4.145009796843692751e-01
-2.886009436311435805e-01
3.999532570532415843e-01
-7.956873270437813117e-01
-2.339296872084518641e-01
1.000177036185485174e-01
9.982698218720394145e-02
1.000051352601452725e+00
-3.683051308117401418e-02
3.992414066176430687e-01
1.000514955542102652e-01
-4.609227218506435353e-01
1.817804850602942335e-01
-4.239985593610782200e-01
-5.999366464978297397e-01
9.999966955319767870e-01
4.246396892892786434e-01
1.929234713279186497e-01
9.998093242731628805e-02
1.000081207464522448e+00
-1.000204204514957729e+00
3.973439156739122513e-01
9.998223149108732555e-01
3.946719684693738572e-01
1.000502982931472801e-01
4.024431407061828669e-01
-6.002003858439708406e-01
3.855267968662877687e-01
-3.162304138603286296e-01
3.949603864504498407e-01
9.999466913253517442e-01
1.000131803811286746e+00
9.991503074130041184e-02
1.891163621075303558e-01
3.928881764494472906e-01
-7.999624612497061582e-01
1.000508676875201813e-01
9.999650191791092935e-01
9.999850590686290008e-01
-1.000121389176389597e+00
-5.999581277390791945e-01
3.911231227863942728e-01
-3.938660495619260987e-02
4.037309331680237756e-01
9.993695302472568875e-02
4.137442961126069352e-01
3.586102987777915058e-02
-2.930236444976306864e-01
-5.998079220617472673e-01
2.132431648030025662e-01
9.999670796393564931e-01
-9.999359381721730777e-01
-8.042735511698065887e-01
9.999415587450621867e-01
4.008073413945520969e-01
-5.998935894777319700e-01
1.001838089059659820e-01
7.077063148669797410e-02
-2.703145827616433849e-01
-8.011126662599792336e-01
2.258525029086992930e-01
1.000013170501501264e-01
9.999234140232206025e-01
2.110937790801360459e-01
2.020042334215763069e-01
-2.950896759592918084e-01
-9.998946377846508193e-01
-1.183015247912871243e-02
4.140645499371241600e-01
-7.985585049871951613e-01
1.938001389818275466e-01
9.999969624027233994e-01
-8.132433312337732367e-01
-5.999636709845849181e-01
-1.000030750504549815e+00
-7.830672720346518872e-03
-2.035598883702699480e-01
-6.001903827377279566e-01
8.265556320174474031e-03
2.042445594434139922e-01
-1.000029705135798030e+00
1.000081315489189215e+00
-7.961932010714807273e-01
3.797136486531360045e-01
-3.563081842890765127e-01
9.998960156866669724e-01
-9.999617848711469525e-01
-2.334852643393327265e-02
2.181245067910025370e-01
1.000541537123811886e-01
-7.813181557974064884e-01
-2.526079549223116949e-01
2.466512599560645187e-03
-3.973656544789159750e-01
1.936437492286334772e-01
1.594789960778301638e-03
-6.000631620824253831e-01
-6.001227941746837269e-01
3.999694282756056651e-01
9.998446516283521213e-01
1.001946174183289129e-01
-3.055546762379201531e-01
2.047300745864381599e-01
1.000845329398348665e-01
9.986491930156417285e-02
-7.896313938752891337e-01
-6.002334821934787179e-01
-6.000061498296858087e-01
9.999904468855133066e-01
-5.998994241887417589e-01
-6.000170614734617880e-01
1.000027887635539958e+00
2.189366415687835632e-01
-7.914683487880924684e-01
4.075389681111024065e-01
-6.925498222905500378e-02
2.082657433006149805e-01
-8.127463768563932822e-01
-9.999356283656936073e-01
-8.109456893367200658e-01
-1.000114173669647055e+00
9.999415814208761910e-01
9.999497009163560435e-01
-8.061102823026300435e-01
-3.573468423711722575e-01
-4.166683863357990153e-02
-7.976234777513752094e-01
9.999825289552136676e-01
-6.001917618411035660e-01
1.000450668888754197e-01
-9.999047439722665853e-01
4.116539376378914317e-01
2.058723599591506248e-01
1.000000799160256193e+00
-5.999376978821929773e-01
-5.999825653374312173e-01
-2.665433844646364903e-01
9.998577316006558302e-01
9.997952207839719274e-02
9.998994796551959885e-01
1.000052999945860499e+00
-1.000144639291615345e+00
4.007678778481397752e-01
1.000362474224028020e-01
4.102400693168056778e-01
9.989838879898244040e-02
7.675929227114682007e-02
-8.910947168884386302e-03
1.986971389532631860e-01
4.123543879641016763e-01
-8.278324924665445561e-01
-6.000541164717320131e-01
4.139640907812747739e-01
1.000059011056692926e+00
-2.814787352410040577e-02
-8.176161827561022610e-01
4.053903463538390817e-01
-2.669606046768257038e-02
2.066663779551340119e-01
-1.000097798057151932e+00
-3.545515238390768431e-01
4.190575120372512230e-01
1.992393910936761103e-01
8.098242586865340986e-02
9.998797460906462264e-01
1.000127227508529781e+00
9.999538392952133092e-01
9.998197287619142726e-02
-8.037580967863919290e-02
-9.997868195774999300e-01
-3.513597309082970854e-01
-2.717819307047810717e-01
9.999343307020126526e-01
-8.147148499794600873e-01
-8.055494464755289519e-01
-5.999995851962879323e-01
-3.171204376673961711e-01
-9.999940716929983653e-01
2.266357206713619510e-01
1.001340892597288312e-01
-5.999009867853533073e-01
3.549612056886212313e-02
9.998720730351363661e-01
2.070481978764217856e-01
2.056891316149414561e-01
-3.583661740408145002e-02
-2.777233972131268880e-01
-2.907158928449048996e-01
-2.861559361696933701e-01
3.983310901599761977e-01
-2.892541672346217729e-01
1.000052431420429544e+00
1.000059604702534743e+00
5.952821474255161338e-02
2.024656340577469238e-01
2.095322454410773194e-01
2.941701247021360696e-02
-2.494700582447944015e-01
-6.000471787550516467e-01
-9.998886860529802023e-01
2.157552827267038009e-01
9.768591634868425272e-03
