-6.000438194703962003e-01
-6.001153373816404679e-01
9.999895973207910682e-01
9.566704142853063239e-03
-1.000106470135948999e+00
-8.100744728982314236e-01
-5.999888950338880811e-01
1.045389749091864620e-02
-8.004641131041095869e-01
-3.701574699106808253e-01
1.001396648016002200e-01
-1.000097977967616680e+00
2.079336545173311179e-01
2.144593772808810195e-03
2.019703575723459654e-01
3.956779360783042598e-01
-8.267369203136566702e-03
-1.000036778547640060e+00
2.030743281454462368e-01
1.689098728732106244e-02
3.981878495715627797e-01
4.233404347088722819e-01
-3.295718018480663924e-01
-8.148236695797497209e-01
-9.999384030654919764e-01
3.928233681111024667e-01
-3.006010353340044516e-01
-5.999846225354109608e-01
-3.441291732418969018e-01
9.991527105626987759e-02
-1.000184619757720439e+00
-8.085633394268291196e-01
-7.865790635855783863e-01
-9.998094675385769126e-01
2.646866618508313899e-03
1.000047923628331059e+00
-1.000023955057195657e+00
1.000184840906760408e+00
3.836594915028087582e-01
-5.998726939660276036e-01
9.999169883131803216e-01
-8.056519873837983958e-01
-3.768919922435013392e-01
1.001760523381189649e-01
-2.346336065399051152e-01
3.813681936669870431e-01
1.000775239718671716e-01
9.995279785067909262e-02
1.000911901052472242e-01
1.959510919559829256e-01
-9.999191194692691464e-01
-7.979283060848746389e-01
4.019017163552064953e-01
4.040676164017782956e-01
-2.241959196376205332e-01
-1.000145434242576181e+00
-7.924902023681047458e-01
3.953465181324198330e-01
-3.110734643971374905e-03
-9.998726318610633435e-01
3.036783354612526339e-02
4.083411167945649733e-01
-9.999751034988806353e-01
-2.336792050322671899e-01
-1.000168630450457341e+00
1.001214516492011514e-01
-9.999187407876446443e-01
6.786804388946558741e-02
-7.999686526463495317e-01
4.034368320159903987e-01
-5.999559047815513635e-01
-3.357503328562345679e-01
9.999729425932969706e-02
-2.894192851841552797e-02
2.113853733796162149e-01
9.977552608326957506e-02
2.050510337846226661e-01
9.999453811672972536e-01
3.987186842753110555e-02
-8.024527333890143499e-01
3.991771699587625677e-01
3.965281702703392086e-01
1.907191482249767089e-01
1.967231782365768955e-01
9.998943779477483806e-01
4.118593219014292095e-01
-1.000165439335676698e+00
-5.999785382913174203e-01
-1.000125151970115533e+00
-1.169380157438889428e-02
-1.000019946367610268e+00
9.996058415759301319e-02
1.001325739556604699e-01
-5.999103827469306482e-01
1.425342253496038880e-01
-7.908194651483296811e-01
-8.018765981037468960e-01
-2.937491471763996054e-01
3.903683813831263505e-01
-2.970109548842653768e-01
4.049510538060074882e-01
-8.102512577543787842e-01
-3.872279705766178970e-01
9.993919994062099021e-02
1.000051374447988028e-01
9.999695075678591838e-01
5.881066339161104134e-02
4.095152177765308821e-01
1.000173608634835065e-01
-3.340552544001513802e-01
1.948941664426064868e-01
-2.766294139267613805e-01
-5.999029642369710924e-01
9.999937243440433221e-01
4.227756553336897150e-01
1.886229095658258637e-01
9.979270169689245795e-02
1.000007249953881239e+00
-9.999122347858955262e-01
4.003819627546618687e-01
9.998869154761949041e-01
4.133559784748055965e-01
9.990058774199095382e-02
4.022700353206895008e-01
-6.000455004352437394e-01
4.012264551927401945e-01
-2.508965731391630261e-01
3.844211967470090308e-01
9.998174632285519170e-01
9.999417293753628533e-01
9.989134252682688175e-02
2.101264417230635784e-01
4.071517243108445094e-01
-7.914673761779691397e-01
9.988768899117810018e-02
1.000130220065241105e+00
1.000001180784453547e+00
-1.000213764566194596e+00
-6.001139880216759259e-01
4.099359582623700593e-01
9.819333633536941885e-02
3.987614111278701134e-01
9.994268719709933912e-02
4.138035614819395858e-01
4.938310077694513245e-02
-3.412921743350454951e-01
-5.999411407713828304e-01
2.041169275944806627e-01
1.000143255784225582e+00
-9.998343629712015401e-01
-8.019845186051435260e-01
1.000034757045183076e+00
3.817974658780382002e-01
-5.999352556670882741e-01
1.000265915680991491e-01
3.596285550842549805e-02
-3.489321873210801117e-01
-8.028931448408560545e-01
1.934141089716112927e-01
9.991532897242488831e-02
1.000108052931184321e+00
2.018605444855403608e-01
2.134913467567618461e-01
-2.793066024541235870e-01
-1.000091107201391383e+00
3.219126212852958802e-02
3.972237028606048770e-01
-7.893904853753748174e-01
2.160337417225851597e-01
9.999846572292674374e-01
-7.958947229904888010e-01
-5.998970180614905390e-01
-9.999623929078995666e-01
-4.269856813101016724e-02
-2.503739594745222896e-01
-5.998701193094614359e-01
-3.291268174511870898e-02
2.125740569949053360e-01
-1.000126845044003510e+00
1.000011466163318152e+00
-7.996000268186982396e-01
4.193482004534381802e-01
-3.042066634904055933e-01
9.999292292987072006e-01
-1.000007021312981026e+00
-2.822685308938793769e-02
2.042619026566435680e-01
1.000550113249585038e-01
-7.927819891512115635e-01
-3.354342959868220064e-01
2.402777576984262489e-02
-3.073498493670770992e-01
2.001301948466079339e-01
4.177508819519681199e-02
-6.000449625052531877e-01
-6.000095421505120541e-01
4.136942595433907854e-01
9.999657611144388003e-01
9.998199526073434096e-02
-3.574980197136418680e-01
1.937659592414519572e-01
9.999010815505537941e-02
9.994887422396454835e-02
-8.076408019892220569e-01
-6.001246609514430119e-01
-5.997541848354557281e-01
1.000151288021103868e+00
-6.001527795305009461e-01
-5.999767238260909075e-01
9.996697402478230687e-01
1.820819708574271667e-01
-7.989988772777679715e-01
4.105979119875056704e-01
-4.398742511604426808e-02
1.951769120462198692e-01
-8.178880634483922663e-01
-1.000027898961183492e+00
-8.173002470638317529e-01
-9.999310105820243821e-01
9.999623027522367424e-01
1.000103534605951250e+00
-7.975629800449782758e-01
-3.013664947624066781e-01
3.966789533104807947e-02
-8.038598417733046064e-01
1.000033258790040680e+00
-5.998973747892404340e-01
9.984543988947892912e-02
-9.999737280885823143e-01
3.998449659839911630e-01
2.035896506763312797e-01
1.000069996814986206e+00
-6.000484087890844975e-01
-5.999983758980723669e-01
-2.453341998583537242e-01
1.000100378588254069e+00
1.001598007463458534e-01
9.998884280956431558e-01
9.999812917964429060e-01
-1.000052855694008480e+00
3.881043106774807461e-01
1.000905175058892788e-01
4.056954002095968792e-01
1.000366435776990220e-01
-5.216324918055045834e-02
-4.450483234978073327e-02
1.952917761913624262e-01
3.778801593481807553e-01
-7.971657752618255266e-01
-5.999491009511975781e-01
3.928710614242531540e-01
9.999801263644296778e-01
3.003943584801534172e-02
-8.077710973823488683e-01
4.088594625213500811e-01
-6.010459313641000438e-03
1.930517102082041081e-01
-9.999301250439841526e-01
-3.916516933685253998e-01
4.018290284807970458e-01
1.903529471326333711e-01
-3.754526324463328124e-02
9.999879497578473275e-01
1.000024939476839680e+00
1.000053839386538579e+00
1.000143267910272582e-01
-9.136746437404176524e-02
-1.000016155985201438e+00
-3.159534662486968015e-01
-3.375758223116663292e-01
9.998706791916930348e-01
-8.001803184369128408e-01
-8.054209971296931725e-01
-6.000266954396538122e-01
-3.335470011337646201e-01
-9.999864588777299668e-01
2.150580042523967117e-01
1.002080277374105821e-01
-5.999828097669621663e-01
-2.096688564151135900e-02
1.000111166441685739e+00
1.734543375548908695e-01
2.042396619740770858e-01
1.171489697631850589e-02
-3.564765741836243285e-01
-3.352281193529647596e-01
-3.583998274897589043e-01
3.959577203936125445e-01
-3.275616021103854303e-01
1.000037619057668525e+00
1.000067289614958943e+00
-7.212467542697469092e-02
1.898253597641790524e-01
1.971789292146613470e-01
-9.039965344964187577e-02
-2.613815993535874571e-01
-6.000115085881304600e-01
-1.000036440353702760e+00
2.097866795868342793e-01
7.556878896876748075e-02
