-6.000377454604703953e-01
-5.999127064144664789e-01
9.999579756316961943e-01
-7.742901522579285351e-03
-9.998477862844926678e-01
-8.116039988201443345e-01
-6.000019970309772299e-01
-7.080392199811643382e-03
-8.088731215231441674e-01
-3.361016817955386760e-01
1.000580065812854275e-01
-9.999178867462407139e-01
1.990048541701646412e-01
4.393367727878158373e-03
1.921259544916293083e-01
4.109465310550047268e-01
8.257115458688674137e-02
-9.999250314828753705e-01
1.972459024717908016e-01
2.868925590145539675e-02
4.184203274550372109e-01
3.979231960075418351e-01
-2.236120826537116302e-01
-8.175742401905310430e-01
-9.998453609299463585e-01
3.982827261991630508e-01
-2.824667759347256890e-01
-5.999009295022542654e-01
-3.097390084145710820e-01
9.995170166973280090e-02
-9.997839873852542025e-01
-7.865933897889698656e-01
-7.900105997826721849e-01
-1.000008004629671987e+00
6.952111268224706736e-03
9.998569423070827744e-01
-1.000018842490592696e+00
1.000053952646187572e+00
4.182222561508666669e-01
-5.999156173268801462e-01
9.999534776756607846e-01
-7.925708959762939321e-01
-3.221558492405030005e-01
9.997282432964517407e-02
-2.483462379149708465e-01
3.939303921229819205e-01
1.000641599444979657e-01
1.000881386641369608e-01
9.990699160716386140e-02
1.990830013247890384e-01
-9.999075051107916279e-01
-8.163133730909771790e-01
3.803846318660382142e-01
3.909980416920275648e-01
-3.233266093328732160e-01
-9.999864811470432491e-01
-8.006871274887984447e-01
3.943827804231271883e-01
6.006622551406037153e-02
-1.000022441396052342e+00
-8.599229883130750374e-02
3.884993977907805762e-01
-1.000065007453048604e+00
-2.794367974397925503e-01
-9.998451086490764972e-01
1.000049828446943206e-01
-1.000011800162822428e+00
4.135369951588398901e-02
-7.897442527678592006e-01
3.983450246057350652e-01
-5.999601768451214845e-01
-3.001143308541754373e-01
9.976624291457091009e-02
-9.089961675533037022e-02
2.208350075134777324e-01
9.997127193972568659e-02
1.966218977408052959e-01
9.999737490410812724e-01
8.133694322341606872e-03
-8.055841379443058337e-01
3.896891957393465167e-01
4.134547734193472768e-01
1.980302153198643111e-01
2.087992719257454888e-01
9.997410422280085252e-01
3.902964665686187162e-01
-9.998163821773476956e-01
-6.000510634176937641e-01
-9.999568514724019863e-01
-4.094282010283707696e-02
-1.000109677154022769e+00
9.992395015278787707e-02
1.002283386454769082e-01
-5.999523464781983950e-01
-2.386335954384491420e-03
-7.906665058605543139e-01
-8.013844105112146732e-01
-3.777647886816380973e-01
3.951360281651029038e-01
-3.161168517607109707e-01
3.928751320994754992e-01
-8.015033450128754566e-01
-3.080650030154493679e-01
1.000355764142154408e-01
1.000131742950897407e-01
9.999069896471670660e-01
4.774356023716858077e-02
3.974792734005558326e-01
9.996999726778840745e-02
-2.047949017133235405e-01
1.981096201346206620e-01
-3.873721409481771794e-01
-5.999931016845354570e-01
1.000086842460214065e+00
3.920189610978476735e-01
2.047451415192129698e-01
1.000771947624546632e-01
1.000132043034629881e+00
-9.999647765887182960e-01
4.021652585788771384e-01
1.000054663828349844e+00
4.021438099454139325e-01
1.000710026598797681e-01
3.859131620481017766e-01
-5.998402765400085990e-01
4.133323496666903019e-01
-3.011909000444448758e-01
4.065492036314706237e-01
9.999777677870270720e-01
9.999511246832162303e-01
9.989990007829534224e-02
1.995878115662120811e-01
3.851054300734391700e-01
-8.020831610942127377e-01
1.001810583125727766e-01
1.000168510721139992e+00
9.998593055485797132e-01
-1.000044714383501399e+00
-6.000039498287058626e-01
4.162358246947777118e-01
4.673319878456261983e-02
4.084242713744478670e-01
1.000336346541268601e-01
4.060272257933012496e-01
-3.881825219247114767e-02
-4.214712210626198607e-01
-6.000237818985729721e-01
2.130772859116489837e-01
1.000023181047072107e+00
-9.999856844380838883e-01
-8.069031183176605948e-01
9.999664143747236666e-01
4.039191797985873800e-01
-5.999637889808562274e-01
1.001824721112764688e-01
-7.356536096948997072e-02
-2.183059794991076830e-01
-7.916281059377429097e-01
2.070218700003220447e-01
9.996437840393800067e-02
1.000033367007778784e+00
1.942581991170546918e-01
1.863679730440012394e-01
-3.401819279774664917e-01
-1.000112369045658589e+00
1.247581941500542019e-03
4.064779324829634333e-01
-8.011979659686834232e-01
2.044943116663958671e-01
1.000062906582677158e+00
-7.920885664974012252e-01
-6.000149520695354788e-01
-1.000000519211023731e+00
1.382607384785109750e-01
-2.653022888922713096e-01
-6.002451706167127865e-01
-5.734084098365430787e-02
1.902788212145093971e-01
-1.000058428708981761e+00
1.000065097050638396e+00
-8.036016467567084209e-01
4.074805692195592188e-01
-3.914778725106415891e-01
1.000101782241031856e+00
-9.999826519937232705e-01
-5.249642408548728378e-02
2.076109724713520455e-01
9.996420324044988370e-02
-7.878122919492801524e-01
-2.897572917328564701e-01
-5.754645694149264357e-02
-2.456173394432145107e-01
2.161263956470805270e-01
-9.643998240245532649e-02
-6.001433004522682690e-01
-5.999296295269355150e-01
3.936074424859564158e-01
9.998991645017077934e-01
1.001460445384269315e-01
-3.328415756610892395e-01
2.041013894040444587e-01
9.995434746795167635e-02
1.000413063546167491e-01
-7.909845591027356848e-01
-6.000171473329336536e-01
-5.999483692948051061e-01
9.999431541751072627e-01
-6.000696227108309744e-01
-5.999981281504515040e-01
9.998991870698262785e-01
2.138059698729886937e-01
-8.045150284471379587e-01
4.024004262511042262e-01
1.376976421687958231e-02
1.986019423555739905e-01
-8.044428785410222549e-01
-1.000059388420710293e+00
-8.190733473586113700e-01
-1.000049478817761406e+00
9.999994393688921290e-01
1.000236401331169978e+00
-8.106275253103542022e-01
-3.291896633675306938e-01
6.902963191631847351e-02
-8.127831855921068271e-01
1.000014657016844666e+00
-6.001656076158056186e-01
9.975131214574076144e-02
-1.000075075944720782e+00
3.975875591350216398e-01
2.122626903513852858e-01
9.999869329148586283e-01
-6.000856415064548255e-01
-5.998263012900112434e-01
-3.023511352364826599e-01
9.999693920483261333e-01
9.995482768290919751e-02
9.999798600322490350e-01
9.999965871515822391e-01
-9.999217895576413273e-01
4.013975697250962149e-01
1.000489696383254495e-01
3.972106994381941480e-01
9.988267801648489930e-02
-2.522596760591326592e-02
-5.753278225474402208e-02
2.044872303093058230e-01
3.973130082348908521e-01
-7.871573115485451799e-01
-6.001189340834403030e-01
3.983979935904412017e-01
9.998035742902109391e-01
-7.160851109664842506e-02
-7.958806985778130727e-01
4.058136195363852283e-01
6.022619564716816601e-03
2.019393143064341090e-01
-9.999789460708263800e-01
-1.612995263571392612e-01
4.014121143420436022e-01
2.054241053772484504e-01
4.703358572293283441e-02
9.998303564868872284e-01
1.000093646350722620e+00
9.999988062556616208e-01
1.001381534478173463e-01
-5.395429440595565090e-02
-9.999763582762852820e-01
-3.693065519301944044e-01
-3.303310664697430288e-01
9.997029065812922388e-01
-7.920481779678183454e-01
-8.303673273793416021e-01
-6.000831259127928918e-01
-2.568749945982249927e-01
-1.000101962328663552e+00
2.034998314708857392e-01
9.986830894599177388e-02
-5.998551422653255472e-01
6.230255258398731399e-02
9.999779863137289171e-01
2.105773026016428962e-01
2.117421559450483326e-01
1.449282962412565268e-02
-2.148596475732245104e-01
-3.361131618023534551e-01
-3.428537272939329861e-01
3.981289595798916392e-01
-2.571036906910231234e-01
1.000070712103832804e+00
9.999297989607864867e-01
9.823254011782862893e-02
2.045231518045426133e-01
1.882441106261557584e-01
5.431686644654285662e-02
-3.589661483732351499e-01
-5.999271420006171418e-01
-9.998742611547826176e-01
1.759328990092400014e-01
-3.529599689305951138e-02
