-5.999936428027070612e-01
-5.999879385673684284e-01
9.998907890492244599e-01
3.023429355893432827e-02
-1.000069594323308220e+00
-8.052095967061062565e-01
-6.000489906293179354e-01
-5.175130555039976488e-02
-7.894639612410023766e-01
-3.300176240831945162e-01
9.986348305447270701e-02
-9.999705894568204911e-01
2.039546069465202338e-01
4.795252739445175078e-02
1.982107806314303000e-01
4.000933817713469565e-01
-4.674587362848844907e-02
-1.000018970047260813e+00
1.904692309447724163e-01
1.689563587855458585e-02
4.020870100610696163e-01
4.009108939418873363e-01
-3.513191585233481073e-01
-7.953178398296939511e-01
-9.999810013971847100e-01
3.801644147184086719e-01
-3.378868198941731849e-01
-6.002430832371290492e-01
-2.764490322590143490e-01
1.001860215428202056e-01
-9.999740397137605319e-01
-7.989030460236304920e-01
-8.068219667561634667e-01
-9.999925828717228793e-01
9.613331886301024892e-03
9.999344834772898594e-01
-9.999437278292402365e-01
9.999704513012787066e-01
3.956263328074498542e-01
-6.000524936565724277e-01
1.000014713298800206e+00
-7.971774977925382144e-01
-2.893287339072603825e-01
1.000831796745937224e-01
-2.609860293540327558e-01
3.968994409438569293e-01
9.998147387620792692e-02
1.000735887015367365e-01
9.965453770472047779e-02
2.115755799870655818e-01
-9.999755769996779842e-01
-7.986665971853992296e-01
3.834393087695820990e-01
4.062820418672762335e-01
-2.566302556478937680e-01
-1.000118063269313406e+00
-8.018424584756691509e-01
3.933812081361996449e-01
-4.942646952274015043e-02
-1.000011247217627242e+00
-3.698170089627758617e-02
3.996538913357898237e-01
-1.000046936956914490e+00
-3.146220316168319986e-01
-1.000022041748835022e+00
9.997602338784926379e-02
-1.000043671010187651e+00
1.260895809149812918e-01
-7.991262571985219276e-01
3.984141306590383014e-01
-6.000480398840279950e-01
-3.309862327987178610e-01
1.001464183682655162e-01
1.523170784800957460e-02
1.995424740122892227e-01
9.999155330061461344e-02
2.029234089946354291e-01
9.999912405628975653e-01
-2.415478246277240337e-03
-8.050032311546684305e-01
4.032631737973869646e-01
4.073397431497416954e-01
2.047621098627881719e-01
1.832003180494297945e-01
1.000099216736002550e+00
3.908299747489883957e-01
-1.000116808252031309e+00
-6.000254538118464653e-01
-9.999284653061010220e-01
2.713819966432049618e-02
-1.000014113878102018e+00
9.998076029564154088e-02
9.992685796984081270e-02
-6.000021052360292595e-01
5.853318138012102850e-02
-8.069129143183586539e-01
-8.018502936724892782e-01
-3.763714472171358905e-01
3.965989414554021431e-01
-1.903213456963432360e-01
3.886542240399147308e-01
-8.016626620036992890e-01
-2.861266883963678453e-01
1.000905776238783240e-01
9.998196266406300659e-02
9.999670253638687223e-01
-2.665834885734856552e-02
4.117128640580542953e-01
1.000802277092009834e-01
-3.652921937232572747e-01
1.892491111953346627e-01
-2.886236337257283013e-01
-5.999580461134699227e-01
1.000104602029245005e+00
3.952835748010351535e-01
2.076380961837145100e-01
1.000776566878907731e-01
1.000020929559341187e+00
-1.000012956784351426e+00
3.970269461207197592e-01
1.000058720403788515e+00
3.935567744948980651e-01
9.998965177350922773e-02
4.185757793029422635e-01
-5.999352015502710245e-01
3.925688259090619470e-01
-2.174976888783654028e-01
4.176506072710953754e-01
9.999679519558530849e-01
9.999818994861875421e-01
9.996900214559639730e-02
1.997904196930641030e-01
3.852548947565919146e-01
-8.025926382729675623e-01
1.000346870022117973e-01
9.998720730207104612e-01
1.000012741341069766e+00
-1.000062639585054480e+00
-6.000361122084567622e-01
3.976188308220235945e-01
-3.554299026305070448e-03
4.154566983522133827e-01
9.993506844658713029e-02
4.036313987480553145e-01
-6.485980255022759551e-03
-3.341441200240514720e-01
-5.999036147760270499e-01
1.871429214559660603e-01
9.999010649824500163e-01
-9.999751833387129363e-01
-7.944946281616511730e-01
9.998285440296078574e-01
4.006639922040808321e-01
-6.000737099273526498e-01
9.996379336506457103e-02
1.580338709048665843e-02
-2.797979613967087609e-01
-7.928100945601039840e-01
1.818819741807518597e-01
9.984725827592284830e-02
1.000195963446287362e+00
1.921512750597203778e-01
2.091053949357509489e-01
-2.533693218153517668e-01
-9.999190309822219014e-01
-4.898065023945243068e-02
3.911150699792576013e-01
-7.910168968760125097e-01
1.843676678465874796e-01
1.000018784326507149e+00
-7.994682911686561422e-01
-5.999212492029135646e-01
-1.000007709612500406e+00
1.556968986570631680e-02
-3.610737311809643080e-01
-5.998814157130746283e-01
-1.974586804221291000e-02
2.007761254696597275e-01
-1.000031040697200613e+00
1.000046390416854170e+00
-8.012376708197820330e-01
4.194194281327363605e-01
-2.255457578895869730e-01
1.000038277209039039e+00
-9.999529353525354880e-01
-1.737150469707506376e-02
2.107833242785684957e-01
1.000730887280244230e-01
-7.876928464329739921e-01
-2.968489262393961270e-01
-5.462867707938215411e-02
-2.597281395018270489e-01
2.067740414237774493e-01
4.635928591429761686e-02
-5.997796224464538861e-01
-5.997444154518533077e-01
4.027378753647328224e-01
9.999660884098511282e-01
9.986895987163627031e-02
-3.454698784460865646e-01
2.066216366355875800e-01
1.000168071893657862e-01
9.978597860076525439e-02
-8.086259380089332316e-01
-5.998655297792457874e-01
-6.000773364321634329e-01
9.999333562688162980e-01
-6.000432892367676407e-01
-6.000156198688132436e-01
9.998562508681244632e-01
1.995004041294601571e-01
-8.069771423230358565e-01
3.889670313848054284e-01
-5.011660624791079016e-02
1.949710455935950160e-01
-7.868635306454406786e-01
-9.999890609748760539e-01
-7.900498094572787622e-01
-1.000003666607674147e+00
9.999460924805818607e-01
1.000109329706392769e+00
-8.039502882253406479e-01
-3.190285141502220423e-01
3.391131961100989772e-02
-8.119311306509604531e-01
1.000012461136027264e+00
-6.001490505121106489e-01
9.982396228568049534e-02
-1.000001095798020101e+00
4.181811931446548503e-01
2.086399355793323862e-01
9.999425731544614449e-01
-6.001529595404779815e-01
-5.999636185715528924e-01
-2.493550309348514515e-01
9.998850571616022531e-01
9.996772356807528959e-02
9.998746306303394338e-01
9.999472443393091492e-01
-1.000067621143724494e+00
4.070931784573255663e-01
1.001036212695052691e-01
4.011596181123349703e-01
1.001891131328815771e-01
8.754088541707885640e-02
-3.957020135395769578e-02
1.910524303067187846e-01
4.030037549360428462e-01
-7.905539171755896488e-01
-6.000269379196317976e-01
4.150529043944523044e-01
1.000016723346240033e+00
-1.057275132887024703e-02
-8.013064858124387957e-01
3.968353047544920242e-01
1.720938767981789689e-03
2.043988408719947247e-01
-1.000023120860874970e+00
-3.239306351205526457e-01
3.837189885354582719e-01
2.124315725726472481e-01
5.598602274986665128e-02
1.000044750451085207e+00
9.998400436960974691e-01
9.999079914542745584e-01
9.998048856735625156e-02
-4.564896868493262261e-02
-1.000024261769141942e+00
-2.695470047908054556e-01
-1.825347199473514315e-01
1.000106858337700855e+00
-8.116193802990644413e-01
-7.772455077853260841e-01
-6.000853749704962992e-01
-2.871257310864566148e-01
-1.000243657581490808e+00
1.936485896687374642e-01
1.000963183679449420e-01
-6.000413931427578396e-01
-7.051360604888050679e-03
9.998900514660078453e-01
1.973831185430294510e-01
2.039163521297276405e-01
-3.071989509979840619e-02
-3.885721209230530993e-01
-2.536317428961796239e-01
-2.618925709737259244e-01
4.092268356524992878e-01
-2.976169244402934733e-01
9.999539820200892271e-01
9.999916170976271834e-01
5.227073746784299813e-02
2.048310713216498213e-01
2.019920131860565293e-01
-5.628425967515951478e-02
-2.566060949041856221e-01
-5.999906855270890071e-01
-1.000158159244395550e+00
2.128690599578259846e-01
1.156458715584573506e-02
