-5.997993831667723930e-01
-5.998895460187887441e-01
1.000060975844529576e+00
-4.968466750893605482e-02
-9.999448689775033428e-01
-8.111645009865919853e-01
-6.000320668390597412e-01
1.092803630702155783e-02
-8.036129391623330065e-01
-2.394313549055835100e-01
1.000055111586022477e-01
-1.000184437601110643e+00
2.002388336324995577e-01
-5.758467044052374695e-02
1.992938539522592645e-01
4.059777941392098133e-01
-9.572062301174525528e-03
-9.995511857174730341e-01
2.035932553851670379e-01
1.381517819973141215e-01
4.031029940552484092e-01
4.028944964692042774e-01
-2.439382409709787425e-01
-7.823789810558210434e-01
-1.000067031452347210e+00
3.979007528855824649e-01
-3.529026939892244141e-01
-5.999143437175593618e-01
-2.926939950540638491e-01
9.988365929539053112e-02
-1.000026907517199914e+00
-7.888600387598233565e-01
-8.083081665388145431e-01
-1.000000565397940244e+00
4.048159722044387260e-02
9.999141518555970665e-01
-1.000039438442177575e+00
9.999849897578680924e-01
3.964644762538520606e-01
-5.999941701514805992e-01
9.999036088789703403e-01
-7.894226398368886510e-01
-2.873136681139075721e-01
9.982855612438297499e-02
-3.713547527013279503e-01
4.024485394855724651e-01
1.000225591750602966e-01
9.995564495572763219e-02
9.994386892899656538e-02
2.059429595180406192e-01
-1.000158749960973203e+00
-7.844172617727793728e-01
4.035086980030290205e-01
3.941518618326488310e-01
-2.997957454947049460e-01
-1.000130701057072358e+00
-7.962432124562925928e-01
3.874125531745040707e-01
-8.974227753199210886e-03
-9.998679111919223095e-01
4.290164293607341001e-02
4.100129988145163606e-01
-9.998807355746808234e-01
-3.239933390696457804e-01
-1.000052996367869040e+00
9.993730662344026128e-02
-9.999531981257674396e-01
-1.106039881648661176e-02
-7.949123944789783236e-01
4.147868192784184838e-01
-5.999450239714083644e-01
-2.441742841774839634e-01
1.000258614130166007e-01
-5.551862602912102651e-02
2.063123311314606911e-01
1.001172228936586250e-01
2.131910587212599850e-01
1.000090727929972889e+00
9.398123402481079261e-03
-8.055735123290636013e-01
4.087095138497207070e-01
4.000600760764017605e-01
1.984746178681890127e-01
2.055278425011909382e-01
1.000118982266955392e+00
3.868716958470075351e-01
-9.997658847347830058e-01
-5.999484173447370283e-01
-1.000039772764003132e+00
-1.892422275676073490e-03
-1.000032706989550713e+00
1.000408730516988837e-01
1.000997331355611003e-01
-6.000441714354879386e-01
2.922413236457661878e-02
-8.203485869859589164e-01
-8.087654470523200079e-01
-2.974151005455811791e-01
3.942418189246865157e-01
-3.479499227627873559e-01
4.071212262666850101e-01
-7.952107544907001113e-01
-4.052420809487704556e-01
9.992320414055703981e-02
1.000585377061405379e-01
9.998739734752190023e-01
1.101840278001854911e-01
3.986959933032697689e-01
9.993853760665764863e-02
-3.541645732999532115e-01
2.159466243518294304e-01
-2.362623603575330078e-01
-5.999202982084024249e-01
1.000178478558548356e+00
3.970723577171890728e-01
1.866660837010606089e-01
1.001235700806039630e-01
1.000128184008010734e+00
-9.998711232392082371e-01
4.055333597285260550e-01
1.000072148599185473e+00
4.107971105548817725e-01
9.995503857347258492e-02
3.892273172172665552e-01
-6.001406869127942079e-01
3.979503408094378636e-01
-2.316530142414016669e-01
3.993354070895410723e-01
1.000141075248446310e+00
1.000094077337117193e+00
9.983376971968715985e-02
1.819728277350305123e-01
4.055890597758868843e-01
-8.089966874998903990e-01
1.000808577294849677e-01
9.999380311192731519e-01
1.000090711432260360e+00
-9.999435000646773597e-01
-5.999291091284475463e-01
4.085754169906000710e-01
-2.071798688935192964e-02
4.116331990625871073e-01
9.994297834078118281e-02
3.931230391097995658e-01
-5.672762336885098927e-02
-2.507884267179452675e-01
-5.998942677125378431e-01
2.268074963597621063e-01
9.999860723639337756e-01
-9.999131521576485326e-01
-7.798912455995044013e-01
9.999262744436383521e-01
3.948983268201182173e-01
-6.001305415517285136e-01
9.998814359073809888e-02
-5.518415844582863494e-02
-2.168213973467598144e-01
-8.069622680726107333e-01
1.922415514903937361e-01
9.995344579372934801e-02
1.000073042998125272e+00
2.058799382411314327e-01
2.035319445907019797e-01
-2.934271313162149508e-01
-9.999722744729898638e-01
1.882000458052131842e-01
3.814731533988857115e-01
-8.164091373501389803e-01
2.028274799341917567e-01
1.000063815054890171e+00
-8.067535201591691241e-01
-5.999506488174657370e-01
-9.999490479436837775e-01
4.074470088368487702e-02
-3.434526792707167098e-01
-6.000742333884301338e-01
2.296935273097393173e-03
1.985761685744458216e-01
-9.999705472665825212e-01
1.000061527900057978e+00
-7.939316811945246188e-01
4.054565385939150612e-01
-3.165633181074908875e-01
9.999535529483416507e-01
-9.999843694620582646e-01
-2.305777115140960828e-02
2.063916640639615052e-01
1.001343690865979102e-01
-8.077991255069055798e-01
-2.970296931009467345e-01
5.049527655525237052e-02
-3.718822883493550502e-01
1.977973509926053142e-01
9.670723332592272292e-03
-6.000549016908753863e-01
-5.999991540240507959e-01
4.027374143401050155e-01
9.999610228067057349e-01
9.992343313618633205e-02
-3.411573508349965977e-01
1.972430444597266797e-01
9.995157337664173358e-02
1.001280994049025819e-01
-7.907287084462687465e-01
-5.999369356840752454e-01
-5.998731037408380207e-01
9.999532405379083499e-01
-5.999796319026142744e-01
-6.000720736285048984e-01
1.000102018568996165e+00
2.181430889468835566e-01
-8.023971719307382289e-01
3.850624416119577953e-01
1.257481268606864058e-02
2.144053490324489830e-01
-8.170577771392280031e-01
-1.000093517966072154e+00
-7.943426621818838740e-01
-1.000149700923589347e+00
1.000102435377324017e+00
1.000039812205435030e+00
-8.020768762005293651e-01
-2.825441124989896413e-01
4.208030504614515555e-02
-8.066533404385862749e-01
9.998734443510058911e-01
-6.000706213182182003e-01
9.983322280697010109e-02
-9.999780208192342590e-01
4.115598669788234076e-01
1.835906224548803090e-01
9.998222315712049779e-01
-6.001956192146559177e-01
-6.001220391572176238e-01
-3.020683975393064213e-01
1.000029767477874421e+00
1.001001564250611070e-01
9.999569685278736353e-01
9.999162865353132812e-01
-1.000060918526981313e+00
4.156737526834271557e-01
1.000917636474297073e-01
4.064993567267704000e-01
1.000562490462326148e-01
-3.015497549188471751e-02
2.040176568607789467e-02
2.081088295156554580e-01
3.935957612509958237e-01
-7.925441715985014346e-01
-6.000109036741289037e-01
4.013375421911790086e-01
1.000029219678169712e+00
6.879442250323232477e-02
-8.017630786608520577e-01
4.186491684519224044e-01
-2.373437074159460980e-02
1.978368952229281053e-01
-9.998558587912047546e-01
-2.577213407989025762e-01
3.885991113447477829e-01
1.965522522978709885e-01
-3.164373512527204890e-02
1.000130563389503013e+00
9.999437954866574607e-01
1.000051908233845044e+00
1.000038999800425960e-01
-6.285859743755094209e-02
-1.000076278728787793e+00
-2.414906796799290711e-01
-3.140111881687514539e-01
1.000127246298838202e+00
-8.038654359517555248e-01
-7.898927326540612359e-01
-6.002067991710258177e-01
-3.481325571658444584e-01
-9.999423674402012630e-01
1.842126886132226526e-01
9.990906274809523147e-02
-5.998859538519546453e-01
3.362148135329451337e-02
1.000042824979718858e+00
2.004197849109839447e-01
2.009396776299167686e-01
2.124965027474647050e-02
-3.104582042888979210e-01
-3.258457400083470956e-01
-3.091314690388309860e-01
3.979126577650774488e-01
-3.023805943312354860e-01
1.000093370310084495e+00
1.000101819884059884e+00
-2.888444202997300647e-02
1.967647655656193928e-01
1.855230419471926850e-01
5.385387790026836818e-02
-1.960990880176041729e-01
-6.001126140916166474e-01
-1.000064813012285336e+00
1.789441934637939491e-01
-1.573064871251332250e-02
