-5.999456297885701339e-01
-6.000499350440353652e-01
9.999606308227699802e-01
-1.253033734194115290e-01
-1.000016869367491568e+00
-8.051200369187795358e-01
-5.999577213166743528e-01
-2.579082122800207058e-02
-8.055312030356996944e-01
-2.485968465470673461e-01
1.000697365768375285e-01
-1.000027993390310010e+00
2.023704636066752105e-01
9.262756572127106569e-03
2.047450298523851020e-01
3.930903940656884088e-01
6.951586499552515896e-02
-9.999005571774605139e-01
2.065206992887746451e-01
3.759054724323343533e-02
4.104873735763717169e-01
4.027357035078646397e-01
-2.916035228114954303e-01
-8.058824942127789104e-01
-1.000020949540594950e+00
3.995748596989618373e-01
-2.773775152800770361e-01
-5.999143601145304761e-01
-2.993075506832587607e-01
9.998852327631227443e-02
-9.999252896989598849e-01
-8.111083974587580681e-01
-7.989095227785025788e-01
-9.998864366332176346e-01
-3.083741777584431132e-02
9.998331642056603741e-01
-9.999236869412069240e-01
1.000062246441068670e+00
4.000921048209266639e-01
-6.000220604260608770e-01
9.999806777969120208e-01
-7.937721363637463279e-01
-3.175864612696914779e-01
1.001022414748014566e-01
-3.130467802367035701e-01
3.981071100463294266e-01
1.001081151458677043e-01
9.992791902226433320e-02
9.999848818589904265e-02
1.931823100101462409e-01
-1.000103838086551677e+00
-8.039572333181392860e-01
3.970840376705471186e-01
4.000479071190208846e-01
-2.563552056142462399e-01
-1.000007844672803570e+00
-7.920827023798426847e-01
3.964170901253096235e-01
-4.461133109285439491e-02
-1.000015193000032054e+00
2.654089848714408922e-02
3.921416540068855539e-01
-1.000108912233140357e+00
-3.908691363449411926e-01
-9.999118311971241235e-01
9.998988005853265415e-02
-9.999271592734638725e-01
-2.040405983899790110e-02
-8.007697668368892741e-01
4.118989248967214745e-01
-5.998877092734500316e-01
-3.325950205422407158e-01
1.001211057760869882e-01
-4.355402860978672269e-02
2.069710909171745272e-01
1.000800147597203371e-01
1.915374350058411113e-01
9.998230176023297222e-01
-5.872135322412555536e-03
-7.921700294965327016e-01
3.807198676614542143e-01
4.036962587858282103e-01
1.990193219770561295e-01
2.144626544930094136e-01
1.000086797634888613e+00
4.085980176312418721e-01
-1.000157274781156902e+00
-5.999647454244170230e-01
-1.000046210844541372e+00
1.396983999752476890e-02
-1.000252695834880301e+00
1.000796204526420430e-01
1.000410655419206457e-01
-6.001580087634389438e-01
-4.340110773479687305e-04
-7.991124367862252331e-01
-8.056684967898635197e-01
-3.211547285517830641e-01
4.166130434213428102e-01
-2.616169243010200152e-01
3.996855170876172370e-01
-8.119407626823783586e-01
-3.024957995727902138e-01
1.000121704900228253e-01
1.000296052808869740e-01
1.000113207988203579e+00
-2.553404613122702352e-02
4.077881311775265472e-01
9.997337994281497997e-02
-3.375752988224368645e-01
1.911179789187999190e-01
-3.148648035045558125e-01
-5.998301880200759273e-01
1.000064859096431169e+00
4.093964308569355004e-01
1.952178682812095722e-01
9.990574317054511100e-02
1.000079070039047169e+00
-1.000045603488789014e+00
4.022653098084034151e-01
9.998794193195089663e-01
3.807727041779093713e-01
9.986759764669680961e-02
4.042742437435532521e-01
-6.000667541550385176e-01
3.917467983314076863e-01
-2.917489561205458548e-01
3.871868267747478609e-01
9.998790319681574168e-01
9.999528706894860175e-01
9.995967714492220990e-02
2.001877548539460483e-01
3.823206379677141498e-01
-7.908799734842947293e-01
9.987996437378333925e-02
9.999311698189459197e-01
1.000052801522315127e+00
-9.999741325885799226e-01
-5.999731824460289298e-01
4.054748626079692775e-01
-1.326799819581283568e-01
3.851480838490186631e-01
1.001372845765242520e-01
4.085483713568638930e-01
-9.103859346887691051e-03
-2.949412100772899614e-01
-5.999884489375406638e-01
1.940380939307533581e-01
1.000121468968427241e+00
-1.000151653189697010e+00
-7.989450846260176542e-01
9.999271263823427125e-01
3.964366348560570685e-01
-5.998618609855833617e-01
9.992723599104012810e-02
2.011895510610196836e-02
-3.276969141034382083e-01
-8.072147076197334625e-01
2.020421252526272693e-01
1.001001885177185691e-01
1.000155729476038147e+00
1.987091614531811268e-01
2.006109141624208281e-01
-2.834523441112684061e-01
-9.999836994546847935e-01
4.293400936176889476e-02
4.152186675981699993e-01
-8.165529531460065105e-01
2.064289550789754346e-01
9.999975773261938761e-01
-8.127301609274952821e-01
-5.999047770539230884e-01
-9.999667302595627305e-01
-5.261734830735377566e-02
-3.160346050535016160e-01
-6.000443966890879333e-01
-7.776378525541170761e-02
1.892622986149402053e-01
-1.000086925241664204e+00
1.000075595812300655e+00
-7.996492506050002502e-01
4.059110975896936258e-01
-3.179854466091655563e-01
1.000141574947641887e+00
-1.000096199689133325e+00
-1.299572059452406420e-02
2.023186006705873785e-01
1.000041615885626789e-01
-7.902579149928934399e-01
-2.526356442282757797e-01
-2.477456105709999190e-02
-3.574793845475109366e-01
2.010890766870659374e-01
-3.381304030357058094e-02
-6.000369136358888467e-01
-5.999486198578320995e-01
4.000319044708180449e-01
9.998432326062997033e-01
1.000135776525531428e-01
-3.495634499012908458e-01
2.254654553684600771e-01
1.000551938060269958e-01
9.992863441570697114e-02
-7.987145537904096759e-01
-5.999794295839280256e-01
-6.000560846753403288e-01
9.999308215950967194e-01
-6.000381560770136069e-01
-6.000787678861859709e-01
1.000039639599061836e+00
2.030934251550032266e-01
-8.006715171372694728e-01
4.141783757316411241e-01
-1.741787801446379597e-03
1.908722313586289354e-01
-7.784646200746297984e-01
-1.000054152979446220e+00
-8.006115776788472749e-01
-9.998674574539760940e-01
9.999062769597392153e-01
9.999863510685145229e-01
-8.194853751483990312e-01
-3.637401676846511167e-01
5.391269544529253034e-03
-7.938663049158835028e-01
9.999905247010558718e-01
-5.999253522025723706e-01
1.001663868407361990e-01
-1.000035500050953985e+00
4.089743230549692243e-01
2.194240204650570181e-01
1.000047982253748247e+00
-5.999370382914926969e-01
-6.000620359885879829e-01
-3.809691354727154367e-01
9.998582930623732823e-01
1.001578827129546989e-01
9.999061814417758987e-01
1.000143470894777398e+00
-1.000100774536316406e+00
4.064200934940312981e-01
1.001173015068612671e-01
4.120313674211286137e-01
1.000350818025274174e-01
-2.944256786307563808e-02
-1.898594662596110594e-02
1.979770518706298332e-01
3.990760340005394258e-01
-7.951633537068000246e-01
-6.001593231354257485e-01
4.032804996695544819e-01
1.000091306910234179e+00
-8.269563920536929236e-02
-7.993506252477848850e-01
3.848809789108493251e-01
-3.622466978001342985e-02
2.054943891350822505e-01
-9.999594947714049997e-01
-1.820439354289848377e-01
3.852120142529101843e-01
2.034066426396013982e-01
5.532974189778958052e-02
1.000025358861533986e+00
1.000055544254441875e+00
9.998973088836399237e-01
9.995843761187861443e-02
4.806419269668031624e-02
-9.999537404650294947e-01
-3.574002566743200715e-01
-2.877906049362412011e-01
9.998704616574812798e-01
-7.877530541704492739e-01
-8.012711743991099977e-01
-6.000396367189447799e-01
-3.025792755600207884e-01
-1.000057039797059177e+00
2.056862935715251806e-01
1.000485319319029814e-01
-5.999976432542069027e-01
-2.934361983504323035e-02
9.997988200877927500e-01
1.982023060836793915e-01
2.057987269571039390e-01
1.461838041307310723e-02
-3.904161423434445721e-01
-3.175882079057764096e-01
-3.440454471748078391e-01
3.942603771325151607e-01
-2.382784909287745945e-01
1.000126190691437822e+00
1.000022809300594284e+00
2.761853988385713082e-02
2.064790716188389663e-01
1.954811186074868201e-01
5.039201835462936430e-02
-2.576275215210644953e-01
-6.001146766628671081e-01
-9.999933073337301526e-01
1.979293025009412621e-01
7.452301587489389145e-02
