-5.999344475374298602e-01
-5.998624391733258232e-01
9.999848327547321558e-01
-3.353496831300757045e-03
-9.999151441459154244e-01
-7.913400335875401259e-01
-5.999828482652360684e-01
-7.675481959489510730e-02
-8.073856536801538031e-01
-3.168220962222984549e-01
9.989066752747086109e-02
-1.000035591414291547e+00
2.003298706990227773e-01
-3.844892484889213952e-02
1.921007460951547896e-01
3.987851568437277838e-01
-6.579386505552219100e-02
-1.000132947087551516e+00
1.931378922094477701e-01
4.514423603689945996e-02
4.010827152395816664e-01
3.965104504069379976e-01
-3.296727061009843696e-01
-7.964602522747731284e-01
-9.999507395044283653e-01
3.982112717993093187e-01
-3.302621877667169525e-01
-5.999302780445796568e-01
-3.017836231550595771e-01
1.001015943374311962e-01
-9.998709663480535026e-01
-8.000419644661825869e-01
-8.046606696243829848e-01
-9.999715485606122112e-01
-5.845840847437098337e-02
9.999869407704212732e-01
-1.000068402422523706e+00
9.999906351625911238e-01
4.048964675099323007e-01
-5.999067472145531710e-01
9.999550235640625173e-01
-8.017588038086898017e-01
-2.553558444113214754e-01
1.000543928153506540e-01
-2.743464882976097696e-01
3.962227877108587260e-01
1.000238969415637585e-01
1.000578683111774392e-01
1.000403348732674946e-01
1.934490996767049553e-01
-1.000239195856581720e+00
-7.871020229425147452e-01
4.033828794367363968e-01
4.075765156514107312e-01
-3.567399588672037769e-01
-1.000098175716712667e+00
-7.923429477869199378e-01
4.111140998647939693e-01
4.357976014286651240e-02
-1.000106700539720395e+00
4.632122784600002825e-03
3.839027654652784616e-01
-9.999115504719573444e-01
-2.980530155740203080e-01
-9.999405308628379618e-01
9.998409682341770355e-02
-9.999897132178899861e-01
-6.786690187343071348e-03
-7.924754475169819568e-01
3.857842451633056724e-01
-6.001745742886811508e-01
-2.647161261755793249e-01
1.001674410310134100e-01
3.841704674228449412e-02
1.993507185664915304e-01
9.998054698511453509e-02
2.068279864789222822e-01
1.000040409024716803e+00
-6.579568842756351732e-02
-8.048595992798895926e-01
3.946466632216041326e-01
3.865815978395232277e-01
1.989450404777872994e-01
1.818040262180501687e-01
1.000120843727942743e+00
3.976705332358747569e-01
-1.000108714348071137e+00
-5.998380241885813424e-01
-9.999645232313731924e-01
4.488115526603549121e-02
-9.999641202981015553e-01
1.000825838978850468e-01
9.998720447720452209e-02
-5.999670390457474412e-01
-8.943737149261023200e-02
-8.291589701123343037e-01
-7.785757487169364666e-01
-1.988854532854971158e-01
4.085338932363312137e-01
-4.127536749740799427e-01
3.825914186203780987e-01
-8.018239648778922035e-01
-2.333206304226868588e-01
1.000842279206385910e-01
9.995293634775948011e-02
1.000042313733354282e+00
2.036731191302294797e-02
4.135633776981068599e-01
9.985698542240285802e-02
-2.661153687743577634e-01
1.892802152911488289e-01
-2.275607585529877408e-01
-5.999755759039725467e-01
9.998945706553192814e-01
4.002202383142666187e-01
1.805330815808152689e-01
1.002048723675228042e-01
1.000053717975331935e+00
-9.999956525135319518e-01
3.919891343610539258e-01
9.999954469085973185e-01
4.008862296458288732e-01
9.991048604139590728e-02
3.935637737953607274e-01
-6.000968791959633286e-01
4.007203541012007153e-01
-3.917773944678324405e-01
3.854740735894239823e-01
9.999369174599057608e-01
9.999915842386561948e-01
1.000002766454647918e-01
1.926615523403901187e-01
3.889245609323766506e-01
-7.945012332396838017e-01
9.998059501839066943e-02
1.000058377086540551e+00
9.999441372631825420e-01
-1.000068082683159831e+00
-6.001729315449915170e-01
3.951192873853615062e-01
3.617594752925135798e-02
4.081570627092378500e-01
1.000587734700712772e-01
4.024391732753833661e-01
-7.268401721349446176e-03
-2.711800873954968716e-01
-5.999921535483054846e-01
1.855843313736855460e-01
1.000008928040664324e+00
-1.000106529399086952e+00
-8.125131826836410331e-01
9.999383606421564652e-01
4.054947418831443273e-01
-6.000452393841527732e-01
1.002835465229670042e-01
6.985490816633636857e-02
-2.863983113382204126e-01
-8.066033104631464834e-01
2.058556492483504252e-01
9.997728769681701877e-02
1.000115541779244666e+00
1.912600339227290280e-01
2.182553232150797606e-01
-2.468936450050907561e-01
-1.000035020819879827e+00
1.189368758437693921e-02
3.923930924250348395e-01
-7.700677895722987110e-01
1.938267907351137465e-01
9.999881400349239780e-01
-8.065569251638777803e-01
-5.999055488640276934e-01
-1.000117968581446082e+00
-3.737149633529204124e-02
-2.768111301162268223e-01
-5.999477550306345774e-01
-7.168094725195185007e-03
2.199731223308668548e-01
-1.000089973514721287e+00
1.000230636222447567e+00
-7.805549305374324121e-01
3.859796308107313889e-01
-3.015568667860137331e-01
9.998775484621315046e-01
-1.000211204389869657e+00
-5.555127098403788571e-02
2.223841019959965637e-01
9.995852946902403224e-02
-8.251101829993776615e-01
-2.747671552965409991e-01
-7.331085552098463853e-02
-3.169920671447828964e-01
2.065882398293805433e-01
2.050546202514239372e-02
-6.000353174684093238e-01
-5.998785632312452210e-01
3.989771233717273602e-01
9.997797646314957598e-01
1.001724481452048593e-01
-2.944915631612698426e-01
2.087727194739130709e-01
1.000264880316367039e-01
1.001014800594041271e-01
-7.773384461163793668e-01
-6.001037932317571100e-01
-5.998376653184580576e-01
1.000059866598316471e+00
-5.999723998380158685e-01
-5.999267262474889950e-01
9.999213581332175860e-01
1.923067629448039217e-01
-8.201028268577816860e-01
3.915829260306726844e-01
6.052209502817632036e-02
2.021538969612229897e-01
-8.224959080910930753e-01
-1.000047545852330799e+00
-8.077568657724298884e-01
-1.000097875828569682e+00
9.999630244269410717e-01
9.998296945660722912e-01
-8.070481760006049665e-01
-2.672913985782489066e-01
-2.838651426670552036e-02
-7.923589476814142385e-01
9.999791772934494283e-01
-5.999122793539236609e-01
9.991135037338499947e-02
-9.999934651747284242e-01
3.937211575526947671e-01
2.045460424714529157e-01
1.000107442939293989e+00
-6.001050091678935550e-01
-6.000874880000180989e-01
-1.700262686183685035e-01
9.999940717123596556e-01
1.000299709872434217e-01
1.000031861136314149e+00
1.000129512379751340e+00
-9.999889707939874084e-01
3.815567228399909250e-01
1.000058627803518119e-01
4.133546617488762509e-01
1.000015246884472936e-01
-9.369977368934576112e-02
8.699923230772776961e-02
2.020587137804985278e-01
3.851816904631672478e-01
-8.109411418703679209e-01
-5.998499607044164295e-01
4.044447236406404356e-01
1.000066234628673278e+00
5.826869298870950703e-02
-7.987515333764697578e-01
3.822465969858726553e-01
6.014630855832912154e-02
2.036653137502511812e-01
-1.000088422749729533e+00
-2.579744713035918569e-01
4.241337341222928270e-01
2.104085034872194560e-01
-3.528965940762434500e-02
1.000017818473967646e+00
9.999901466842621156e-01
9.999675560347958125e-01
9.992310937998483134e-02
2.584819486571487968e-02
-1.000034773656149012e+00
-3.393528185874771785e-01
-3.198037807973372892e-01
9.999973800890545883e-01
-8.004000863022235901e-01
-8.168081328039529243e-01
-5.998360754459173272e-01
-2.534438416650355297e-01
-9.998446651095167503e-01
1.972905274398169817e-01
1.000477521314202950e-01
-5.999908030614649057e-01
5.600283639651588985e-02
1.000057897984828248e+00
2.196668866703669620e-01
2.000753266363209104e-01
-4.072734971443930929e-02
-3.424944326140418327e-01
-2.778607440854834465e-01
-2.508998897275985240e-01
4.104126146879987225e-01
-3.410563062589564431e-01
1.000037331089875581e+00
1.000037953913316624e+00
7.166901084570860558e-02
2.162557680561310869e-01
2.142633400578273783e-01
2.804648876534659389e-03
-3.675366450185115763e-01
-6.000793429221106257e-01
-1.000063603509316446e+00
1.897578274732197590e-01
6.352763904162188335e-02
