-5.998959716587526358e-01
-6.000460582439643975e-01
1.000049628898881160e+00
-2.993634552874812130e-02
-9.999976370579559681e-01
-7.928879256442504797e-01
-6.000364859825988439e-01
-6.113296822733464003e-02
-7.925662435237759151e-01
-2.788716397548613446e-01
1.000595965823128930e-01
-9.999645134034693683e-01
1.899843015294082615e-01
-7.141786089712084951e-02
1.982683914130491387e-01
3.913958185393122124e-01
1.979464263470236823e-02
-1.000149600719058007e+00
2.000811282459208917e-01
2.482406390359660764e-02
4.065574328903177603e-01
4.031700610212316516e-01
-2.694551608002336840e-01
-8.267458806668214200e-01
-9.999894869294786437e-01
4.149664729668898766e-01
-3.577982785268858379e-01
-5.999828159167991393e-01
-3.740302376971587073e-01
9.993910113551843222e-02
-9.998563835340892325e-01
-8.078727954253465127e-01
-8.053509083883120256e-01
-1.000076423709039153e+00
-2.080870416641395979e-02
9.998684836850449953e-01
-9.999987434620486448e-01
1.000119501123115651e+00
4.114117165674081034e-01
-5.999750552577584051e-01
1.000104768394752375e+00
-8.085774664592602079e-01
-2.266472376077259265e-01
9.991304749952316377e-02
-3.730369161212993001e-01
3.745818861536011068e-01
9.999387485877433979e-02
9.999750115339274548e-02
1.001222854556406555e-01
2.074315803188411800e-01
-1.000014778452381403e+00
-8.115553609179934069e-01
4.144546186234606688e-01
3.888638219548967156e-01
-2.657184491419825600e-01
-1.000154079217101977e+00
-7.926945133633799268e-01
3.993762780573125726e-01
-7.964623336545332069e-03
-9.998588783498265631e-01
-1.644179170085291117e-02
4.004311024233315197e-01
-1.000020571913609047e+00
-2.586332425952179159e-01
-9.999264520358772668e-01
1.000612057113404035e-01
-9.999858611746323955e-01
2.297408328997032484e-02
-8.049476272575454283e-01
3.995462640529010012e-01
-6.000141117370751953e-01
-3.551407162306475240e-01
1.000263008080801014e-01
6.393413672868750869e-03
2.116030896617053236e-01
1.000697536840342017e-01
2.056220904318723786e-01
1.000050023043552061e+00
8.679665045143650573e-03
-7.833813002104563772e-01
4.229398374952519357e-01
4.059034044391587881e-01
1.917740504982760608e-01
2.017231994694705932e-01
9.999248785354249991e-01
3.936694425633929240e-01
-9.999725835477488722e-01
-6.000049768610750123e-01
-9.998647164786008679e-01
8.725145039952484152e-03
-1.000151322536305232e+00
1.000392334967172003e-01
9.990723154026678876e-02
-5.998989898010359534e-01
-2.832197539010250509e-02
-8.033288627087842304e-01
-8.171662474707753754e-01
-3.491714653379927591e-01
4.048372213683789633e-01
-3.033409370153959950e-01
3.993595645892145662e-01
-7.981758535162636337e-01
-2.121834542310215288e-01
1.000384144239880729e-01
1.000667930856691118e-01
9.999399560934141284e-01
-1.492604855126748037e-02
3.999934566443137385e-01
1.000277105575882175e-01
-3.142673495829101382e-01
1.935025604103432217e-01
-3.107446587257385318e-01
-5.998356909718807195e-01
9.998851843884087875e-01
4.044385813850028266e-01
2.057877667536637256e-01
1.002062345032430357e-01
9.998795115723333460e-01
-9.999543894474397510e-01
4.041377128703839139e-01
9.998726230549714877e-01
4.021682269147888733e-01
9.991511411379438989e-02
4.034103355673304692e-01
-5.999965311562182047e-01
3.868857876007903429e-01
-1.696915422509534810e-01
3.965644070730643955e-01
9.999557636314451159e-01
1.000122446801977150e+00
9.997750250588093024e-02
1.775370916355315520e-01
4.150641732139654372e-01
-8.067804518132312142e-01
9.982597122584224714e-02
1.000057389062395385e+00
1.000071808309808796e+00
-9.999542320668274309e-01
-6.000642200239586499e-01
4.057214045062745855e-01
5.488969942931054558e-02
4.055362318090542928e-01
9.993349753634396537e-02
4.046863162434514161e-01
-1.443835076495440274e-02
-1.705023781869908772e-01
-6.000871833973021596e-01
2.044816756039807282e-01
1.000192866343503129e+00
-1.000027012539467242e+00
-8.113898156269734319e-01
9.999932678469273251e-01
3.930602570088561065e-01
-6.000759738757927009e-01
1.003217984968532844e-01
1.907529477720583400e-02
-2.926046866825166015e-01
-8.229169118493114832e-01
2.000459475846044222e-01
9.976010200112428450e-02
1.000057295371482358e+00
1.872786434921455967e-01
1.953121362639938519e-01
-1.903624074866752114e-01
-9.999422703792499867e-01
-2.292107878555800504e-02
4.031588837047300755e-01
-7.940994284554536708e-01
1.978365110585729725e-01
1.000103661259335919e+00
-8.002605474298153387e-01
-6.001602049131458116e-01
-9.998285139830366264e-01
-5.718497313000255045e-02
-3.287987036657378237e-01
-6.000158785835535413e-01
-9.217471894599871263e-03
1.847020603062368427e-01
-1.000055151678096887e+00
9.999399056494714388e-01
-7.956152790931365626e-01
3.935134221671964805e-01
-3.297686419089046472e-01
1.000120964606985297e+00
-1.000012109933097193e+00
3.823307633380404469e-02
2.049308127950133229e-01
9.995856313185046138e-02
-7.982498817063813368e-01
-3.102324964064017143e-01
-5.301062742744832440e-02
-3.169146059009757543e-01
1.911479589969961590e-01
-3.470196816988768782e-03
-6.000964144019571567e-01
-5.999103620657154634e-01
3.985247004308968277e-01
9.999708794840687087e-01
1.000008400231111733e-01
-2.619064631291860845e-01
2.058766788325404606e-01
9.991995299073480608e-02
1.000872458311987956e-01
-7.961808739674833824e-01
-5.998173324453447419e-01
-6.000186094820917360e-01
9.999329000598493611e-01
-5.999547864063067282e-01
-6.000151982748916923e-01
9.999775690085979107e-01
2.052753009748425617e-01
-7.971014392598955167e-01
4.116361160294687571e-01
-1.032431432754509493e-01
2.138615295693016005e-01
-7.999137311445070342e-01
-1.000097720782423982e+00
-7.975117525758994574e-01
-9.999494834307257607e-01
1.000149303699313430e+00
9.998763836890036671e-01
-7.975889520332621885e-01
-2.338066336602084294e-01
-9.873977439276700185e-02
-8.091992689210110168e-01
9.999228408086522357e-01
-6.000562775414454153e-01
9.999681587845234143e-02
-9.997662387531801587e-01
3.918279543444825319e-01
2.186723045252626507e-01
9.999339004279897969e-01
-5.997988708603176899e-01
-5.999165144965569185e-01
-2.209234135800891563e-01
9.999645562209306116e-01
1.000294468078330307e-01
9.999972675416980428e-01
9.998951465435537145e-01
-9.999252247596973620e-01
4.040315549992044009e-01
1.000457390662390783e-01
4.032024625655821759e-01
9.982257136634198336e-02
1.073164634750740920e-02
-8.313191487921823761e-03
1.930424808318046692e-01
4.062059624416629600e-01
-8.016400541442397776e-01
-6.000100939470255357e-01
3.829803729463117090e-01
9.999444166870964379e-01
1.183313990364627706e-02
-8.149528417374110045e-01
4.055586175886019551e-01
-1.408106233746160563e-02
2.043793125712935477e-01
-1.000089913892545423e+00
-2.817081940337267665e-01
4.087776521651306783e-01
1.993269217260294490e-01
-5.662834369007407886e-02
9.998611738585637676e-01
9.999335832596827345e-01
9.999646964087397505e-01
9.997217459778827420e-02
-4.049868766390624444e-03
-9.998874548864984391e-01
-3.041819519556322460e-01
-3.236051827569879080e-01
9.998756161537639686e-01
-7.986776088667905116e-01
-7.956517679493950723e-01
-5.999641584822283935e-01
-3.256799969214972390e-01
-1.000294227877856823e+00
1.892003875450581352e-01
1.000592427389350725e-01
-5.999494955795525719e-01
4.448439998409037949e-02
1.000034111957728733e+00
2.048442107085595709e-01
1.973256112966323694e-01
6.531148042274200274e-03
-3.284186057577009321e-01
-3.427298902448585594e-01
-3.667185005833230593e-01
4.047307179296488200e-01
-2.883182893193769747e-01
9.999536821033797596e-01
1.000112756963443816e+00
2.571551580953832612e-04
2.125282014022823185e-01
2.086430727721510503e-01
2.136627852228113744e-02
-2.505495716211801893e-01
-6.000364787418643875e-01
-1.000046293036867207e+00
1.993746597473854409e-01
1.178253587952625275e-01
