-5.999881494025438577e-01
-5.999140742694847317e-01
1.000029405241090297e+00
1.103407984073733611e-02
-9.999785597419000860e-01
-7.867632259425394459e-01
-6.000152622525588564e-01
-2.985536484656397052e-03
-8.145495746021526040e-01
-3.240955358967258504e-01
1.000676477957084670e-01
-9.999074083335802721e-01
2.075540561734091349e-01
-4.534280317105900820e-02
2.061926308364262495e-01
3.953994740026610111e-01
4.488053173961187130e-03
-9.999381550848482902e-01
1.947073529119014712e-01
-4.623199199445401919e-02
3.889927925322976265e-01
3.971601295607464777e-01
-2.433820383787790864e-01
-8.024493116380909674e-01
-9.998588604334887053e-01
3.794907359373609346e-01
-2.119652840871849020e-01
-5.999516362517699486e-01
-3.067608766599145276e-01
9.995872034453570643e-02
-1.000104908100121426e+00
-7.960645399299995928e-01
-7.954319852740872054e-01
-1.000061664516299631e+00
9.026177845097356489e-02
1.000016425982948487e+00
-9.997534892348268754e-01
1.000079306641406651e+00
3.952103321331407737e-01
-6.000519192851343497e-01
9.999664892595667709e-01
-8.162368438323424069e-01
-3.568879525307859790e-01
1.000394306124599425e-01
-3.236958827726219012e-01
3.980432942107034466e-01
9.988353504689435891e-02
1.000259356465591498e-01
1.000425770548548782e-01
2.011084930688929184e-01
-9.998544747897563090e-01
-7.988617710963283880e-01
4.059608526103359316e-01
3.895241680370343240e-01
-3.334487264752581948e-01
-1.000089324597625451e+00
-8.056613358838958794e-01
3.971429696484107263e-01
-1.041545508215068194e-01
-9.999811566907955696e-01
1.925368755344153415e-02
4.099578767926352896e-01
-9.999007964652139036e-01
-2.945600151948936651e-01
-1.000008337775337708e+00
9.978246188543046791e-02
-1.000000880259820146e+00
5.438082447968949594e-03
-7.961880430234133943e-01
3.836524653880205027e-01
-5.998132186542831645e-01
-3.022497146657495692e-01
9.992112016345830461e-02
-8.376852036438650617e-02
1.992156241077941148e-01
1.000387195742051816e-01
2.013119688217312186e-01
1.000097037441608938e+00
-6.789833398482375548e-02
-7.993517976303263772e-01
4.099538103897604757e-01
3.903114210919501059e-01
1.838918494240328050e-01
1.891293104871162867e-01
9.999889410890011598e-01
3.971383707197339574e-01
-9.999675639870072574e-01
-6.000548961954768057e-01
-9.999003430365730472e-01
2.035771489953453264e-02
-9.999944407877318087e-01
1.000130028372074736e-01
1.002041630465635297e-01
-5.998957499253297909e-01
4.312062283300607812e-02
-8.123793575242669318e-01
-7.993802410003311154e-01
-3.729543138848101513e-01
3.917040303740838558e-01
-3.030493880774621229e-01
3.917659835543743085e-01
-8.016786165466384118e-01
-2.981855907316606769e-01
9.999519769853516815e-02
9.996134827281130675e-02
9.999785428472421911e-01
-8.628677638807674688e-02
4.090848859644360402e-01
1.001718016207182593e-01
-3.478642299386636716e-01
2.014496057425648468e-01
-3.753581252905916488e-01
-6.000079422698356701e-01
9.997853279712309860e-01
3.929941739677020318e-01
1.853362030928918103e-01
9.993250729487393458e-02
1.000006745860543722e+00
-9.999679140618102924e-01
3.901976331795109498e-01
1.000044485365718216e+00
3.929127339494827287e-01
9.989149278196265969e-02
4.035264433143401219e-01
-5.999755535902647763e-01
3.909583587455071618e-01
-3.276248359539494226e-01
4.059059980796244083e-01
9.999739038164350280e-01
9.999918284881802455e-01
9.980557306200989187e-02
2.043406591362957603e-01
3.927386056108983503e-01
-8.213821791246497250e-01
1.000353893014812867e-01
9.997905436657423817e-01
9.999729835941727485e-01
-9.999736976189383952e-01
-5.999574046458311383e-01
3.942939941056192166e-01
8.922095161664708729e-02
3.944013562636241033e-01
1.001759580676294947e-01
4.046465791351067653e-01
-1.547848792197462423e-02
-3.228350324161284868e-01
-6.000998369983507885e-01
2.201515824456454218e-01
9.998612938649711346e-01
-1.000129591317219457e+00
-8.073678388684145668e-01
9.999752261667002040e-01
4.032434206890362915e-01
-5.999717319928787873e-01
9.997960237926417637e-02
5.266186953597185028e-02
-3.226766030220298842e-01
-7.900033672746996638e-01
1.955690481034512429e-01
9.987394681661153351e-02
9.998048146742741782e-01
1.953515821121380447e-01
2.012612865596940248e-01
-3.125142416949128754e-01
-1.000132938611965061e+00
-4.101541534989003313e-02
4.133257996497764486e-01
-8.073189818371229176e-01
2.035954342841428399e-01
1.000155347875166134e+00
-7.821172970241685451e-01
-6.001473876577527733e-01
-9.999347782590781719e-01
6.937770671469982442e-02
-3.971906922351855496e-01
-6.000298909516689205e-01
3.943308377007635757e-02
1.920229814651550071e-01
-1.000024009787715107e+00
9.999907876110405436e-01
-8.045731249118026618e-01
4.005231351933675188e-01
-2.752823737763813727e-01
1.000043344790241262e+00
-9.998699529892832727e-01
-2.639308010284491940e-02
2.075115638623905578e-01
1.000885491553092782e-01
-8.163162876936261858e-01
-2.996625365341675784e-01
-4.948939304884385909e-02
-2.294266271754115682e-01
2.097631472136071984e-01
2.131014669979434950e-02
-6.000143125701786762e-01
-5.998153744428421641e-01
3.809116038307193142e-01
1.000006529210169415e+00
1.001044296572296266e-01
-2.579946493592439327e-01
1.923372474110899011e-01
9.998842225058936217e-02
9.998453269587240233e-02
-8.008730000966425289e-01
-5.998940361462354875e-01
-5.999408388973663797e-01
1.000028411286991270e+00
-6.000740951374397003e-01
-6.000220253873604914e-01
1.000020623403296893e+00
1.963966201699626768e-01
-8.090793384084370432e-01
4.070570815861050407e-01
3.782113652500905532e-02
2.307581986919570727e-01
-7.700459017300365083e-01
-9.999536779781569296e-01
-7.856498082336166311e-01
-1.000021336375829462e+00
9.999731439664475419e-01
9.998405070626392721e-01
-8.147799357686653643e-01
-2.867194981861670433e-01
4.638289945534729286e-02
-7.800830670008291889e-01
9.999400057075704673e-01
-5.999543786785843658e-01
1.000216924853283701e-01
-9.999760563791657564e-01
4.137086034360670794e-01
2.157012735216307930e-01
1.000003300509237691e+00
-5.999165321505114390e-01
-6.001987579719484378e-01
-2.601544959894994680e-01
1.000022311778452355e+00
1.000280941489076064e-01
1.000009261307959196e+00
9.999779671485429233e-01
-1.000055011012416673e+00
4.173400453540689892e-01
9.991766705152650696e-02
3.917831574099087666e-01
1.000151295555035819e-01
6.416399434476934178e-03
-2.087169580507308719e-02
2.096688174340319011e-01
4.078293210556652171e-01
-8.102358894062424710e-01
-6.000857369215697457e-01
4.207788937749529223e-01
1.000158713105728125e+00
-6.089552679581979044e-02
-8.122019496255507010e-01
4.058454408899013766e-01
2.407795831832435646e-02
1.968229689859308518e-01
-1.000027982610435684e+00
-2.748951635241325131e-01
3.906488359653964015e-01
1.908442178536723655e-01
2.801974132819157193e-02
9.997854587155142747e-01
1.000020188682004374e+00
9.999543233683185761e-01
1.000463192268356005e-01
6.135199552483033836e-02
-9.998309804762978148e-01
-1.929897241758057325e-01
-3.214551214426541459e-01
9.999234480110031908e-01
-7.942014096640281906e-01
-8.081348063214800481e-01
-5.999294212494021838e-01
-3.483983275985971240e-01
-9.999877209757848107e-01
2.117357065561628060e-01
9.988250346603838592e-02
-5.999263516346241554e-01
-3.153887910969552927e-02
1.000107919111123511e+00
2.048703174452453646e-01
2.005279991539194451e-01
-8.041987032274612243e-03
-3.015514468652166769e-01
-2.836904262568773483e-01
-2.332787299637733014e-01
3.993973650544410114e-01
-2.686119777642906326e-01
1.000166385803525015e+00
1.000038383254600483e+00
4.759546908307290408e-02
2.036922582366546275e-01
2.062936534908330621e-01
-8.477933057858492299e-03
-3.184270272544416081e-01
-6.001024014330881284e-01
-9.999743235650998541e-01
1.994622451154650922e-01
-3.288734945987557140e-03
