-6.000092286746271375e-01
-5.999279140628566154e-01
1.000086284933743297e+00
1.946710535489005328e-02
-1.000043751369634748e+00
-8.099078441513850590e-01
-6.001852093886289596e-01
-2.850688410572559117e-02
-8.029473615634751260e-01
-2.376975471509174265e-01
1.001723199160666489e-01
-9.997833455906083300e-01
2.193972631384295546e-01
1.831884819523432045e-02
2.150353223216621146e-01
4.011651082361769594e-01
-4.296840890253814105e-02
-9.999524506216564967e-01
1.825621343733054569e-01
-4.615841894974026527e-02
4.035889923910583876e-01
4.008244447404135657e-01
-2.208503239494496451e-01
-8.114988393649360532e-01
-9.999470648523681726e-01
3.811774120022813905e-01
-3.434174255456345914e-01
-6.000302139400348622e-01
-3.652725522919326173e-01
1.000624937795771136e-01
-9.998608296225764969e-01
-8.079306564001458302e-01
-8.019405427318279100e-01
-9.997980360232675556e-01
-3.118795432952783941e-02
9.998727509733805752e-01
-1.000069307127630980e+00
1.000038246981145074e+00
3.941516845107880251e-01
-5.999561509316267971e-01
1.000075013736167584e+00
-8.014019446149095449e-01
-3.198740566674392882e-01
1.000347502908437020e-01
-2.574333609317076554e-01
3.826296805487096053e-01
9.997109811205028007e-02
1.000177094541945810e-01
9.986989612181038090e-02
2.064275143243800847e-01
-1.000035623638445781e+00
-8.022386875524407657e-01
4.148846477803125321e-01
4.001233509486821216e-01
-2.480691849267366023e-01
-9.998663242627113812e-01
-7.924327840901165265e-01
4.125026784979953787e-01
-2.327544019243411866e-02
-9.998363349424581603e-01
-1.251387038036754218e-01
3.827788535136056325e-01
-1.000104197358311353e+00
-3.058186800574108632e-01
-1.000044750672084648e+00
9.998603802974118104e-02
-1.000039071077813979e+00
-3.407261377854568091e-02
-7.941772462022858026e-01
3.950577549661238863e-01
-5.998702224831523599e-01
-1.887599503162128989e-01
9.985846735643953698e-02
-2.681334451262246121e-02
1.975198362794026996e-01
1.000391906392213703e-01
2.047382826242635234e-01
1.000074278049361887e+00
4.470615051701033044e-02
-8.013745530278211238e-01
3.945768779664731718e-01
4.170671404291682038e-01
1.916714342344094657e-01
2.041595532310312988e-01
1.000015842219666329e+00
3.895348358590143278e-01
-9.998202333933264851e-01
-5.998508296157251118e-01
-1.000106077657591186e+00
-1.370327155121429941e-02
-9.997828748603391213e-01
9.992417417765261933e-02
1.002105787545847088e-01
-5.999668796679450411e-01
1.426170330263683110e-02
-7.922282526499390132e-01
-8.163634768110618056e-01
-3.915501545090771529e-01
4.084219290124161961e-01
-2.841649075630399701e-01
3.874819147568204225e-01
-8.113812756762640577e-01
-2.301809084970304897e-01
9.997422583963180842e-02
9.990199158303691984e-02
1.000001667562721241e+00
-2.536002073904640441e-02
4.217912559415895601e-01
1.000499566181502625e-01
-4.004777160569087391e-01
2.171925297697246959e-01
-2.971726438239529200e-01
-6.000588246031203221e-01
9.998674246915894015e-01
4.076959302175247601e-01
2.013482426062025155e-01
1.001313585625345087e-01
9.998891950347146285e-01
-9.999225590971213551e-01
3.892257737218350333e-01
1.000174937274918907e+00
3.989036443913261953e-01
9.998278142027743065e-02
4.098394326826633183e-01
-6.001368820726976638e-01
4.000074899847076981e-01
-1.897500314108819808e-01
4.190544588243953483e-01
1.000068180698376219e+00
9.999828420375989069e-01
1.001022730535074540e-01
1.957773170540961227e-01
3.786710532902151094e-01
-8.054338370135586400e-01
1.002586291404329172e-01
1.000034957880535202e+00
9.999538245701745653e-01
-1.000138342194811569e+00
-5.999049150620673343e-01
4.010882940876316360e-01
3.076158244839526448e-02
4.102888707422549519e-01
9.998265230061251230e-02
3.832071304821702551e-01
-5.746411299398987427e-02
-2.656816220783300153e-01
-5.999287150188891138e-01
1.913851245475776952e-01
9.999937970814947175e-01
-9.999028112381608269e-01
-7.909190247723447698e-01
9.997962524544429241e-01
4.078930348933491601e-01
-6.000602673148519584e-01
9.991937572542927692e-02
3.327643156881075065e-02
-3.707884493750270849e-01
-8.084573568907351682e-01
1.871606632178871854e-01
1.000859808720700600e-01
1.000039067112108881e+00
2.001324449074512735e-01
2.180154987447811554e-01
-2.928549085212020509e-01
-1.000156326515685201e+00
-5.837764619938904526e-02
3.954011356505480745e-01
-7.971066363102081720e-01
2.183467341206883905e-01
9.998721601501870948e-01
-7.982182684630898528e-01
-5.999526899620900577e-01
-1.000063616527548938e+00
2.025791924737806865e-02
-3.433357924322086863e-01
-5.999518472623036613e-01
1.154377785022818112e-02
1.997032490763330781e-01
-1.000028861279382841e+00
1.000029223144209833e+00
-7.929213112673594299e-01
3.948623318612073385e-01
-3.202700159397516844e-01
1.000204598358842123e+00
-1.000059256281735420e+00
-4.272721672723881099e-03
1.953496490011469855e-01
9.995706716713236017e-02
-7.894456451139537645e-01
-2.482285321684052359e-01
-8.429172508353782733e-02
-2.741220105971977072e-01
1.907361659987395208e-01
7.256921541411529702e-03
-5.999421739705131928e-01
-5.999906925486112597e-01
4.012158977097736723e-01
1.000145996231444290e+00
1.000117100731438280e-01
-3.153872781230931954e-01
2.091857203896773931e-01
1.000491322909237285e-01
1.002420017332356639e-01
-7.922303563795451975e-01
-5.999862544709382295e-01
-6.000103492027404339e-01
9.999275651898168471e-01
-6.000754589239306602e-01
-6.000466232613956841e-01
9.998965709939309221e-01
2.079437780906258082e-01
-8.037080604556455787e-01
4.028557111721300377e-01
2.211155017040834433e-02
2.014432185625956162e-01
-8.097717555311187976e-01
-9.998866746880201717e-01
-8.094933022866915850e-01
-9.999229638690332322e-01
9.999659571975717531e-01
1.000071766415797203e+00
-8.061059583802054895e-01
-2.677006007445313363e-01
5.378296641931221839e-02
-7.923227312314091719e-01
9.999356193807145132e-01
-5.997505501514337478e-01
9.987262145718572848e-02
-1.000098683540782574e+00
4.150208862213161654e-01
1.985177527726888214e-01
9.999817146745805241e-01
-5.999570959479936239e-01
-6.001115478946668080e-01
-3.580503767079842858e-01
9.998578303732554851e-01
1.001538566601880287e-01
1.000057743820073508e+00
1.000005816415550752e+00
-9.999411518082000905e-01
4.052594091790582276e-01
9.998855625150615545e-02
4.164413999693987178e-01
1.000281791748461185e-01
1.472559611137405633e-02
-1.452309080951228772e-02
2.033702891834860138e-01
3.850714062734429954e-01
-7.969348087989678309e-01
-5.999924283031140559e-01
4.035175720038660652e-01
1.000076837727335910e+00
6.688758626613426628e-02
-7.967905286506671292e-01
4.174558431531339431e-01
1.200367769871024115e-01
1.989447338569204637e-01
-1.000074164471615346e+00
-3.690882101856621245e-01
4.019330706741142123e-01
1.937528653120690336e-01
5.548769760901683251e-02
1.000162193761096274e+00
1.000009820866862187e+00
9.999115146344045302e-01
9.989154833559625579e-02
1.018503262806638027e-01
-1.000032534161596764e+00
-2.488974931458041440e-01
-4.039814247569303296e-01
9.999151739403208117e-01
-8.097345475017200256e-01
-8.103575721638971441e-01
-6.001978713703303159e-01
-3.540995490684546443e-01
-1.000165781232018603e+00
2.043689730107307867e-01
1.001021556098607435e-01
-6.000525394356938103e-01
3.165981846906808228e-02
1.000211247065320164e+00
2.060118081284192382e-01
1.956119286095168996e-01
-3.195480789324595117e-02
-2.597319743355682720e-01
-3.461147668257760768e-01
-2.674694346221667685e-01
3.755691575905284463e-01
-3.380792638176727261e-01
1.000004042710837648e+00
9.999424331642933206e-01
3.339294924778833662e-02
2.085577803826699217e-01
2.033688654825296371e-01
3.832024231375742024e-02
-3.035846913250840884e-01
-5.997987525679512322e-01
-9.998749508777654560e-01
2.097927477264147078e-01
6.795794219227212218e-02
