-6.000039439713107381e-01
-6.000549088776666595e-01
9.999304655369156691e-01
-1.035279509744797474e-02
-1.000123316647460792e+00
-7.953730982074378453e-01
-5.997455395936633904e-01
2.833489526600165356e-02
-8.087030889263140399e-01
-3.564955129463380779e-01
1.000173716327869694e-01
-9.999355795189140972e-01
1.861925954490483148e-01
1.173471555929784995e-03
1.882488837417327088e-01
4.111865660721703009e-01
-1.602315169669627296e-02
-1.000032176041485421e+00
2.119454655215673167e-01
-5.378807274578032566e-02
4.202937076968285002e-01
4.049202456343974355e-01
-3.523229972784773789e-01
-7.892907327706140119e-01
-9.999183105948470374e-01
3.938899397910591849e-01
-3.297501275393326936e-01
-5.999188707025755463e-01
-3.247496262192743899e-01
1.000214435464144153e-01
-1.000110967852207322e+00
-7.965364309346741889e-01
-8.161089663942862060e-01
-9.999680374211123990e-01
-5.078931507408212392e-02
9.999201013587568632e-01
-9.999409023832073196e-01
9.999497349869589380e-01
3.854481901615673944e-01
-6.001252058217997343e-01
1.000140654468019585e+00
-8.010126667907053744e-01
-1.992089537118388876e-01
1.000904804464802095e-01
-2.368895158274623713e-01
4.082961082788520435e-01
1.000531696573143392e-01
1.000446203300338066e-01
1.000725801998897102e-01
2.107368503502526635e-01
-1.000192608339407263e+00
-8.101829940057492241e-01
3.918966876513974018e-01
3.970805759383071454e-01
-3.650117999073319019e-01
-1.000057582469078277e+00
-7.933624591408483528e-01
3.943240022764046282e-01
7.868268361704697234e-02
-1.000080471763847845e+00
-5.803378386843492664e-03
3.996962738714331942e-01
-1.000029988506241141e+00
-2.758688572784319115e-01
-1.000029912632936391e+00
9.997209061643401451e-02
-1.000098931509861178e+00
3.095670132951447093e-02
-7.959386558677525869e-01
4.027588088542572997e-01
-6.001025060202987982e-01
-3.622560539046651984e-01
9.997884321671612895e-02
-1.172342913807120773e-02
1.873093978114058755e-01
1.000155354052369716e-01
2.031857408775794571e-01
9.999101720370525692e-01
2.555194312119502768e-03
-7.873812886715404469e-01
3.875115333936895445e-01
3.818701050101176997e-01
1.936936089258314286e-01
2.194769424913642353e-01
9.999970489653197125e-01
3.941886863625237991e-01
-1.000081199815034960e+00
-6.000305634036858793e-01
-1.000034735574595546e+00
-1.026503212677671445e-02
-9.999983704989655608e-01
9.998304453503986666e-02
1.000172331972672968e-01
-6.001034987993700831e-01
-5.455977588491148222e-02
-8.250793801071821809e-01
-8.100421454244117747e-01
-3.051327972858480231e-01
4.098081514902907063e-01
-3.718314805959257452e-01
4.072765147363868743e-01
-8.164172063273046343e-01
-3.801611649754800260e-01
9.992696252338051366e-02
9.988211825098575192e-02
9.999386881547952521e-01
-1.863106423606015680e-02
4.249599957950866425e-01
9.995428308473049139e-02
-3.191796547349118884e-01
1.871783590272249886e-01
-2.671004731848969915e-01
-6.000038976663277790e-01
9.999907478277865192e-01
3.824863226370152636e-01
1.886925274794732377e-01
9.999019798327539454e-02
9.999027189203089083e-01
-1.000122301087310372e+00
4.082025375347003715e-01
1.000217322645303053e+00
3.860480112896047533e-01
1.000121638541846547e-01
4.068126640660147952e-01
-5.999813358624034310e-01
3.857313964042152765e-01
-2.167346186361002736e-01
3.976969921315999801e-01
1.000005079529329377e+00
9.999459896484402810e-01
9.997907454758790669e-02
1.829530884042580019e-01
3.994676014580398338e-01
-8.064530498226647470e-01
1.001082810406920820e-01
1.000101828541821725e+00
1.000012829585128937e+00
-9.999876052992108244e-01
-6.000079828036679608e-01
4.116413137582953241e-01
-9.748528886668471338e-02
4.108667827609583934e-01
1.000525930129806534e-01
4.026373313081154093e-01
8.310992830314604951e-03
-3.708140949175317558e-01
-6.000176323362109709e-01
1.889285247848127014e-01
9.999495400433420222e-01
-9.998501036493360195e-01
-7.952574898489044308e-01
1.000081993615497877e+00
3.957426815396804520e-01
-6.002087903935625635e-01
9.989695368141861265e-02
-4.807868571729378981e-02
-2.547715409903359429e-01
-8.083827608095431883e-01
2.024715250695219015e-01
1.000760870361824956e-01
1.000050411334487910e+00
2.137866363038203321e-01
2.147938412570718769e-01
-2.967230114141482522e-01
-9.998385222310369747e-01
-4.202603100523316648e-02
4.057280366538523197e-01
-8.121584816082586533e-01
1.912682409148433738e-01
9.999162812372948128e-01
-8.112503186998389904e-01
-5.999112075100241359e-01
-9.997819099751508176e-01
7.508605211079118213e-02
-3.230033299201066077e-01
-5.999811466636376656e-01
-3.336736526583442691e-02
2.004435328553655637e-01
-9.999965732126308016e-01
1.000061955746632814e+00
-8.157148989634709357e-01
4.077632189165740773e-01
-2.864336886278504024e-01
1.000000124766241782e+00
-1.000046632536676583e+00
-4.747595890629832671e-02
1.988506852243663858e-01
9.990491263270630251e-02
-8.032213859943809764e-01
-2.842245089126762547e-01
1.948173897346804073e-02
-3.453406651861772869e-01
2.014824048308083149e-01
-3.561070153369459007e-02
-5.997582852007690146e-01
-6.002175088015472282e-01
3.848397915415480153e-01
1.000030140677987900e+00
1.000076627659575584e-01
-2.637343851917767767e-01
2.038641978286312717e-01
1.001332870882875176e-01
1.000502795002504719e-01
-7.863056041936461460e-01
-5.997451541854034174e-01
-5.998469264875521123e-01
9.998492350578925825e-01
-6.000204649868319251e-01
-5.998633834102430340e-01
9.999885331996208881e-01
1.992802144244296692e-01
-8.010329221193530636e-01
4.214929346855006420e-01
6.368599222295331930e-02
2.125670059960206859e-01
-7.951447996638438820e-01
-9.998708500304970270e-01
-7.835404458012605877e-01
-1.000176401430100226e+00
1.000125192118509032e+00
9.999939049694553939e-01
-7.888429867699942033e-01
-4.049268165056384983e-01
-6.533924239199942821e-03
-7.983047320185143736e-01
1.000050534383961853e+00
-5.999569950754057857e-01
9.988617171383347426e-02
-9.998860874237874841e-01
3.732859282423543479e-01
2.260460053815211423e-01
9.999269839860345233e-01
-6.000612129706676123e-01
-6.000462880578321112e-01
-2.148909467432930653e-01
9.998990570957226875e-01
9.998152419801953350e-02
9.999780919271088475e-01
1.000116998770917087e+00
-1.000229132762284090e+00
3.963593469386895163e-01
9.982365943200553760e-02
3.997892946125152225e-01
1.001493658728661168e-01
5.972171293844834999e-02
1.560853876295500466e-02
2.004583190472881693e-01
3.953677097337284230e-01
-8.092475638588012554e-01
-6.001708482813397083e-01
3.987308579714518575e-01
1.000077888908902368e+00
7.368990970063485357e-02
-7.839618530183496414e-01
3.984699524578134699e-01
-1.022027144901404899e-03
1.836958750140478547e-01
-1.000117948529731793e+00
-2.791134152670585733e-01
3.919594184523649272e-01
1.927252978362908875e-01
5.679221711844099213e-02
9.999107633062158662e-01
1.000113512864212240e+00
1.000254121021702636e+00
1.000367582399027261e-01
2.373120699773123912e-02
-1.000006632518045446e+00
-2.153031463396458678e-01
-3.114838290076018534e-01
1.000043292618214341e+00
-7.930750455153047218e-01
-8.126234890973557112e-01
-6.000411703802649432e-01
-3.378483903966457702e-01
-1.000057878628397789e+00
1.975785711870024774e-01
9.998220142724825732e-02
-6.001613124085966033e-01
3.109775512582475809e-02
1.000046616446823577e+00
2.290286187773837856e-01
2.137561754668296510e-01
6.632843392815201966e-02
-3.551668470074811346e-01
-2.835604726145676824e-01
-3.205232356467363486e-01
3.976348798248310334e-01
-3.215355719971655923e-01
9.999532718492909478e-01
1.000029281439051676e+00
-3.159878487904459882e-02
1.839266909175330811e-01
1.773830253340339391e-01
-3.836170482817261029e-02
-3.401190564601062061e-01
-6.001111520444478709e-01
-1.000100514335247048e+00
2.036143930932971247e-01
-8.516227020262866210e-02
