-6.000693892749832115e-01
-5.999793794809746839e-01
1.000021423098325535e+00
1.263306491088965304e-02
-9.998867177211353541e-01
-7.949741235388390059e-01
-5.998018940424596490e-01
-1.741946271016672418e-02
-8.180311145743697221e-01
-3.463663031151361094e-01
1.000056759893538094e-01
-1.000102104783824331e+00
1.894400567543062242e-01
-4.101986330303253325e-02
1.951779535850355074e-01
3.917311810046597009e-01
3.528887932225908963e-02
-9.999999482956942742e-01
2.100761801631345072e-01
-4.413389831195604907e-02
4.198162092440593240e-01
4.033863302959495578e-01
-2.961449169801424475e-01
-7.912721450313410232e-01
-1.000074862671036735e+00
3.965479324122812566e-01
-2.708339482180222024e-01
-5.999534442931785394e-01
-2.773811644485010275e-01
9.994068428233583712e-02
-1.000091772793817890e+00
-7.860304636177046778e-01
-7.932723539229913357e-01
-9.999098556327329357e-01
3.551125715906545965e-02
9.998568098346469757e-01
-9.999935260245027546e-01
1.000109672936347449e+00
3.951369989269082339e-01
-6.000692543878554108e-01
9.998505838891296182e-01
-8.135677769418430128e-01
-3.086406231101270214e-01
9.980906740454868753e-02
-3.270712521236469050e-01
4.003993987531822007e-01
1.000228841951296410e-01
1.000519671295605623e-01
9.996785934729751633e-02
2.124060952768120347e-01
-9.998289436758496240e-01
-8.210854324896370571e-01
4.092180194505012358e-01
3.955928267492170303e-01
-2.852160241447005418e-01
-1.000029931469602396e+00
-8.088421143318609285e-01
3.889101053394554697e-01
2.135391290534316595e-03
-1.000190979454368634e+00
-3.351419947264271809e-02
4.061286854139470881e-01
-9.999826585333911888e-01
-2.301699385971267553e-01
-9.999118195060524572e-01
1.001015781503527408e-01
-9.998992301851674647e-01
-9.130106243050242071e-03
-7.947190821734640975e-01
3.918260539534757503e-01
-6.002483055306965243e-01
-2.940808503127249063e-01
9.992064465504899018e-02
-2.965742164533744646e-02
1.937576271702652064e-01
9.998195462074371820e-02
2.104077435600426316e-01
9.999816348546198830e-01
2.880919883569035833e-02
-8.054807298147601546e-01
3.908908325146943086e-01
4.201055350438536173e-01
1.852778971694774290e-01
2.014107188628352363e-01
9.997383522311559245e-01
4.151074494508039670e-01
-9.998909109152650521e-01
-5.999203007549743782e-01
-1.000138417895042986e+00
-4.875771587317011962e-03
-1.000166411429131097e+00
1.001294218770579919e-01
9.993826214832965404e-02
-6.001885258293532255e-01
-1.116981767397374342e-02
-7.894145007844008965e-01
-8.057894695588876388e-01
-3.156039314266325113e-01
4.014642659732794439e-01
-3.317320803106664773e-01
3.862879577668227871e-01
-8.074229432211558199e-01
-3.607746322461355959e-01
1.001502538903084466e-01
9.993295052053018102e-02
9.999112596209223103e-01
2.382248878246370771e-02
3.897075147766866365e-01
9.992289684527919102e-02
-3.150669944915718834e-01
2.084368720979100364e-01
-3.074384838746815340e-01
-6.001402491420758656e-01
9.999749334980629900e-01
4.008409446705574752e-01
2.046774915439834308e-01
9.988356708154969010e-02
9.999555923327699825e-01
-9.998915784718495070e-01
4.008738825593980426e-01
9.999312098488523093e-01
3.941117761029538924e-01
1.000598357603699473e-01
3.845394027828104577e-01
-5.999977660991661077e-01
3.926201104277701748e-01
-3.615912166536494610e-01
4.010591457229778500e-01
9.999586087813567836e-01
1.000037836995433471e+00
9.990857314737738859e-02
2.090391708514996727e-01
4.065436683854127820e-01
-8.014468671329828542e-01
9.995749957396438123e-02
9.998259975996651727e-01
1.000162739640338971e+00
-9.999559353142566387e-01
-5.999143552497790965e-01
4.092840107601103394e-01
-7.567228655029134554e-02
4.050238022018178841e-01
9.982596155499473545e-02
4.083662220194747006e-01
4.303618048066706891e-02
-2.731837060385228222e-01
-6.001507646467850732e-01
2.008947138754225148e-01
1.000037399112179592e+00
-9.998939521592483670e-01
-7.913677865411329337e-01
1.000145283315618805e+00
4.099242279606406525e-01
-6.000240021288314463e-01
9.984353112103842853e-02
4.122081495724376488e-02
-3.123420217743316241e-01
-7.912124577347219301e-01
2.151181051242542774e-01
1.001417339943401069e-01
1.000064638080305546e+00
2.109544817247718251e-01
2.121391439863723194e-01
-2.824761267679306576e-01
-9.999102263801334933e-01
-1.630735343530539949e-01
4.026543900564698020e-01
-8.076952564943891133e-01
2.164862647305831611e-01
9.998064197510686535e-01
-8.108037710449729207e-01
-6.000505300675419429e-01
-1.000015064462632219e+00
-3.771272202279722652e-02
-2.909500181312881795e-01
-6.000191849156280011e-01
1.707965668317033489e-02
1.825331646701158772e-01
-9.999534550159074886e-01
9.999498935361000873e-01
-7.871609481496211203e-01
4.104364717184951772e-01
-3.398250910108524536e-01
9.999478910080039640e-01
-9.999712278016902323e-01
4.738464007658438337e-02
1.906607765349796757e-01
9.995790459070105771e-02
-8.129408737365604321e-01
-3.346759456471544159e-01
-4.669320418450091659e-03
-3.177078576200883520e-01
1.932200575930306252e-01
2.969201775012400568e-02
-5.998631550174623461e-01
-6.000872863190840345e-01
3.973876508993944845e-01
9.999563798465950226e-01
1.000375038928615762e-01
-1.751995435570966042e-01
2.039302448027876802e-01
1.000510562896306105e-01
1.000633085898411656e-01
-7.896610564518891096e-01
-6.000074652499330918e-01
-5.999101564454462077e-01
9.999651856529599980e-01
-5.998874820248496498e-01
-5.999797259987916798e-01
1.000040229273192471e+00
2.173059314624339322e-01
-8.170639769946517195e-01
3.987570427672710305e-01
6.530741345815486987e-02
2.119633659757940991e-01
-8.079110973100469550e-01
-9.998297038285945959e-01
-8.103278468562468140e-01
-1.000141655417374986e+00
1.000061158554887975e+00
9.998719057072522620e-01
-8.114637354475653375e-01
-2.871406898401798191e-01
2.906765395589411272e-02
-7.899083286925577818e-01
1.000143227069606011e+00
-5.999269046250054194e-01
9.993224651346988008e-02
-1.000056987283017840e+00
3.889520711697262989e-01
1.978801179417288003e-01
9.997996320600817111e-01
-6.000371494063901912e-01
-5.999927362308656864e-01
-3.643832502027382070e-01
1.000166579187294014e+00
9.999581060582715675e-02
9.998879709022562290e-01
1.000024676403528101e+00
-9.999854252509617902e-01
4.118421240923256232e-01
1.000361461481279607e-01
3.854167904053448779e-01
1.000683085195755162e-01
8.261536315736114217e-03
-1.536886820347409602e-02
2.046581098964596335e-01
4.031011955107118294e-01
-8.048099085972655331e-01
-5.999128725631470704e-01
4.002822799324751712e-01
1.000087488762805066e+00
7.044821158725225740e-02
-8.219610735720975780e-01
4.047412693246210669e-01
-2.688207047104956490e-02
2.044889476638425407e-01
-9.999954427018101777e-01
-3.298838458962020104e-01
3.919684022353283614e-01
1.811165052077650106e-01
-2.985046169494526280e-02
9.999786720854600963e-01
1.000203122222950380e+00
9.999953483192587367e-01
1.000953014696346760e-01
5.980239588048694155e-02
-1.000086491006579203e+00
-2.651590118352832870e-01
-3.372195225352911940e-01
9.998537482624824113e-01
-8.009474969652715659e-01
-8.052754210979835570e-01
-6.001199671101260513e-01
-2.725522660168790412e-01
-9.998032191044059491e-01
2.009120676224432911e-01
9.995908628835215026e-02
-6.000155206706707656e-01
-3.459335539894444617e-02
1.000012794236442293e+00
1.938016323786764528e-01
2.080798185707024572e-01
-5.529569612887729607e-02
-2.106443076645720114e-01
-2.222096317877045868e-01
-2.720609498483100852e-01
4.002154105839487719e-01
-3.774520290269151035e-01
9.999201988146770859e-01
9.998379579688754237e-01
1.529250311442744564e-02
2.033023725738978271e-01
2.110481698348967150e-01
2.915479708305490983e-03
-2.434217976430252950e-01
-6.000228404110939939e-01
-1.000198544940887890e+00
1.843758519306197274e-01
-4.290980007195493995e-02
