-6.000445333640853640e-01
-5.999033700827789417e-01
9.999782300226975895e-01
-7.804361401133656784e-03
-1.000100794700373497e+00
-8.007042870538698676e-01
-5.998821772524599583e-01
4.531932822147823059e-02
-8.171185068442150534e-01
-2.946735274118871817e-01
1.000120852193857462e-01
-9.999745130699593254e-01
2.083446665420112809e-01
-1.503726671410587912e-01
1.998508904001870812e-01
4.007408106734564046e-01
-5.239199517051226773e-02
-9.998214160674787632e-01
2.143386973400910611e-01
-2.079210591801197369e-02
4.149253113851508745e-01
3.997595185590697708e-01
-2.217964262002104225e-01
-8.009762095615016175e-01
-1.000156900273015292e+00
4.046633851411558513e-01
-3.503733088059612921e-01
-6.000213396582601000e-01
-3.570434455387154205e-01
1.000795543698269480e-01
-9.999498008123914872e-01
-8.101195603170857629e-01
-7.977161876090241854e-01
-1.000165651784923337e+00
-8.386013432718645091e-03
9.998891674349118519e-01
-1.000136098035618870e+00
9.999521531405416441e-01
3.868245881003018471e-01
-5.998952139439835962e-01
9.999997109765040859e-01
-7.917231472050518803e-01
-2.883174182962524590e-01
1.001378781064020257e-01
-2.581201185958362787e-01
3.972717084838160995e-01
9.994367598710436618e-02
9.994446041442009432e-02
9.994239532586339514e-02
1.837947378369177986e-01
-1.000128134864476159e+00
-7.892541681140720078e-01
4.029137906800549507e-01
3.964496322017238006e-01
-3.193670595652305377e-01
-1.000070165340479766e+00
-7.833846758021513201e-01
3.932381098463346158e-01
-5.529310143452588477e-02
-9.999856873746185704e-01
8.779137987128637910e-02
3.934440685066831200e-01
-1.000004201318791308e+00
-2.672408062433455633e-01
-1.000032649701616760e+00
1.002264341370944639e-01
-1.000064905403931892e+00
2.485753846432620009e-03
-8.092870380248144979e-01
3.920067710636933045e-01
-5.999616741248791074e-01
-2.801220858797192070e-01
1.000679603441662208e-01
8.973026488914220833e-02
1.946366425351669371e-01
1.001219465754911025e-01
1.979406285399920307e-01
1.000018395592269904e+00
-1.731454366656077701e-02
-8.046049219986024514e-01
3.823587259348467104e-01
4.107120659677331309e-01
2.074413702488262234e-01
1.905743002545683407e-01
1.000118400120113327e+00
4.038591403284527148e-01
-1.000025269569508213e+00
-5.998721086453207008e-01
-9.999955805823098620e-01
-9.394638369102774680e-03
-1.000098587914701298e+00
1.001361263156596154e-01
9.984149977138030707e-02
-5.999572971749911332e-01
1.833698410242390678e-02
-7.885449894167526619e-01
-7.897817353829308384e-01
-2.301910183868282611e-01
3.865716259689688794e-01
-2.254801862003605328e-01
3.958680995557763427e-01
-7.961920913619766615e-01
-2.541858936047276529e-01
9.990973538369352092e-02
9.981702209958072392e-02
1.000086016146904067e+00
7.147062902772661347e-03
4.005053419074571797e-01
1.000307306408559499e-01
-2.868381161806009549e-01
1.795474165699941504e-01
-3.038590811073456632e-01
-5.998732147483901711e-01
1.000131925047632375e+00
4.048958636490411211e-01
2.018065525846501895e-01
9.997847384333934107e-02
9.999978200599637379e-01
-1.000126271184472948e+00
4.077381701952664805e-01
9.998978258066552049e-01
4.009691751304799712e-01
1.001132831504046861e-01
4.054458947675586566e-01
-6.000087007598290390e-01
3.984812578681269368e-01
-3.083407380494826433e-01
4.043822049268282481e-01
9.999557836994069637e-01
1.000099973500732986e+00
9.991513009424952962e-02
1.893626829817249280e-01
4.065834963165081417e-01
-8.041134164406128493e-01
9.990048538552548374e-02
9.998684354927981355e-01
1.000064333339544698e+00
-9.997917637963488202e-01
-6.000627290908234768e-01
3.949828027816713605e-01
-6.414187424728590853e-03
4.012664746236079827e-01
1.000547927760982170e-01
4.109246110464560009e-01
-3.324256889675488574e-02
-3.937102283651746637e-01
-6.000480642464791625e-01
1.857756087575170578e-01
1.000042278657103045e+00
-1.000204828385632627e+00
-8.132414532501055504e-01
9.999920384754560354e-01
3.895339364260040904e-01
-5.999918542557919343e-01
1.000390750076367713e-01
-4.816600514453004550e-02
-2.942944665549342420e-01
-7.851964171739703735e-01
1.952286889744706266e-01
9.986661726104251180e-02
1.000042923711518483e+00
2.139187977246756467e-01
2.062598968389831589e-01
-3.156791998467307070e-01
-1.000021595668201035e+00
2.555850002399923278e-03
4.080319617856017489e-01
-7.978659547001960561e-01
2.006740221840362659e-01
1.000143622436268087e+00
-7.986178051611120265e-01
-6.000509020375797142e-01
-9.999110944838540682e-01
-3.230618302680063336e-02
-2.795058297700673822e-01
-5.999812178906971383e-01
-4.347844474989772529e-02
2.131363148121639683e-01
-1.000144735442505040e+00
9.999364458644938169e-01
-7.759424057166559585e-01
3.899638255767089445e-01
-2.880328989199820722e-01
1.000169557893594741e+00
-9.999080769601080831e-01
1.279796656515347179e-02
1.859704654943639124e-01
1.000450485252191851e-01
-8.048714084880232988e-01
-2.988001940699875347e-01
8.422659930595122191e-02
-3.630784372146825811e-01
2.041489690311643346e-01
2.932998928238626790e-02
-6.000863071317927844e-01
-6.001035868696792397e-01
3.848522965625884584e-01
9.997965659369196789e-01
9.998782789917012859e-02
-2.109062885385961095e-01
2.058714695884123480e-01
9.980979823755030400e-02
1.000433661930938828e-01
-7.914446748589528680e-01
-5.997243803142132679e-01
-5.999527509059646713e-01
9.999745186587668533e-01
-5.999305079955392639e-01
-5.999702044608009599e-01
1.000060159161567874e+00
2.142273517570343622e-01
-7.946631732249734847e-01
3.916606380709127255e-01
8.096226871462211191e-03
1.872335762353382338e-01
-8.104845875311850190e-01
-9.999743307770241341e-01
-7.998744250680341894e-01
-9.999277975257028217e-01
9.998931108491090347e-01
1.000146664647976857e+00
-8.012203122606185168e-01
-2.362581428279079687e-01
3.878188035308063886e-02
-8.144540191740352597e-01
9.999806079118962465e-01
-6.001139325623278120e-01
1.001561951338721529e-01
-9.998829003553323380e-01
3.966413712413999204e-01
1.979222372171090816e-01
1.000124345682676053e+00
-6.001172383830826185e-01
-5.999598774605172657e-01
-2.445145004485951845e-01
1.000082802526332637e+00
1.000330344362023033e-01
1.000021217220739889e+00
1.000030876525082713e+00
-9.998465052122805785e-01
3.956454254050489894e-01
9.991857053577433978e-02
3.996334754050243632e-01
9.990405910883466689e-02
-7.278795497065727871e-02
-1.853807474006249553e-02
2.281775261260908516e-01
4.175732858737253306e-01
-7.831045634589666182e-01
-6.000601246960508561e-01
4.014206857670724604e-01
1.000076938004430982e+00
6.184267907107890427e-02
-7.935099064875923425e-01
3.967237005330440658e-01
-1.028125918085267543e-01
1.979934351794975789e-01
-1.000093299036832972e+00
-3.701739016370133584e-01
3.957178913706018153e-01
2.062699044478852606e-01
4.253016371751848490e-02
1.000083914633377979e+00
1.000012819485942561e+00
1.000041038574148056e+00
1.002639604878549501e-01
7.554601643511286123e-03
-1.000031648730143718e+00
-3.435789296103511914e-01
-2.903190568289254481e-01
1.000031180815947884e+00
-8.036989581184432740e-01
-7.896806094562561773e-01
-5.999252771924978855e-01
-2.537826531630621441e-01
-1.000125155677913602e+00
2.013884185658622317e-01
1.000257740717879484e-01
-6.000242912150411945e-01
-6.058669667749736615e-02
1.000024225853085591e+00
1.943596586558892780e-01
1.870182883228465043e-01
-3.128755813996684371e-02
-2.323066064782759177e-01
-1.716671398846564278e-01
-3.016161581400720326e-01
4.010444428210440115e-01
-3.200796102615456884e-01
9.999707076005391881e-01
9.999641222299826548e-01
-7.345233094669303964e-02
1.967957271596362523e-01
1.979689596544979835e-01
3.187542767913453118e-02
-3.264745503982620645e-01
-5.998447369534701812e-01
-9.998601013048594721e-01
1.792666861040463078e-01
9.626436969158709556e-02
