-5.999397361434438691e-01
-6.000857533458479054e-01
1.000037498922007329e+00
6.304206444730968764e-03
-9.998047570525271377e-01
-7.962080919250503763e-01
-6.001161553966679607e-01
-3.739682652216084341e-02
-8.016656887254300923e-01
-2.362096733008199889e-01
1.000563966625092616e-01
-1.000005426336727288e+00
2.095288020941160623e-01
2.946273925412070185e-02
2.045909639786432643e-01
3.863773756911773605e-01
-1.971624749992263725e-02
-1.000022647549591470e+00
1.958585022352442029e-01
7.739660761017008728e-02
4.036738579634026602e-01
4.117932117941565107e-01
-3.452655630820892219e-01
-7.899789233534721955e-01
-9.999819661360926926e-01
3.933538716448201633e-01
-2.641447223525103527e-01
-6.000211818833567357e-01
-3.276450407126821340e-01
9.990263606982970057e-02
-1.000066679348683873e+00
-8.046127540940818390e-01
-7.936428726106874443e-01
-1.000001387236193695e+00
-2.211577082634836201e-03
1.000148075252486057e+00
-1.000239480255717295e+00
9.999319779767777971e-01
3.953886763893387224e-01
-5.998625390146302694e-01
1.000148317722949987e+00
-7.930564886312754247e-01
-3.259606378542944105e-01
1.000321890422900956e-01
-3.877583646718779642e-01
4.026267305743296832e-01
9.991879946221916831e-02
9.989835201854165014e-02
1.000314051285733502e-01
1.938743819384555200e-01
-9.998109225167369774e-01
-7.934971971237325672e-01
4.187756337280553742e-01
3.991958004624993062e-01
-3.807324742120230532e-01
-1.000050811615302404e+00
-7.973970089428319419e-01
3.959017756399180188e-01
-5.549236151165625602e-02
-9.998841085995302524e-01
3.301286337796371234e-02
4.050702265595573226e-01
-1.000181372592606976e+00
-2.636719903686984279e-01
-1.000057493107885831e+00
9.981025156246521590e-02
-1.000036670286040152e+00
-1.465890926978539316e-02
-7.981401380180843663e-01
3.941789766103319659e-01
-5.999775309337105345e-01
-3.729945406046655254e-01
9.995910788170826733e-02
-7.122678657830532056e-02
1.874232058726290895e-01
9.999429669709924973e-02
2.011101456410322175e-01
9.999731222705680045e-01
-5.078000431566448425e-02
-7.972835655478247574e-01
4.191223068362795456e-01
3.997232601103274940e-01
2.075425710846311722e-01
1.912727190974486402e-01
1.000021469016328046e+00
3.803394817220910329e-01
-9.999999256308531592e-01
-6.002020509491761135e-01
-1.000112209813293740e+00
-1.582728592683207702e-01
-9.999632888213696447e-01
9.993417675444456194e-02
1.000287748929501730e-01
-6.000061802613850803e-01
-3.917547488360830638e-02
-8.081368035608105238e-01
-8.080051282893415676e-01
-2.616287955710281943e-01
4.026775130129593983e-01
-3.171863435641054663e-01
4.097257285643194358e-01
-7.969279474811293840e-01
-2.730541485400489465e-01
9.992148198937593484e-02
9.986502891322282527e-02
9.998899815945092584e-01
-4.428506069728251060e-02
4.045242334312440513e-01
9.995840360866820040e-02
-2.680609914734110033e-01
2.083997079618938042e-01
-2.923785169784886562e-01
-5.998891899038749642e-01
1.000044057743221249e+00
3.944787277597034403e-01
1.913979507237624222e-01
9.992739144139678453e-02
1.000048365776707415e+00
-9.999757854886940356e-01
3.959038932397423438e-01
1.000150449347438242e+00
4.065569465728213761e-01
1.000488104966101022e-01
3.971658694870289774e-01
-5.998853749943643399e-01
4.083655770347857650e-01
-2.879505336833989015e-01
4.196621955830421302e-01
9.999557057148458217e-01
1.000090557510498135e+00
9.992746400475982504e-02
1.793617139474668054e-01
3.965779941083562576e-01
-7.969755342491364747e-01
9.995816516940721208e-02
9.999617473801362122e-01
9.999508488317356836e-01
-9.999011550051517538e-01
-6.000648934091612485e-01
3.898073105054770116e-01
-4.936139016912865357e-02
4.070088015637858270e-01
9.998195068150397824e-02
3.788073054692791541e-01
8.790400298184694247e-03
-3.546250011904948374e-01
-6.000165918779413188e-01
2.134594432127866481e-01
1.000077785919879503e+00
-1.000015975268292223e+00
-8.067550177295905733e-01
1.000006868402864679e+00
3.826642480428376070e-01
-5.998629092503443561e-01
9.994749944615292925e-02
-2.381405883279889141e-02
-3.694558205257864048e-01
-8.017892829877758532e-01
1.872370633970149301e-01
9.988356496229315595e-02
9.998929968670555724e-01
2.024153952587267880e-01
1.947959376309001955e-01
-3.621314266613890331e-01
-1.000006836118989995e+00
-3.054560605107956017e-02
3.948298327337047553e-01
-8.128286633335759515e-01
2.018846490289568640e-01
9.998447228191439384e-01
-8.066061648720830313e-01
-6.000081431929341624e-01
-1.000106992890481106e+00
-1.569278213025409111e-02
-1.878869885192022693e-01
-5.999873375974414946e-01
3.135777063492173333e-02
2.127232400363282816e-01
-1.000013698187428357e+00
1.000108037339652478e+00
-8.004494320659615303e-01
4.011899860613657998e-01
-3.614153482932426220e-01
1.000145324184551487e+00
-1.000060145343705686e+00
-4.343250726705366604e-02
2.193099910962327537e-01
9.988975751769307854e-02
-7.881280912400326910e-01
-3.314512633594877133e-01
8.648008609370734512e-02
-3.013658490026667747e-01
2.190274790164424001e-01
-6.272396686752844397e-02
-6.000467550350893076e-01
-5.999019806378377284e-01
4.040647510212247440e-01
9.999628096176130798e-01
1.000319357948537130e-01
-3.714891947719979881e-01
1.976262209076672383e-01
9.980038701234413001e-02
1.000248878453968149e-01
-7.989527630875958852e-01
-5.999865422976635720e-01
-5.999133762563664263e-01
9.998040696563388341e-01
-6.000467119772844304e-01
-5.999987417324124106e-01
1.000076558112234837e+00
2.190667509707099059e-01
-8.110899657614180081e-01
4.018991996930132427e-01
-2.701012106957392800e-02
2.070417450558924566e-01
-8.037816748682633516e-01
-9.999087803701353083e-01
-7.995784944371101544e-01
-1.000090551984123000e+00
1.000098846271823216e+00
1.000024222747420977e+00
-8.094088214989360042e-01
-3.546634328660914215e-01
1.222578637489304433e-02
-7.793524654089588610e-01
1.000049810985200294e+00
-6.000296981700981025e-01
1.000270370689197580e-01
-1.000054127131907222e+00
4.053906244134172776e-01
2.061468093224208820e-01
9.998197410875087066e-01
-5.999521886159275841e-01
-6.001651279164251784e-01
-2.937022429290778169e-01
9.999210086530662123e-01
1.000221798264969153e-01
9.999711109938447251e-01
9.998573599888868069e-01
-1.000004747700088181e+00
3.802915201360291264e-01
1.000805912337435349e-01
4.081746652601601077e-01
9.985689820655996307e-02
1.152778989958916540e-02
1.060623774394130366e-02
2.114197791641713453e-01
3.947006609886571371e-01
-7.945641870878946689e-01
-5.999748348148620236e-01
4.100579215939176847e-01
1.000066926936965306e+00
-6.753144216151199530e-02
-7.982857993405558794e-01
3.834665735036079104e-01
-8.022850590415593619e-02
1.921510463359582532e-01
-1.000037071481933548e+00
-3.790380073507990666e-01
3.937085862706781181e-01
2.022273591097800971e-01
-9.093397360785180836e-03
9.997737124541506981e-01
9.999563413118409683e-01
9.999441685383690936e-01
1.000516025518169982e-01
-3.774590145053297735e-02
-1.000037233407923498e+00
-4.012219005145344353e-01
-3.527346724855348059e-01
9.999210325955161238e-01
-8.009579436151083032e-01
-7.950212522781762159e-01
-5.999037855427921118e-01
-3.007371267975589291e-01
-9.998416665936552539e-01
1.926380589356399275e-01
9.984446677588906804e-02
-6.001011468986430231e-01
1.189258749564069129e-02
9.999660752815464626e-01
1.900463230718540120e-01
1.948382986515137250e-01
-7.208355571410314522e-02
-3.244184220927215367e-01
-3.123642971870995710e-01
-2.672265207200755777e-01
4.014583992725085926e-01
-2.914278202173943288e-01
1.000076368989580189e+00
9.999437484343980387e-01
1.356803010748679900e-02
2.026805525334823554e-01
2.084529757326614718e-01
-4.764298395020458154e-02
-3.083024970045590840e-01
-6.002089062653037654e-01
-9.999430291566753226e-01
1.909914977455187679e-01
3.203339279146000251e-02
