-6.000614793423497684e-01
-6.000363338002717706e-01
9.999588097327215541e-01
-1.435865793260303336e-02
-1.000043742176075723e+00
-8.060678021689118289e-01
-6.001334761954714159e-01
7.658656215634418452e-02
-8.008336178266574068e-01
-3.388493979992267535e-01
9.987834030660303064e-02
-1.000054938584860498e+00
1.993532840616409896e-01
-5.214875262808130185e-02
2.133068621032678802e-01
3.794852778031057028e-01
-1.839434215984647042e-02
-1.000123156409739034e+00
2.034124978701579156e-01
7.984504556523577823e-02
3.976767041688140103e-01
4.101003134450958432e-01
-3.257010733507127442e-01
-8.283554564817320331e-01
-9.999822453899031016e-01
4.015135229742151646e-01
-3.554003326882465008e-01
-5.999686097753399450e-01
-3.385567843725159620e-01
1.000650975215238991e-01
-9.998885062171746219e-01
-8.081240044054702754e-01
-8.094417799250299694e-01
-1.000006982949464440e+00
-2.187679354334619991e-02
9.999983356802332191e-01
-1.000034922057388753e+00
1.000030290619976503e+00
4.153176396394195891e-01
-6.001007071944621796e-01
9.999313879565382424e-01
-8.022028215257763772e-01
-2.589381995178846041e-01
9.991757472759901781e-02
-2.598657443674870504e-01
3.850541266728303991e-01
1.000484511779810431e-01
9.998563594951855038e-02
9.998467356885637480e-02
1.853680152628191802e-01
-1.000115663722103809e+00
-8.107233160419573537e-01
3.950521937941218753e-01
4.052105543173794566e-01
-3.232095009749490488e-01
-9.998829794610535338e-01
-8.007296932400109757e-01
4.083947761343312277e-01
-4.307345434118181604e-02
-1.000067263935433770e+00
-2.528020100985813035e-02
3.912640306232063603e-01
-9.999210881871282153e-01
-2.958885931966792060e-01
-1.000144056148036809e+00
1.000084181722268317e-01
-9.999080119591781113e-01
-9.369391743776059323e-02
-7.908791879507890421e-01
4.165562493371003372e-01
-5.999652877168386578e-01
-3.279539565297276971e-01
1.000650502221192978e-01
-1.845169270119673133e-02
2.046362885829443035e-01
1.001134873630142169e-01
1.961341614789030852e-01
1.000155031621460910e+00
-4.265762542451859152e-02
-8.047239287981938771e-01
3.920472505867221291e-01
3.946507254083995164e-01
1.883123918519888362e-01
1.952509001818361345e-01
1.000084045661706833e+00
3.902631544982000933e-01
-9.998399966755118218e-01
-6.000882066700625739e-01
-1.000083798908635080e+00
-4.419277638586011081e-02
-9.999498499310560673e-01
1.000328371160708468e-01
9.989397742067517016e-02
-5.999726531608701174e-01
2.777686796976677752e-02
-8.128830424406382482e-01
-7.922916785555236263e-01
-2.431131687921537221e-01
3.957621053310204084e-01
-2.371829898493070798e-01
4.202052999288222179e-01
-8.008539480049555737e-01
-2.459463908604126448e-01
1.000571207184948741e-01
9.999487252863935305e-02
1.000093115997911175e+00
1.539469272468072525e-01
4.226895921720406069e-01
1.000815246052867286e-01
-3.072051369804894572e-01
1.976698488510080787e-01
-2.805537277248017491e-01
-6.000009912748036633e-01
1.000116244139561017e+00
4.025920290062555140e-01
1.910541672647411426e-01
9.987763747966363348e-02
1.000008445250721190e+00
-1.000097317912837180e+00
3.959470960982127141e-01
1.000002259404302984e+00
3.842777818605327411e-01
1.001004774089856164e-01
4.056870334913011411e-01
-5.998793029519846609e-01
3.905530538506491456e-01
-3.352303694074125762e-01
4.212249464900216789e-01
9.999783984395561598e-01
9.999212259144383275e-01
1.001616001007728379e-01
1.927281233806162897e-01
4.010787801507744721e-01
-8.148879495615281021e-01
9.984011095826930693e-02
9.999448306884910487e-01
1.000225046331490564e+00
-1.000052327429456156e+00
-6.000510641746588103e-01
3.927486751211462512e-01
-4.843560113860981980e-02
4.080234957934019135e-01
9.990353117319958343e-02
3.880374578109299644e-01
-4.302275088697822547e-02
-3.270838452560059784e-01
-6.001075914784896881e-01
2.187487784567530569e-01
9.999842939367336037e-01
-9.998372221052052033e-01
-7.963403323102774545e-01
1.000021481018175784e+00
3.855812709997096244e-01
-6.000893738947762346e-01
1.000685618991880022e-01
9.725416844243599257e-03
-2.807284637968001095e-01
-8.025994871360089267e-01
2.027677349589842026e-01
9.993483598373470445e-02
9.999433663153886043e-01
2.076755131638790830e-01
1.829242682881376258e-01
-2.699469724805632076e-01
-1.000046198817893917e+00
-3.144050159259589861e-02
4.018823619181717821e-01
-8.021246503139366490e-01
2.190060599325832080e-01
1.000247729582365741e+00
-7.967104577589949610e-01
-5.999615210955719924e-01
-1.000110639015661773e+00
2.461710391449071014e-02
-2.858890332347526764e-01
-5.999090185647080187e-01
-6.426330789867652771e-02
1.978642260812897014e-01
-1.000139600071837220e+00
1.000095957921670831e+00
-8.077674612871786897e-01
4.019666111522753882e-01
-3.167183662416507839e-01
1.000059746673221950e+00
-1.000011158805042655e+00
-8.998423087321285804e-03
1.783505325274758746e-01
9.999049837265600038e-02
-8.073810669061159961e-01
-2.419309760024617451e-01
2.045415619170523613e-02
-2.735063872764238457e-01
2.134940707598363407e-01
-5.306166024984781265e-02
-6.000697272945094696e-01
-6.001001394215216278e-01
3.990470031924383543e-01
1.000129591250989325e+00
9.986191973742600259e-02
-3.676659605690001387e-01
1.990672759519673818e-01
9.990742343742865794e-02
1.000415374190387757e-01
-8.131819313628858570e-01
-5.999215779038180596e-01
-5.999627884730893701e-01
1.000120415345087999e+00
-5.999961195112792911e-01
-6.000803812338414422e-01
1.000097780194621810e+00
2.094675644388883651e-01
-8.018244745419447206e-01
3.822715423911873245e-01
5.179758734814591571e-03
2.000376341245047318e-01
-7.904042183377120168e-01
-9.999333860179144828e-01
-7.930823236526104436e-01
-9.999732412867972098e-01
9.999978862907275001e-01
1.000076150077269022e+00
-7.833912751694031007e-01
-3.203728085021846916e-01
-1.291431886728033607e-01
-7.948059185890482548e-01
9.999849969735323807e-01
-5.999548503901763752e-01
9.996977930278627689e-02
-1.000086856744062391e+00
4.013591681919977949e-01
1.935096587476700658e-01
9.999028502953383191e-01
-5.999704865613385563e-01
-6.000798162966896054e-01
-3.116848184420131784e-01
1.000040041799706847e+00
9.999702926040976436e-02
1.000022085537437544e+00
1.000248005587188072e+00
-1.000029395617755945e+00
3.850858852378030717e-01
1.000689001357548819e-01
4.134322020583079405e-01
1.000277108188010744e-01
5.392125280540043669e-02
5.351860047102183215e-02
1.889234162636339587e-01
3.979541400948951591e-01
-8.060820951423597336e-01
-6.000838825745208327e-01
3.829035695591720412e-01
1.000161772732730325e+00
-7.977644309386354438e-02
-8.144960001922113557e-01
3.729427508930629465e-01
5.371111335186443819e-02
2.050522384636335183e-01
-9.999397890914479836e-01
-2.868073255950681077e-01
3.914570684499392716e-01
2.031153298439446753e-01
-5.647353626103395613e-02
1.000000483544820407e+00
9.998930923181242880e-01
1.000149251547184148e+00
1.000164910462414264e-01
-6.195915409554098030e-02
-9.997478922508393762e-01
-2.559569767913816851e-01
-3.187882476152155142e-01
9.999132431802022491e-01
-7.849301770843620796e-01
-7.962681321927742584e-01
-6.000126287450001650e-01
-3.486856999343911911e-01
-9.997259174357798761e-01
2.141821983869268697e-01
9.994074386023342471e-02
-6.000439668030107532e-01
1.394744743972888869e-02
1.000112160618715995e+00
1.887102366049043800e-01
1.975203905667639037e-01
-1.225587850178467414e-02
-3.439359721028737438e-01
-2.875167186795365426e-01
-2.331517476705367020e-01
4.012037291473828371e-01
-3.442235622395991568e-01
1.000004968866264887e+00
9.999742068903924030e-01
-4.152648108735357280e-02
2.100891485972481987e-01
2.077771432249477523e-01
5.453501825916570733e-02
-3.012250871758427873e-01
-5.999945811347431324e-01
-9.999219359125186557e-01
2.079532097355184794e-01
-1.314092037032834129e-02
