-6.000636171353019854e-01
-6.001087011910564151e-01
9.998921074399264031e-01
-8.291896838851853246e-02
-9.999265275842188494e-01
-8.134980838552817728e-01
-5.998953426586912663e-01
-5.833053774371502187e-02
-8.115728514458397935e-01
-2.853455716786009178e-01
1.001099711581821261e-01
-9.999438964297667765e-01
2.049980332965401220e-01
9.631164922965711195e-02
2.019687360495956985e-01
4.070372279745637090e-01
-6.853185765411346636e-03
-9.999470760385746892e-01
2.067341715722544049e-01
1.897004741690054563e-02
3.961569286748274910e-01
4.016891335602444379e-01
-3.063681693768985914e-01
-8.023314170412251256e-01
-1.000140947422300419e+00
3.943576980515774988e-01
-2.934820751801122674e-01
-6.000296360278780661e-01
-2.473011096947655141e-01
1.001664083100453351e-01
-1.000167515908996219e+00
-7.906143106163192602e-01
-7.989355568794044293e-01
-1.000225393495462134e+00
-7.772833232378600909e-02
9.998831925466947768e-01
-9.999369734069076809e-01
1.000201052387391210e+00
3.948704652951685601e-01
-5.999523511274220677e-01
1.000151433338957840e+00
-7.930101966920078960e-01
-3.412070850576283121e-01
9.980313725514303180e-02
-3.300221362531653990e-01
4.040321594437353281e-01
9.988292706398499421e-02
1.001088213785605169e-01
1.001932731804626026e-01
1.955289877258235831e-01
-9.999164143714361908e-01
-7.983254530388838033e-01
4.132572056169014907e-01
3.855343151095526055e-01
-2.303309852414867076e-01
-1.000111277901967854e+00
-7.936467502186888012e-01
4.121419387791823152e-01
-9.301093811611427231e-03
-1.000036288484237756e+00
3.163670169893522538e-02
4.071754297483397012e-01
-1.000050635039166247e+00
-3.064804464069814105e-01
-9.999474823956364666e-01
9.991110861354453310e-02
-9.998772990033234498e-01
4.082281876242505048e-02
-7.973935610258193751e-01
4.169063452332024688e-01
-5.999468396183715857e-01
-2.492227112956856006e-01
1.001841751154620430e-01
-7.419813647646629831e-03
2.080287570592745106e-01
1.002057763705679477e-01
1.732249589161243275e-01
1.000017583582745839e+00
-1.362562383243181435e-02
-7.882346077598570977e-01
4.065754688462319688e-01
4.102935925311063103e-01
2.064503591808338756e-01
2.109692705465765206e-01
9.999389881968081539e-01
3.990540378459210280e-01
-1.000099171402393905e+00
-6.000392084639343260e-01
-9.998899107269731967e-01
4.443257898991044563e-02
-1.000036517701677896e+00
1.000901836012314805e-01
1.000667293683739356e-01
-5.998755112444548176e-01
-7.801813688791067909e-03
-7.896152290768362336e-01
-8.031555344805002550e-01
-2.521839460576644765e-01
3.936444840708296367e-01
-3.063332610191232819e-01
4.000144352872211373e-01
-8.158786201784137271e-01
-3.145211607107818996e-01
9.995420882228397974e-02
1.000665201508634805e-01
1.000090835987739402e+00
4.066352791628760621e-02
3.855345258595820890e-01
1.000153865021288363e-01
-2.931130061709130152e-01
2.038706484351860415e-01
-3.186103115093883442e-01
-6.000619064489097765e-01
1.000060550054440833e+00
4.100816643235111747e-01
2.077986307255580700e-01
9.997366495948299681e-02
1.000051947924702755e+00
-9.999293570642697748e-01
4.135511384998746820e-01
1.000156205564769252e+00
4.089820813148601353e-01
1.000213382524613587e-01
4.183322518081226127e-01
-6.000451878644270653e-01
3.969219774468010775e-01
-3.420220096871657844e-01
4.126774241075047422e-01
9.999511300183244744e-01
9.999545665305203945e-01
1.000844562781212921e-01
2.012683828789785800e-01
3.974518273910087607e-01
-8.036287875304816142e-01
9.996598963512479119e-02
1.000183590499346353e+00
1.000152750009176694e+00
-1.000227615700073791e+00
-5.998842541238690318e-01
3.989775707941141114e-01
5.663994260940893866e-02
4.020632174189707753e-01
1.000408825450641304e-01
4.063784427698799995e-01
-3.852008622387479743e-03
-3.562424699173253329e-01
-5.998795840184163453e-01
1.964334583354893360e-01
9.999564745338440641e-01
-9.999228294845846632e-01
-7.946139966552527856e-01
9.999105048345025004e-01
3.932484201227607334e-01
-5.998693592121859819e-01
9.997734556422581409e-02
-3.707557360587700884e-02
-2.571093794692517753e-01
-7.965056916168267165e-01
1.987610276375734453e-01
9.995930483649083376e-02
9.999728244594533466e-01
2.080703617697441388e-01
2.167350490132760599e-01
-2.169933674327794715e-01
-9.999695046305304702e-01
1.624447666436447044e-02
3.839579320313475375e-01
-8.054777093246234809e-01
2.054445283078666085e-01
9.997959079699451079e-01
-7.908989179985133067e-01
-5.999136301020974171e-01
-9.999600402079349415e-01
5.254243647286343383e-02
-2.811250724841786175e-01
-6.001087100057078683e-01
4.167604226850331328e-02
2.062368827332611010e-01
-1.000072362259007086e+00
9.998532367566713708e-01
-8.019212680226681655e-01
3.894213100048626308e-01
-3.268540322618285754e-01
9.998608797140989823e-01
-1.000009851342987144e+00
5.381307415057151079e-03
1.947505958671654769e-01
1.000588660079289455e-01
-7.843828964665017223e-01
-2.885212389043841363e-01
-4.199167630760448217e-02
-2.997137434431668690e-01
2.003904224566013803e-01
-1.113342622295818568e-01
-5.999569120554782975e-01
-6.000186379452047136e-01
4.090878012550802079e-01
1.000051377915861295e+00
9.987112382628594853e-02
-2.112731189399113807e-01
2.123483727052389580e-01
9.991603642866755952e-02
1.001669045892066706e-01
-7.995855538632259396e-01
-5.999450712749296866e-01
-6.000355327894832946e-01
9.999959799072949407e-01
-6.001279252397276887e-01
-5.999401539890761859e-01
1.000076364014742092e+00
2.032075694124641785e-01
-8.026311629583358087e-01
4.088129394954294060e-01
-7.400576565341997204e-02
1.878807838837963928e-01
-8.126552254713697021e-01
-1.000045091265956421e+00
-8.092869171159412511e-01
-1.000001450568481998e+00
1.000047609563051054e+00
1.000056274508824394e+00
-8.065590360116181579e-01
-3.163694861060122321e-01
-8.114028767635081407e-02
-8.172835438187522339e-01
1.000070390569964607e+00
-6.000719345961127438e-01
1.000866083509431848e-01
-9.999059364807787453e-01
4.125485416028349395e-01
2.303279388983657527e-01
1.000040394922153242e+00
-6.000246048054705961e-01
-6.000301325004563369e-01
-2.765004389291759734e-01
1.000096363166331992e+00
9.998143954804096512e-02
1.000047736533689502e+00
9.999993657374245393e-01
-1.000113569676296166e+00
4.011285492181807522e-01
9.989434545879231908e-02
3.966234749940199533e-01
9.987055882005335672e-02
-3.485059500206706771e-03
2.214648853335548714e-02
1.916595431444750031e-01
3.968143863419789086e-01
-7.979105178991996450e-01
-6.000009858662584961e-01
3.811372769690513085e-01
9.999326125620561223e-01
-5.061215461871654622e-03
-7.822190821121363102e-01
4.037985886489566800e-01
-9.540070472399702142e-03
2.073104174658043919e-01
-1.000045723070656090e+00
-3.127093078186390374e-01
4.144802791368669137e-01
2.208918345723807075e-01
7.343034425126951370e-02
1.000081786192590805e+00
1.000086215449770277e+00
9.997866249285316531e-01
9.997134064030301082e-02
6.186368250739298497e-02
-9.998876575617353657e-01
-2.767891845105244220e-01
-2.921151830410148587e-01
1.000122678312051372e+00
-8.032152358672319803e-01
-8.103726079397959303e-01
-5.999662533431997513e-01
-3.339307596389095578e-01
-9.999462522609000592e-01
2.133662043516355578e-01
1.000764585643226789e-01
-6.000659230246830900e-01
7.516786596593419412e-02
9.997317576054991495e-01
1.980913084961598014e-01
1.920006068057113213e-01
5.545702227936591053e-03
-3.394830180258744390e-01
-3.278753761396838717e-01
-2.356029675175884408e-01
4.004377530481620373e-01
-3.352012563253921051e-01
9.999933723322411705e-01
1.000045619098731242e+00
6.702687059994087704e-02
1.904826326757660393e-01
1.985769761842988146e-01
-1.512217774821418993e-03
-3.096445614288904635e-01
-6.000396932770408753e-01
-1.000064337027224415e+00
2.024371836354847409e-01
-3.371431463798743589e-02
