-6.001101466832440279e-01
-5.998689677251702879e-01
9.998424811192426764e-01
2.505604443944706161e-02
-9.999794901893549470e-01
-7.973979764360482614e-01
-6.000737238906843629e-01
3.905098649176780984e-02
-8.082058947693667728e-01
-3.058701798317353671e-01
1.000550205822289263e-01
-1.000108377239274260e+00
2.043864388479130767e-01
-2.462946693141658690e-04
2.113293688827798666e-01
3.911392692716861852e-01
-3.192563631646208600e-02
-9.999343395215462005e-01
1.903715909096903025e-01
-2.391498762604667150e-02
3.886480655913209792e-01
4.069057593417148011e-01
-3.518412423828973790e-01
-7.975744934879168691e-01
-1.000059939835448164e+00
3.982445008478923687e-01
-2.740246351905526456e-01
-5.996627455270336915e-01
-2.180025736038211925e-01
1.000080336052828756e-01
-9.999326139879909370e-01
-8.187981764818087482e-01
-7.952413606303586624e-01
-1.000057052319871964e+00
1.616505902397902955e-02
9.999760684177915193e-01
-9.999337422723163504e-01
9.999352421607076158e-01
4.195526005846545448e-01
-6.000382539595596754e-01
1.000055811168459208e+00
-7.995991154450194927e-01
-2.910476324846060781e-01
1.000677545241438898e-01
-2.932786824071970666e-01
3.955468748795109013e-01
1.000330592282410169e-01
9.998837524073612981e-02
1.000305848842687612e-01
2.069622647106668101e-01
-1.000034662834976995e+00
-7.849469667893353986e-01
4.185643542495404712e-01
3.996616169151774312e-01
-2.954805793464795882e-01
-9.999788356355114871e-01
-7.991999083847767249e-01
3.882559552600867159e-01
-1.031300761033879798e-01
-1.000083441451542710e+00
-2.509132242473417068e-02
4.024864976064075339e-01
-1.000165614525688751e+00
-2.996919719573115093e-01
-9.998896830581808226e-01
1.000247737483021399e-01
-1.000089133964563892e+00
-1.892013907245659182e-02
-8.040829052501903274e-01
3.920448738110834941e-01
-5.999352971540695689e-01
-3.093931663820287392e-01
9.994695439175861618e-02
9.327887145866131657e-02
1.876951709412748304e-01
9.993011182820189797e-02
1.962718048918265790e-01
9.999973253666045725e-01
9.711377930445200257e-03
-7.852749065705897369e-01
4.250045813309552001e-01
4.062374087927458355e-01
2.007100993768424491e-01
1.793500840328581813e-01
9.999044054063710441e-01
4.036514326390208129e-01
-1.000199900653452545e+00
-6.002662863369415680e-01
-9.998835272079528158e-01
2.066454733113178011e-02
-9.998809642651080853e-01
9.997221361788255489e-02
1.001349144151986448e-01
-6.001202511107029958e-01
-3.321357795464129070e-02
-7.977722136212095361e-01
-7.963223995827483082e-01
-2.559595501137884033e-01
3.951012877945599966e-01
-2.050251762298892499e-01
3.756602395092403790e-01
-7.934749347677346742e-01
-2.986831156687759226e-01
9.998560168693429451e-02
1.001191936669515864e-01
9.998892900688192142e-01
-1.925777919062407473e-02
3.980809273755502309e-01
9.988671750203764743e-02
-2.579995319873270576e-01
1.909334165293901375e-01
-2.583855658078600404e-01
-6.002021079562910311e-01
1.000145617906141204e+00
3.912375562527485862e-01
1.953162317799827796e-01
1.000853845023597366e-01
9.999539866625216655e-01
-1.000090155196543984e+00
4.080105583578321204e-01
9.999845786745195086e-01
3.926727387960931570e-01
1.000541751944587499e-01
3.956462360267379852e-01
-5.999810422206000027e-01
3.976380780262676606e-01
-2.802685436995602797e-01
4.006717275036109083e-01
9.999372234498570267e-01
1.000107059053919611e+00
9.992884844087802920e-02
1.834828622618999150e-01
4.116215326236855598e-01
-8.057585383760501596e-01
1.001323052552338111e-01
1.000017367977508620e+00
1.000159976399378259e+00
-1.000075842081001420e+00
-5.998367193484321902e-01
4.040050418559300027e-01
-3.483853318813873168e-02
3.949176576135696726e-01
9.998897333818058952e-02
3.926599609319166850e-01
-2.548135541742118856e-02
-3.141966946568648389e-01
-5.999436915658060698e-01
2.044413146362026867e-01
9.998825438762554141e-01
-1.000006163694573402e+00
-8.081651925147638194e-01
9.998352806356880507e-01
3.957370753279356168e-01
-6.000007498571543474e-01
9.994488693328812401e-02
4.847180806356782279e-02
-2.257603155021418728e-01
-8.134255138343842173e-01
2.001425040003402822e-01
1.000740362489942054e-01
9.999551465378545556e-01
2.002186503748093760e-01
1.995832825047025583e-01
-3.294609905354074497e-01
-9.999136291650048136e-01
-1.790487166199810840e-02
3.952040424031054711e-01
-8.062376942300861771e-01
1.957552464042233153e-01
1.000058864813467840e+00
-8.156797334523178122e-01
-5.999892715148598121e-01
-1.000048493773758151e+00
4.674103902092015955e-02
-2.857356169748804242e-01
-5.999756573843816332e-01
6.003408475686649801e-03
2.010354397877511246e-01
-9.999396785152844247e-01
1.000206249852378937e+00
-8.092642070804377807e-01
3.955724949420996728e-01
-3.476057043468532282e-01
9.999830614133261575e-01
-9.999881618956919516e-01
5.148574382373218017e-02
1.936190992945721889e-01
1.001004802179958769e-01
-7.867465921528292716e-01
-2.895311895374384492e-01
-6.348191658818717886e-02
-3.648606392520266639e-01
1.933496359737232884e-01
-3.722696840360084202e-03
-5.999606057313812135e-01
-5.997840646011721732e-01
3.918768061988519569e-01
9.999446743084405842e-01
9.996829220033529029e-02
-2.245389324983521062e-01
1.955655829675510826e-01
9.987945742036385965e-02
1.000467424099433511e-01
-7.868961560344096551e-01
-6.000684908853504140e-01
-5.998054438555598944e-01
9.999600191513067227e-01
-6.001315067856077823e-01
-6.000911051932555917e-01
9.999858621638290090e-01
1.964149762886257811e-01
-8.101023671307556739e-01
4.164576948623441854e-01
1.592510784385489653e-02
2.250204771315418295e-01
-8.037279672165292821e-01
-1.000044267886030402e+00
-7.914934291712734105e-01
-9.999586805869098427e-01
1.000049594615073145e+00
9.999296419183039131e-01
-8.086974307826089170e-01
-2.577901927751664046e-01
1.257968556747517705e-04
-7.887578021609769063e-01
1.000154664791085057e+00
-5.999145166962841502e-01
1.000988336907051440e-01
-1.000045958957814562e+00
3.959459286699572034e-01
1.894875299879436314e-01
1.000069871949377687e+00
-5.999327879577639466e-01
-5.999870851446251763e-01
-3.202180381105386719e-01
1.000154017845122478e+00
9.983969904704591281e-02
1.000062783182927406e+00
9.999123757984398342e-01
-9.999829607923350627e-01
3.915043007031475120e-01
1.000248567221530410e-01
4.005995201746486156e-01
9.992665368195134679e-02
-7.130246605599442622e-02
6.351395345522674318e-02
1.827274807749469099e-01
3.819055600121603611e-01
-7.955095706186822158e-01
-6.001687041667493894e-01
4.030258376772180018e-01
9.998708878300808234e-01
-1.452258469052201961e-02
-8.147654787502571772e-01
3.950268581825470693e-01
7.140928544729259475e-02
1.848984239878468105e-01
-9.999429110744224580e-01
-3.508323843867084402e-01
3.928195763138843111e-01
2.261495250614411201e-01
-5.339898638679613230e-02
9.999987000167823714e-01
1.000054296025040479e+00
1.000169413535761498e+00
9.989577524694394361e-02
-1.917354382911309538e-02
-9.999078462442676507e-01
-4.577046442201153642e-01
-3.795096827817511786e-01
9.998555270832959474e-01
-8.190150397057414100e-01
-8.125043615543650066e-01
-5.998666729178964152e-01
-3.748487510300761438e-01
-9.999131697402743324e-01
1.904096798785110956e-01
1.000155120744057324e-01
-6.000090999645373291e-01
-5.602452303819777102e-02
9.999501974794742232e-01
1.996071294893292936e-01
1.958264448970136185e-01
-5.680154635123551427e-02
-1.983865111808468806e-01
-2.835999037663906042e-01
-2.450742368644650282e-01
3.646504068449284985e-01
-3.619970462302174452e-01
1.000138346896567221e+00
1.000132607085829184e+00
5.947137457967204650e-04
1.898499466151122861e-01
1.869300380544233198e-01
-1.698638659872700246e-03
-2.903876026544499056e-01
-6.001748535212693136e-01
-1.000205516369153891e+00
2.071204034513149939e-01
5.302553928639715253e-03
