-6.001063593986132316e-01
-5.999919810574024792e-01
9.998703415669027983e-01
-2.827463431501578417e-02
-1.000022368460122157e+00
-8.081416903232793159e-01
-5.999437856023646098e-01
3.678746794944747628e-02
-7.911599517461878062e-01
-2.415060476587468363e-01
9.995004196799872620e-02
-1.000061585862638935e+00
1.885533762707709005e-01
6.038351434046600880e-02
2.012923066710818332e-01
3.841838570693278387e-01
1.033775310397254538e-01
-9.999679911943382127e-01
1.971975768112755878e-01
3.420978318591588047e-02
3.915759231349409397e-01
3.947617771765679073e-01
-2.928800848631785692e-01
-8.090904833045758915e-01
-9.999926048201351891e-01
3.915692704869203622e-01
-3.928720840475907750e-01
-5.999744883081179481e-01
-2.765526276281159990e-01
1.000274799056820596e-01
-1.000041586499589519e+00
-7.778148660375413526e-01
-8.067317200349288786e-01
-9.999287948374862012e-01
1.607273923110942929e-02
9.999820516971618112e-01
-1.000016200591425264e+00
9.997599999631737733e-01
4.015817537300451767e-01
-6.000079978498672473e-01
1.000044806258048924e+00
-7.951957257498815101e-01
-3.035952898250000587e-01
1.000208904743195015e-01
-3.754961864161197038e-01
4.096967913554407925e-01
9.974942101840519881e-02
9.999649890766448834e-02
1.000346480402826699e-01
1.977386064505408936e-01
-9.998380341385264547e-01
-8.044665559747224970e-01
3.849752809395808884e-01
4.118060902736999096e-01
-2.103236395389249669e-01
-1.000071368806823457e+00
-7.920509509272336546e-01
4.101715046141369836e-01
-3.303978594657116380e-02
-9.999328651491025122e-01
-6.267945408218365821e-02
3.990603027256587887e-01
-1.000083496990163301e+00
-2.876164881285128705e-01
-1.000173542964574835e+00
1.000613844365133148e-01
-1.000090043855863531e+00
-4.632978236096244040e-02
-8.039917568222253452e-01
3.882687154768068583e-01
-6.000473815074973682e-01
-3.841817885891551376e-01
1.000744594917269831e-01
-1.102744507449440053e-01
2.137913943271451123e-01
9.997214472774737515e-02
2.004739481683224522e-01
1.000090803763611813e+00
2.350106774508885915e-02
-7.945820412990760584e-01
4.001226541452497232e-01
3.928453412553678525e-01
1.894487540998791575e-01
2.002217993821504560e-01
1.000007712550240013e+00
3.944932117569536767e-01
-1.000026711457138617e+00
-6.000487438292569919e-01
-1.000146316674958680e+00
5.903723977337940743e-02
-9.999258786236034924e-01
9.983840457515281985e-02
9.993903285989953755e-02
-6.001523644245745359e-01
-5.080749802252172709e-02
-7.988843603354855993e-01
-7.878722173283168040e-01
-3.520835099054155926e-01
4.006532492848051685e-01
-3.238073595510341240e-01
4.017518464370136155e-01
-8.251212086625563380e-01
-3.188692592629635558e-01
9.984854561606704149e-02
9.997255946571548257e-02
1.000049899671005660e+00
1.941935905724268691e-02
4.032882664689605434e-01
1.001497095269866661e-01
-2.778636271929023072e-01
1.929984141597453073e-01
-3.678639250850531117e-01
-5.998939719130784720e-01
9.999371146925337683e-01
4.029115518345025015e-01
2.054907415445877683e-01
1.001116060352998660e-01
9.999774306664123147e-01
-9.999507627764843143e-01
3.984527999705669843e-01
9.999402503251507701e-01
3.985856466614963178e-01
1.001205754116763769e-01
3.973140093105095305e-01
-6.000670637959881759e-01
4.080671636079880038e-01
-2.838052765919890641e-01
3.956006323465385277e-01
1.000029457652225728e+00
9.999573990952841385e-01
1.000454622109322872e-01
2.113761579412427871e-01
4.093373527562720882e-01
-8.064318013172919741e-01
9.990069986598065777e-02
9.999028045062530179e-01
1.000010904184218674e+00
-9.998919694867169916e-01
-6.000182188802200001e-01
3.943174842041632933e-01
-1.038091681440931821e-02
4.002862306690890271e-01
9.995756715536677217e-02
4.033096106542879422e-01
2.405552913977512114e-02
-2.113191322799800598e-01
-5.999692180040632206e-01
2.004166634200199582e-01
9.999928890092751876e-01
-1.000177925528599632e+00
-8.063583215360279333e-01
9.999374720051079635e-01
3.979852905831811061e-01
-6.000256458302731799e-01
9.990057131267067458e-02
2.263914789255931301e-02
-3.605992076600784690e-01
-7.793259043208751180e-01
2.136174163136924098e-01
1.000952678154710812e-01
9.999721490675794744e-01
2.158290980891432176e-01
2.099842715855154140e-01
-3.281519310422170710e-01
-9.997955063441760215e-01
-3.183448879672636650e-02
4.107896856367313498e-01
-7.849571599531982580e-01
2.003333934306437691e-01
9.998119597968361250e-01
-8.079214997601286141e-01
-5.999196284587895445e-01
-9.999373341002122384e-01
1.687744250166509086e-02
-2.857921049486792375e-01
-5.999215202276563241e-01
-4.709358092998044976e-02
2.114324612751703469e-01
-9.998199552527133882e-01
9.999598324383698333e-01
-7.939945866399409358e-01
4.059703979775014515e-01
-2.377661922559115570e-01
9.999885412947431274e-01
-9.998461229069116607e-01
-6.270221803174284847e-02
2.038793493620576214e-01
1.001232364197142816e-01
-8.030472882402760471e-01
-3.158660821466889312e-01
-4.173554058150937517e-03
-3.386846779690594333e-01
1.832678465922791544e-01
2.208679605731382611e-02
-6.001478953901902003e-01
-6.000069156213604371e-01
3.838284307906258408e-01
1.000080533953769502e+00
1.000400033251381410e-01
-3.422567059078155949e-01
1.925134182154848161e-01
1.000774846501745474e-01
1.000240959541636721e-01
-8.042865234535634400e-01
-5.999864398921264108e-01
-6.000625586825764080e-01
9.999944355314182021e-01
-6.000736094865869452e-01
-5.999021324909596942e-01
1.000122121349314552e+00
1.859652663215956292e-01
-8.060971829970646763e-01
4.226233794204569127e-01
-4.824565452397532256e-04
1.974323111683289611e-01
-8.136134208990466465e-01
-1.000205009130840317e+00
-7.966995613428341505e-01
-9.999867197100170690e-01
1.000136444339616126e+00
9.999792359305696987e-01
-7.909059054588589710e-01
-3.183563982496889211e-01
8.697958485700660325e-02
-7.903379932065941471e-01
9.999966493509485632e-01
-5.998979495930012451e-01
9.980150797257868189e-02
-1.000080999369557189e+00
4.042659825354108505e-01
2.119864834998015923e-01
9.998594988167991415e-01
-6.000552406813028927e-01
-5.999327231918143433e-01
-3.290274264089259049e-01
9.999969932447411169e-01
9.990174647179830836e-02
1.000159595379207955e+00
9.999875595151144214e-01
-1.000055641267900697e+00
3.938251341780072412e-01
1.000665053468070276e-01
3.840847313097927040e-01
9.999048998482835959e-02
-1.204567633791629039e-02
3.753368292211796409e-02
2.044421613712199826e-01
3.951724296361783795e-01
-8.015473199778380131e-01
-6.000253450624470908e-01
3.917003325474837649e-01
9.999059936584515640e-01
-3.992649289935835261e-02
-8.075830513418527090e-01
3.908764123009131897e-01
2.265652064995706330e-02
1.981589291096049754e-01
-1.000116424757099498e+00
-3.741357548852754511e-01
3.924745577533923502e-01
1.924469466466622314e-01
7.666010938125873003e-03
1.000146493821776561e+00
9.998890090706429312e-01
9.999127303249519816e-01
9.996044968933320840e-02
7.187299013403660418e-03
-1.000092533776677950e+00
-3.399919006326024284e-01
-3.312590536383752671e-01
1.000014297741769864e+00
-8.175646419177013957e-01
-8.073403876711520155e-01
-6.001251242309257883e-01
-4.044031586871854600e-01
-1.000013117317921196e+00
1.954808655692168162e-01
1.001023899467124584e-01
-6.000920279235014698e-01
-2.173664675261906612e-02
1.000084456439291225e+00
2.168499697031110451e-01
1.836975024629051989e-01
-6.458320746952967394e-03
-3.444608680017958724e-01
-2.814880404989278384e-01
-3.311881629091326662e-01
3.951221525414536639e-01
-3.009340463253131204e-01
9.999695836973204743e-01
1.000090661765812960e+00
8.840854673953532292e-03
1.962235266147836221e-01
1.891573838054463608e-01
-8.268920696972459350e-02
-3.918641507002095792e-01
-5.998144459168521792e-01
-9.998344494459079357e-01
1.973165594531569589e-01
-5.353834954944337171e-03
