-6.000496606130448773e-01
-6.000890433811796321e-01
9.999828975708383583e-01
-9.050056801224570097e-03
-9.999769792737985830e-01
-7.833800617840365188e-01
-6.000404348325715231e-01
2.750506094064130921e-02
-8.025799159377008385e-01
-3.059587502835984796e-01
1.001322534663549590e-01
-1.000132990713577863e+00
2.228401620770321667e-01
-4.246408902673298215e-03
1.937968081463050385e-01
4.075337915640710462e-01
2.554437488932820993e-02
-9.999136376138477722e-01
2.019797770176743890e-01
4.156489761704458552e-02
4.145210752905911233e-01
4.036741066020105850e-01
-3.902811767180315861e-01
-7.844435827241768022e-01
-1.000051170192335803e+00
3.801610210574747906e-01
-2.872045434839748945e-01
-6.001746072574841717e-01
-3.655783509054519320e-01
1.000896045414062380e-01
-9.999701365793153274e-01
-8.025286549402730341e-01
-7.966274149321397324e-01
-9.999993553940225155e-01
-9.312641067872393444e-03
1.000152689037384857e+00
-9.998482468616721741e-01
1.000049765294099613e+00
3.736405507823125083e-01
-5.999942664569963835e-01
9.997638066362900533e-01
-7.964939823763758087e-01
-3.147623479472624886e-01
1.000642870427029402e-01
-3.131957568374428291e-01
4.005331332253869725e-01
1.000413841212105248e-01
1.001738459512384743e-01
9.989739414936210649e-02
2.071234316155845245e-01
-9.999844926396597167e-01
-7.847598583951603812e-01
4.185524050682384312e-01
3.861957111973969847e-01
-3.009430418625928527e-01
-9.999863375150135347e-01
-7.846579191745975956e-01
3.880001200455250876e-01
-4.236179472890014980e-02
-9.998505656608324133e-01
1.020849473685119142e-02
3.966810406725026494e-01
-1.000061961328023719e+00
-3.148967911265572739e-01
-9.999446062187486994e-01
9.992392402203345569e-02
-9.999973796349148625e-01
1.433599073196557133e-02
-8.070925782289296579e-01
4.030646046508519209e-01
-6.001393658142035736e-01
-2.106701178259838270e-01
9.996381331777089152e-02
1.806839447591640849e-02
2.241264969705845655e-01
9.997186505957611491e-02
1.822200733659646021e-01
9.998641936447311140e-01
-1.161519323667069420e-01
-7.957280903487848889e-01
3.915592560311209613e-01
4.076863069737195477e-01
2.071353955395690283e-01
2.003202594580084095e-01
1.000230649221915291e+00
3.963003659422446034e-01
-9.999243215173476695e-01
-6.000750546012759701e-01
-1.000026951062991332e+00
1.600000878469506546e-02
-1.000064853817417276e+00
9.993735845365499249e-02
1.001510891113012169e-01
-6.001367541137556660e-01
-9.853596400234326813e-02
-8.123513190120865701e-01
-7.995004960976439534e-01
-2.925358008676593458e-01
4.012668308714260057e-01
-3.434039646730054351e-01
4.066829125296008152e-01
-7.901101574980459175e-01
-2.144686013722933715e-01
9.982492566364793707e-02
9.994403302256314736e-02
9.998465046768366671e-01
-1.538758805849463687e-02
4.024466778038172099e-01
1.001159460198436657e-01
-2.206078920551391986e-01
1.863420978208845113e-01
-3.258665610987284689e-01
-6.000725232019205047e-01
1.000103236557671860e+00
4.076407521919855892e-01
2.229101565076746783e-01
9.992239125326678184e-02
1.000072031283252283e+00
-1.000007479962082613e+00
4.192715424499761645e-01
1.000015942935988944e+00
4.178297278706203377e-01
9.984751236187539014e-02
3.904673266237693730e-01
-5.999519374772398494e-01
3.885875697270748108e-01
-3.066984255238438539e-01
3.998411087536780095e-01
9.998738322143969626e-01
9.999015709991900813e-01
9.987993146718103510e-02
1.738251257507346659e-01
4.060459672327709768e-01
-7.925886819166572117e-01
1.001960028014815263e-01
9.999914840914319036e-01
9.999503336683048804e-01
-1.000127015366626182e+00
-5.999956799251092709e-01
4.028498706020484654e-01
4.757524711953987212e-02
4.105838686860023845e-01
1.001378856658279998e-01
3.987383471933410028e-01
-2.348985609920448137e-02
-2.786452739412905166e-01
-5.999915258965671239e-01
1.933162627172772818e-01
1.000046684882202053e+00
-1.000060117724653752e+00
-7.943680249866894583e-01
1.000191044224695514e+00
4.140794647173945409e-01
-5.998960287417431925e-01
9.986722990358139207e-02
1.375439737152689239e-02
-1.907716482863551222e-01
-8.032599615364670598e-01
1.932450713848344881e-01
1.000864896199524373e-01
9.998892135299151107e-01
1.970265141799411035e-01
2.024812956462878066e-01
-2.367941923004318605e-01
-1.000062988764012673e+00
-2.443345133560658258e-02
3.965829736264895877e-01
-8.102617457454757144e-01
1.994389670555822003e-01
1.000023445379185860e+00
-8.040107289644876642e-01
-5.999083192835464873e-01
-9.999164458520922727e-01
-5.029390394862177927e-02
-2.402050735185360386e-01
-6.000594114510084953e-01
-5.401927981940377738e-02
1.996965888133253875e-01
-9.998526077546694424e-01
1.000065508713213092e+00
-7.985954030283917149e-01
3.985015137254374062e-01
-2.606873120355129858e-01
9.998209623075137165e-01
-9.997826517109622557e-01
-5.039097729761050914e-02
2.077608054263699044e-01
1.001018429855497077e-01
-8.012884553071047966e-01
-3.642708369199406659e-01
6.904662998183189182e-02
-2.562397080405046657e-01
1.991947692349928800e-01
1.506011239903780330e-02
-5.999714938147561183e-01
-6.000667418034795197e-01
3.890830302460999146e-01
1.000027539553221212e+00
1.000574857658080019e-01
-3.150152077267030504e-01
2.139941933491230630e-01
1.000449767790614619e-01
9.993976982695965128e-02
-7.937418228921563346e-01
-6.000581491174359350e-01
-5.997634231738265820e-01
1.000034867797431781e+00
-6.000102562762397174e-01
-5.999174143666740067e-01
1.000087742192976581e+00
1.937871905596216249e-01
-8.066895274906259461e-01
4.001677510857652997e-01
2.258100292738758966e-02
1.876196146393266651e-01
-7.905036156539637648e-01
-9.997722616356879977e-01
-8.009858865467406330e-01
-9.999159810105762158e-01
1.000026342394566559e+00
9.999784122240483741e-01
-7.898241066940213662e-01
-2.811803601129320707e-01
-3.811149219450208486e-02
-8.042682094057718167e-01
9.998489507176785418e-01
-6.000513275313399397e-01
1.000376820696786823e-01
-9.998092412368372317e-01
4.005348214811392249e-01
2.010006612612787180e-01
1.000006672972012067e+00
-5.999846744620219718e-01
-5.999899141749580611e-01
-3.261587937948202121e-01
9.999739388220278968e-01
1.000094664813249296e-01
1.000262850382102719e+00
9.998810649116294247e-01
-1.000045450134689151e+00
4.150456638139911059e-01
1.000744332174113987e-01
4.040879568294507007e-01
9.986187846142384472e-02
-7.275878450262081472e-03
-2.673927350487241908e-02
2.021504184868228304e-01
3.966025023405153616e-01
-8.079423071922844368e-01
-5.999016866392224978e-01
3.959589497917898604e-01
1.000005964687251669e+00
5.920813768288573503e-02
-7.926646554532976729e-01
3.859282447715541853e-01
-4.363670017661777645e-02
2.061782547666730636e-01
-9.999374777111458279e-01
-2.684938183229037545e-01
4.013571661345659014e-01
1.956866843646176968e-01
-1.599443839724568051e-02
1.000053863303649981e+00
9.998418030204871965e-01
1.000081641159927592e+00
1.000281900937226159e-01
5.847048826046367248e-02
-9.998792021267431940e-01
-2.846821345720751406e-01
-3.240598808436798706e-01
1.000035120704023672e+00
-8.102511790975287509e-01
-8.184317757063587218e-01
-6.001129112247186592e-01
-2.762058228211449196e-01
-1.000061960086588320e+00
1.966854285051533868e-01
9.999452882197995551e-02
-6.000059624568958583e-01
-2.147766425603993279e-02
1.000050346020440850e+00
2.014012094547199538e-01
1.625273149247544180e-01
1.099187558036140849e-01
-2.779278754445209665e-01
-3.347536847905702717e-01
-2.236122006984752053e-01
4.179699387041702074e-01
-3.219917827977064051e-01
1.000062434027517266e+00
1.000089245684674832e+00
-5.508928600140056142e-02
2.042782472804850480e-01
1.956146224494527130e-01
-4.250401499999895832e-02
-2.658063450053108623e-01
-5.999006976144192205e-01
-1.000132564244328615e+00
2.056713893449228225e-01
-9.841592906070111002e-03
