-6.000967804983482479e-01
-5.998990841888099945e-01
1.000064530095900350e+00
1.643435815654821497e-02
-1.000021476742205540e+00
-8.057794940393062655e-01
-6.000568235437208076e-01
-3.088932289310187748e-03
-8.088771688500442369e-01
-3.021033632658067236e-01
9.996708095866356503e-02
-1.000029092494426619e+00
1.845739564730722870e-01
1.164440422766619028e-02
2.115637356629227472e-01
3.989175350882009918e-01
3.834231044284287099e-02
-1.000115482436409131e+00
2.103125724275656250e-01
-2.753500579898913309e-02
4.125698407783659483e-01
4.103433593780324018e-01
-3.901909577567468368e-01
-7.954697011370422954e-01
-9.998678288400001390e-01
4.179415521935084255e-01
-2.348658059457162939e-01
-5.998801381737061122e-01
-3.404478878838879119e-01
1.000487596355807418e-01
-9.999890677699558861e-01
-8.027470409855087530e-01
-8.117887100595387873e-01
-1.000036511487174762e+00
-9.638440678660382954e-03
1.000106104118406725e+00
-1.000026574865044093e+00
9.998593443137557824e-01
3.845568460773501895e-01
-6.000237411224973449e-01
9.999858728669371866e-01
-8.030280548331732993e-01
-2.901692717774870256e-01
1.000724997318068049e-01
-2.887544966441234484e-01
3.999705071805828016e-01
9.996491339829674527e-02
1.000340625711039905e-01
9.985917086253036368e-02
2.047395568158237034e-01
-9.999411160781230823e-01
-7.926892021571166902e-01
3.987345438535125353e-01
4.056929948459980229e-01
-3.587998229479972823e-01
-1.000013376991906622e+00
-8.005736886807245378e-01
3.936893003539491676e-01
7.285563274984727111e-02
-1.000084351431718144e+00
2.734104028629131405e-03
4.026757399873440724e-01
-1.000048078920988015e+00
-2.709168741480108000e-01
-1.000048030922621400e+00
1.000051513642731121e-01
-9.999706624912322317e-01
-2.112335263529674725e-02
-7.932505059143476478e-01
3.792850612394286225e-01
-6.001123375462856790e-01
-2.702561211495997373e-01
9.983411074457707035e-02
-2.923294582377251871e-02
2.057997766822000363e-01
9.999788612500051799e-02
2.088973823693827114e-01
9.998924002679883127e-01
3.464914454178549125e-02
-7.941527930571460336e-01
3.966321697813933733e-01
3.955928635293233242e-01
2.033043498170440666e-01
2.083514443723644416e-01
9.999098645778075056e-01
3.947908772735418959e-01
-9.999360219003253780e-01
-5.998756332928870671e-01
-9.999743710888313597e-01
-1.477006329441211789e-02
-1.000238102100581727e+00
1.000860041307646137e-01
1.002666324572268897e-01
-5.999227516827509987e-01
4.149475169404742703e-02
-8.103108375441471223e-01
-7.863830403601941299e-01
-2.814817575810072969e-01
4.131999262240448889e-01
-2.885367010352567485e-01
3.937512467923353077e-01
-8.120212100791888155e-01
-3.180730126646544309e-01
1.001413952500640192e-01
1.001140842832178995e-01
9.999699552517282708e-01
-7.014071659189796693e-02
4.318581568107506818e-01
9.988814874498290475e-02
-3.131794024460714532e-01
2.085020978942208891e-01
-3.347498292224516669e-01
-6.000365332672193963e-01
1.000015001710317541e+00
4.088852756097756114e-01
1.937604902954337405e-01
1.000827377221773645e-01
9.999945468199729071e-01
-9.999448737808217524e-01
3.954299274863350422e-01
9.999897691136464539e-01
3.984417458887665742e-01
1.000231127841850476e-01
4.023611413364525657e-01
-6.000418733842478591e-01
4.033802739431933126e-01
-2.888211456718287606e-01
4.052017231431183086e-01
1.000010560645290481e+00
1.000038694611855572e+00
9.993676605228550558e-02
2.023585733626410421e-01
3.921874982605024762e-01
-7.871799483667895059e-01
1.001254456072917520e-01
9.998951155731535811e-01
9.997969522081585625e-01
-9.998936999205046972e-01
-5.999502592109947630e-01
3.856947072060829540e-01
1.693553434892400983e-02
3.933889526177453133e-01
9.988921422552747564e-02
4.064354243630147745e-01
2.802533616380902329e-02
-2.293954288515255291e-01
-6.000331437084762687e-01
2.046555145511446128e-01
1.000018719521616362e+00
-1.000005349134426291e+00
-8.029424911082766458e-01
9.999574817807330707e-01
3.979256939430156903e-01
-5.998746653395122808e-01
9.982739069977919488e-02
4.222380462068484053e-02
-3.326897990651357384e-01
-7.992459383822924091e-01
1.928934612856288144e-01
9.991096530733982461e-02
9.999737874475829180e-01
2.020208640220423346e-01
1.917318799844779653e-01
-2.835133866768230204e-01
-9.998584752760938388e-01
1.766975478971614380e-03
3.971326863544729635e-01
-8.012134612893851981e-01
1.903638264316248052e-01
9.999492602146995424e-01
-7.976335948267363474e-01
-6.001412342979153269e-01
-1.000075631461516901e+00
-5.521405221819192244e-02
-3.797819163042696622e-01
-6.001191457895321824e-01
2.047597097059417320e-03
2.012625843014669014e-01
-9.999426211696489375e-01
9.997582434716888455e-01
-8.166844857897095356e-01
3.943987323177731708e-01
-3.282457171861345446e-01
9.998780941568022884e-01
-9.999992344572139480e-01
1.321069653565213090e-04
1.998826692346654388e-01
1.000097351507468063e-01
-8.085327824638313121e-01
-2.568331873739659321e-01
2.876686342799466070e-02
-2.495175215178581929e-01
1.959574111062857837e-01
1.246745824692495203e-01
-6.000692336959631001e-01
-6.000244764278531706e-01
3.975131889546318908e-01
9.999455138146619015e-01
9.997229180305665375e-02
-2.633345373745697438e-01
1.992568402662283911e-01
1.000013249429949902e-01
1.000522253791979455e-01
-8.026315297070718557e-01
-5.999700325169929904e-01
-6.000540389362313265e-01
1.000039912363095640e+00
-5.998765006973026948e-01
-6.000277705750758361e-01
1.000196988394030706e+00
1.987863796839980934e-01
-8.194467754131093962e-01
3.946068425693133874e-01
-6.348724273457596878e-02
1.981494970911678866e-01
-7.901005094277441243e-01
-9.999292423843629818e-01
-8.088404595870493097e-01
-1.000240778415147025e+00
1.000093242735282439e+00
9.999637424850156275e-01
-8.041243065280766489e-01
-2.818628055705583724e-01
-5.536575642049765961e-02
-7.996826980422635511e-01
9.999321682427644298e-01
-6.000013194193419830e-01
1.000858940663172103e-01
-9.999727620780777260e-01
4.047714454756552449e-01
1.966889153297962378e-01
9.998544527249983993e-01
-6.000553497816492055e-01
-6.001475715289179558e-01
-3.475749884705736648e-01
9.998045484053126319e-01
9.999261235953652016e-02
9.998140160619358729e-01
1.000021248766329807e+00
-9.998183141949180675e-01
3.909391187844055149e-01
9.998265221919018508e-02
4.002047218283933394e-01
1.000910204106751217e-01
1.200724020389918586e-04
5.665563512613565333e-02
2.170613374525893757e-01
3.943517577391555951e-01
-7.984759487204663442e-01
-6.001355286165576119e-01
3.911563549500107206e-01
1.000085813128662515e+00
-6.048559129502915216e-02
-7.965872363324039140e-01
4.115921630305328649e-01
-1.302415037617161986e-02
1.913761876244160498e-01
-9.999712836248596526e-01
-2.223710587770681979e-01
4.028307917224584478e-01
2.124708403666710210e-01
-3.739739263332006458e-02
9.999965392393266317e-01
9.999371696257460806e-01
1.000050512151491766e+00
1.000952592822120929e-01
-5.040730687371385715e-02
-9.999938212239057878e-01
-2.656882566815143565e-01
-2.939702667724808371e-01
9.999702168906742239e-01
-8.100146859712682446e-01
-7.951004524679546881e-01
-6.000630420580466140e-01
-3.404831338890027537e-01
-9.999259731464463785e-01
2.069772054137374584e-01
9.997323250510826986e-02
-6.000349196032073174e-01
-2.921646134370848181e-03
1.000110117382773556e+00
1.786337242113709700e-01
2.068243814405122394e-01
-3.817109048283529038e-02
-2.930441043741278673e-01
-1.602323873030900570e-01
-3.659456072684987848e-01
4.112232448536449758e-01
-2.991798861336483761e-01
1.000007867558038610e+00
1.000076553865951512e+00
-3.572082260954975025e-02
2.164172570392988715e-01
2.147086674713304111e-01
-4.097394177808402066e-02
-2.389201426468894607e-01
-5.999446316682343072e-01
-1.000100049595094243e+00
1.971763497034039747e-01
-1.639267551988177543e-02
