-5.999660185520127031e-01
-6.002111534408786087e-01
1.000132473968683211e+00
-2.164269330121870727e-02
-9.999917641822803072e-01
-7.896475472016737385e-01
-5.998739568258042443e-01
-4.501325690095483306e-02
-7.940025775720058743e-01
-2.597327771767861671e-01
1.000866520675607885e-01
-9.998676946288203027e-01
2.048695840261066659e-01
2.279471882593420151e-02
1.957124522647256670e-01
3.864427113264601865e-01
-6.236487801464583695e-03
-9.999426657118126727e-01
2.141990972742890131e-01
6.150856291827901112e-02
3.900293583339838333e-01
3.997754982777232402e-01
-3.210963937658242728e-01
-7.811836718131076607e-01
-1.000013867195122419e+00
3.975560557660063887e-01
-2.474012181657623266e-01
-6.001293907764470026e-01
-3.787153080798364990e-01
9.987393225857135737e-02
-1.000116685358035218e+00
-8.175880414799739926e-01
-7.994589103361795512e-01
-9.999497267238675047e-01
5.231937868806088576e-02
9.999756191675597261e-01
-1.000013972647634253e+00
9.998740263669679829e-01
4.030130904796843105e-01
-6.000846358850252527e-01
1.000029630137621028e+00
-7.963989964117970111e-01
-2.264272910082038570e-01
9.994299624119863668e-02
-3.676233682025432659e-01
3.949458309582565274e-01
9.995157854324503155e-02
1.000294550926293796e-01
9.998111311112427291e-02
2.043730712697933716e-01
-1.000005920674116311e+00
-7.962910803106416635e-01
3.996416629816910704e-01
3.995009023700244466e-01
-3.969003363795686190e-01
-9.999297393939782230e-01
-8.165630186948358293e-01
3.887298969597322018e-01
-2.385659105199346153e-02
-1.000001945723054897e+00
-2.845933559331746687e-02
4.112905357866945555e-01
-1.000090808563626643e+00
-3.012635238427001094e-01
-9.999589279051799284e-01
1.001631717383046905e-01
-9.999597688963413056e-01
9.421167452991593277e-03
-7.848402062932640089e-01
4.143283947750802110e-01
-6.001712639813187034e-01
-3.804071854178052714e-01
9.993284938591082134e-02
-1.856286383880633925e-02
2.145336200132436366e-01
9.989325495593559534e-02
1.976027118158640017e-01
1.000151178496791360e+00
7.439176846751640844e-04
-7.996293512925370939e-01
4.060180482631269849e-01
3.966166192289373171e-01
2.101379553130497124e-01
2.227988252967343930e-01
9.999228530098379641e-01
4.110663401405384998e-01
-1.000081820927132492e+00
-5.999967437871932541e-01
-9.999548928587175256e-01
-2.155538534817014185e-02
-9.999144277243159351e-01
9.998241296342523510e-02
9.993015464499876988e-02
-6.000298839760696001e-01
-1.044200473508805349e-01
-8.038598856957609451e-01
-7.833003945191944206e-01
-2.684360125159152011e-01
4.067730348426715770e-01
-2.864083701411098137e-01
3.837868354809184646e-01
-8.107357863392802289e-01
-3.136026166049933894e-01
1.001203577412839024e-01
9.999447105521902524e-02
9.998788615303638716e-01
4.835200770440171297e-02
4.409779977121142114e-01
1.001879364015386131e-01
-3.410696953800210762e-01
2.066025983592564008e-01
-3.621620932705444940e-01
-6.000639798320984708e-01
9.999749349003811405e-01
4.034551693467778311e-01
1.980776019857574399e-01
9.997801134755364416e-02
1.000206242525460754e+00
-9.999031332067866984e-01
4.125262524016093391e-01
1.000247091302308045e+00
4.000316954831660277e-01
1.000500040408379421e-01
3.947908820282434728e-01
-6.000860884071806955e-01
3.815726526372303362e-01
-3.013065995503607652e-01
4.110796265437132724e-01
9.998257537135314399e-01
1.000030672007411026e+00
9.996617265996403379e-02
2.244521496137148464e-01
3.942978008672699541e-01
-8.095149765464699776e-01
9.998279579141798601e-02
1.000142365448703607e+00
1.000118217560288514e+00
-1.000011616424540506e+00
-5.999920055529649465e-01
3.936504837446194172e-01
4.482668551545839625e-02
4.100081215759476816e-01
9.983751396868280337e-02
3.919343489354722432e-01
8.633556859308745557e-02
-3.038788373223106909e-01
-6.000075247515491705e-01
2.018499063987161668e-01
9.998990970580863280e-01
-9.998164916813887526e-01
-7.963005173895025823e-01
1.000015133326219496e+00
3.959435883760918373e-01
-5.998448021888350690e-01
1.001201172945747758e-01
2.356721587895993161e-02
-2.662368355990734070e-01
-8.165330755856332612e-01
2.181502605982279241e-01
9.991136893721976053e-02
1.000047859113577076e+00
1.913478152488626571e-01
2.070101361925239525e-01
-2.462665675457634262e-01
-1.000007892878176818e+00
5.065966596235739472e-02
4.020834651994359965e-01
-8.026407875926472313e-01
1.801276392859600950e-01
9.999976186966296199e-01
-7.941987525450617813e-01
-5.999805870949052045e-01
-1.000114939367108047e+00
-1.421284162565000092e-02
-2.385072132668361045e-01
-6.000582050052997163e-01
-1.628422560704266206e-02
1.865281871171620698e-01
-1.000076386320428057e+00
9.999433580640855190e-01
-7.863489143728382702e-01
3.766562545481005331e-01
-2.847850756015916640e-01
9.998094656123159840e-01
-9.999496840688402166e-01
-3.831506820101904243e-02
2.077701730536120894e-01
1.000349666345532601e-01
-7.837563566274242666e-01
-2.751641659075329538e-01
-3.511390017912913164e-02
-3.312624582150911490e-01
1.993743752614766107e-01
1.618494902467121008e-02
-5.999235437522190129e-01
-6.000104310069185320e-01
3.958415526060702350e-01
1.000085775974993263e+00
9.978897987857804353e-02
-2.595228029500981637e-01
2.132851356236753759e-01
1.000928326784809030e-01
1.000782391835945973e-01
-7.912829638465805893e-01
-5.999945820162843058e-01
-5.999867601122196303e-01
9.998963125455364587e-01
-6.000705705698530235e-01
-6.000944472948370745e-01
9.999787513066166200e-01
1.925353058065028267e-01
-8.004853139328726996e-01
3.887592816804682494e-01
-4.452830667135519033e-02
2.010706042580791275e-01
-8.092192755565016382e-01
-1.000054087132310920e+00
-8.090752356437255211e-01
-9.999620382053980849e-01
1.000209279837858567e+00
9.999775628473922540e-01
-8.025601678603284661e-01
-3.465239559275685721e-01
-6.258531089192712060e-02
-7.975904842077370382e-01
9.999961414685478722e-01
-5.999494806193200747e-01
1.000288678135882597e-01
-1.000083210141148760e+00
4.038696898604834384e-01
2.051900938590942303e-01
1.000220150635789729e+00
-5.999885014922876625e-01
-5.999428423483869066e-01
-2.219431508793494046e-01
9.999966307642602636e-01
9.994145713680596677e-02
1.000068795546769085e+00
1.000005343281888059e+00
-9.999184759228032515e-01
4.048282415918545984e-01
9.996218250372920777e-02
4.004528980759834433e-01
1.001340369223747556e-01
8.130755683670320977e-02
-1.035467235346767406e-02
1.991191097873879212e-01
4.012190805941174832e-01
-7.971027262673362479e-01
-6.001765625858649367e-01
4.116714551699771629e-01
9.998655160667245800e-01
-3.404789274074206118e-02
-7.971072058533610338e-01
3.996643538236656079e-01
-1.905737359351066060e-03
2.014758375807294555e-01
-1.000007825850225851e+00
-3.035593107977351823e-01
3.978734897875732535e-01
2.084427753343361112e-01
5.706834851618498849e-02
1.000119590204545661e+00
1.000000760031750868e+00
1.000145900454438408e+00
1.000703104626055884e-01
-1.530242458190855500e-03
-9.998452690316097513e-01
-1.932733006206831805e-01
-2.936233449590069933e-01
1.000116241543322682e+00
-7.971365915667451008e-01
-7.955878650528519502e-01
-6.001028543237658663e-01
-3.581720341588171541e-01
-1.000086983405640284e+00
1.968997487501368826e-01
1.000260273622282092e-01
-5.999267676425956708e-01
-9.802325931305646070e-03
9.999402947188755775e-01
2.055905235902779349e-01
2.082971324089859799e-01
-4.843017765069507902e-02
-2.948473349989327863e-01
-3.143771538623272299e-01
-3.457596996336585460e-01
4.019361124324241086e-01
-2.867346382503709323e-01
9.999833259228246840e-01
9.998599348319860969e-01
1.004017239524999661e-01
1.969467887267146722e-01
2.061305755967972886e-01
5.152297419618376284e-02
-2.988672478017707634e-01
-6.000944245134050004e-01
-9.999859901749265090e-01
2.138060146754476309e-01
-6.152619022240611059e-03
