-6.000117895351945174e-01
-5.999352752873057248e-01
1.000157891195534443e+00
5.007474313120058133e-03
-1.000043550248097102e+00
-8.095554887076541473e-01
-6.000122944383912138e-01
1.897869743538474138e-02
-8.009384702685683477e-01
-3.517338247823819652e-01
9.996708273657589627e-02
-1.000011434670583732e+00
2.133525759696349444e-01
2.760953816859050471e-03
2.053993101457687320e-01
4.147104392754920599e-01
2.576655169086020103e-02
-9.998780653737676660e-01
1.929226571728054895e-01
1.142274878211293164e-02
4.100198083165023100e-01
3.877281945281472186e-01
-3.301973711374802667e-01
-8.032085617640866149e-01
-1.000122536554075348e+00
3.918596997292331796e-01
-2.940568543065337770e-01
-6.000296180253003042e-01
-2.726182038090213533e-01
1.001455233689541729e-01
-1.000017018079734976e+00
-7.942592324157158323e-01
-7.901163355325550031e-01
-1.000056175987033447e+00
4.947113829997469570e-02
9.998055080094564451e-01
-9.998379117788667170e-01
9.999410768446993503e-01
4.026317846037838488e-01
-6.000761636162685875e-01
9.998755890247488232e-01
-7.952553264601852634e-01
-2.592856190840696629e-01
9.985533455559658655e-02
-3.478420383423153073e-01
4.112282536457905202e-01
1.000820180118953545e-01
1.000363138928974660e-01
1.000842103561477014e-01
2.167174312791923241e-01
-1.000081836437168636e+00
-8.085932133026624280e-01
4.026979437678470108e-01
3.914203610329197169e-01
-3.567961610189931410e-01
-1.000043642135309607e+00
-8.077394127339472263e-01
4.022984080805928064e-01
-1.240808135568354474e-02
-1.000046450086815142e+00
4.051474165119843540e-02
4.045315805052140390e-01
-1.000005144148120584e+00
-3.029852763478286803e-01
-1.000096356498485495e+00
9.999091057858762455e-02
-9.998510835412365294e-01
-1.220304244378860557e-02
-7.955715125539664090e-01
3.954481443834554910e-01
-6.000535832846043416e-01
-4.272623290036831056e-01
1.001096849902521485e-01
5.963894648227185263e-02
2.075712412799773920e-01
9.998313935128196051e-02
2.085807409844404603e-01
1.000058946104191993e+00
2.332519258203425219e-02
-8.114668426539880519e-01
3.922814437914940444e-01
4.085551523334197133e-01
2.006753868740882574e-01
2.043220140582166500e-01
1.000094891644936368e+00
4.050047969795183000e-01
-1.000134531313919384e+00
-6.000464926374532437e-01
-1.000112662418058962e+00
3.368446722387676007e-02
-1.000001621920778128e+00
9.997307287536671971e-02
9.995340221047258056e-02
-6.001717472325117653e-01
2.897556239749182402e-02
-7.889205874540314856e-01
-8.015820652524363599e-01
-2.465580677888146166e-01
3.921352664600347149e-01
-3.186142916023305127e-01
3.921486159319591547e-01
-7.886227715869921218e-01
-3.587605688672539372e-01
1.000876379228993196e-01
9.998342091327706849e-02
9.998714850743156690e-01
-7.571063021197069198e-02
3.926043175336477731e-01
9.987096625491330426e-02
-2.655042720832085923e-01
1.922939928300228807e-01
-3.771443018191951713e-01
-6.001563138849608237e-01
9.999378032051036147e-01
3.962156090098676309e-01
1.900143301528218753e-01
9.992146084255473792e-02
1.000038178608330774e+00
-1.000015113650980281e+00
3.925167133960452137e-01
9.999098679259192934e-01
3.880412592129047766e-01
1.001272122491136257e-01
4.030422825129733044e-01
-6.000611117936733852e-01
3.979609590299792443e-01
-2.438744527152825747e-01
4.105925345881293875e-01
9.999840903346320919e-01
9.999284590143517892e-01
9.989313981417566324e-02
1.869007790079388054e-01
3.792142519983596749e-01
-7.971645002439176064e-01
1.000233113855580475e-01
9.999781012906304722e-01
1.000052437081209389e+00
-1.000046952780710985e+00
-6.000157065681700486e-01
3.973419537218685349e-01
-2.741955888961433371e-02
3.969521044008882948e-01
1.000174098399306821e-01
4.106767814548666906e-01
3.881611849497199063e-02
-3.882127447722295566e-01
-5.999991970838322031e-01
2.079251204911738149e-01
1.000052324248210223e+00
-9.998994782314072349e-01
-8.096424012951806137e-01
9.999753873504958479e-01
4.163696134507017810e-01
-5.998997009809575731e-01
1.000594215829402889e-01
-5.713336209755805195e-02
-2.771901767544340811e-01
-7.951109949805208466e-01
1.926968459382144006e-01
9.992751046286577066e-02
9.999429643717205884e-01
2.144066051952860374e-01
2.021519638722105716e-01
-2.716469390133201545e-01
-1.000076113641991560e+00
5.928462712589332995e-02
3.935228883366933550e-01
-7.869496013045910177e-01
1.949026781024150168e-01
1.000063140047603882e+00
-7.949227357715733522e-01
-5.998821003606292779e-01
-1.000065518392024400e+00
-1.925587977786208382e-02
-2.812278400147333324e-01
-5.998837553899329933e-01
-6.832148637565306493e-02
1.892426665933466257e-01
-1.000009443791024299e+00
1.000066113513016663e+00
-8.023064824827176311e-01
3.931147813676110214e-01
-2.888534512605715476e-01
1.000035223910186399e+00
-1.000009696059114939e+00
-6.046785493217659430e-02
1.901531873538051531e-01
1.000468995772916120e-01
-8.020946503164568808e-01
-2.305032524495656543e-01
4.482867958182580777e-03
-3.548772083847075431e-01
2.101162687656750183e-01
4.257833704865989638e-02
-5.999022062350823914e-01
-5.999654751094629646e-01
3.917013795214787097e-01
1.000135512984228203e+00
1.001085897970777627e-01
-3.080686519283452052e-01
1.954336739936856915e-01
1.000332222549444872e-01
1.000982018512835275e-01
-7.862878343698844752e-01
-5.998290317321929299e-01
-6.000765029763819314e-01
9.998061844639567486e-01
-5.997818328357090722e-01
-6.000779745834400325e-01
1.000132384198555879e+00
1.920037442711749753e-01
-7.948553961228251863e-01
3.787115676045848534e-01
1.814861235918217852e-02
1.937709940969764566e-01
-7.934229886932117060e-01
-9.999516543792541512e-01
-7.933770932239437856e-01
-1.000099077299483552e+00
1.000032265115206043e+00
9.999127252717954217e-01
-7.860385928621524965e-01
-2.397276586626970185e-01
5.113537105496860496e-02
-8.108065112653707329e-01
1.000111583618036981e+00
-6.000588580760267687e-01
1.001696668257393424e-01
-1.000052845381552480e+00
3.905302809512101181e-01
1.803325103652662353e-01
1.000087530979752337e+00
-5.999581396603267391e-01
-5.999979532686624539e-01
-2.020586843031875190e-01
1.000093179636044827e+00
9.998459219134209208e-02
1.000045943437016804e+00
9.999567102230092486e-01
-1.000039504212376418e+00
3.891298240128892028e-01
9.982068728370843691e-02
3.975495823436882015e-01
1.001820496239346908e-01
2.612675298667581705e-02
2.974414254178022951e-02
2.013722609394855700e-01
3.857788600690325587e-01
-7.933508935552486818e-01
-5.999846252257541313e-01
3.973068989323751410e-01
1.000167603982454523e+00
-1.935902899696834156e-02
-7.904471063255595897e-01
4.070112208387856589e-01
-4.016500134858608934e-02
2.069215548036287267e-01
-9.998474703209984105e-01
-3.049015079382111360e-01
3.907488040428866438e-01
1.942686848683669865e-01
-8.313405117679889544e-02
1.000064888077126790e+00
9.999649865111784885e-01
9.998256483956321494e-01
1.001057922158628544e-01
-6.793018149810634010e-02
-1.000178446667362220e+00
-2.844269655831908605e-01
-2.412954937806211231e-01
1.000129333897486594e+00
-7.974904816403145524e-01
-8.124829732887639544e-01
-6.000676668726341312e-01
-3.723698224932714962e-01
-1.000113135823165633e+00
2.066221451899911687e-01
1.003064891953485832e-01
-5.998463127780694348e-01
-3.056696700720050452e-02
9.999674317837417004e-01
1.997011289129292655e-01
1.990091452323513310e-01
1.338446442240121548e-01
-3.224009635307547028e-01
-2.700856572185377780e-01
-2.727228370851625394e-01
3.923705323815385726e-01
-3.577812618416726931e-01
1.000125978486629430e+00
1.000035114067264974e+00
-8.529977380052491953e-02
2.071780474454001097e-01
2.093813732611256584e-01
-2.526466552878450442e-02
-3.229751798796363649e-01
-6.000261260102478511e-01
-1.000028885723288852e+00
1.975071674603109950e-01
-5.400547129077978847e-02
