-5.999939279008887905e-01
-6.000064742244496374e-01
1.000155317574941805e+00
-9.956837862928308303e-03
-9.999692174284126045e-01
-7.931675185748210399e-01
-6.000309554684450930e-01
4.040935577433539538e-02
-7.940997578616372232e-01
-3.513596153867039051e-01
1.000264369486865423e-01
-9.999456394300099138e-01
1.855071739751241178e-01
-1.122431610898883686e-02
1.796083038296275025e-01
4.042472690602867957e-01
6.483804911140354788e-02
-9.999904546015569995e-01
2.098408240700225524e-01
3.714098204478111231e-02
3.981259165792233046e-01
3.806004931116351853e-01
-2.300892149815286503e-01
-8.016959753305972214e-01
-9.998453494341787984e-01
4.001707083915956309e-01
-3.809759355028519145e-01
-5.999602593062679512e-01
-2.773926442665342051e-01
9.991904534631732004e-02
-9.999719861130852427e-01
-7.968791522624724122e-01
-8.241341375446864514e-01
-9.999378963450578084e-01
-4.652084559562352784e-02
9.999966979567447289e-01
-1.000171446407554621e+00
9.998647557983163514e-01
4.029849225959756254e-01
-6.000575375850125681e-01
9.998505508775180628e-01
-8.016772208401499178e-01
-2.221090191764624189e-01
1.000917932674980776e-01
-2.887744542806705561e-01
3.996986206793167740e-01
1.000316778611589213e-01
9.979435450155142717e-02
1.000104558276015826e-01
2.046745113056555321e-01
-1.000147074760781685e+00
-7.993185615180233849e-01
4.037299101820442937e-01
3.857098197093456471e-01
-2.906669054155985310e-01
-1.000150561635557933e+00
-7.850999469918912288e-01
4.053126448044938601e-01
7.114065957540058327e-02
-1.000045396285990540e+00
7.031840959859908535e-02
4.178002980693248936e-01
-9.999565293553437373e-01
-3.822612894349273760e-01
-9.998131063153560261e-01
1.000993381673251637e-01
-1.000102352836197417e+00
8.659017268735058614e-02
-7.911549442345418015e-01
4.001472916194167562e-01
-6.000307578204528980e-01
-3.124748510116315270e-01
1.001097408302154407e-01
-1.093284524718447087e-02
1.914699203702794339e-01
9.998350299328873092e-02
2.159938354054963816e-01
9.999981673850298902e-01
-1.583372391784337516e-02
-8.019858788536169403e-01
3.983121727376588428e-01
4.031718842264976344e-01
2.088824526361907630e-01
1.929031959860142975e-01
1.000111962024705647e+00
4.105552970154351389e-01
-9.999599486895156542e-01
-5.999925404593717815e-01
-1.000157248194787574e+00
3.727791539548821337e-02
-1.000077556985650151e+00
9.992955610881076867e-02
9.995061766902089972e-02
-5.999911610273802598e-01
-3.689980025044468925e-02
-7.964672614952823526e-01
-8.024122923507996941e-01
-4.020706890941977973e-01
3.858262614410805091e-01
-3.431536399051031694e-01
3.935453965445674385e-01
-8.046637239100676853e-01
-2.712870215430642773e-01
1.000440619878950749e-01
9.999971848757305271e-02
1.000099818801196250e+00
5.239578118584858890e-02
3.933411977056460174e-01
9.997997724591931035e-02
-3.517800398416481844e-01
1.738831978610879681e-01
-3.680100437960701631e-01
-6.000376218938008321e-01
9.999993355841773068e-01
3.856151244598474137e-01
1.891954551081301839e-01
1.001476028696676734e-01
1.000024482499988210e+00
-1.000176204737554642e+00
4.010566924638048203e-01
9.999975349460498153e-01
3.978158680060183139e-01
9.997316854171041378e-02
4.123175482421096993e-01
-5.999654071823630197e-01
3.961966640388446259e-01
-3.220940626098860449e-01
3.959979201327386011e-01
1.000015614257364183e+00
9.999953640806101829e-01
1.001836749094623530e-01
1.824944155600965179e-01
4.120141616626621373e-01
-8.066088918853037137e-01
1.000810110334658387e-01
1.000107754828819528e+00
1.000012745505760137e+00
-1.000034198624952575e+00
-6.001853296266703719e-01
3.939749185653584895e-01
-9.453810743480938915e-04
3.928817893082582335e-01
1.000817918324201500e-01
4.043746790769233157e-01
4.546176572861432980e-02
-3.875027339779162916e-01
-5.997770591643344362e-01
1.860707236999109282e-01
9.999932868389618257e-01
-9.999655441730922467e-01
-8.080573806056594588e-01
1.000110176425511588e+00
4.058246809456340642e-01
-6.000189372372006780e-01
1.000593079546023001e-01
1.924268960232976278e-02
-3.047522515779234609e-01
-7.940921279756546491e-01
2.079915854877620318e-01
9.992800958757913632e-02
9.999324522113954838e-01
2.100267919564511865e-01
1.980208063853277356e-01
-2.056035601612341279e-01
-9.999475021353559923e-01
1.064021666762907242e-01
4.113736327251170666e-01
-7.976099510589415020e-01
1.982299437268104370e-01
9.998939897212522077e-01
-7.995156128415894514e-01
-5.999459625763898796e-01
-1.000010359981407637e+00
-3.634418282704993466e-03
-2.016055680588784704e-01
-6.000063790656824381e-01
-2.593906409890843479e-02
2.081297538393347968e-01
-1.000157868355617818e+00
1.000036359318628332e+00
-8.133365436151787087e-01
3.914885594415178360e-01
-2.917683546485165813e-01
9.999174763550987555e-01
-9.999362360289435481e-01
-7.759323913884624835e-02
1.759163069188506567e-01
9.995035068514983301e-02
-8.046438962867525913e-01
-3.598061927155288831e-01
-3.264330565368669251e-02
-3.300515138458079423e-01
1.812591748145838677e-01
1.166347186247984613e-02
-5.999149300565342902e-01
-6.000039805056807118e-01
3.999748792591806823e-01
1.000019071856857344e+00
1.000411256651422970e-01
-2.622214709866811377e-01
2.000691601583200474e-01
1.001947177235958247e-01
9.998556411023608315e-02
-8.048776177610680316e-01
-6.000020430962919038e-01
-6.000082213899254890e-01
9.996829256838247746e-01
-5.998848197451304154e-01
-6.001351851753069511e-01
1.000007746818811549e+00
2.044155152877848436e-01
-8.019842326839922153e-01
4.046770064986253690e-01
8.594636134684119355e-02
1.981482338330681492e-01
-8.033206069343861166e-01
-1.000036409260110837e+00
-8.037862596973418539e-01
-1.000009212178634810e+00
9.998394232850885688e-01
1.000008406916004233e+00
-8.240002935905618164e-01
-2.224470092640414842e-01
9.548095062032313507e-02
-7.975948089487595594e-01
9.999520478742485174e-01
-6.000583722345873561e-01
1.000242526440845714e-01
-1.000115328678616189e+00
4.165068282449151948e-01
2.026298832598996402e-01
1.000108370161244542e+00
-5.999973022947241441e-01
-5.999639675573463782e-01
-3.473942304689941474e-01
1.000051911202678889e+00
1.001027023916799402e-01
9.998808333877946541e-01
9.999015067678507229e-01
-1.000046744789294451e+00
3.953929355510403254e-01
1.000089370958954366e-01
3.816294995868884099e-01
9.995870707831713831e-02
2.411970014425084477e-02
4.960551335521253685e-02
1.948280934062664171e-01
3.932001321578607600e-01
-7.869179749583337102e-01
-5.997748603038403070e-01
4.068212108136631810e-01
1.000036433950189485e+00
-2.232640175009292446e-02
-7.880356402971033791e-01
4.141791810355265890e-01
1.346927010034945638e-02
2.114849390996550171e-01
-1.000123932385541758e+00
-3.279026526550294918e-01
3.904032800099037082e-01
2.019222155889847103e-01
-7.453937104317998052e-02
9.999511006796774071e-01
9.999568242544418784e-01
1.000171301253807155e+00
9.989054951480538791e-02
-6.137683105143507123e-02
-1.000012474259548423e+00
-2.541707757563807513e-01
-3.324982540711352574e-01
9.999753443981570511e-01
-8.108661438618137707e-01
-7.920837603670620730e-01
-6.002318335285536932e-01
-2.776165993193449588e-01
-9.999761903157360354e-01
1.949488334057608852e-01
9.991210404887568286e-02
-6.000321579983752818e-01
8.975587300264060986e-02
1.000036582358090120e+00
2.066869473390068601e-01
2.214705035293467461e-01
-5.469798564817229120e-03
-3.805453728916567968e-01
-3.304084675658626735e-01
-2.660425562380769327e-01
4.105697060801147269e-01
-2.674350254900061397e-01
9.998856818831868276e-01
1.000094185906750477e+00
-3.373457555172439809e-02
1.818465623873068426e-01
2.021219762587334601e-01
-4.862604006712590438e-02
-3.561265925065187909e-01
-5.999845795393429215e-01
-1.000110377143524465e+00
1.962166009332283467e-01
-6.626498654119095111e-02
