-6.000133591121942223e-01
-5.998685896488163971e-01
1.000142924936444411e+00
-1.389734628161794043e-02
-9.998731572424411906e-01
-8.003700628076561019e-01
-6.003196196371086701e-01
3.590900033344848058e-02
-7.911679125037945903e-01
-1.773332835960210185e-01
1.000371769231341579e-01
-1.000159833314505420e+00
2.071386453776658532e-01
1.663279438085455211e-02
2.196381479955521465e-01
3.883487350062313492e-01
2.307553920850230651e-03
-1.000219292141646399e+00
2.004869446845269632e-01
-6.786762693080565512e-02
3.914146450454807913e-01
4.101405822068089346e-01
-2.756905508861160481e-01
-8.000717983251196541e-01
-1.000132755668077689e+00
4.141223933680948099e-01
-3.225478887096657754e-01
-5.999746826945938638e-01
-3.132993731702232165e-01
9.995270488981125578e-02
-1.000014377616904593e+00
-7.818870372622227505e-01
-8.132965217711044525e-01
-1.000050656131180382e+00
1.989863481068103804e-02
1.000014889011526797e+00
-9.999939836816599259e-01
9.999632732485419506e-01
3.913464857854150325e-01
-5.998272397624052621e-01
9.998823442701749720e-01
-8.178896447763078781e-01
-3.301200977748737220e-01
1.001504025521573332e-01
-2.421375889783209945e-01
3.910947510299269680e-01
9.998600751860577118e-02
9.989555392751446605e-02
9.988938066931461746e-02
2.044703860793146699e-01
-1.000114813105971834e+00
-8.017730656063833949e-01
3.969102786787430115e-01
3.954487983349242453e-01
-2.905884917268288792e-01
-9.998995647068202874e-01
-7.830271207692468538e-01
4.083833202617485059e-01
-8.350816255011217493e-02
-9.999797348819609022e-01
5.272292134123619800e-03
4.046599333872565318e-01
-1.000084245901635693e+00
-2.403191389746963114e-01
-9.999403492244581804e-01
1.000624802932560536e-01
-9.999143795354935582e-01
7.375497438499019343e-02
-8.013071098397962500e-01
4.215270776590936408e-01
-5.998585931836608598e-01
-3.074245859215387067e-01
1.001397373564748144e-01
-1.732866048406662626e-02
1.877349075710752768e-01
9.991612085555197365e-02
2.073738674621819766e-01
9.999767105341613727e-01
-1.106571779678970288e-02
-7.880754848972330029e-01
3.950203638811487505e-01
3.959582106584128569e-01
2.086672036439329581e-01
1.977326338703033204e-01
9.999417688426170958e-01
4.157005901982050444e-01
-9.998975186227152534e-01
-6.002055840855671232e-01
-1.000101970434675192e+00
6.013446821513755008e-03
-9.998386716284325404e-01
1.000011630970717713e-01
1.000482422857005144e-01
-6.001386020886320116e-01
2.591253465882941212e-02
-7.980442987517072373e-01
-8.026834750468693214e-01
-1.708805656048011379e-01
3.807797978096673086e-01
-2.862876944221795505e-01
4.082628081624253280e-01
-8.054354830051639880e-01
-3.000182121913702038e-01
1.000685921365677966e-01
1.001421175130470936e-01
9.998747272430755784e-01
9.854393158421557997e-02
4.010185713965754850e-01
9.996033271762821970e-02
-3.197970526005936565e-01
2.086906011592173094e-01
-2.811393875405718279e-01
-6.000716635956100387e-01
9.998707093614300767e-01
3.924519551976126674e-01
1.984415869523990517e-01
9.995423064046415895e-02
9.999056519982935098e-01
-9.998621213001055441e-01
4.067064027808314775e-01
9.999800352734420361e-01
4.018258420585610891e-01
1.001449001917473769e-01
4.057773706753393106e-01
-5.999865984612194891e-01
3.960280399867235901e-01
-3.560596502859290080e-01
3.990452307816000910e-01
1.000003878815617142e+00
9.999597818100071089e-01
9.993672446514605123e-02
1.976915083257828887e-01
3.880006170337791938e-01
-8.213323045210877416e-01
9.999787694359973944e-02
1.000054140961434967e+00
9.999748702938049405e-01
-9.998036598712932710e-01
-5.999628960838833125e-01
3.957482001953077089e-01
-3.915415654432985448e-02
4.027210437661633002e-01
1.000764909908496425e-01
3.942007984786555785e-01
2.124095797767366206e-02
-3.035790786583982825e-01
-6.000480006502355579e-01
1.874297590611624653e-01
9.999239091798101109e-01
-9.999124469565409123e-01
-8.092402403521055110e-01
9.999945543947953430e-01
3.888977566746797954e-01
-5.999562636852117103e-01
9.991981672003491521e-02
5.650637864935866006e-02
-2.487545082552319875e-01
-8.121539924398948340e-01
2.045628995403572792e-01
9.982541826241823901e-02
9.999046877190038707e-01
1.966112543957314607e-01
2.019905361299468016e-01
-3.555881903043432435e-01
-9.998803756548787502e-01
-4.421211918201700675e-02
3.977444055311118443e-01
-8.135912623590643156e-01
2.011841195530525428e-01
9.999157890380129254e-01
-7.885765343384667503e-01
-5.999843323160543029e-01
-1.000000110764343919e+00
2.009268302513230603e-02
-3.448490333510178529e-01
-6.000941020372173584e-01
3.611739665118255532e-02
2.038018526545682663e-01
-1.000049857435988399e+00
1.000138558886525475e+00
-8.007162286079652080e-01
3.893954627084632025e-01
-3.302069086378567331e-01
1.000030664475639597e+00
-9.999580592795467293e-01
2.380845313200090005e-02
1.810872349350713950e-01
9.995638483000043872e-02
-8.076208650318079663e-01
-2.906744201715624754e-01
4.963521590811764347e-04
-2.811354021998930253e-01
1.941262530003069753e-01
-3.334412506192079018e-02
-6.000188348944579531e-01
-6.000688989262639161e-01
4.120362626718413468e-01
9.999864064623052995e-01
9.999132002794224039e-02
-3.471689669352793217e-01
2.065144841545358545e-01
1.002112376492654694e-01
1.000320749052766162e-01
-7.938646847741925860e-01
-5.999642188216417482e-01
-6.001212879521414800e-01
9.999109660184674064e-01
-6.002291218472360912e-01
-5.999771078446546335e-01
9.999957259138820831e-01
1.869508962440694921e-01
-8.185740991692427304e-01
3.987276858996947615e-01
2.244455347300046422e-02
1.940407283039815856e-01
-8.010974989044477024e-01
-9.999913244363384246e-01
-8.034819165579895062e-01
-1.000145547338102237e+00
1.000005105422933305e+00
9.999580187812108223e-01
-8.037613653781181533e-01
-2.164725797119952944e-01
-5.888266106291803470e-02
-8.057027619350888292e-01
1.000075842874190712e+00
-6.001531183453379104e-01
1.000751797468275861e-01
-9.999373725412171732e-01
3.897100507142741699e-01
2.106093457949317349e-01
1.000061013439339508e+00
-5.999105225622737292e-01
-6.000628100719050950e-01
-2.653530885122276084e-01
1.000023648557721190e+00
1.000247069899707630e-01
9.998536536069269065e-01
9.998327645365651106e-01
-1.000064349844070888e+00
3.982182854344254452e-01
9.995072419098295635e-02
3.843319339146876734e-01
9.982068975931832067e-02
-1.090419775490661207e-02
-5.020760405771076962e-02
2.086186904473459058e-01
3.936509901542352141e-01
-7.912940900360793117e-01
-5.999343225241278166e-01
3.960289084095620082e-01
1.000104356779204728e+00
8.140506508912881065e-03
-7.955683604253059871e-01
4.090515861256249219e-01
1.025985415342648421e-01
2.234976003166349590e-01
-1.000118458241922248e+00
-2.765851194136282887e-01
3.951442092315596288e-01
2.006254142050190314e-01
-5.295503359787206293e-02
9.999782906363214874e-01
9.999585645266588774e-01
1.000202313845623081e+00
1.001279461741345495e-01
-5.059225880214369975e-02
-1.000013027745800143e+00
-2.587229086647752641e-01
-2.130106351994786595e-01
9.999172278340022757e-01
-8.302427564013349359e-01
-7.969814705465243510e-01
-5.999232514393633142e-01
-2.622252639435652122e-01
-1.000128319089661044e+00
2.113857520697985104e-01
1.000148235183211526e-01
-6.000560573467782488e-01
-2.743300625699898396e-02
9.999050211514862729e-01
1.952429110336069140e-01
1.976358663899321633e-01
9.772390888501474027e-02
-2.861837151616174468e-01
-3.390787412755152941e-01
-2.862742565326207855e-01
4.094598261382585980e-01
-2.783203009913387538e-01
9.999122110948570619e-01
1.000071635587157726e+00
-6.190413510810460415e-03
1.994095003922632947e-01
1.971045930536527713e-01
-4.049553906738521947e-02
-2.385304234372130627e-01
-6.000342041069063326e-01
-1.000039278894538919e+00
1.917534284759307150e-01
8.179878919511443525e-02
