-5.999538321070551072e-01
-6.000203459504598325e-01
1.000293749208712279e+00
3.172512168470022383e-03
-9.999116428699444947e-01
-7.993641057938964956e-01
-5.999353356716977670e-01
1.646696393690685184e-02
-7.955510526491922363e-01
-2.499998966039022052e-01
9.999917132613170279e-02
-9.998899168001987858e-01
1.985247911851083513e-01
-1.663195112494569514e-02
1.987870593976166778e-01
3.938961922439503383e-01
-6.462977211890988394e-02
-9.999925451359140682e-01
1.965249545348018156e-01
-4.922631175833847017e-02
4.094787098014335824e-01
4.083585462504702446e-01
-3.423564381251462674e-01
-7.943432743772879112e-01
-9.999623819314219508e-01
3.948541795738901294e-01
-3.773360205978648629e-01
-6.001057296532599228e-01
-3.451559822666626642e-01
9.994825424849979045e-02
-9.999956331092219042e-01
-8.206097424104316085e-01
-8.044682683856145822e-01
-9.999857555135925891e-01
-2.641492163353865302e-02
9.999008929687993597e-01
-1.000125305293952049e+00
9.999960356059028888e-01
3.883112033043253919e-01
-6.000313949964762861e-01
1.000091958902485478e+00
-8.114371660644327244e-01
-3.291008642404832929e-01
1.000438006885124576e-01
-2.492104395037844922e-01
3.944864920328452484e-01
9.989107692944719508e-02
9.997122170142326569e-02
1.001548735543541790e-01
2.112493748547040473e-01
-9.999102711496967721e-01
-8.068046812210091234e-01
3.964091676000407460e-01
4.120203622811673405e-01
-3.101932883003356567e-01
-9.999881551850259287e-01
-7.812400609298784104e-01
4.010580787601339958e-01
-1.571396358164802928e-02
-9.999786203422572628e-01
6.831186116088751314e-02
3.836737691407895445e-01
-9.999426433767046873e-01
-2.972203234161018282e-01
-9.999234880432665840e-01
9.995060449302013705e-02
-9.999147571833195691e-01
9.272863062426556224e-03
-8.023704655294037202e-01
4.028226154027658157e-01
-5.998777315252026288e-01
-1.745392740096723128e-01
1.000263089597471927e-01
-1.177596378425011317e-02
2.004763531859985459e-01
9.980279565350236304e-02
1.875600315692471931e-01
1.000089809643931460e+00
-1.417884291051903049e-02
-7.957603862247960569e-01
4.132021578926162730e-01
3.835775751124169686e-01
1.966198859221463813e-01
1.996102633281942873e-01
9.998974062922274531e-01
3.847898244277395685e-01
-9.999965465135264298e-01
-5.998739741219393240e-01
-1.000126846587887197e+00
-8.481495620121995427e-02
-1.000092519124164747e+00
1.000788312293412058e-01
1.001150136121427281e-01
-5.999405794044304630e-01
-1.177953669532968983e-02
-8.013063697850496547e-01
-7.964503002363172435e-01
-3.176186761768792777e-01
4.128811021198279252e-01
-3.549588580076075695e-01
3.912334610830650594e-01
-7.948665945127000310e-01
-2.884546758362294683e-01
9.997482282341334237e-02
1.000417119713881836e-01
1.000045421820039859e+00
2.025875798540018383e-02
3.920736032717945796e-01
9.991911815278102516e-02
-3.816097096810660005e-01
1.850430059354940260e-01
-4.117622219990788590e-01
-6.000185383061774624e-01
1.000056114009933328e+00
3.909684137504096935e-01
2.060536349490305341e-01
1.000391178121252667e-01
9.999966062609668693e-01
-9.999310398702415670e-01
4.084244821021829064e-01
9.999351294097803544e-01
3.854696502790788681e-01
9.985668276560455414e-02
3.987796889228779618e-01
-5.998175412975554899e-01
3.892077968525888831e-01
-3.090701595621990205e-01
3.875219349953505921e-01
9.998788526914881292e-01
9.998451447900038591e-01
9.987223281875551306e-02
2.052796340101253336e-01
3.946738582759189984e-01
-8.060624139929573051e-01
9.994336455543120779e-02
9.999863860104125646e-01
9.999903609145528449e-01
-9.998675378314350048e-01
-6.001215298813492582e-01
3.921986714939148522e-01
-3.203603697657234767e-02
4.094932335866363071e-01
1.000150733181425916e-01
4.001666502818143067e-01
-4.123345533792201895e-02
-3.413768560374588756e-01
-6.001471642222456770e-01
1.997719282641528815e-01
9.997935529425107104e-01
-9.999934390147873220e-01
-8.193411760636076790e-01
1.000113109028349045e+00
4.127278192431834136e-01
-6.001258316736927112e-01
9.991683687180526185e-02
-3.854770958533823566e-02
-2.324166752477677123e-01
-7.787794785998313207e-01
2.058391181503416989e-01
9.994424484909206208e-02
9.998357782720260767e-01
1.841868183684002014e-01
2.198101456525814179e-01
-3.246998343494245653e-01
-9.999406203873889565e-01
-4.341975751202546696e-02
4.093806182901290058e-01
-7.889914339691724843e-01
1.861864066517792404e-01
1.000104716545751504e+00
-8.085895305085679663e-01
-6.001891596853640154e-01
-1.000096393741064738e+00
4.732673652823224386e-02
-3.152892354365115501e-01
-5.999774259249210928e-01
-1.048277043507453432e-02
1.919519089148331303e-01
-1.000200594220183481e+00
9.999239011212260886e-01
-7.821358916367454617e-01
3.799348274814918214e-01
-2.946158641163376668e-01
1.000007953458332155e+00
-9.999498222535183611e-01
5.862300817451973622e-02
2.014623566789668918e-01
9.979956878853350755e-02
-8.060023214088422039e-01
-2.953809158244873334e-01
-2.277268045008712296e-03
-3.672521300300227720e-01
1.904319172600852095e-01
-2.595151199024274546e-02
-5.999312028957720644e-01
-5.998652694145018005e-01
3.914470650358913284e-01
9.999041267813272293e-01
1.000142868488740899e-01
-3.884165711176227331e-01
2.132448394762119226e-01
9.993310547103355368e-02
1.000662843752078007e-01
-7.971343164968930362e-01
-5.998375612711521754e-01
-5.999933274995420396e-01
9.999235064902207704e-01
-6.000730744910016679e-01
-5.999207294999355788e-01
9.998266695421051953e-01
2.075356561638966868e-01
-7.953519513875458857e-01
4.022505684872776932e-01
-1.721653232430356978e-02
1.995343404351927474e-01
-7.878856248418318886e-01
-1.000096714313808866e+00
-7.976949374676198801e-01
-1.000155938937632882e+00
9.998360168797539860e-01
9.999531757710669044e-01
-7.896936178673901185e-01
-3.227456480363342095e-01
-4.844130226654352195e-02
-7.910488015608365675e-01
9.998905930481617466e-01
-5.997959817010156680e-01
1.000361738675107359e-01
-1.000017667131979815e+00
4.029063114412889113e-01
2.171337664494171482e-01
9.998252161975269559e-01
-5.998642807062095628e-01
-5.999257656697898344e-01
-3.062646932652404175e-01
9.999182264002166587e-01
1.000620341381268097e-01
1.000132725845238157e+00
9.999774598495027034e-01
-9.999374294410929842e-01
3.942197414340499750e-01
9.997837462496103611e-02
3.972640704161220504e-01
1.001192333778778143e-01
-2.423979837120699213e-02
8.591735933370375777e-02
2.025459874711667552e-01
4.141860030926222125e-01
-7.965434510267858093e-01
-5.999763287500616826e-01
3.951351269545902989e-01
9.999920040814146427e-01
1.568614951565131671e-02
-8.196622207229190549e-01
3.878274938901837832e-01
2.056559529094214526e-03
2.011994942664579178e-01
-1.000046514464524083e+00
-2.106893978150495284e-01
3.953374137797558974e-01
1.962503031720063129e-01
5.515938627628753921e-02
9.998722300085256531e-01
1.000024550654672995e+00
1.000050289342204080e+00
1.000974821787867231e-01
1.627725827459988381e-02
-9.999271236024591669e-01
-3.385554535861193814e-01
-3.133880784625008853e-01
1.000015479708584953e+00
-8.010591401627265018e-01
-8.052497966659940554e-01
-5.999221865446755508e-01
-2.711573504850895988e-01
-9.998086674426757137e-01
2.032186810807993238e-01
9.990193439628390626e-02
-6.001252151066719387e-01
-6.894098817714471202e-03
1.000020054197572117e+00
1.864177800220077619e-01
2.094497032475415577e-01
4.133178993525626205e-02
-2.606363422261366303e-01
-3.192666426230362231e-01
-2.384467257522088213e-01
3.818091615865889521e-01
-2.835355419183098191e-01
9.997932519317632716e-01
1.000087484965708651e+00
-1.408306399882858564e-02
1.821614631769291059e-01
1.969038527032963282e-01
-6.192539060495616532e-02
-3.481223138221293811e-01
-5.999864754457751026e-01
-9.998768204931808290e-01
2.006809972237984241e-01
4.473652315765014320e-02
