-5.999839661550459002e-01
-5.999867924767515737e-01
1.000180291383751863e+00
-1.964387904345006944e-02
-1.000001940419926516e+00
-8.110752562866133664e-01
-6.000473412095713721e-01
1.980814144242483074e-02
-8.032762782611940766e-01
-2.144924202407464398e-01
9.997559787891703575e-02
-1.000060663240100567e+00
2.161315336355491279e-01
-4.611286559531538320e-02
2.058477375968137957e-01
3.698109497270941626e-01
-2.665937248096457782e-02
-9.999906999880028291e-01
1.917853213931561274e-01
2.411075495416592149e-02
3.977747332059128893e-01
4.020075643683145850e-01
-2.629981336317820939e-01
-7.996827072015264548e-01
-9.998974500435903190e-01
4.057683980813858171e-01
-3.358782746191548152e-01
-5.999024032685764674e-01
-3.908730894975427916e-01
9.999032517264640207e-02
-1.000105619135399637e+00
-7.959384243376774748e-01
-8.121632240803696723e-01
-1.000001265415160878e+00
3.529427463487534028e-02
1.000109187011446465e+00
-9.999332216113899774e-01
9.998701332747144122e-01
4.157438166571227334e-01
-6.000938576222071275e-01
9.999391969143039960e-01
-8.017113347551889646e-01
-2.143157374352477329e-01
9.989551554275696854e-02
-3.437305269557445753e-01
3.997974666411547862e-01
9.991817845539199827e-02
1.000626216000852498e-01
9.994423116965744924e-02
1.966846226954657162e-01
-9.999622033520526587e-01
-7.987491149564200921e-01
4.065127018054020547e-01
4.001737022056944815e-01
-3.224757895262120311e-01
-9.999276959737991577e-01
-8.106094623113372366e-01
3.975384070551628568e-01
-2.848481343812535316e-02
-1.000092435480944841e+00
-4.530070859188186499e-02
4.026949283695854809e-01
-9.999649361788147672e-01
-2.665206922313599347e-01
-1.000106008216838704e+00
9.984179542685592268e-02
-1.000027888373717477e+00
-5.574307895387795725e-02
-7.973600573592927176e-01
4.116555745530831034e-01
-6.000021992484003697e-01
-2.599395803698958951e-01
9.992852500452950593e-02
1.871388052844252933e-03
1.835555692602881817e-01
1.000190171882381351e-01
1.717349600583295832e-01
1.000125388713703822e+00
5.077527065339600132e-03
-8.148379144755144576e-01
3.920054655138486832e-01
4.044400070041372919e-01
1.923657752764679207e-01
1.921887631625344983e-01
9.998957885789034883e-01
4.029398307438160076e-01
-9.999685637041291209e-01
-6.000402668669814199e-01
-1.000040353563167894e+00
9.155726052993088532e-03
-9.999921216799093626e-01
9.992250598115430538e-02
1.000078973640672747e-01
-5.999195579602578654e-01
-4.118443247716177535e-02
-8.155798479717696337e-01
-7.924302154600881831e-01
-2.702053189790667997e-01
4.132549619783250638e-01
-2.496825543808228742e-01
3.917761289842470185e-01
-8.086346331761397055e-01
-3.202347932554262533e-01
1.000818018254285291e-01
9.988795589782176187e-02
9.997258387196908958e-01
-1.937912233369612838e-02
3.921735957002358552e-01
1.000084021654099459e-01
-2.781105849942636654e-01
1.996783718475290681e-01
-3.201827278160383483e-01
-6.000567209579040773e-01
1.000094052027808100e+00
4.058123397289666312e-01
2.034948532722596903e-01
1.000127312679934405e-01
1.000207003027511643e+00
-1.000077144549666563e+00
3.936047474329241735e-01
9.998686720621895452e-01
4.000713251244257251e-01
9.994423909864361133e-02
3.980440069628256583e-01
-6.000455636808108562e-01
3.998206063391109288e-01
-2.909401454186263392e-01
4.023560242951412791e-01
9.999324640500226735e-01
1.000019639623668466e+00
1.000549270025831022e-01
2.074132342338265156e-01
4.005141304787552814e-01
-8.046928499817384006e-01
9.999813039755779676e-02
1.000015596393008854e+00
9.998565696908344735e-01
-9.999719977634523582e-01
-5.997577115869787701e-01
4.032523035715875892e-01
-6.039930882397458872e-02
4.071567109152253172e-01
1.001143651359394510e-01
3.890747942290006534e-01
-1.114788640123152430e-01
-3.126970894057944927e-01
-5.998893065767187949e-01
2.044917947836397687e-01
1.000145573862087467e+00
-1.000168976588411640e+00
-8.017189543245086814e-01
1.000168479648855246e+00
3.846398002647054004e-01
-5.998790115755781027e-01
9.989992160020415291e-02
-4.637124493919261674e-03
-2.966374523079053915e-01
-7.893569332508163505e-01
2.156433702662833851e-01
9.998901925825341708e-02
9.999031912747284867e-01
2.076977187370416533e-01
1.909045175870759947e-01
-2.985764263919230554e-01
-1.000134443932273909e+00
-3.307667841683598065e-02
3.952381346945996188e-01
-8.068826203876701131e-01
2.104871576706907332e-01
1.000092517155720229e+00
-8.015252462898817543e-01
-5.998858060813782034e-01
-1.000033748241733189e+00
-2.065715747941894095e-02
-3.306484724256608665e-01
-6.000925080382353283e-01
-7.589222982478940893e-02
2.027627533892077394e-01
-1.000114787467962119e+00
9.999068986913308699e-01
-8.142788387813046924e-01
3.960031608289444893e-01
-2.669345132038956070e-01
1.000025147081511800e+00
-9.999844022966779544e-01
1.364761210876352417e-02
2.001548072768409292e-01
9.985325820327241308e-02
-7.980777292080660779e-01
-3.270887262500906112e-01
-1.210652730733898300e-02
-2.809547793015344519e-01
1.968780621022978849e-01
6.312902966497896916e-03
-6.000420088381470674e-01
-5.998598055122432715e-01
4.004319231462709627e-01
9.998985776191527952e-01
1.001405923369319828e-01
-3.203991001704831754e-01
2.067432638156711244e-01
1.000104280027903914e-01
9.998992368241323148e-02
-7.948692061799783604e-01
-5.997954948498686045e-01
-6.000017089479827703e-01
1.000053244185492574e+00
-5.999331038357190726e-01
-6.000172736900760695e-01
1.000073610714914185e+00
2.057325031725494857e-01
-8.136309349113358680e-01
4.004281839212599503e-01
1.042044310056111298e-02
2.093842245653029788e-01
-8.062849478773556067e-01
-9.999566102022422465e-01
-7.988736174317861982e-01
-9.999946602093320314e-01
9.999246111686136418e-01
1.000138273203438288e+00
-8.121044208998831060e-01
-2.286094161776686673e-01
-8.436708073239466586e-04
-7.846183079616463329e-01
9.999153158426671295e-01
-6.001101169271860769e-01
9.997592767145231651e-02
-1.000111909698762513e+00
3.954351723250134620e-01
1.991923682647149807e-01
9.998651674755605345e-01
-6.001703924971225623e-01
-6.001518013763201820e-01
-2.486739930967254708e-01
1.000033047551453169e+00
1.000232543020086601e-01
1.000028065190625925e+00
9.999586383396471545e-01
-9.998597155539571402e-01
3.976632814015165773e-01
9.998837703974458591e-02
3.984188472075019249e-01
9.996489522020839125e-02
-3.026551289748363391e-02
-3.822039362819561886e-02
2.134878912625545466e-01
4.123134997087194442e-01
-8.093966297604144877e-01
-6.000860568471633183e-01
4.175829812920260342e-01
1.000022270484967057e+00
2.654070214012433510e-02
-8.066721693500010781e-01
3.949140965016968985e-01
6.347714190144231050e-02
1.962147378870932601e-01
-9.999935275825180270e-01
-3.267369155713803486e-01
3.879990122496069782e-01
2.099337699775095656e-01
3.806470360708404804e-02
1.000072067317989921e+00
9.999717802406764555e-01
9.998586795638444435e-01
1.000558097574472532e-01
-1.705748303731481792e-03
-9.999846108928994726e-01
-4.152158561017692540e-01
-1.667942125638726958e-01
1.000086625614106994e+00
-8.212072331940384329e-01
-7.832735566602323507e-01
-6.001392895681717521e-01
-2.953984090788148165e-01
-1.000087635767382688e+00
1.969002507697381055e-01
1.000318643774867622e-01
-6.000076258384503536e-01
-8.542021904213809025e-02
1.000089512681491488e+00
1.880827322030807491e-01
1.935453466328864169e-01
-2.752892876263376629e-02
-3.181298348025741185e-01
-3.047880609388035067e-01
-3.253686510263640308e-01
4.047428581511660628e-01
-3.370996655390464114e-01
9.998092102360871536e-01
1.000138281054832712e+00
5.511502711177750091e-03
1.974149222727916153e-01
2.095895168294207300e-01
2.240669979483833618e-02
-2.035823653491676266e-01
-5.999866667658654285e-01
-9.999819194700457770e-01
2.008495613535724311e-01
6.496183937466080971e-02
