-6.000633782070715627e-01
-5.998730319731345739e-01
9.998757285081519841e-01
5.245399395816863208e-02
-9.999278233425205054e-01
-7.877307249932079536e-01
-6.000098689857820133e-01
1.050697363932754924e-01
-8.084549305872367198e-01
-3.995478490924752046e-01
9.997740036523564133e-02
-9.998686316348858183e-01
1.993583676969351570e-01
-4.369009589055232456e-02
1.956898244808971121e-01
4.121773753984551147e-01
1.336984312722166784e-03
-1.000213390158004811e+00
1.997781383207862527e-01
-1.647602633483456411e-02
4.127280788711701343e-01
4.000378679891776201e-01
-3.120168022491301985e-01
-7.928037670776020285e-01
-9.997840775516795286e-01
3.937626002704473493e-01
-3.235996543054894259e-01
-6.000360470003919255e-01
-3.359504118918917870e-01
9.995714013952634869e-02
-1.000325313431704499e+00
-8.057281702140588475e-01
-8.042626663511008855e-01
-9.999584968724127831e-01
-1.234165755580925693e-02
1.000077127767880603e+00
-1.000069123697848061e+00
9.998860279851486954e-01
4.155523307990278137e-01
-6.000704088987438567e-01
9.999068737786924732e-01
-8.015674203132503450e-01
-3.768405472013686142e-01
1.000351513683972182e-01
-2.542375267912758141e-01
4.116948990716294277e-01
9.993269971225704484e-02
9.994540632902872146e-02
9.994611268055229869e-02
2.027947633839123909e-01
-1.000056786706103651e+00
-7.893862544519386626e-01
4.035508442292456421e-01
4.113419877821972159e-01
-3.450280879661620781e-01
-9.998346755547654618e-01
-7.970932001008287360e-01
4.081454782207994958e-01
2.421241400126716847e-02
-1.000160047148966225e+00
-7.598372652847826259e-02
4.196864877247763470e-01
-9.999400228512120847e-01
-2.842287338216590298e-01
-9.999510711751026237e-01
9.989404995098577489e-02
-1.000136188875287546e+00
-1.643316045524865002e-02
-7.928613490903512195e-01
4.001103151609140540e-01
-6.000156531567309992e-01
-3.040130557624377561e-01
9.984514715952881592e-02
-5.259691178402866631e-03
1.830595362264290926e-01
1.000533576936919050e-01
1.868116114194861010e-01
9.999559279874655759e-01
2.071926617401660675e-02
-8.046420095353575830e-01
3.922690126848610292e-01
3.951045237701568680e-01
1.903538786445665987e-01
2.032817186037400026e-01
9.999830768761840405e-01
4.077521259109315732e-01
-9.999571900961168325e-01
-5.998176336294303024e-01
-9.999904297882370452e-01
2.002298407030724328e-02
-1.000219958420149213e+00
9.984556204497478660e-02
1.001030298244315886e-01
-6.000499107044717784e-01
-5.825880824870675184e-02
-7.784375983072819860e-01
-7.951918281874473804e-01
-2.734142133844232880e-01
4.043051507178295756e-01
-3.822318271053469774e-01
3.947383299030761683e-01
-7.945947136924252918e-01
-3.516064859708964985e-01
9.992545706096364611e-02
9.998924127176724019e-02
9.999551080141579895e-01
-1.763211712453345006e-03
3.938111030641377464e-01
1.000038806098514227e-01
-3.186259706685711790e-01
2.016101056363603372e-01
-2.775377982770471097e-01
-5.998806180421605294e-01
9.999175222448023481e-01
3.930170918847253891e-01
2.013790807020761631e-01
1.000586887539023223e-01
1.000066684999211253e+00
-1.000006586120880225e+00
4.095981042168125863e-01
1.000172319049251302e+00
4.099472251795058808e-01
1.001284581438917631e-01
3.951832306455401733e-01
-5.999332435820822207e-01
4.080826933039613524e-01
-3.548181942162629277e-01
3.993082078881057817e-01
9.998533379228236040e-01
1.000070035363956888e+00
1.000457071063029779e-01
2.088281910483479054e-01
4.165408284463991140e-01
-7.970970937480335028e-01
1.000810080458177515e-01
1.000095812629118841e+00
9.999758460693287665e-01
-1.000012206625281674e+00
-6.000760983580949448e-01
4.035457657268405329e-01
1.164736343038168531e-01
3.941888429149863482e-01
9.999376715185608056e-02
4.023571679638958121e-01
-1.713083854202344589e-02
-3.700430140597139594e-01
-6.000533055135383043e-01
2.005957975321333298e-01
9.999481045494829079e-01
-9.999935376131425802e-01
-8.056426607843948373e-01
9.999737742283745234e-01
4.007412720495753256e-01
-5.999364342053133958e-01
9.990060530251497484e-02
3.574702380543823971e-02
-3.085013682812234870e-01
-8.028732164964743623e-01
2.141827966126846894e-01
9.998930223341970236e-02
9.998846275894095470e-01
2.035969195597683301e-01
1.872701341935657793e-01
-3.806996739009509967e-01
-1.000054004786047335e+00
3.622396363147621732e-03
4.113326593756098104e-01
-8.085213208044169653e-01
2.192679205730728165e-01
9.998887398759075396e-01
-7.932839264175397531e-01
-6.001948825975915724e-01
-9.999691093310483225e-01
8.336092604129184680e-02
-2.641165769341140002e-01
-5.998986159340535806e-01
-9.933991809690337002e-03
1.988735039811991012e-01
-9.998239639438444293e-01
9.999104711939603707e-01
-8.179944225204267561e-01
3.749846128251071442e-01
-2.614684960845452544e-01
1.000054864097073004e+00
-1.000138596685278491e+00
-3.367374399528678258e-02
1.983334900581724403e-01
9.982214695837594853e-02
-8.121745819645391773e-01
-3.343082922641227306e-01
-1.812901530294262764e-02
-2.752359335637624138e-01
1.945754445900497731e-01
8.699701297534395347e-03
-6.000118467508833708e-01
-6.000889603962494823e-01
4.055679273532128426e-01
9.999950269806761050e-01
1.001795382980943672e-01
-3.062794116802905475e-01
1.942670331452955867e-01
1.000468254131733348e-01
1.000990436310038312e-01
-8.033099543176870361e-01
-6.000255989144674951e-01
-6.001791547036062768e-01
1.000186997973113945e+00
-6.001381451012449686e-01
-6.000321760423024120e-01
1.000142470819861851e+00
2.147047035807985171e-01
-8.034242848428411188e-01
3.915665866082433944e-01
7.068868360986846344e-02
2.079923208815737112e-01
-8.056445575568091932e-01
-9.999728415244338864e-01
-8.154299407828142776e-01
-9.999446564450999997e-01
1.000023679019373946e+00
9.999941392759164049e-01
-8.069524849390691257e-01
-3.346383030091125699e-01
-3.319334601588797007e-02
-7.953876541293392055e-01
9.999779692753172355e-01
-5.999584781214334361e-01
1.000508587132881017e-01
-1.000169452846164209e+00
3.892818301190014152e-01
2.168677331794537644e-01
9.998711172141315773e-01
-5.998812991868995859e-01
-5.997809239871428888e-01
-2.787662474370649068e-01
1.000176160153783522e+00
1.000133247232422168e-01
1.000238153148664599e+00
9.999257347040217958e-01
-1.000105308665920401e+00
4.050307484702381222e-01
1.002591783896823463e-01
3.886949383726994167e-01
9.988638441414066094e-02
3.951631261621733893e-02
6.288112604806611605e-02
1.991901547720289489e-01
3.993542595367819414e-01
-8.006528765170021211e-01
-5.999807273338471081e-01
4.068438659957205883e-01
9.997857139290834416e-01
-1.373997140579307288e-02
-8.027210272032266891e-01
4.126642375371532001e-01
4.543838659331063401e-02
2.029355489544062141e-01
-1.000016613651070641e+00
-2.553352127032208485e-01
4.103620799224772520e-01
1.855171579271329974e-01
-3.875333054586593134e-02
9.998076713024676154e-01
1.000053829241254855e+00
1.000121085991035219e+00
9.997028283784689662e-02
2.368946335782367782e-02
-9.999159393693466402e-01
-2.720930468606978514e-01
-3.052476365040701634e-01
9.999935051135849795e-01
-7.947772176576599623e-01
-8.125552688746967567e-01
-6.001172637668066301e-01
-3.001447634570042489e-01
-9.998872851724849298e-01
2.263864130060945778e-01
1.001014833368567974e-01
-6.000088196465388490e-01
8.097699789307724952e-03
1.000019667572546123e+00
2.093223996032050338e-01
1.994929286167161642e-01
1.607508197811044134e-02
-3.017605670172039956e-01
-2.810862404188153030e-01
-3.115825423694831842e-01
3.981214962656543510e-01
-3.031826697386759695e-01
1.000259398206724049e+00
9.999385563569694879e-01
-2.502633082386074986e-02
2.005726439328162913e-01
1.913163956979396230e-01
1.622494631994250147e-01
-3.033334017630757162e-01
-5.999351235665291160e-01
-1.000029613825943464e+00
2.023466550227611127e-01
2.403948277762862559e-02
