-6.000225347066165948e-01
-6.000596766084229650e-01
9.999463035069457995e-01
-2.476061542031991053e-02
-1.000157718158468656e+00
-8.199626777811296341e-01
-6.000160582138492904e-01
6.429388781984628209e-02
-8.150454255554656635e-01
-2.637013966462027903e-01
1.000423627748850963e-01
-1.000032640582953380e+00
1.933921048190315461e-01
2.785052362507585422e-02
2.263940328167189375e-01
4.126511210666516383e-01
1.247438035631128206e-01
-9.999972751226990919e-01
1.953813969335924383e-01
-5.261488010064530041e-02
3.930987482923034015e-01
4.045302310042069305e-01
-3.250499963599188802e-01
-8.033282472989485834e-01
-1.000037343891559960e+00
3.978242638382835095e-01
-2.783372352810519201e-01
-6.001091926032429136e-01
-3.572237235811874800e-01
9.995929765235929410e-02
-1.000117979123931633e+00
-7.857214279741657759e-01
-8.033223588044898777e-01
-9.998944179043819380e-01
4.804233278451527922e-02
9.999176358406030030e-01
-9.999430200020097415e-01
9.999805631008923390e-01
4.228034562552443476e-01
-5.999283201587013448e-01
1.000033095813629647e+00
-8.214374521771683479e-01
-3.339136935735491640e-01
1.000242496237112033e-01
-2.718178510754517552e-01
4.230635256300869229e-01
9.985349666014536885e-02
9.999123282233381149e-02
1.000209157004453425e-01
1.986678123841719157e-01
-9.999908450652184033e-01
-7.999541945569224044e-01
3.939799327494420966e-01
3.985566435497174820e-01
-2.932040654402872093e-01
-1.000023485106244392e+00
-8.102724653770406738e-01
3.985322162197814100e-01
-3.455955599311071394e-03
-1.000221020396362848e+00
2.201872911754072792e-02
4.171352004754098064e-01
-1.000013852613916621e+00
-2.838946734433673291e-01
-1.000168675260719287e+00
9.986541890332804872e-02
-9.999110230412892042e-01
4.169843423717088660e-02
-7.855863914014470373e-01
4.033314870989284096e-01
-5.999939134841169031e-01
-2.860710038472429884e-01
1.001635536247795499e-01
-4.394879334726790182e-02
2.028000933351701007e-01
1.001050050778089784e-01
2.155330366017757238e-01
1.000090776590808694e+00
5.405451594615349326e-02
-8.066423966533518009e-01
4.064126324461663220e-01
3.996848883339079728e-01
2.013400698608232009e-01
1.809170328355432789e-01
9.999942908993247892e-01
3.850940992441493904e-01
-9.998818573529320020e-01
-5.999727836878123721e-01
-9.999709919667338909e-01
1.947951195822411607e-02
-1.000100327131498990e+00
1.000957581436392463e-01
1.001630331170541427e-01
-5.998271734703729541e-01
7.663919711894162656e-02
-7.961155513936194472e-01
-8.083484718738654928e-01
-3.538166336711157101e-01
3.769317375233344203e-01
-2.876152845407288217e-01
3.896607896419813089e-01
-7.938371548899137986e-01
-2.437640499953793449e-01
1.000818110140995337e-01
9.983459044131684501e-02
9.998803369876823055e-01
-4.403491463796246203e-02
3.989449198010747155e-01
9.991963221165195419e-02
-3.082780711229680115e-01
2.074753477365955112e-01
-3.112594520668616194e-01
-6.002027016295858886e-01
1.000038594417427484e+00
3.782977374699609818e-01
1.977640718450529578e-01
9.995213488573484462e-02
9.999662405666897014e-01
-1.000080096798451779e+00
4.108285757455380494e-01
9.999685776121330916e-01
3.904075587061267560e-01
9.993610739997048353e-02
3.933914766436369947e-01
-6.000588897750356310e-01
3.976594801405905488e-01
-3.381956490870745013e-01
3.769482744117538253e-01
1.000141951347545577e+00
1.000067323500056116e+00
9.983395426882929469e-02
2.029942710627371250e-01
3.763129522793955406e-01
-7.959213947925434240e-01
9.992811941807720755e-02
9.998263780802324474e-01
9.999555108126061409e-01
-9.999129719123525106e-01
-5.999733194674909953e-01
4.087802006815458022e-01
1.549585556559931500e-02
4.052738579132884600e-01
9.992291209504158833e-02
3.975629723071201216e-01
-2.533795853590293384e-02
-2.754054191849915623e-01
-5.999967529306097225e-01
2.150254534726038502e-01
9.999665381519932117e-01
-1.000121264494817419e+00
-7.791853506717718592e-01
9.998836574572080860e-01
4.032835196321389315e-01
-5.999140839381729151e-01
1.001968501432349001e-01
7.707418667562877107e-03
-3.306524476091105003e-01
-8.057082894852856114e-01
1.947764698527173488e-01
1.001781300454611390e-01
9.999997242263887198e-01
2.007538299400919435e-01
1.977345374648946386e-01
-2.373029980138034456e-01
-1.000153259595480737e+00
-9.138000585219582805e-02
3.962052113357117933e-01
-7.900133814503512708e-01
2.058877513573398044e-01
9.999690015157681744e-01
-7.989120848947989240e-01
-5.998967467186523406e-01
-9.999558953983832543e-01
5.087721346175907988e-02
-1.961642607315717268e-01
-6.002092971484125350e-01
8.278168297834621880e-02
1.877788885829537457e-01
-1.000072091364808680e+00
1.000154842868753224e+00
-7.741933490387997718e-01
4.091889437769133941e-01
-2.815252004054105694e-01
1.000077175328906165e+00
-1.000179960102058230e+00
2.185935523610876841e-03
2.138446648601835254e-01
1.001569894028118274e-01
-8.110257982394486476e-01
-3.132402036915030719e-01
3.042486696916334513e-02
-2.472679412737489868e-01
1.976072462758546866e-01
2.800461882469887018e-02
-6.000773219946414772e-01
-6.000936951967876798e-01
3.926936736786019733e-01
1.000211284860164085e+00
9.998267256532003544e-02
-3.785716534016587143e-01
1.987681640518530191e-01
9.999045641286473385e-02
1.000819524826949414e-01
-7.870865368354499347e-01
-5.999078719668758941e-01
-5.999265756206395572e-01
1.000001438276832522e+00
-6.001240381700219118e-01
-5.999809146531531745e-01
1.000036632498345179e+00
2.067215122727272536e-01
-7.916068685351770329e-01
4.078774601660442034e-01
-4.899930177819175614e-02
2.034324000997813353e-01
-7.986383905276245310e-01
-9.999771362849904088e-01
-7.992828799222265745e-01
-9.999583574900826610e-01
1.000035993980215032e+00
1.000001489525606857e+00
-8.042155256004267505e-01
-1.957144308124385834e-01
-3.791151320384225643e-02
-7.992507191506441622e-01
9.999028014388759988e-01
-6.002319369656750059e-01
9.988637788232598846e-02
-9.998982919294457927e-01
4.209287215163657891e-01
1.951872710460117455e-01
9.999870964256784012e-01
-6.000371713960916953e-01
-5.999660725974194087e-01
-3.439084622259228619e-01
1.000204698861192565e+00
9.992259828090921392e-02
9.999707464781981692e-01
1.000090142412406680e+00
-1.000059240246393255e+00
3.873723081948214353e-01
1.001163926386057501e-01
4.018565079749434332e-01
1.000820443617089495e-01
-4.963149565940099288e-04
-5.574776446782693518e-02
1.825384503116137536e-01
4.000470552626913534e-01
-8.014052784932191864e-01
-5.998107283153681912e-01
3.982991511134056917e-01
9.999476385462561234e-01
2.488997805286936871e-02
-7.873354440432372980e-01
3.871199726630955018e-01
1.049775696223362829e-02
2.087957670514112019e-01
-1.000156477944673439e+00
-2.715151997671537143e-01
4.093344987371310695e-01
2.245674149886060234e-01
7.686151604491008038e-03
1.000120856780808865e+00
1.000006638768915712e+00
1.000016948541195161e+00
1.000755448478958531e-01
-2.731644187233493726e-02
-1.000101434709570025e+00
-3.196259954219438093e-01
-3.655815991757797589e-01
9.999822056279715765e-01
-8.100964452008931893e-01
-7.846167642140502441e-01
-5.999800614664266840e-01
-2.765384450318358334e-01
-1.000075698030477245e+00
2.109520346365988397e-01
1.000905198740208446e-01
-5.999719883466128056e-01
2.295115722830402133e-02
9.999755125517282295e-01
1.754835735400586405e-01
2.200763320077518959e-01
-1.335318659157928300e-01
-2.749360368770342733e-01
-2.757202693730437248e-01
-3.268272518868567400e-01
4.088113924824900436e-01
-3.295434625388081185e-01
9.999317941137338961e-01
9.999902045297069941e-01
-2.894885953463731398e-02
1.942496839924283680e-01
1.994715998731910189e-01
-1.142277232088425160e-01
-2.954008737584127853e-01
-6.000329897183145356e-01
-1.000013049485499295e+00
1.991684984236422873e-01
5.057383012310252834e-02
