-6.001275047338223700e-01
-5.999324903311520352e-01
1.000152369233167970e+00
9.837415044684362508e-02
-1.000157518192835493e+00
-7.857092114231150060e-01
-5.999237023208904285e-01
2.412175970651136980e-02
-7.993075421444795214e-01
-3.008849940006825263e-01
9.997175373558132849e-02
-1.000095468725541670e+00
2.068166420269510752e-01
-3.295671683247183154e-02
1.938691505544249405e-01
3.902029073914407009e-01
1.880823660708732040e-02
-9.998773292691625070e-01
2.162128641822811392e-01
-1.572593657134646952e-02
3.939982916111562927e-01
3.862455977891963710e-01
-3.496680701321301377e-01
-8.117411934618392610e-01
-9.998130897234404069e-01
4.176288377980009736e-01
-2.472753710040844211e-01
-6.000101607327168463e-01
-2.626246301975966313e-01
9.981875854680802296e-02
-1.000129451268640279e+00
-8.092030577559448101e-01
-8.048135672055286571e-01
-1.000044178537508266e+00
-2.277447432262466598e-02
9.999531391405893643e-01
-1.000202550899762510e+00
9.999097311805059674e-01
4.058437270300727651e-01
-6.000897799002856692e-01
9.998675162841561548e-01
-8.155519300449917131e-01
-2.639832926761559451e-01
1.000226711227125004e-01
-3.669083122205022973e-01
3.651826526321588218e-01
9.997368178510375458e-02
1.000096618294369494e-01
9.999920200165551831e-02
1.957741668253081546e-01
-9.999656804240514285e-01
-7.984549376720478930e-01
3.970314992167592316e-01
3.868831113207490957e-01
-2.086605239879305573e-01
-9.999263114259920870e-01
-8.117442212707760563e-01
3.921033662455420954e-01
-8.261473869706070783e-02
-1.000166666594373588e+00
2.170600966085881045e-02
3.965840866468478554e-01
-1.000174556835523143e+00
-3.319839243738170187e-01
-9.999204535914756331e-01
1.000484504428885424e-01
-1.000047767008556576e+00
-8.534650722860226413e-02
-7.988778843612779346e-01
4.186201201777989267e-01
-6.001191502305648351e-01
-3.373329127010679107e-01
9.995690821030607520e-02
-1.152793158513463687e-02
1.991689817821351571e-01
1.000783180081016577e-01
2.076229248002023631e-01
1.000160229430217429e+00
4.323539005291468507e-02
-8.043848923555562136e-01
3.913873751346643171e-01
4.003186151511870516e-01
2.040647741987451358e-01
1.818826327656961062e-01
1.000073267997096060e+00
4.080358779518227785e-01
-9.999779816423015610e-01
-5.999452854177477201e-01
-1.000009101562298941e+00
1.507263467304050843e-02
-9.998594183181627182e-01
9.986299361175254852e-02
9.997766271802768778e-02
-5.998682286567124100e-01
1.749471824736156464e-02
-8.067313142982661667e-01
-7.845376203747569388e-01
-3.745544953115196307e-01
4.085025758979339838e-01
-3.686907762872359551e-01
3.935352828774549283e-01
-7.941987195611538430e-01
-3.780972523928530782e-01
9.995289787971572970e-02
1.000108794122221145e-01
9.999177400812960803e-01
2.763665269185016857e-02
4.046704105788251349e-01
1.001074407529024268e-01
-4.051070925754299834e-01
1.878910322419949930e-01
-2.482223113622689659e-01
-6.000263257011135831e-01
1.000080895941099168e+00
3.931516074503429437e-01
1.843479378330597496e-01
9.992176041760726657e-02
9.999282151239330396e-01
-1.000123968861603707e+00
4.007775585470679802e-01
1.000048835126039259e+00
3.954868163599036812e-01
1.000057228983416285e-01
3.832547127702669587e-01
-5.999597974113241028e-01
4.035022209854240982e-01
-2.781947171156885501e-01
3.920403152022040039e-01
1.000106790688910063e+00
9.999084263611379697e-01
9.985423804704152140e-02
2.091939143009262092e-01
4.117385131914853558e-01
-8.038724029205033261e-01
9.988157913080211725e-02
9.999368629236677908e-01
1.000063130690921120e+00
-9.999703428550849038e-01
-6.000669497237908212e-01
3.909825531803330367e-01
8.027345474428071448e-03
4.072364470796884794e-01
9.998961607899137238e-02
3.948222798969414082e-01
1.273924094532144780e-01
-3.539558622391173470e-01
-6.000042276077709458e-01
2.077304328445358228e-01
9.999579313401050218e-01
-9.999408931440760817e-01
-8.015155659117765286e-01
9.999924048259482001e-01
4.024575203268900281e-01
-5.999433129678704013e-01
9.987602172567981718e-02
-4.054354729822045602e-04
-2.715563946212730118e-01
-8.015439538667329389e-01
2.118855920303127915e-01
1.001035658655862470e-01
1.000089567207129937e+00
1.918072183043713907e-01
1.949892353014557600e-01
-2.378316204333070505e-01
-9.999611079316763629e-01
8.018033683969319481e-03
4.085220426049672726e-01
-7.978801284871276378e-01
1.845763077140970820e-01
9.998570164999601717e-01
-8.137871423452730513e-01
-5.999924902700286555e-01
-1.000011610418682251e+00
3.966759576916564778e-02
-3.094122492902780519e-01
-6.000289711029288542e-01
-4.032968402190822976e-02
2.046252731211270770e-01
-9.999631157373978230e-01
9.999314400573805495e-01
-7.949883744639419936e-01
4.027410061948075159e-01
-2.698978995030704153e-01
9.999730918574126770e-01
-1.000090545631552752e+00
-5.394518102441239749e-02
2.111657355191525198e-01
1.000084671924668517e-01
-8.102035284388355851e-01
-3.357198922164192911e-01
-3.706449260102028659e-02
-2.620740648366984282e-01
2.168637569108934349e-01
6.019976513091054859e-02
-5.999002421603224500e-01
-5.999950942686400612e-01
4.212894949994848703e-01
9.999877764262782298e-01
9.999425886405671760e-02
-3.368988612367504465e-01
2.102458016559468068e-01
1.000183219686675146e-01
1.000467471107910206e-01
-8.011630777393475844e-01
-5.999829714814458592e-01
-6.000675180959668120e-01
1.000073318156207147e+00
-6.001311472233225031e-01
-6.000969318965474475e-01
9.999487435432807825e-01
1.924048417832843749e-01
-8.048258965471519755e-01
4.008329977004040368e-01
6.300975154424129365e-02
1.867444877363871325e-01
-8.032031521655811357e-01
-1.000088472945949603e+00
-8.071030037296177406e-01
-1.000258374315314835e+00
9.999865649593444594e-01
9.997881356390859731e-01
-8.013404372666649289e-01
-3.816077526148204946e-01
-3.612548440665182964e-02
-8.086843265589318541e-01
1.000030020092069982e+00
-5.999192062622072941e-01
9.993980954959735818e-02
-9.998340195652559714e-01
3.891677083118181835e-01
1.957350589356516291e-01
1.000134270253929758e+00
-5.999439608123728895e-01
-5.999638025807266795e-01
-3.324400441298219211e-01
9.998997154496577222e-01
9.995827399363205190e-02
1.000004714899112468e+00
1.000033176207455243e+00
-1.000068052840649147e+00
3.790636195278632159e-01
9.996095043951593040e-02
3.866137054244671578e-01
9.991088417675493549e-02
1.096211129730810391e-01
-2.897164927442823310e-03
2.231672272288809100e-01
3.860671720274788665e-01
-8.099428016604532932e-01
-5.999601626335463456e-01
4.066501858778044931e-01
9.997333720880658969e-01
-1.185629946936526263e-02
-8.062893747762651664e-01
4.136208231927147594e-01
1.097216424341356791e-03
1.977105087564732244e-01
-9.999875992289136706e-01
-2.738852946701808566e-01
3.776775203745643128e-01
2.149104377416571621e-01
-7.098320647965565555e-02
1.000064447251034938e+00
1.000021087169998379e+00
1.000212145717569445e+00
9.995187728919588399e-02
5.887308442887974336e-02
-9.999184658378007517e-01
-3.152102692510775350e-01
-2.765850446741346391e-01
1.000011788969032089e+00
-8.075942760478805882e-01
-7.954991016660670766e-01
-5.999894807978508604e-01
-3.134276347607342639e-01
-1.000043038953065899e+00
1.883067571942104446e-01
9.996611234574523386e-02
-6.000653011600924902e-01
1.328138478625332831e-02
1.000097568406866255e+00
2.023192042653797207e-01
1.817586637041386233e-01
5.149527744303693949e-02
-2.450633319279923450e-01
-2.829161173239400640e-01
-2.713732974046383362e-01
3.998363507642659909e-01
-2.283475896382578529e-01
1.000134885681892349e+00
9.999910716283211265e-01
-4.895305395521868524e-02
2.051882709300950347e-01
2.042085397330438146e-01
-3.915630694271918927e-02
-2.925743088036410477e-01
-6.000340065169860182e-01
-9.998206798775103321e-01
1.935503263381008754e-01
-4.049425295328704100e-02
