-5.998590764468214598e-01
-6.001972586960204747e-01
1.000074548422370535e+00
2.607636410458867397e-03
-1.000032432528041637e+00
-8.014054963916683594e-01
-5.999694145969055592e-01
2.997427477544090807e-02
-7.939162357272644410e-01
-3.534583555088979812e-01
1.000344553439798112e-01
-1.000139281566053029e+00
1.989723890957008912e-01
-2.715936666619693865e-02
1.964848718830104202e-01
3.933927816130474708e-01
-4.898571929342532966e-02
-1.000058609885508876e+00
1.812856129824923501e-01
-1.994397714318430631e-02
3.903401984733392838e-01
3.971797074165638874e-01
-3.121924048658185624e-01
-8.081578108208682387e-01
-1.000064073961002720e+00
3.978117756686826434e-01
-3.526338020160795228e-01
-6.000378342589831604e-01
-2.418369927200753333e-01
1.000883549770755221e-01
-9.998132874019982630e-01
-7.924468411362070031e-01
-7.794014440303148605e-01
-1.000076942254098267e+00
-1.313348339745286364e-03
9.998443403880130642e-01
-9.998002230128866241e-01
9.999848473167840535e-01
4.110313636742519705e-01
-5.999751688485648327e-01
9.999259011218462057e-01
-8.209844223580573530e-01
-3.105392616602675182e-01
9.992820018847667352e-02
-2.265016212314827082e-01
4.061866610214224793e-01
9.998647527875227647e-02
9.994337747619820578e-02
9.993561279350905713e-02
2.132796647800580536e-01
-9.999688561578354840e-01
-7.895174879897132181e-01
4.098529302594248191e-01
4.116669516244665927e-01
-2.845164153851607591e-01
-1.000052789359118233e+00
-7.926027966879710673e-01
4.040964668588321596e-01
5.607602334424557911e-02
-9.999153571873470314e-01
7.302945678822511666e-02
4.051609500118416585e-01
-1.000016867962408851e+00
-2.918511601147132928e-01
-9.997832114364403333e-01
9.990455775546147610e-02
-9.998437623834816046e-01
2.443259960773865730e-02
-8.031692742323039980e-01
4.071903260000240832e-01
-6.000749329742249838e-01
-2.115553931459811243e-01
9.977860854035475180e-02
4.624288525561395802e-02
2.069236007941288313e-01
1.001281464355087691e-01
1.779144680381252730e-01
1.000087342752979946e+00
8.600383621125869127e-02
-8.046810377235714684e-01
4.028001269136152196e-01
3.999759570098047612e-01
2.001023202603522677e-01
2.058956278061358225e-01
1.000005488774306839e+00
4.032387968595865235e-01
-9.998169273484196484e-01
-5.999955416902640337e-01
-1.000028602971569036e+00
-7.215902646324628966e-02
-9.998394445163309996e-01
1.000709549024913492e-01
9.995948024699609358e-02
-5.998939383560601968e-01
-1.299736777811498489e-02
-7.872025823125137212e-01
-8.072889661049389431e-01
-3.170830690860301226e-01
4.057645291966559542e-01
-2.497783435173947797e-01
3.985601328003050559e-01
-7.992501266163981599e-01
-2.882614917542971056e-01
9.996484646306755262e-02
9.990677005891063223e-02
1.000014962921788930e+00
3.353732652007209575e-02
3.990742482276272152e-01
9.997344292166605861e-02
-3.454056929605431314e-01
1.960034626522149936e-01
-3.526309878991962243e-01
-5.999310469351297748e-01
9.999602138729876133e-01
3.869603520407298713e-01
1.838906280415585626e-01
9.975459872035639941e-02
1.000106573355100670e+00
-1.000079212805903062e+00
3.993942539874259512e-01
9.999242319020924530e-01
3.900731394018026044e-01
1.002516824359768050e-01
4.145132789901239123e-01
-6.000903169679772109e-01
4.074489375847565875e-01
-2.860514796939647164e-01
3.825624352829312125e-01
9.999411256937026371e-01
1.000024431804903413e+00
9.998686142324257620e-02
2.089693504573691962e-01
3.987867782662358196e-01
-7.976073845351188130e-01
9.989274145293342011e-02
9.998808784116689496e-01
1.000126526470506816e+00
-1.000119063967603417e+00
-6.002119235225824578e-01
3.893707703290452127e-01
1.505345634606934484e-02
4.049799912689880377e-01
9.989245954322624466e-02
4.081488718109604896e-01
4.579406144434883252e-02
-2.744624905251072389e-01
-6.001727567063908086e-01
2.061173388404381468e-01
1.000084079626727407e+00
-1.000143181714759688e+00
-8.016602648269171016e-01
9.997363385264395053e-01
3.958795028203549449e-01
-6.000504409385919447e-01
9.997171848202207611e-02
-2.491263572006457636e-02
-3.090217220060895720e-01
-8.010393890167097908e-01
2.140052907272881888e-01
9.988237161598438607e-02
9.999979265626955938e-01
1.946810254488648972e-01
2.110963907932969230e-01
-2.940230593430392392e-01
-9.998747617002330390e-01
5.257633853829984244e-02
3.959025048646944711e-01
-7.914138721615388006e-01
2.026655608434844991e-01
9.999275451113712743e-01
-7.985770009271340175e-01
-6.001291767230748642e-01
-1.000083027565970228e+00
-3.719010710468319963e-02
-3.192894450214552315e-01
-5.999186302226248158e-01
6.626751316074887786e-03
2.001615894065941759e-01
-1.000059105966005335e+00
1.000068251994307378e+00
-8.039968962182574286e-01
4.003253932879309307e-01
-3.296900468981735499e-01
1.000069718471489955e+00
-1.000113731171816456e+00
-1.661762163030077247e-02
1.957948883691389697e-01
1.000759456183697022e-01
-8.206733059582492773e-01
-2.979389048347229618e-01
1.809297148644527578e-02
-3.667144485767465656e-01
2.088295837613379780e-01
-1.818859188700902921e-02
-6.001208651313557629e-01
-6.000525668984673100e-01
4.230741033818428698e-01
1.000190960996055090e+00
1.001034257239085401e-01
-3.009096658747316688e-01
2.020073625567239961e-01
1.000471803824662387e-01
9.995094207286589483e-02
-7.972545545829768932e-01
-6.000838619839383714e-01
-5.998933459923095901e-01
1.000136996452689608e+00
-5.998835977332167557e-01
-5.998541972239374021e-01
9.999070694123711744e-01
2.021668803789558599e-01
-8.067110311968707093e-01
3.910665977362425272e-01
-2.471989796209041190e-02
2.029873493247538463e-01
-7.975243355787690058e-01
-9.999403134746032151e-01
-7.918513590679601144e-01
-1.000048020371770319e+00
1.000067989444593852e+00
1.000028634506982650e+00
-8.088203573484642472e-01
-3.940635579428439783e-01
1.530657667226493872e-02
-7.893340610315664474e-01
1.000045652284603737e+00
-5.998323239528506878e-01
1.000030985612585105e-01
-9.998681632144281739e-01
4.041759008212729154e-01
1.925489751480097267e-01
9.999426594754325937e-01
-6.000649262082795588e-01
-5.997140164298611076e-01
-2.869179271971423195e-01
1.000061682878343738e+00
1.000691986773474540e-01
9.999799493852259413e-01
9.997829506657047727e-01
-1.000122948608080042e+00
3.915981561434892511e-01
9.997651129901384548e-02
3.996649199311967382e-01
1.000810280773390265e-01
-2.655675541175934323e-02
4.620046300539783213e-02
1.880297235442798531e-01
3.910513724899550292e-01
-8.078828231308640140e-01
-5.999173415699675660e-01
3.878365802813096286e-01
9.999463797046632685e-01
7.588430703452467285e-02
-8.063720431454489690e-01
3.860593137905194427e-01
7.258222105118413044e-03
1.878301933211306562e-01
-9.998811130678031400e-01
-3.272204048449044445e-01
3.936777614977662321e-01
1.888457415529449790e-01
3.796039593582301724e-02
1.000233199775513615e+00
9.998958144974861018e-01
1.000115242642169777e+00
1.001052971156504434e-01
1.101835916630195672e-01
-1.000085818158584328e+00
-3.671810103997946717e-01
-3.251892331404942493e-01
9.999888699739891695e-01
-8.048374929335675443e-01
-7.999353383254854677e-01
-6.000168618876631221e-01
-2.513693400124197286e-01
-1.000012706872276391e+00
2.189462707525378637e-01
9.990530315146291251e-02
-5.997979610722852239e-01
7.712155566511337546e-02
9.999143334060667243e-01
2.115731546367217719e-01
2.088587828192552398e-01
-1.261426696936288339e-01
-3.652634618555247736e-01
-2.421132262729010776e-01
-2.373046411966364122e-01
4.039247248804965773e-01
-3.338307145473538018e-01
1.000000257498127043e+00
1.000140842444349421e+00
-1.996043380907929973e-02
2.015302588036022857e-01
1.933865689863294157e-01
-7.023810149175896411e-02
-3.239593455480350714e-01
-5.999780884600128816e-01
-1.000139425971421803e+00
2.022468085048595432e-01
1.153630319952106929e-02
