-5.999075372359540248e-01
-5.999583663133585265e-01
9.999324101001072496e-01
-6.221354678470563532e-02
-9.999798803448043394e-01
-7.850636094653051789e-01
-5.998729283784622890e-01
-6.270249238201225546e-03
-8.142425423421487674e-01
-3.171231125748772417e-01
9.972333565358877661e-02
-9.999550934309265893e-01
1.950978447763844770e-01
2.009251793573357120e-02
2.196126464001024736e-01
3.913224489252801197e-01
9.850451383526420690e-02
-9.999357735988986251e-01
2.055545045542013227e-01
3.906468307717054361e-02
4.201451965072930950e-01
3.804219112080755583e-01
-3.764106205419328610e-01
-7.993120798909347791e-01
-9.999625464343364634e-01
3.905721471143512313e-01
-3.214870320935235282e-01
-5.999899221173737862e-01
-2.572996097997443665e-01
9.994437857206964204e-02
-1.000018538938599599e+00
-8.027350432499799071e-01
-8.001942435369955309e-01
-1.000036524618904465e+00
4.685511471451352626e-03
9.998093493622617345e-01
-1.000123690052458381e+00
1.000064738681340826e+00
4.186517084868441319e-01
-5.998943149163961097e-01
1.000167177313640687e+00
-8.120279029428569828e-01
-3.253094988968292522e-01
9.994215068952580494e-02
-2.935403059061733599e-01
4.267063454404593781e-01
9.997714022864462313e-02
9.997771140414525581e-02
1.000391311538502692e-01
2.074654995593483986e-01
-9.999242564851225090e-01
-8.026575158753841421e-01
4.156811077623726591e-01
4.049797184507822334e-01
-3.431690081345295518e-01
-9.999053312103632907e-01
-7.932876018992739420e-01
3.944812408876643417e-01
-2.326294408018144463e-03
-1.000048203805088853e+00
2.751627090380413809e-02
4.010865088070271200e-01
-1.000173499624774420e+00
-3.450071660531188189e-01
-1.000053912606566620e+00
9.991273475628352496e-02
-1.000093925019776675e+00
-5.692911094191526258e-03
-8.009938141827864788e-01
3.991035556778444460e-01
-6.000036663138667015e-01
-3.364335675690072747e-01
1.001451035930772948e-01
1.828316124219160274e-02
2.067313875947142110e-01
9.980032785415351992e-02
2.078492570846534604e-01
9.999147925788514080e-01
-5.230582440908459335e-02
-8.066817056848490930e-01
3.995080958277756333e-01
3.874775935330559418e-01
1.964470570534075367e-01
1.954996692249702239e-01
1.000105997911755695e+00
3.779155061722653253e-01
-1.000151391030459358e+00
-5.999771453265190235e-01
-1.000079011849293487e+00
5.889846186956511701e-03
-9.999642976537007621e-01
9.998580460822657778e-02
9.997096649681996849e-02
-5.999963836644476300e-01
-4.742579289282379540e-02
-8.046439963504459225e-01
-7.947515451324603797e-01
-2.726083386295681810e-01
3.915536391476753253e-01
-2.833509264085549706e-01
3.948789964516183915e-01
-8.036825652966944622e-01
-3.192936164632085294e-01
1.000235066625397851e-01
1.000650636523422732e-01
1.000108467957696590e+00
-6.460189217863863964e-02
4.083462304408337351e-01
1.000186268833281877e-01
-3.230557216708163093e-01
1.961941454933908424e-01
-2.989045116314116846e-01
-5.999564907141508030e-01
9.999733857350884270e-01
3.902537077768495899e-01
2.008866884225662119e-01
9.983033984061401300e-02
1.000122741978374474e+00
-1.000203333170841313e+00
4.171112055249880934e-01
1.000005615849011154e+00
3.855717580951049661e-01
9.988626623865720644e-02
3.966307375792745837e-01
-5.999148535613092470e-01
4.195953586288787562e-01
-2.963616143804646552e-01
4.033721982753775137e-01
1.000167379026090986e+00
1.000019403370637106e+00
9.981718862223269706e-02
1.905354522732998213e-01
4.170015546340463120e-01
-8.117878552685235949e-01
9.987614096064603708e-02
9.999491421444808292e-01
1.000004460665486983e+00
-9.999214709702579640e-01
-5.999998472426388840e-01
3.962885850979105951e-01
5.902674206432445558e-02
3.984280714038748727e-01
9.998614009840531280e-02
3.905593453792442493e-01
1.417147965758281530e-02
-2.836346238353503191e-01
-5.999633692194406009e-01
2.036596763373918206e-01
9.998878553742497344e-01
-1.000213711810104211e+00
-8.010101488151435412e-01
1.000111732245865470e+00
3.899530737948978532e-01
-5.998754618143846695e-01
9.994111632354434060e-02
4.316716244113853046e-02
-2.996275003753974264e-01
-7.944481146212699629e-01
2.120353306153595907e-01
9.999691566652633978e-02
1.000153944880524781e+00
2.002932771754259156e-01
1.906434213852109538e-01
-4.017125393130119848e-01
-1.000013290740530580e+00
2.467648417127387989e-03
3.979102886544804707e-01
-8.082218739560816934e-01
2.101019447910968396e-01
9.999737034210723907e-01
-7.889866147781219308e-01
-6.001309786240417443e-01
-1.000189109991416192e+00
4.192382043028257399e-02
-2.339860463372109844e-01
-6.001225483464149857e-01
-6.370508651741220441e-02
2.038110076578336372e-01
-9.999133700938226399e-01
9.999663797713537194e-01
-7.922222381216273979e-01
4.010613693514351041e-01
-2.657352622906479223e-01
9.998916784646832978e-01
-1.000057726542322722e+00
-1.481976469351877282e-02
1.948551945897225302e-01
1.000227828268419467e-01
-7.902185661029937913e-01
-2.610691420563899801e-01
6.310284941762418776e-02
-3.223342390873024099e-01
2.084260561803586431e-01
-2.212058775343499900e-02
-5.998770545207384730e-01
-6.001090441886546278e-01
3.913678582234592640e-01
1.000015714281777157e+00
1.001383097767946928e-01
-2.877336502617379166e-01
2.108549195725046288e-01
1.000211857855431707e-01
9.994114649509534820e-02
-8.027283575683882288e-01
-5.999361069309253613e-01
-6.001993593786689729e-01
1.000056947079707381e+00
-6.001190099827011792e-01
-6.002446514171053682e-01
9.999796903019840810e-01
1.994000548223185676e-01
-8.135911829452103783e-01
3.921526972865068683e-01
1.259941762400302104e-02
1.938521478656395902e-01
-7.991963720347815547e-01
-1.000010125629678059e+00
-7.957299934637769301e-01
-9.997555068878207774e-01
9.999156442405249257e-01
9.999633954593326601e-01
-8.005490965556503191e-01
-3.247333842310217156e-01
2.013005099000800963e-02
-8.035532897027531929e-01
1.000032025708485595e+00
-6.000899670377400907e-01
1.001324471327603161e-01
-1.000200331064144521e+00
3.912716345754733704e-01
2.067803026097843055e-01
1.000119052556119659e+00
-5.999845680707728279e-01
-5.999348528654387946e-01
-2.910676246186027494e-01
9.999640117142807316e-01
9.997826026045271430e-02
1.000042533245996568e+00
1.000026552080595987e+00
-9.998064301453036817e-01
4.182852182569886668e-01
1.000881557591016824e-01
3.879114256665584515e-01
9.987460004238941924e-02
-1.546576550610900651e-02
1.184219210960332225e-01
1.903252474425943253e-01
3.956358193659202382e-01
-7.994462600210399117e-01
-5.999245156968718851e-01
3.858830054548211819e-01
1.000031411761772127e+00
2.342428863226934596e-02
-7.996230348569386415e-01
4.008964492219673770e-01
-1.071779897627889860e-01
2.093316151445047402e-01
-1.000086185075856893e+00
-3.056357250315872576e-01
4.059675861622997206e-01
1.886997367508420065e-01
3.174204331785542704e-02
9.999061813196429283e-01
1.000070866353684806e+00
9.999852977043754976e-01
9.993680231449775242e-02
3.316397398763325927e-02
-9.999924269260117571e-01
-3.001632903750271475e-01
-3.476279583079679991e-01
9.999294639293921927e-01
-8.030755048398419138e-01
-8.202551948862641940e-01
-6.000659649323563105e-01
-2.909704432734617208e-01
-9.999521193286646792e-01
1.995712935432523982e-01
1.000469257057662598e-01
-5.999024341375865932e-01
-1.978745716573790739e-02
1.000178914354505455e+00
1.836972652187856547e-01
1.915277715592207108e-01
1.024291526858699675e-01
-3.272523113964504460e-01
-3.139143366341055064e-01
-3.033461926921980911e-01
4.138446311418991774e-01
-3.060308379007094515e-01
1.000155018599860446e+00
9.999075615388390847e-01
-6.598280235975595605e-03
1.959011137548071768e-01
2.034726780559888426e-01
2.220905887530453399e-02
-3.738306759963371806e-01
-6.000950564281969379e-01
-1.000096796393436405e+00
1.986224220373742355e-01
3.007741728507703702e-02
