-6.000520619775581155e-01
-5.999181761534976287e-01
9.999312795946998511e-01
-3.348059874607638847e-02
-1.000215646139284376e+00
-8.007891317854031188e-01
-5.999161512362035653e-01
-2.645309573880338938e-02
-8.065858898753435202e-01
-3.064505400178501038e-01
1.002522484199612207e-01
-1.000001975912968577e+00
2.033782158931524697e-01
-2.936319817204723071e-02
1.897609527169659138e-01
4.007359018307199983e-01
-1.633444712258878481e-02
-1.000069673882962640e+00
1.954287305422007792e-01
-1.187091506061437735e-02
3.907738874779373983e-01
4.027680465861347980e-01
-2.677084005371069830e-01
-8.071710273262613367e-01
-1.000004755464535711e+00
4.075713132234380920e-01
-3.226709497200854204e-01
-6.000309910668317759e-01
-3.707650102145909621e-01
9.990517972105769640e-02
-1.000024578728281099e+00
-7.903860329749677893e-01
-8.040871096186523737e-01
-1.000057373232201563e+00
6.319593637460683977e-02
1.000032564733724705e+00
-9.998816950605968756e-01
9.999270302899185836e-01
4.066532494387236629e-01
-6.000106214071794231e-01
9.999201458724450431e-01
-8.011071917389125385e-01
-2.840701573969591220e-01
1.000579024107002557e-01
-3.175269355163130580e-01
4.006695197764264527e-01
9.993681878095013460e-02
1.001518872887111056e-01
9.989449795929580822e-02
2.041188416316624676e-01
-9.999567693867930096e-01
-8.017239179587434261e-01
3.904523849403276348e-01
3.950203037164397024e-01
-2.825884788160421546e-01
-9.999370385866139799e-01
-7.937035664851420647e-01
4.135206255847018175e-01
-2.246843148193199829e-02
-1.000034523751275994e+00
-2.955327087686430987e-02
3.975567405542698163e-01
-1.000008446306258403e+00
-2.581990925159126649e-01
-9.999971058232571819e-01
1.000313328319082234e-01
-9.999465809568478525e-01
-4.765147358508173975e-02
-8.044489710365257951e-01
3.901027937592705386e-01
-6.000716129085708062e-01
-4.133823356523589343e-01
9.997858667685528833e-02
-4.790939333297809799e-02
1.665093598431552080e-01
1.000595905727483664e-01
2.172339743513006238e-01
9.999450231998797678e-01
-6.165344595862459059e-02
-8.107068108320842903e-01
4.143360433092803108e-01
4.122719310114151825e-01
2.015630432030815766e-01
2.131037371840529548e-01
1.000019985941692724e+00
4.137361192410340949e-01
-9.999388915636904240e-01
-6.001439755186228631e-01
-1.000006614925573301e+00
1.088899009690869613e-01
-9.998079082601956102e-01
1.000049537884888928e-01
9.993737848223074871e-02
-5.999518602889071239e-01
-4.281561698623558010e-02
-7.920557023462519997e-01
-7.852248723435566458e-01
-3.227813468960283316e-01
4.123405548754492389e-01
-3.725144922660422742e-01
4.127479049039852743e-01
-8.026849212676546719e-01
-2.488452084314760338e-01
9.997313455365799961e-02
9.987884078915149066e-02
1.000004778414143258e+00
2.153831616812638960e-02
3.912734455546021950e-01
9.994890632298614186e-02
-2.627668631057920590e-01
1.973984345942814411e-01
-2.929477253488899091e-01
-5.998569268470097526e-01
1.000046087694785868e+00
3.915906134625931068e-01
2.225850958744684249e-01
1.001378363425708962e-01
9.998420262134505299e-01
-9.999872603162336393e-01
4.066562750082035049e-01
1.000091831769676753e+00
4.072331215211253963e-01
1.000663311112853920e-01
3.917905826828130822e-01
-5.999694302367412080e-01
4.137734645439071213e-01
-2.822102642586383769e-01
4.081493712422784581e-01
1.000181485169247209e+00
9.999318953664546594e-01
1.000653616034519883e-01
2.012920011022472366e-01
3.998735058746788473e-01
-7.711048540674854124e-01
1.000853318402327580e-01
9.998695729175548497e-01
9.999106846376574209e-01
-9.999768195853390162e-01
-5.999541118493637581e-01
4.022211867082809977e-01
9.294787779854774001e-02
4.121793687677088869e-01
9.996382832072149560e-02
3.924867904216680636e-01
6.299848455376498568e-02
-2.791757749732655114e-01
-5.999572029533539741e-01
1.969266455033770180e-01
1.000022620968503695e+00
-1.000159313955161888e+00
-8.212625222608355147e-01
1.000010767018159719e+00
3.849758058099287950e-01
-6.000531694623626455e-01
1.000515847864292124e-01
1.247607299359314997e-02
-3.346056161516882677e-01
-7.976051607488050532e-01
2.227059691161291655e-01
9.985450601927804704e-02
1.000150987101094069e+00
2.131696275129286444e-01
1.941105335008833643e-01
-1.717536320230933500e-01
-1.000056668476720922e+00
1.350866223583113701e-02
4.097457792290247758e-01
-8.023636351425732505e-01
1.912984228384267682e-01
9.999191425488921370e-01
-8.000228820422666809e-01
-6.002373580181314949e-01
-1.000215249538114248e+00
1.749865805548138711e-02
-3.989361497206814211e-01
-6.002153923004621694e-01
-1.118702132587767600e-01
1.830477272632915209e-01
-9.998143929911293970e-01
9.999530987553169048e-01
-8.022355305150328242e-01
3.974429943465054849e-01
-2.906958034187830942e-01
1.000040676131876083e+00
-1.000093040342189266e+00
-1.005306367857324856e-01
1.981097236366625158e-01
1.001216167258420220e-01
-7.799605331137745567e-01
-3.511351747200685547e-01
-1.038498231952098005e-02
-2.986432893816381995e-01
2.013423990018971266e-01
-6.591910286588958945e-02
-6.000294266686719835e-01
-6.000145974139639016e-01
3.950219707358224586e-01
9.999280617921968428e-01
9.996040290098187620e-02
-3.057939363991405424e-01
1.947260032390039641e-01
9.986038371220203047e-02
9.996880119592464753e-02
-8.022110663326752489e-01
-5.999490146629591347e-01
-5.998738090175398385e-01
9.999518429127891572e-01
-6.000208373304766196e-01
-5.999566149131267956e-01
1.000069964054601801e+00
1.926896587491678803e-01
-8.015889376686476941e-01
3.993077807265227319e-01
-6.787355621002489139e-03
2.092886330133998107e-01
-7.967105400558093242e-01
-1.000024735240313767e+00
-7.908128626701520503e-01
-1.000064696564547884e+00
1.000017665102449715e+00
9.999825705539784337e-01
-7.922803538551672631e-01
-3.448280016217799004e-01
-6.036018013940879640e-02
-7.920244410934202950e-01
9.998757439231508171e-01
-6.000354922954231895e-01
1.000407345271261267e-01
-9.999726527992248704e-01
3.949041745751293853e-01
2.069169863040026813e-01
9.999720194190523381e-01
-5.999810905677955830e-01
-6.000244401589621690e-01
-2.793509043978680273e-01
9.999806751722966069e-01
9.999308787104152496e-02
9.998392086957609282e-01
9.999078743710929640e-01
-1.000037873182969994e+00
4.045139716812711228e-01
1.000391002433983212e-01
4.050652695945821669e-01
1.002181780699463731e-01
-7.490985410700191915e-02
7.075527752862843973e-03
1.933094541966511037e-01
3.977065646639527108e-01
-8.060108307757907209e-01
-5.999561522634648814e-01
4.046418388519817944e-01
1.000013676995053835e+00
-2.728069178097393410e-02
-8.042280917109628779e-01
3.955840701416541427e-01
4.429478038381653299e-02
1.958333344854213121e-01
-1.000049296406511967e+00
-3.385470586077895527e-01
4.005902735682760341e-01
1.973822726058517552e-01
5.352160388229876969e-03
1.000079419120051716e+00
9.999043356524539572e-01
9.999919550200262464e-01
1.001244625617096345e-01
-7.013089198342313535e-02
-9.998648741883284785e-01
-3.501265167106692444e-01
-4.048959822900102812e-01
9.998974448435853368e-01
-7.894590214016259377e-01
-8.035351092142559715e-01
-6.000642525831871854e-01
-3.138671295492196367e-01
-9.999783698517393793e-01
1.952089192352352287e-01
9.984480359252269344e-02
-5.999037937844509116e-01
7.631186057498103373e-03
1.000129835703970738e+00
1.924206259916438344e-01
1.986585551976196296e-01
-7.235733933283374462e-03
-3.259554147232082699e-01
-3.709122245315811250e-01
-3.038488201451368109e-01
3.710374798141445329e-01
-1.359477198362876726e-01
1.000222236021429678e+00
9.999722043539125416e-01
-7.609210243100680143e-03
1.984212538059243747e-01
2.046803600438592274e-01
-2.557666957088095949e-03
-2.945158122989416372e-01
-6.000246956872957727e-01
-9.997422090936053385e-01
1.967670383164068504e-01
2.278160696063416535e-02
