-6.001493081836561938e-01
-5.999970720396112789e-01
9.999873839859201308e-01
-1.744777308743193645e-02
-9.999371037697365461e-01
-8.020403356839216347e-01
-5.998654212270183583e-01
-2.795097495737599788e-02
-8.119428079665768072e-01
-2.496115482674176045e-01
1.000194782979198366e-01
-9.999010609440336372e-01
1.914665193667162979e-01
-5.202738448923662287e-03
2.086259132169692165e-01
4.144711858738431287e-01
-2.071446145460198451e-02
-9.999110990006727651e-01
2.027906379939051762e-01
-7.258426524316474900e-03
3.935431194171014613e-01
3.928944306087794325e-01
-3.561959530310134792e-01
-7.917697563200291055e-01
-1.000059714197851335e+00
4.170329807774211806e-01
-3.355241037908149870e-01
-5.999694374564952248e-01
-3.190557697370893786e-01
1.000281128074520659e-01
-9.997659237467689808e-01
-7.863241851643617553e-01
-8.171321558454305301e-01
-1.000019917737242192e+00
8.066457332477192099e-02
1.000013039645671453e+00
-1.000168955851026276e+00
9.999890786030121159e-01
3.975363832924279084e-01
-6.001793488157012302e-01
1.000074131099516928e+00
-8.138575518533819331e-01
-2.374765581555018656e-01
1.002062749987080309e-01
-3.414143704022533088e-01
3.990440691054812361e-01
1.000012011479702173e-01
1.001158368705048346e-01
1.000344623911967046e-01
2.039396726654023884e-01
-9.999631024593658157e-01
-8.109325828180807827e-01
3.880964614577204208e-01
4.094535069743295286e-01
-2.962975704456990433e-01
-9.999091671452988717e-01
-8.210013713605518459e-01
4.150684663095649540e-01
-2.951821484243946636e-02
-1.000174539930184459e+00
7.633833504245986570e-03
3.952006622206485353e-01
-1.000014683621321510e+00
-4.302774169077500099e-01
-1.000065649898129294e+00
9.998525540502190001e-02
-9.999879073640390859e-01
5.908639575404628710e-03
-7.905881871575949349e-01
3.910307837239203055e-01
-6.000656106601212070e-01
-3.899242399773711898e-01
1.000994259780368933e-01
-7.071974107438128154e-02
1.976404540012016431e-01
9.998036425277932737e-02
2.065791400172385939e-01
9.999981647903738446e-01
-8.625642430917573877e-02
-8.161953466136881996e-01
3.887726506603199073e-01
3.888629576539935906e-01
2.013647209349027356e-01
1.776486820194892735e-01
1.000002856124620365e+00
4.088953388971450220e-01
-1.000097437619150043e+00
-5.998824060282353932e-01
-1.000121813666438930e+00
2.308428118396330109e-02
-9.999670171607757396e-01
1.000413127983750677e-01
9.999329665934740541e-02
-5.999246174429794243e-01
5.526576435869036408e-02
-7.977075923042173944e-01
-8.110950335426440061e-01
-3.492194496808465609e-01
3.974505347647920295e-01
-2.809023707194460151e-01
4.072754995449394122e-01
-8.047806557499556090e-01
-2.885478029901603070e-01
1.001689411463574653e-01
1.000133749137512573e-01
9.998851803087421830e-01
-3.059330101376289343e-02
4.032700781407362323e-01
9.997127597431280932e-02
-3.091424844944807848e-01
2.040830701104469069e-01
-3.294804984295924832e-01
-6.000411063578029447e-01
9.999977049110762017e-01
3.863326368869263727e-01
1.890800412538696518e-01
1.000024537715676759e-01
1.000046921505777897e+00
-1.000121038451706523e+00
3.974885954421789047e-01
9.999771985355404569e-01
4.030190149545247458e-01
9.981128019197527124e-02
4.036664347853066159e-01
-6.000328723540856446e-01
4.197782011634958454e-01
-3.140492936014949721e-01
3.812705042243047515e-01
9.998775621650312084e-01
1.000035245848256871e+00
9.996124730881715548e-02
2.026744931356379009e-01
4.015707300364991794e-01
-7.918336150074101187e-01
9.989265479365889988e-02
9.999811954062951536e-01
9.998368897569430702e-01
-9.999112052838947662e-01
-5.998937042334774317e-01
3.958593549922012067e-01
-8.919754437740717162e-03
3.913060238178545092e-01
9.987315566361844310e-02
4.082576297530499665e-01
-4.074162622520274835e-02
-3.100020269931983430e-01
-5.999441595789201109e-01
1.876103216920110284e-01
1.000001406164085171e+00
-1.000089398050283185e+00
-8.047680353371281514e-01
1.000066690129359781e+00
3.983591761266022102e-01
-6.000935504895175132e-01
1.000238233914904074e-01
1.281269652898469336e-01
-2.642386138861734235e-01
-8.058196430856563452e-01
2.131417873002171559e-01
1.000445709017390022e-01
9.999591367636969652e-01
1.834256583030252352e-01
1.956556307058524846e-01
-2.798609476060174295e-01
-1.000081851991460047e+00
-1.413879092385606374e-03
3.949662237816405908e-01
-8.032504933778874534e-01
2.045361664097639365e-01
9.999893669183659295e-01
-7.873583617428353554e-01
-5.998184160951616217e-01
-1.000134616872562221e+00
-5.570059615317390217e-02
-2.412231600092436534e-01
-5.999264060094472439e-01
-8.794512215326778098e-03
2.036634983997005210e-01
-1.000101844831640552e+00
9.999093816272898172e-01
-8.193722602708730651e-01
3.900881127226667466e-01
-3.757840225757871355e-01
1.000140009108321237e+00
-9.998608566667496200e-01
7.785729939076615211e-04
2.131758923707360309e-01
1.000818463743336634e-01
-8.126315431055706195e-01
-2.193430294690484339e-01
4.888226499615355714e-02
-2.343902640073546872e-01
1.907113214585426098e-01
2.231298159689841867e-02
-6.000268308735126066e-01
-5.997743741675766183e-01
4.078562451758048213e-01
9.999342397970621965e-01
1.001228780170648064e-01
-2.869267516954902009e-01
1.845878041597490971e-01
1.000662477959288754e-01
9.990782577976295431e-02
-7.922965654483604681e-01
-6.000478001074193157e-01
-6.001115117746366190e-01
1.000068782229883046e+00
-6.000174629409358307e-01
-6.001670334164589393e-01
1.000096580131117685e+00
1.868113586083721134e-01
-8.208059537436318553e-01
3.918667608107048173e-01
-5.602359993969168589e-02
2.007547441004484123e-01
-7.858911688375943561e-01
-1.000019246693970798e+00
-7.965088198945224907e-01
-9.999577223565173645e-01
1.000018417086163236e+00
9.999374634323618949e-01
-7.788701901338874745e-01
-3.226808870924411377e-01
-8.592703727057231233e-02
-8.095231963824399690e-01
1.000203117054174085e+00
-5.999644347133642475e-01
1.001093980600170213e-01
-9.999442778005043220e-01
3.900967489618099582e-01
2.094432035229814304e-01
9.999674944288378109e-01
-6.000097603934706481e-01
-6.000196868464751088e-01
-2.803680720173962193e-01
9.999125864077839099e-01
9.993635693912339413e-02
1.000010181858454139e+00
1.000074458583086079e+00
-9.998046394328125031e-01
3.900886024579682809e-01
1.001156842609017411e-01
4.072310305075295123e-01
9.996801154879136897e-02
-6.577782755758128375e-02
2.170184496629914972e-02
1.928433404613910662e-01
3.927289741716824545e-01
-7.890816822522905838e-01
-6.000305961647610653e-01
3.914057959993983427e-01
1.000145438362165740e+00
1.676606908798299739e-02
-8.039712971420079901e-01
3.966637282477540882e-01
-8.322333289195666881e-03
1.974546570776274657e-01
-1.000020689438427146e+00
-2.750902385051492982e-01
3.815298910095516471e-01
1.903981235635426872e-01
1.878783249751220241e-02
1.000139231445678512e+00
9.999521534580099180e-01
1.000089427565777234e+00
9.994424390181283480e-02
-6.721699094197375844e-03
-1.000023721023928447e+00
-2.955799508120621200e-01
-2.743148347947808596e-01
1.000026015128528289e+00
-8.134595090744667356e-01
-8.062847364471881217e-01
-6.000862302210950849e-01
-3.025809509173567613e-01
-1.000019884724655528e+00
2.166857502537647695e-01
9.998247289305245422e-02
-6.001346236862438177e-01
2.955684735536919308e-02
1.000074348386499556e+00
1.970311659088502254e-01
2.058990640063784461e-01
-9.055075135547331622e-02
-3.438425977042467441e-01
-1.706446204800114719e-01
-2.915544852959068844e-01
4.049875464159799487e-01
-3.112303651188640385e-01
9.999534060495441912e-01
1.000058305913082979e+00
2.200315702645940993e-02
2.024071300898552805e-01
1.855210191505712314e-01
1.729636192957129809e-02
-3.418245232087263608e-01
-6.000026348203402193e-01
-1.000012827143985206e+00
1.827516963313133291e-01
3.682456250036098694e-02
