-6.000245218524368207e-01
-6.000485095019130188e-01
1.000060323708422017e+00
7.577702617433540455e-02
-9.998394370464994685e-01
-7.963030249734021071e-01
-6.000340549168037274e-01
-1.575502665927999701e-03
-7.989620680276395825e-01
-3.362323342691454497e-01
1.000079694756363796e-01
-9.999893407459857775e-01
2.039454606710129625e-01
2.382333133691882932e-02
1.923194399460779191e-01
4.035998558089922694e-01
-4.755595176034035920e-02
-9.999462799064192664e-01
2.085253657514559156e-01
6.141395421457612053e-02
3.957628169983291588e-01
4.130337201930240898e-01
-3.020102408726240140e-01
-8.234057313570083414e-01
-1.000023137042423960e+00
4.150282946797255179e-01
-3.085715095518102302e-01
-6.001561565812283394e-01
-3.181174829249628910e-01
1.000175285596564961e-01
-1.000022868608954729e+00
-7.924398180017384608e-01
-7.996883426314161936e-01
-1.000132992202825477e+00
-6.270653706180036487e-03
1.000087749573644436e+00
-9.998981177929023856e-01
1.000050471889035730e+00
3.954922622358806317e-01
-6.000018804473521428e-01
1.000067026086237432e+00
-8.135279388122346189e-01
-3.677748519157919560e-01
1.000103911542250118e-01
-3.075178637567178019e-01
4.012883381591279552e-01
1.000698335648346621e-01
1.000625521743427060e-01
9.991060196984037634e-02
1.982080021911622469e-01
-9.999610472379597548e-01
-7.960697974333501570e-01
4.054106341278695957e-01
4.009414362749493255e-01
-3.027191318887413884e-01
-9.999742739306327621e-01
-7.959983904761939177e-01
3.922141089439872275e-01
-6.555024780668050610e-02
-1.000023251839992744e+00
2.068379870057980487e-03
3.932187881967410537e-01
-1.000030895050372237e+00
-3.667350172318845081e-01
-1.000160834017349343e+00
1.000842190251521185e-01
-9.999936266517306382e-01
9.977668180534803033e-02
-8.032157119165174164e-01
3.919352604263857676e-01
-6.000640667137413509e-01
-2.781687959541818689e-01
9.999061492926732131e-02
1.001914127531747384e-01
2.030257799147709985e-01
9.992380961723519583e-02
2.046775121972908840e-01
1.000034297268565187e+00
-4.027947811168138686e-02
-7.974880863048555701e-01
4.080344351783812828e-01
3.979989004049891421e-01
1.974178195644275824e-01
2.067526557051829195e-01
9.999441458160750473e-01
3.972516600719562807e-01
-1.000090938898256621e+00
-5.999253503536866594e-01
-1.000096624417586400e+00
3.166603844857032030e-02
-9.999960689749834986e-01
9.995948088965887768e-02
9.990635196210743973e-02
-5.999767808645546374e-01
1.221028821881258233e-02
-7.685892732875991840e-01
-8.115319231292202895e-01
-3.751070380918932190e-01
3.993959759598134096e-01
-2.586793397988991217e-01
4.071558009038847015e-01
-7.930104082585709424e-01
-2.146238396525576853e-01
1.000906807659889541e-01
9.997776109638270570e-02
1.000015962302550410e+00
-1.658082444879965464e-02
4.045443975827551775e-01
1.000549443311829767e-01
-3.878668336608827594e-01
2.096154677256044652e-01
-3.429053139504184555e-01
-5.998964802145995145e-01
1.000048245893453425e+00
3.853227484814701342e-01
2.011039539320037817e-01
1.000575555574391151e-01
1.000089023904259022e+00
-9.998393407243213460e-01
3.922843699200446177e-01
9.999207215261075588e-01
4.112487519383679069e-01
9.998803644646825362e-02
4.022868458462635077e-01
-6.000591801603495368e-01
3.967916697587527963e-01
-3.475696665855180223e-01
4.099831981282556770e-01
9.998345272900488467e-01
1.000161903805642627e+00
1.000868442783194867e-01
1.990846097255509484e-01
4.073155415143070446e-01
-7.965802237736742120e-01
1.000359866275254694e-01
9.998776305162544453e-01
9.999318183722477604e-01
-1.000055027263764051e+00
-6.000382495341770595e-01
4.044229189728981710e-01
2.630949053876604007e-02
4.049505053918279196e-01
9.995913087321701973e-02
3.938629167661017449e-01
-6.337035211521031830e-02
-3.321165626561343176e-01
-5.999726082872663957e-01
1.896756264994452768e-01
1.000251007231801159e+00
-9.999046806024156631e-01
-7.949812968416202219e-01
9.999153515133478720e-01
3.993312277750265538e-01
-5.999829508529329614e-01
1.000101990601838381e-01
-4.232298397374328197e-02
-2.476475870066474905e-01
-7.948112971969628626e-01
2.055925465304114519e-01
1.000802925296156443e-01
9.999601607150916394e-01
1.959801217936195661e-01
2.212618921331354627e-01
-4.113901060119573572e-01
-9.997971708475245078e-01
1.278850066070765304e-02
4.018444257478160919e-01
-7.955139922677189057e-01
2.119841199368154572e-01
1.000058283485706578e+00
-7.788006064174120002e-01
-6.000336549557400145e-01
-9.999534907619287427e-01
2.700332979925262541e-02
-3.608471657830951140e-01
-6.000345897413017493e-01
8.564720724242694261e-02
1.879217850179651927e-01
-9.998699103221195816e-01
1.000107564331878196e+00
-8.022695004541395836e-01
4.009874960582625048e-01
-3.674772100425983679e-01
9.999507800107944044e-01
-9.999842485913724710e-01
2.834817131413815486e-02
2.015322406378440012e-01
9.983786622329909877e-02
-7.822933517837989958e-01
-3.213624905233267159e-01
3.866455039853369108e-02
-3.472433801259791064e-01
1.967646747887702996e-01
-9.757488587565310567e-02
-6.000575373211859409e-01
-5.998623951276632615e-01
4.005262826576040380e-01
1.000012793552550017e+00
1.000880864449157637e-01
-2.498788354535267375e-01
2.043165210673080212e-01
1.000304278350010873e-01
1.001634268205326000e-01
-7.946562888933365043e-01
-6.001707665919215895e-01
-6.000503998832630304e-01
1.000045146870115698e+00
-5.999236888791142919e-01
-5.997913125198687245e-01
9.999850653269728440e-01
2.206450523075866865e-01
-7.939537041071427215e-01
3.941006827473074181e-01
5.167894124534230804e-02
2.139920915287973346e-01
-7.885369261168575505e-01
-9.998457145402754875e-01
-8.195597637008809055e-01
-9.997337544410009880e-01
9.998651995700111872e-01
9.998479359191887461e-01
-8.149884675698895187e-01
-2.560115323151190836e-01
-7.260414181251089415e-03
-7.916716200975836282e-01
9.999763237297456531e-01
-5.998386888020645902e-01
1.000507900769640329e-01
-9.998125742969963259e-01
3.954736122486404160e-01
2.097709750772027149e-01
1.000023893653783968e+00
-6.000177446782882784e-01
-5.998440158094325847e-01
-2.725633020984395416e-01
9.999829647396956123e-01
9.998043354663173343e-02
1.000092285033540751e+00
1.000036612961078264e+00
-9.998115015488909796e-01
3.926668377962740930e-01
1.001342173400984470e-01
3.835319342306012236e-01
9.997989573308478650e-02
-8.378897164523256558e-02
1.354229115412928543e-02
2.139416690354859762e-01
3.913836316573357510e-01
-7.731607143330528897e-01
-5.999031876784226558e-01
3.980895916463419448e-01
9.999108520744268702e-01
-2.439457423254811144e-02
-7.880706710831448802e-01
3.889446425764436777e-01
4.687072969689782924e-03
2.002783130230096076e-01
-1.000065118158265820e+00
-2.299495250906855026e-01
4.020058000459823533e-01
2.008230768989964221e-01
-1.341895002041666209e-02
1.000085535384027668e+00
1.000044577061923956e+00
1.000002896240098194e+00
9.988632774765707212e-02
7.567299124630691431e-02
-1.000072672805649932e+00
-2.931340054242441151e-01
-3.045309436488122246e-01
9.997843630030817108e-01
-7.962988471979850491e-01
-7.926427396869347719e-01
-5.999332066944748076e-01
-3.523264524552102706e-01
-1.000001510296858909e+00
2.019867835603054163e-01
9.998416453159929274e-02
-5.999222172084286431e-01
5.355933952194033565e-02
1.000205848528074926e+00
2.061680517748475661e-01
1.971839068152938801e-01
-1.164357859811647120e-02
-2.463126756745414592e-01
-3.070897714822177771e-01
-3.064951382588923523e-01
4.084576275911288024e-01
-3.148962017466139796e-01
9.999757507103187448e-01
9.999606720148459527e-01
2.949200871933482793e-02
1.964509701466141400e-01
2.086944505490527790e-01
-2.131522994994708084e-02
-2.975960952758831546e-01
-5.998876827592891647e-01
-1.000021518015021593e+00
2.091986345146273352e-01
2.702844236823216673e-02
