-6.001037224741341269e-01
-5.999163937205191921e-01
1.000111004457647557e+00
5.793505235999450026e-03
-9.998969477442686271e-01
-8.057591807814608043e-01
-5.999619830998871306e-01
-1.903889880628304235e-02
-7.897791055941477678e-01
-3.348838419414745804e-01
1.002006081897657136e-01
-9.999496232658586781e-01
1.984844694227899664e-01
6.468730422123470519e-03
2.220798227045892581e-01
4.178529683019035490e-01
-1.418498968652528829e-02
-9.998915173548506008e-01
2.167139565599322248e-01
7.063491194505024801e-03
3.883620490400487846e-01
4.043114781848223260e-01
-3.565324419776048082e-01
-7.870028901445224045e-01
-9.998865856091382343e-01
4.027163160751391358e-01
-2.689318861869997579e-01
-6.001189473622926540e-01
-2.636904520035546762e-01
1.000503187340294753e-01
-9.999549583718777557e-01
-7.864449086153341151e-01
-8.106789691365651196e-01
-1.000024788071794735e+00
3.623202613730688165e-02
9.999738644296380929e-01
-9.999249885031410434e-01
1.000124826866910288e+00
3.946501767801343097e-01
-5.999899087030676759e-01
9.999352125260548840e-01
-7.964397589992947557e-01
-3.882625504361787994e-01
1.001362828238606534e-01
-3.153956395803690915e-01
3.992380161675011530e-01
9.992007670318737989e-02
9.992971402266315195e-02
9.998894742016907478e-02
1.962045130579671559e-01
-9.999308752738990114e-01
-7.853008593390518044e-01
3.957299598637864513e-01
4.103048005715189128e-01
-3.318008631925699059e-01
-1.000095780783964106e+00
-8.001985599593200993e-01
3.961129940877668454e-01
-5.290164653265386902e-02
-9.999935470312736330e-01
3.840708997132621927e-02
4.002200848408807854e-01
-9.999125366187366915e-01
-2.575140017093277556e-01
-9.998575011147632363e-01
1.000343702262315171e-01
-1.000086220961838190e+00
-5.645378375607607024e-02
-8.103773758085403012e-01
4.022341882203437358e-01
-6.001965366046476680e-01
-1.784927194614153168e-01
9.999650770833576341e-02
4.493566241122579769e-02
2.071638332817337114e-01
1.000312043782707189e-01
1.889060202429560797e-01
9.999619649606876770e-01
9.230359776642367217e-03
-8.110526731380505172e-01
3.989535726740526256e-01
4.172988687812891340e-01
1.769464312880302537e-01
2.074172930634659295e-01
9.999518172518016002e-01
4.090025504976810833e-01
-9.998178272993500926e-01
-6.001054622532250304e-01
-9.999529401694536856e-01
-3.731625175592256927e-02
-1.000031167926586306e+00
9.997618029929086769e-02
9.995096270972517183e-02
-6.000718296005639329e-01
1.590866637404307268e-02
-7.806838465988830134e-01
-7.903324151755448668e-01
-2.413010557849342985e-01
4.152962630175413561e-01
-3.047973488337739623e-01
3.940960651107165980e-01
-7.913950921072487876e-01
-3.125677478387379749e-01
9.991924940345407735e-02
1.001120930388104541e-01
1.000257242496364052e+00
-6.710848109169810505e-03
4.253128064718777468e-01
9.988268721508782033e-02
-2.956240691151679201e-01
2.101766746090311944e-01
-3.567955643889282324e-01
-6.000842848774756710e-01
1.000073858970284002e+00
3.993566507002637156e-01
2.186920871961989810e-01
1.000565155378263932e-01
1.000018960707544036e+00
-1.000022889673313653e+00
4.178043502522353347e-01
9.999220980886414090e-01
4.201147947928184911e-01
9.995394997641246504e-02
4.112411664574079362e-01
-5.999020780075029480e-01
4.018951491766785122e-01
-2.717655699520026835e-01
4.018031068311387344e-01
9.999754427741990304e-01
9.999726729807150161e-01
1.000287759263545212e-01
2.114791691069211887e-01
3.941841573852460923e-01
-7.957719045852907902e-01
9.989017237492239798e-02
9.999853908156107751e-01
1.000135205123051874e+00
-1.000179718811821550e+00
-5.999615277482307496e-01
4.038298162162337057e-01
1.190083283500729949e-02
4.044704615645326462e-01
1.001409278989710133e-01
3.784460037788145992e-01
2.535030166604126597e-02
-3.475675872467242078e-01
-6.000185831093959310e-01
1.936357741495705331e-01
9.999931845315587209e-01
-1.000064567971998830e+00
-7.989434412947096220e-01
9.998924390403287621e-01
4.074392846074104679e-01
-6.001026423084555583e-01
9.991444550778710854e-02
1.093954339193597969e-02
-3.852079558939055515e-01
-7.761942828201986444e-01
1.928734672645238679e-01
9.994138620815987140e-02
1.000148030365720642e+00
1.762248798454099930e-01
1.923257286657916731e-01
-2.605596447488370826e-01
-9.999841985987300008e-01
1.536475488967997509e-02
3.937031740473517782e-01
-8.021216100180591502e-01
2.094457222589047041e-01
1.000071371002842380e+00
-7.927551839378573773e-01
-6.001548881453171447e-01
-1.000015529513764267e+00
3.480544630259396061e-02
-3.449493782155992894e-01
-5.999016634170726281e-01
3.146839437965234798e-02
1.939168613236111338e-01
-9.999091366585144414e-01
1.000004475199545606e+00
-7.959978029163181645e-01
3.969125737981606394e-01
-3.449826810112412989e-01
1.000072389399730088e+00
-1.000017102059850060e+00
-6.029045049088468944e-02
1.984248955487481203e-01
1.000239847397922655e-01
-8.122821023050361688e-01
-3.318466173254285279e-01
-4.725941258278069240e-02
-2.714749505854604505e-01
2.055585104639219007e-01
-6.244644230586648970e-02
-6.000413918415311576e-01
-5.998488449869306960e-01
4.071551160069505348e-01
9.999151924447344797e-01
9.996630372407618037e-02
-3.106815630995499733e-01
1.862940254768238879e-01
1.002450637805533812e-01
9.982335009743868726e-02
-7.796804489225415136e-01
-6.001121027041107503e-01
-6.000953679309009026e-01
9.998656660399728446e-01
-6.000045329835399510e-01
-6.000271973905249023e-01
1.000135249749161126e+00
2.122355802505765388e-01
-7.917934519180667152e-01
4.039789664354352383e-01
-5.600816762837790286e-02
2.021402721059879226e-01
-7.957858701869383600e-01
-9.999700109773336232e-01
-8.132094362584388891e-01
-9.999823018275854070e-01
9.999083816157403604e-01
9.999478767806635471e-01
-8.155284733371224171e-01
-2.508152696470510312e-01
7.287030472684334625e-02
-7.980936157377679363e-01
9.999132703662281241e-01
-6.000562178119799306e-01
9.987443107262032604e-02
-9.998968282108365857e-01
3.882927315452264772e-01
1.880369299300160835e-01
9.998310009832229728e-01
-6.000728905984098471e-01
-6.000147916636002776e-01
-2.907583846389227844e-01
9.998112399657514970e-01
1.000605946736985580e-01
1.000027599134631462e+00
9.997453050063804803e-01
-9.998098965280894923e-01
4.060785701661633884e-01
9.985921730857964806e-02
4.114248117587754328e-01
1.000901215084078894e-01
4.224924892155521028e-02
-5.787527063422354123e-02
1.858924759966559259e-01
3.891166194226814423e-01
-8.218793868106415434e-01
-5.999233683394140648e-01
4.025521301783795414e-01
1.000016352609325310e+00
1.289985790016137668e-02
-8.192380014369390340e-01
3.957302447358066466e-01
2.293117285500835545e-02
2.025842978806873529e-01
-1.000053733475930962e+00
-2.845417770102600663e-01
4.074935133178865243e-01
2.158685661587347870e-01
-1.280783439234375702e-02
9.999410620609184841e-01
9.999842092935681270e-01
1.000040906172979138e+00
1.001563109879840402e-01
1.552663487681111842e-01
-9.999082642917471730e-01
-3.677018056887909059e-01
-2.483755630566787109e-01
1.000104768396441024e+00
-8.000146520513788939e-01
-7.835392907350015035e-01
-5.998663655814990836e-01
-2.348416485714605040e-01
-1.000122278668364117e+00
2.138879226157656133e-01
1.001190720335564527e-01
-6.000568066675324719e-01
1.996287650218326465e-02
1.000042145046867281e+00
2.102378902799451887e-01
1.895796927997618064e-01
-8.756583655822969270e-02
-3.059014412121092708e-01
-2.723585324749150383e-01
-3.067795543299971506e-01
3.840345688080232245e-01
-2.611136933861691878e-01
1.000050923043268813e+00
1.000020760792601715e+00
2.983330187723656421e-02
1.959852795389462055e-01
2.032738051571115201e-01
-1.032064256954082215e-02
-2.966545253320603259e-01
-5.999446528368433951e-01
-1.000061783182203623e+00
2.018502485954166425e-01
1.487075574985263077e-02
