-5.998320555239935459e-01
-5.998815711437556208e-01
9.999169069422453315e-01
-3.552726150310860087e-03
-1.000071045033883887e+00
-7.832493741191967063e-01
-6.000094890879018594e-01
2.015115806648280772e-02
-8.053902412776983155e-01
-3.118695575398023334e-01
9.995693585689327532e-02
-1.000140204440147951e+00
2.053587013323205923e-01
1.915330345498354389e-02
2.060130582731317661e-01
3.962162966694753319e-01
7.607460836925498959e-02
-9.999394259666836149e-01
1.972943557374853552e-01
-4.550194242734217909e-02
3.929160135486511329e-01
3.951626917828253704e-01
-2.454425408500088279e-01
-8.003648766688337135e-01
-1.000107634888718566e+00
4.189326516835855108e-01
-3.392330528617519270e-01
-6.000196590968519539e-01
-2.879625322771369733e-01
9.984102409479012064e-02
-1.000016805540495879e+00
-7.893490325347690684e-01
-7.857285940505842614e-01
-1.000038957513091686e+00
-1.173262345611420995e-03
1.000012948012226843e+00
-1.000007686590974831e+00
1.000054853831196855e+00
3.822458559124774502e-01
-5.999528940068575844e-01
1.000074355043938157e+00
-7.875125404514192740e-01
-3.038843352747566673e-01
1.000166850555116727e-01
-2.919898161065867526e-01
4.166399586125015819e-01
9.992330712170165163e-02
9.990193391823645741e-02
9.997317096820867999e-02
1.988106354237501872e-01
-9.999020323940820409e-01
-7.804895250022859665e-01
4.049093995291593306e-01
4.094754940121653197e-01
-3.767500269674405322e-01
-9.998768540367644064e-01
-8.033425079221861997e-01
3.867942460330852650e-01
-2.432284624744618373e-02
-9.998528573534504194e-01
-5.118466830120513289e-02
4.063872446675624861e-01
-1.000016856152275757e+00
-3.574768502871981668e-01
-1.000110134571684961e+00
9.993049316769231361e-02
-1.000015775876651469e+00
-4.650414816814694985e-02
-7.819017478223242446e-01
3.972399647344921902e-01
-6.000849432680730455e-01
-2.752566885847161915e-01
1.001743570921929394e-01
-2.235333884710547642e-02
2.014626532168193318e-01
1.000987476236487039e-01
2.178079797206239898e-01
9.998197666226322777e-01
-4.521241627387562190e-02
-7.942861079045774320e-01
4.107150027526183522e-01
4.114246189033299861e-01
1.760037146249682771e-01
2.072749851406852362e-01
1.000075075098552313e+00
4.087938224024671441e-01
-9.999818237586258762e-01
-6.000792891260245954e-01
-1.000078881250811458e+00
6.088656259400150247e-03
-9.999384935024598908e-01
9.978254522711903218e-02
1.000645178245861411e-01
-6.001591745149138513e-01
-5.217535378458757617e-02
-8.003322856527901319e-01
-7.966635713314478284e-01
-2.664508114117121740e-01
3.826821882503519401e-01
-2.977386698081217475e-01
3.984276439885620635e-01
-8.026989851521073582e-01
-2.706820728921975894e-01
9.999629557452642536e-02
9.990788335315070601e-02
1.000002687117076849e+00
2.443195861902280885e-03
3.976527457867676252e-01
1.000568629020792133e-01
-2.960959487202423634e-01
2.020560072816294239e-01
-3.374717207929855967e-01
-5.999981516364856216e-01
1.000082325357335433e+00
4.020452669351485264e-01
2.030673719829125812e-01
1.000633809317670597e-01
1.000084356762354076e+00
-1.000149537094014107e+00
4.093974479147609591e-01
1.000144265607763261e+00
4.169563013551154662e-01
1.000796371772876836e-01
4.038028292430958510e-01
-6.000186525282027450e-01
3.797968866346488892e-01
-3.634338296513235922e-01
3.843900697221288021e-01
1.000251267558293966e+00
9.999343684772341589e-01
9.999937484366672180e-02
1.997788684691700622e-01
3.839345614998799228e-01
-7.954745637005045111e-01
1.000912619864149783e-01
1.000159955892389485e+00
1.000162600593009099e+00
-1.000008898509464839e+00
-5.999154234792102303e-01
4.041902894569411875e-01
6.479009247314048564e-03
4.005281476333911739e-01
9.988170749188204911e-02
3.991312075177424479e-01
5.264320797133820173e-02
-3.573393236112772930e-01
-6.000521080736584967e-01
2.058943470013819832e-01
9.998925447679850587e-01
-9.999728640331050356e-01
-7.948329687547666111e-01
1.000170967354220952e+00
4.034066772021422942e-01
-6.000788038421344117e-01
9.997221955824675543e-02
-7.853990242582968573e-02
-3.134934326285925277e-01
-8.130223493271530044e-01
2.036523512128240454e-01
1.000378256763590074e-01
9.999580689362640440e-01
2.010987942844390808e-01
1.992503780302853911e-01
-3.468140368657250949e-01
-9.999799461328947592e-01
-1.250643715627877163e-02
4.149597182261389183e-01
-7.938427642074947777e-01
2.071109849793912883e-01
1.000182105570097457e+00
-8.097735856570029700e-01
-6.000755807268397524e-01
-1.000152947706614226e+00
-1.314805360590528063e-02
-3.141764289249325270e-01
-6.000295890482201244e-01
-3.503199252351146126e-02
1.930335865835576814e-01
-9.998414017806381837e-01
9.999102648742600463e-01
-8.079503701303130114e-01
4.010089020962236961e-01
-3.232534258554585760e-01
1.000174540342043228e+00
-1.000025736500294027e+00
3.157686774413020342e-02
2.028526778087802462e-01
9.996680402305355151e-02
-7.994017093229229820e-01
-3.180291691148987021e-01
-2.632083489180946437e-02
-2.668010770925394182e-01
1.956476158795477926e-01
2.106824831173847307e-02
-5.999228740240815094e-01
-6.000526578098801522e-01
3.975278744526822283e-01
1.000065721083718939e+00
9.979628277619326249e-02
-2.478055436142959089e-01
1.924105378534700928e-01
9.998671470211337176e-02
1.000843217984771910e-01
-7.989261910847383907e-01
-6.000305111936939939e-01
-6.000530860255437471e-01
9.999034864442967185e-01
-5.999804755072517537e-01
-6.000950631163726179e-01
9.999136721124983751e-01
1.971379219888753087e-01
-8.003055313028737405e-01
3.927601217917848775e-01
-4.095289322464580432e-03
2.189316783918588416e-01
-7.904962994100857010e-01
-9.999604802930387448e-01
-8.001759679546667225e-01
-1.000091056402436340e+00
1.000207164644917546e+00
9.999459798821361822e-01
-8.065849394554402974e-01
-3.503257048744711222e-01
4.707126674631707114e-02
-7.980906307178218251e-01
9.999017211582993392e-01
-6.000626390838647017e-01
9.986500790150078244e-02
-1.000035780546604247e+00
3.944666777410570369e-01
2.133170419393502493e-01
9.998103076341126050e-01
-6.000294671652607326e-01
-6.000447228925550602e-01
-2.705355855139185972e-01
1.000034162668256288e+00
9.996128444467393404e-02
9.998822765995053485e-01
9.999446991452658473e-01
-9.999938567078172635e-01
4.091830177611083252e-01
1.001862076138335389e-01
3.862018830532067404e-01
9.975108413180594491e-02
2.709344774684010679e-02
5.534054252101826971e-02
1.957113738786494528e-01
4.103561422526308400e-01
-7.833738413151072333e-01
-5.999923013872097144e-01
4.004953741058309702e-01
9.997460650735172649e-01
-1.457055886728752560e-02
-7.982186544364995306e-01
3.901902881101758647e-01
-1.506410963967124705e-01
1.873050541033365879e-01
-9.998048671710618729e-01
-3.850431117650474633e-01
3.747558864761609820e-01
1.980256339252690623e-01
-3.833413419093115171e-02
9.997749332583419912e-01
1.000161640475913494e+00
1.000031886256417923e+00
9.999164864450856005e-02
-7.872792948286824050e-03
-9.999599050084762020e-01
-3.595624287850338052e-01
-2.792904021877850029e-01
9.999722143388259932e-01
-7.853375206745727422e-01
-8.134064021505962305e-01
-6.000009279480441604e-01
-3.362842218887736045e-01
-1.000137450759423396e+00
2.151388813994961346e-01
9.981668910334111355e-02
-6.000862708618244223e-01
8.129820863633552275e-02
9.998584952847452412e-01
2.004229517118812365e-01
1.851720956866668988e-01
-4.615428517817354165e-02
-3.353351236342019814e-01
-3.065274077743636028e-01
-2.257143521966976096e-01
4.003915595782913117e-01
-2.844960098245129521e-01
9.998160639947643036e-01
9.999503531145421675e-01
6.102901046419631492e-02
1.912225065909711752e-01
2.010586997628776018e-01
5.705400404613125698e-02
-3.718300319117728847e-01
-5.999704719809226816e-01
-1.000102259346013822e+00
2.079692810280145132e-01
-2.638784487700121181e-02
