-6.000487478345825076e-01
-5.999427564413547520e-01
9.998489549551955458e-01
2.031269984674899387e-02
-9.999978282479943248e-01
-7.928806898534419556e-01
-6.000668498531666062e-01
4.528919230644076754e-02
-8.011039415581446832e-01
-2.684519641755093722e-01
9.993231340590291722e-02
-9.999787372356636617e-01
1.772513346316122174e-01
-2.978031315761610689e-02
2.193978913795127106e-01
4.120341809010141798e-01
6.087954418403312279e-02
-9.999085527529347761e-01
2.054704962145157965e-01
-1.475339418854735435e-02
4.069546351519713889e-01
4.042478464077255418e-01
-3.761483306884180755e-01
-8.123457926925339301e-01
-9.998418863413164326e-01
3.963699899066881471e-01
-2.853628381692198124e-01
-5.999579304414123238e-01
-3.705476840068980815e-01
9.995479441097153417e-02
-1.000056275524067173e+00
-7.876418621971122969e-01
-8.015197216821168258e-01
-1.000095272880097141e+00
1.494042031089940631e-02
9.999841467205305978e-01
-9.997943732566281216e-01
9.997583955937136002e-01
3.962483807704386130e-01
-6.001187908880264432e-01
9.999757320167516061e-01
-8.068485424876709056e-01
-2.819144219238698956e-01
1.000184173628134582e-01
-2.492867800108007903e-01
3.908236904959027647e-01
9.990796907148295769e-02
9.996455169042763045e-02
1.001527417901899031e-01
2.048310343697805069e-01
-1.000119741150780506e+00
-8.068756205043444707e-01
4.121676165396255809e-01
4.086027257192238471e-01
-3.012370519344625408e-01
-1.000178170427988844e+00
-7.928118099936424246e-01
4.220068209844533014e-01
1.499846946091358373e-02
-1.000068804369194764e+00
2.406057282456220900e-02
4.168938406128627761e-01
-9.999394947279762746e-01
-2.671669330588631874e-01
-1.000034616729249759e+00
9.989797227165342353e-02
-1.000097977369549751e+00
-3.027481892378999090e-04
-8.047753286594886424e-01
4.006211763508899515e-01
-6.000075476699858745e-01
-3.909745134213728490e-01
9.990115045090557089e-02
4.796244405691042767e-02
2.209366097185790356e-01
9.988358462031936280e-02
1.943430329502043863e-01
9.999829788870511216e-01
1.789226912225538521e-02
-8.140498618011412502e-01
3.991291654334930272e-01
3.949078189162092967e-01
2.041460840380026620e-01
2.003143329929895911e-01
1.000003335661465709e+00
3.993855634019446987e-01
-1.000025262667996850e+00
-5.999941654639661115e-01
-9.999829137091034159e-01
1.167376782640761612e-01
-9.999936301378602455e-01
1.000718756423878419e-01
1.000183638193535562e-01
-5.999213445409250500e-01
-3.881430549647644623e-03
-7.991297158837291637e-01
-7.933125019535465228e-01
-2.810518004649353863e-01
3.958843589251546113e-01
-2.691842102729650188e-01
4.129710181168645411e-01
-7.961810041353696299e-01
-2.369414509040247141e-01
1.001389080912214180e-01
9.993540061865509305e-02
1.000055601651864912e+00
3.858945516265794434e-02
4.036250013148972582e-01
9.992663559322627342e-02
-2.833094357067994506e-01
2.016371271677560306e-01
-2.372523446506308864e-01
-5.999167462662664541e-01
1.000031280196146177e+00
3.998036014594358312e-01
1.979230784366222962e-01
1.000260013580006324e-01
9.999292850895041829e-01
-9.999966706264725724e-01
4.013783211960462727e-01
9.999016106359703837e-01
4.169568991029171112e-01
9.986284911187781610e-02
4.067458942240808617e-01
-6.001012568841967987e-01
4.125515071361688380e-01
-2.282956416065589633e-01
3.825391392096413878e-01
1.000012250726914020e+00
9.999174750374401066e-01
1.000244969843344794e-01
1.910930383015754241e-01
3.997175899616459138e-01
-7.980611508365953455e-01
9.989523141587818011e-02
1.000056226715970054e+00
1.000004510520094758e+00
-1.000068414286102048e+00
-5.999147847353930585e-01
4.071044198232723343e-01
-3.665750043967574284e-02
4.201222856320062649e-01
1.000456120132497961e-01
4.062321310171634892e-01
-1.282445502384485861e-02
-3.052858976714454275e-01
-5.999962385320170011e-01
1.916801794609385157e-01
9.998314158036960553e-01
-9.998868682487458415e-01
-7.970163030793474546e-01
1.000063625982047455e+00
4.019056561753284740e-01
-6.000636324631446472e-01
1.000311275306198788e-01
6.671283606900497987e-02
-3.384591594949100113e-01
-7.986267456167653878e-01
2.007171265766941604e-01
9.987210747650043796e-02
1.000075511073070800e+00
1.887618815748062506e-01
1.884678817703324127e-01
-3.738942387252350841e-01
-9.998687470065901195e-01
-7.793446649897230183e-02
3.807917566066535975e-01
-7.998022717748204391e-01
1.995181558556763657e-01
9.999575224064911616e-01
-8.057489363903748147e-01
-6.001424525095919726e-01
-1.000079459807267090e+00
4.778314094543850699e-02
-2.667145443852531050e-01
-5.999412809915987133e-01
-5.300106593303915981e-02
2.161411897276314387e-01
-1.000025819110679670e+00
1.000010958747641121e+00
-7.836934852332814172e-01
3.942967732646107670e-01
-3.004737227938809596e-01
9.999527354080626207e-01
-1.000123339600013317e+00
1.029008257751549693e-01
2.008007049652462683e-01
9.988736548553982242e-02
-7.830613613392586325e-01
-3.529011232282434074e-01
-1.845963926763314819e-02
-3.377807626175192146e-01
1.936660702607837237e-01
-9.845959806205728526e-02
-5.998239459751764091e-01
-5.998957098365009788e-01
3.921653287162245594e-01
1.000071548827298207e+00
9.997992410717305989e-02
-2.676230406598191225e-01
2.081948186692489655e-01
9.993278591761427243e-02
1.000944526158629444e-01
-8.063245568432986232e-01
-5.999956375708670464e-01
-6.000274743200700867e-01
1.000059351951761100e+00
-5.999109165431757429e-01
-6.001301317345785202e-01
1.000117809036745964e+00
1.892895506309264231e-01
-7.887695236219276484e-01
4.029783615694520482e-01
2.134006758947612492e-02
1.957067556971887612e-01
-8.030497791447782641e-01
-1.000108606363023567e+00
-7.962269777626033163e-01
-9.999584437030683004e-01
1.000073510383844066e+00
9.999350614303256224e-01
-8.059166700580816523e-01
-2.774656362428286061e-01
-1.689683054760754075e-02
-7.963396194593106436e-01
9.999110800713777447e-01
-5.997755489866373191e-01
1.000894872753154696e-01
-1.000010137816529143e+00
4.164798742165419787e-01
1.989251518138825947e-01
1.000129481401436982e+00
-5.999360187428547375e-01
-5.999622705360886377e-01
-2.199393504764591833e-01
9.999533865907151986e-01
9.996417895539877474e-02
1.000037547639144764e+00
9.999526278335411078e-01
-1.000061925743112035e+00
4.145975759040449460e-01
1.000669173928229461e-01
4.076379767206307903e-01
9.998592852991458613e-02
3.877135341658858626e-03
3.925672599965972925e-02
1.970606754758811863e-01
3.871127542445683689e-01
-8.193370617038668868e-01
-5.998968255880890998e-01
3.922053963097032470e-01
9.998579843958609326e-01
-1.170964003141210241e-02
-7.982889168183091577e-01
3.925641859872431305e-01
1.859070806722653083e-02
1.905476370722185842e-01
-9.999222615313165807e-01
-3.112557517892330372e-01
4.105859077051339789e-01
1.995647184428260001e-01
-6.600831806155975368e-02
9.998919010746364355e-01
1.000066239763851117e+00
1.000073415041341729e+00
9.975872099481719601e-02
-7.850501278083597129e-03
-1.000159204160098181e+00
-2.617181284068747504e-01
-3.549915199367523755e-01
1.000063376284664241e+00
-7.761270592919656819e-01
-7.874196055218934953e-01
-5.999796466448031884e-01
-2.091570357267805158e-01
-9.997317732938527657e-01
2.141024536554848312e-01
9.991876880576737452e-02
-5.999352951092147279e-01
3.230101761709568142e-02
9.998972876090604922e-01
1.910254731881908252e-01
2.125205650400487367e-01
2.612008699999468497e-02
-2.615822327913678302e-01
-2.429849095185944441e-01
-3.325047619160949042e-01
4.129769995993288756e-01
-3.090911551509047950e-01
9.999955204198800462e-01
1.000084862887104631e+00
1.602749932501853006e-02
2.013827213846150765e-01
2.023461130461195467e-01
-7.381928850347957427e-02
-3.325653169309716328e-01
-6.000241983145245817e-01
-1.000106793290438834e+00
2.059781264244733290e-01
-8.583447881557272618e-02
