-6.000811015659671677e-01
-5.998316485196334424e-01
9.999627973694732441e-01
-4.859265041720051137e-02
-9.998004355725803594e-01
-8.043039306095287611e-01
-5.998953048726402004e-01
-2.302328811811667555e-02
-8.139059645247550545e-01
-2.601221073967660002e-01
9.997059013348763568e-02
-1.000035507994040174e+00
1.901941794374163164e-01
-3.400404323742336338e-02
2.122113104786094717e-01
4.009005163763831869e-01
1.972281822720608341e-02
-1.000180126348122922e+00
1.983469868460406849e-01
-1.732224149202958585e-02
4.056374312913284541e-01
3.957063478742101070e-01
-3.505670978914898206e-01
-8.121194842043498729e-01
-9.999979362460086341e-01
3.916313952829562628e-01
-3.677386318313136115e-01
-6.001740460370212915e-01
-2.402958757191395733e-01
9.996079073947021498e-02
-9.999349868599005653e-01
-8.087282953404115737e-01
-8.090108055893689976e-01
-1.000011532549589299e+00
4.465496581359043593e-02
1.000178181756646634e+00
-9.999099362742827068e-01
1.000006457706664076e+00
4.062206660152534732e-01
-6.000924166933029325e-01
1.000128507561425906e+00
-7.862724262360255567e-01
-2.848355730444952494e-01
1.001185186462736215e-01
-3.289912400403736670e-01
4.044320419546844625e-01
9.983386292816523455e-02
1.000753322973977621e-01
1.000006294837362947e-01
2.164755954267306992e-01
-1.000027897893204010e+00
-8.061850041569589287e-01
3.827104161860381271e-01
3.927780432344912254e-01
-2.544445326870925506e-01
-1.000027213054045738e+00
-7.837217813838878167e-01
3.912650708415632006e-01
6.661134611227663427e-02
-1.000086421635115519e+00
1.594425701602015036e-02
3.950564385623636099e-01
-1.000107944963317896e+00
-2.957944800347431791e-01
-9.998878889113769208e-01
9.994618510525171695e-02
-9.998897807023723328e-01
-2.267696956129940013e-03
-7.952090124110355873e-01
3.977380445884864391e-01
-5.999989305402759765e-01
-3.702592837082670507e-01
9.989757305162741408e-02
5.835257050896707799e-03
2.016006401500365641e-01
9.995914751836397494e-02
1.976012042760550980e-01
9.999618764775179969e-01
9.762912994962057167e-02
-7.953820500861507048e-01
4.067069561588070870e-01
4.080048230148389798e-01
2.109440001328487246e-01
1.960548854989552225e-01
9.999515603793008856e-01
3.879696021370880321e-01
-9.998773366331099588e-01
-6.002213375643180582e-01
-1.000013882461112225e+00
-3.111563630149648263e-02
-1.000111506024795371e+00
1.002023550705478383e-01
9.986786324245180979e-02
-5.999601965135865633e-01
-4.331550808598554070e-02
-7.860479929627678386e-01
-8.107223913699859175e-01
-3.363747559529405295e-01
3.937788483690341512e-01
-2.719101436116956316e-01
3.835893387931191834e-01
-7.992198599752677879e-01
-2.724041961007134249e-01
1.000057398593598157e-01
9.997434299354066023e-02
9.999320359229811883e-01
2.499205589522155574e-02
3.986442185372088276e-01
9.993782656059024827e-02
-2.996954006310526553e-01
1.935744854344294552e-01
-3.560540690488986360e-01
-5.999054885414240035e-01
9.999553550883051312e-01
3.989227041764655812e-01
2.056382633973568574e-01
9.996425119148774630e-02
1.000080137871902641e+00
-1.000156128224555685e+00
3.994160450409033891e-01
9.999463018131796721e-01
3.889242931608198339e-01
1.001824144520812865e-01
4.145901500373229132e-01
-5.999468699320839038e-01
4.069601198743012516e-01
-2.399756121257450858e-01
3.931927298839298368e-01
9.999879311543942162e-01
1.000047370803440527e+00
9.995345089200687039e-02
1.960300640193954613e-01
3.920262622608906011e-01
-7.888282012181633274e-01
9.976167314018639931e-02
1.000086586944540779e+00
1.000114022845566275e+00
-9.999565095774959333e-01
-6.000405520565629258e-01
3.605126589793288261e-01
1.565111226781085510e-02
4.061654127557661198e-01
9.988137859336410074e-02
4.094952354724525900e-01
-7.558522684508197330e-03
-2.870887789616770602e-01
-5.999810968392247368e-01
2.045176947666477729e-01
1.000143521359534216e+00
-9.998216751123782942e-01
-7.894056383227241458e-01
9.999615989885000111e-01
4.126710294990254546e-01
-5.998880736262938163e-01
1.001348346331668582e-01
4.206009221672094012e-03
-2.589966836196386790e-01
-7.986433392568670353e-01
2.052076915543624425e-01
9.998977318226634492e-02
9.999980014435740916e-01
1.806222143939392732e-01
2.031034701047876312e-01
-2.731973816321861537e-01
-1.000113262855802709e+00
1.600212318787717566e-02
3.994901203890491304e-01
-7.880886814206180535e-01
2.014505433725320427e-01
9.999473557022817705e-01
-7.903582553455912318e-01
-6.000166797403859720e-01
-1.000082222111494001e+00
-4.184743043005728635e-02
-3.101158466648342160e-01
-5.999395811294497838e-01
-3.641565160664227835e-02
1.942457091892347276e-01
-1.000039401786150695e+00
9.998792547849760792e-01
-7.854625453985113470e-01
4.161393135520450870e-01
-2.311408327785683114e-01
9.998955893705996356e-01
-1.000009466264346614e+00
-6.962429306985764080e-03
1.945857913972899311e-01
9.990011339165981441e-02
-8.093729590959053422e-01
-3.330325368396563901e-01
1.023113798602449075e-02
-2.931583466936018012e-01
2.008612111042513693e-01
-1.167264221834509730e-01
-6.001786007442106996e-01
-5.999941457637565367e-01
4.038991225278803499e-01
9.998573890187540947e-01
9.992574940127749161e-02
-3.250615229930537420e-01
2.156385414876280937e-01
1.000237463516955583e-01
9.992179548788349130e-02
-8.046471184359778039e-01
-6.000187861243684306e-01
-5.999896131830727564e-01
1.000138239840455912e+00
-5.999084235877423232e-01
-5.999414521537540512e-01
1.000229550689359925e+00
2.085946131360584543e-01
-7.986965694285681483e-01
3.969348786473914648e-01
3.462033123722686040e-02
2.113963793609416608e-01
-7.874372235446667201e-01
-9.999409430242605090e-01
-7.969243717880259981e-01
-9.999842576256964266e-01
9.998132945727031817e-01
9.998113275813026446e-01
-7.949730409256642316e-01
-3.192268295937593647e-01
4.607132065183144366e-03
-7.981531516327012854e-01
1.000139460029481731e+00
-6.000100118488151946e-01
1.001337653044157699e-01
-9.999884603720786691e-01
3.926759879594933778e-01
2.205170615023599179e-01
1.000022356063215989e+00
-5.999022874179331666e-01
-5.999044330225214994e-01
-2.997620305054772283e-01
1.000169260279640371e+00
9.994604549250397929e-02
1.000054324078510914e+00
1.000103982084246113e+00
-9.999663957708259110e-01
4.009542903622465015e-01
9.994140422341891983e-02
3.741678255485770821e-01
9.999016033445612406e-02
-1.522456178941161177e-02
-1.642025484596704513e-02
1.990647476444401820e-01
4.041669153050324037e-01
-8.045064362894255305e-01
-5.999281143345829292e-01
3.922876159540640839e-01
9.999423447909655538e-01
-6.664811098518495791e-02
-8.052147741022500638e-01
3.879899352051411898e-01
-5.005519032601462442e-02
2.021510235068617045e-01
-9.997738476022861587e-01
-3.320814183627572302e-01
4.080638140648105705e-01
2.007748794664079850e-01
-1.451787505226347433e-02
1.000107665373744181e+00
9.998963126212782049e-01
1.000016859257404134e+00
1.001244692367793260e-01
2.131495230395576493e-02
-9.999071880487934161e-01
-2.807663692520299681e-01
-3.269436548794842912e-01
1.000098283086950479e+00
-8.163425041740189902e-01
-8.037306833607431589e-01
-6.000422315709674770e-01
-3.433350653443238421e-01
-9.999284318505560210e-01
1.974046002537596656e-01
1.000274176223404227e-01
-6.001057435601692136e-01
6.673530067931349175e-02
9.998314386574297385e-01
2.013413686369472655e-01
2.149931670011179796e-01
2.300018632172788277e-02
-3.009675742015469613e-01
-3.354336183587397491e-01
-2.733996110551363823e-01
3.959833343451656384e-01
-2.690586522904977462e-01
1.000002361721629152e+00
1.000176454345949706e+00
-2.256433044496294893e-02
1.993541577314062729e-01
1.809008367950381835e-01
-2.163596618229320437e-02
-2.532065391557282719e-01
-5.999480440128704961e-01
-1.000080239252999048e+00
1.962078143511336026e-01
7.245895639914841369e-02
