-6.000367757557890647e-01
-6.000789537844578581e-01
1.000165372808404785e+00
9.502621090232690748e-02
-9.999176715572134500e-01
-8.008239706339315145e-01
-5.998614203678691581e-01
-2.956144261713477758e-02
-7.941107699553974220e-01
-3.280543403363868626e-01
1.000242144571866637e-01
-9.998242931616090345e-01
1.887724013775952947e-01
1.213544026320861891e-02
2.151038106351341739e-01
3.983518503179815928e-01
1.363018296636552863e-02
-9.999841743559343410e-01
2.028197374959392618e-01
2.748276915364554832e-02
4.142270014274779810e-01
4.034238404182353688e-01
-3.395366153993245595e-01
-7.926482454238290565e-01
-9.999911247669039938e-01
3.888146516291863808e-01
-3.066667422764197126e-01
-6.000232338777541363e-01
-2.937125627893767965e-01
9.984045951524915530e-02
-1.000147741768963039e+00
-7.925964904653979293e-01
-7.876666898964850283e-01
-9.999343354713382537e-01
9.241408704139821018e-02
1.000120587926862203e+00
-9.999899685502833258e-01
1.000018875778228677e+00
4.109623424961851845e-01
-5.999237452328941567e-01
1.000135979033894174e+00
-7.866023605647304295e-01
-2.579443198464726472e-01
9.994524958054992747e-02
-2.984666133236895114e-01
3.934435966049288913e-01
9.989633438446383906e-02
9.987245335442089533e-02
1.000215020584622055e-01
1.836573995897595180e-01
-1.000115127424478167e+00
-7.941337245366802966e-01
3.927546791148884275e-01
4.090636312628719851e-01
-3.218594986400780122e-01
-1.000151611378993222e+00
-7.974131845843371869e-01
3.933368982181485451e-01
4.151670101633971044e-02
-9.999170170708201466e-01
-1.253468691519089157e-02
3.904329939813825368e-01
-1.000111764178124751e+00
-3.371680047982555384e-01
-1.000060511534824004e+00
1.001698007581278277e-01
-9.998387754367805691e-01
1.034119308168556135e-02
-7.954092448832784656e-01
4.098616467323044632e-01
-5.999303064443383127e-01
-4.245290919900253646e-01
1.000423224165401803e-01
-8.050232615306376904e-02
2.087824483346518711e-01
1.001110325610283375e-01
2.002368409292210327e-01
1.000126595221733972e+00
-3.431390256192502763e-02
-8.103771703416176031e-01
3.889192145209589002e-01
4.146405583736058054e-01
1.924689691244314826e-01
2.080267201268613531e-01
9.998538952114067735e-01
3.948572468290759696e-01
-1.000103019093071310e+00
-6.000604722519364831e-01
-9.999590875076715957e-01
3.036388675919182364e-02
-9.998584580284081147e-01
9.986270504519044466e-02
1.000722439061969837e-01
-5.999987957602176403e-01
-5.408223818928717397e-02
-8.136445552695314998e-01
-8.195314401577832308e-01
-3.193198252253448555e-01
4.172207155248226496e-01
-1.945720794458878355e-01
4.029297519147819195e-01
-8.059157447569520460e-01
-2.315535670489480280e-01
1.000316164301001953e-01
1.001739340160794217e-01
1.000003745423784451e+00
5.222003639765354643e-02
4.073641774564633056e-01
1.000420267641296684e-01
-2.865054243829358582e-01
2.042162178533551697e-01
-2.706411798901318111e-01
-6.001004806126096769e-01
1.000125397334805655e+00
3.962536824496267762e-01
1.731817270462316372e-01
1.000652512156918750e-01
1.000154081443401122e+00
-1.000104876129339626e+00
3.887678978288292009e-01
9.998541647380525532e-01
3.951153792511033491e-01
9.994346176739429821e-02
4.100187969553069633e-01
-6.000999868507760349e-01
4.022816488104570820e-01
-2.855805943366906408e-01
3.957518103290577072e-01
1.000125133955626966e+00
9.998482403632745763e-01
1.000463527940346764e-01
2.000706261684860598e-01
4.021014061207803247e-01
-7.830434790932812028e-01
1.001617133703199825e-01
9.999825588839819090e-01
1.000111685568996434e+00
-1.000093172190309909e+00
-5.999491568448992451e-01
4.078470180029435399e-01
7.748469821270445590e-02
4.166160525266069392e-01
1.000137354122880434e-01
3.954487532465497113e-01
6.413607907146262610e-03
-2.744425276709041017e-01
-5.999807149831570818e-01
1.898536817001617028e-01
1.000224239528259673e+00
-9.999653434073714209e-01
-8.204699802777274398e-01
1.000108615943555934e+00
4.025120241676685695e-01
-5.999405902229937304e-01
9.997798161070185763e-02
3.695587598981810856e-02
-2.827712096926079943e-01
-8.033803831546448837e-01
2.145912863560033579e-01
9.998767317889124817e-02
1.000093971011093874e+00
2.067034798336470913e-01
1.977595985111014198e-01
-3.201960103732915952e-01
-9.999666302390853856e-01
3.116503362036672845e-02
4.021193979880964275e-01
-8.038088543473422831e-01
2.082676400973016151e-01
1.000107516070249503e+00
-7.757200830418564674e-01
-5.999745460896924731e-01
-9.999623740053154020e-01
3.822580727145500484e-02
-2.936367380240823555e-01
-6.000596241012580156e-01
-4.076923093510267243e-02
1.939243878130145482e-01
-9.999376784412712382e-01
1.000085194980701253e+00
-8.073159821470855535e-01
3.909362092544065304e-01
-3.720528674219308329e-01
9.999395594230886530e-01
-1.000043602744662641e+00
-6.362045146813365137e-02
1.855830449907039936e-01
1.000149522261014889e-01
-7.862239995019389971e-01
-3.643206503874271696e-01
8.710699832987084390e-02
-3.331656770870122797e-01
1.904113163962399269e-01
7.566307024241203383e-02
-6.000955974405246529e-01
-5.999132747238893337e-01
3.950102276242475896e-01
1.000086191198012342e+00
1.000052461064055154e-01
-2.790985880042121670e-01
2.187258292457761044e-01
1.001197892244206356e-01
1.001303449553718611e-01
-7.894137213685183951e-01
-6.000063190747516595e-01
-5.999313014093343721e-01
9.998324959604167894e-01
-6.000680006874598016e-01
-6.000675967639942376e-01
9.999519136380355944e-01
1.890461466239785060e-01
-7.945855509000291361e-01
4.169203415712547378e-01
2.358919214955756266e-02
2.050057827932680599e-01
-8.110785578348681524e-01
-9.999872311423765314e-01
-7.890906621273511279e-01
-9.999031402998894702e-01
1.000190565241333207e+00
1.000094729745361954e+00
-7.797687482158651706e-01
-3.437056072173653165e-01
6.881687058744262453e-02
-7.992559706686035437e-01
1.000036993638505844e+00
-5.998685258517992835e-01
1.000214803904311833e-01
-1.000106701807834231e+00
3.942694170518324936e-01
2.130424462779040573e-01
1.000097660820157941e+00
-6.001151185956851153e-01
-5.998902272125207213e-01
-2.974090219776859279e-01
9.999420774544902635e-01
9.991964443679209051e-02
9.999791305956891030e-01
9.999567676060086008e-01
-1.000123762994257648e+00
4.055348591806665071e-01
1.000616132777602807e-01
3.970098776682293162e-01
9.997760946683047212e-02
-3.953628296777498413e-02
3.377849781561956949e-02
2.053820014479916800e-01
3.885487231984486867e-01
-7.906951736098972727e-01
-5.998809237504283409e-01
4.077286741485127153e-01
1.000149113500357956e+00
9.158659637901291062e-02
-8.020796401701645317e-01
4.071515151172420133e-01
-7.859750015379746158e-02
2.008653151568945139e-01
-9.999962231339561969e-01
-3.090941585458821805e-01
3.895971704405996050e-01
2.108831021171649611e-01
2.717712679197846828e-02
9.999408815797621308e-01
9.999618489207061645e-01
1.000109506078175947e+00
9.985637607447182817e-02
8.048461799039310915e-02
-1.000009996920680155e+00
-3.147220247608985000e-01
-2.138434238584054348e-01
9.999820477274607988e-01
-8.018900543756124488e-01
-7.891493581909722055e-01
-5.999189036798152630e-01
-3.515530716898690455e-01
-9.999768440415609527e-01
1.923635991836745718e-01
1.001786573216039422e-01
-5.998910988257490917e-01
-6.436435124549329256e-02
1.000078698065990812e+00
2.016380294078334856e-01
2.020578428548754912e-01
-3.851282579402287576e-02
-2.756001851618306575e-01
-3.308889858395963612e-01
-2.729061166393408344e-01
4.085677924541931683e-01
-2.570804245653932063e-01
1.000217361225196555e+00
9.998960470391632382e-01
2.826053050217382234e-02
2.032140293286984201e-01
2.003051677126993502e-01
-6.612506290811590026e-02
-3.195867796105916203e-01
-5.998632860779640197e-01
-1.000180832815843246e+00
1.946451596679317775e-01
4.111370344260019405e-02
