-5.999825504871865167e-01
-5.999614109626399960e-01
1.000003673508220059e+00
2.856412044551105700e-02
-1.000160981718232200e+00
-7.895537321381749241e-01
-6.000455526774169934e-01
-3.178750399893193884e-02
-7.911718435247799830e-01
-3.058178973242071663e-01
1.000591392796903178e-01
-9.999118192869115296e-01
1.941115618477223248e-01
-1.604891909523400648e-02
1.927589434434038296e-01
3.937523115644940286e-01
2.471211083462838704e-03
-9.999006493938049633e-01
1.977300929136450447e-01
6.210662354071745661e-02
4.120349888748798262e-01
3.966343902698092894e-01
-2.693116540052836738e-01
-8.045699930530337829e-01
-9.999177068870258589e-01
4.109381872147707671e-01
-3.994274709616021379e-01
-5.999534824275505329e-01
-2.984236802219891738e-01
9.986871075534818620e-02
-1.000003617692496238e+00
-8.044698095368049140e-01
-8.036840751542126959e-01
-1.000089674324391664e+00
2.034706610792725787e-02
1.000071310952238335e+00
-1.000054943148444675e+00
9.997941834768161451e-01
3.993420098662086026e-01
-5.999450382949752525e-01
9.999864661187790604e-01
-8.038118365268827059e-01
-1.731888216638559075e-01
9.994823434473702750e-02
-2.664065480749711612e-01
4.005655926814308265e-01
1.001050259020105776e-01
9.993200409773655979e-02
1.001262954102743602e-01
1.968755788904115178e-01
-1.000080958330190839e+00
-8.126521758248036464e-01
3.918359417894380359e-01
3.977745366400762816e-01
-3.336293768205140231e-01
-1.000009170787906410e+00
-8.005283168620918044e-01
3.988452120368476406e-01
-2.725567526366015625e-02
-9.999029562561418949e-01
1.265641139135053380e-03
4.096721357161356991e-01
-1.000044737935079642e+00
-3.906527261170902321e-01
-9.999348967844288172e-01
1.000657694817563836e-01
-1.000000136785240468e+00
-1.470523292965493847e-02
-7.977415881036489242e-01
4.138112955533948534e-01
-5.999522374855841278e-01
-3.183767910462084183e-01
9.996035543681995594e-02
-3.942546419858800055e-02
1.942540498594617360e-01
9.987558744437695368e-02
1.940908787377894906e-01
9.999251603217828022e-01
1.064728059244946234e-01
-8.056327356940468087e-01
4.084447385657964391e-01
4.045218210425668981e-01
2.067948235166986171e-01
2.205389084364242358e-01
1.000206616811134985e+00
3.995717075882349034e-01
-9.999752767922768237e-01
-5.998785649741953385e-01
-1.000009668040172439e+00
4.350705009894067186e-03
-9.999102916369654315e-01
1.002203945846318056e-01
9.989755536868775987e-02
-6.000686765872972339e-01
-4.027031396637636290e-02
-7.988774960681038761e-01
-8.086056464291199175e-01
-1.645163911162372816e-01
4.039689285226278348e-01
-3.728603326575761212e-01
4.063719487803201802e-01
-8.019981806896925303e-01
-2.517241132700306361e-01
1.000037564153661018e-01
9.996796582494242578e-02
1.000080980012002296e+00
-3.596763771992824571e-02
4.127851161355545195e-01
9.983864998298656868e-02
-3.289258225679904668e-01
1.794398926766099245e-01
-3.299956063937146133e-01
-6.000389076088034068e-01
9.998575452944189479e-01
3.992721949220336963e-01
2.041368831107729653e-01
1.000647569534369036e-01
9.998254529359748011e-01
-9.999998295604328735e-01
4.008051879095919645e-01
9.999356919623280104e-01
3.955648290455079374e-01
9.995689798448521846e-02
4.027909606892128846e-01
-6.000738323815443254e-01
3.796786512214643250e-01
-2.685913571273034206e-01
4.149989005996526092e-01
1.000080467650399152e+00
9.999653557822916206e-01
1.000469912955409130e-01
2.207338522136056969e-01
4.003731148195431300e-01
-7.949029009954671210e-01
9.990125198888991087e-02
1.000222031682926671e+00
1.000036915331157239e+00
-9.999500172762239014e-01
-6.002741535218012459e-01
3.996284337453400171e-01
-1.641209115071821456e-04
4.013934332499431989e-01
9.993259706967051736e-02
4.007222721026482692e-01
1.907700131668358182e-02
-3.089841813757331912e-01
-5.998634971123784076e-01
2.149437960059477348e-01
1.000005076902713341e+00
-1.000057616660571025e+00
-8.038380089029889541e-01
1.000039584091140021e+00
3.925484849217641403e-01
-5.998434924087233666e-01
9.975081117709386214e-02
5.678364349500619052e-02
-2.589148454295225887e-01
-7.837882980259704979e-01
1.799394152064200947e-01
9.996467833742812836e-02
9.999638810646693798e-01
2.021079390236508733e-01
2.058412484219627747e-01
-3.148674500596277959e-01
-1.000014427338633105e+00
-2.847056122735807174e-02
4.026877877371798919e-01
-7.938858329458953200e-01
2.154615131576161635e-01
9.999693928163138068e-01
-8.037841233210208935e-01
-5.999236323648616809e-01
-9.999410854777649460e-01
6.193308736380956359e-02
-3.816273240303468262e-01
-5.998724176824694609e-01
4.614098749510715282e-04
2.022638180283935772e-01
-1.000016836132170406e+00
9.999028274625711976e-01
-7.942540963993159897e-01
4.158250798516532898e-01
-2.229918732959835781e-01
1.000066388536495543e+00
-9.998732760822577337e-01
1.616666596653688545e-02
2.058985793236249862e-01
1.000092439571200892e-01
-7.907425173800315399e-01
-2.499494030221856566e-01
-4.771372557287665434e-02
-2.592905485614717676e-01
2.050183077851759905e-01
-4.191150707624635013e-02
-6.001707750322913260e-01
-5.998127077530868156e-01
3.993356060498981508e-01
1.000048528546116255e+00
9.982135457920927879e-02
-2.442745346672616225e-01
1.770760728051043731e-01
9.990044055997490680e-02
1.000552830270670102e-01
-7.943696550724912431e-01
-5.999167888319185682e-01
-5.999237218725002041e-01
1.000100286953187645e+00
-6.000545160548383938e-01
-5.997767085419334343e-01
9.998859652570074585e-01
1.821947641881602464e-01
-8.143296622770571647e-01
4.028001531482653941e-01
-6.132569600018268619e-02
2.041515435381010823e-01
-8.059247774926688868e-01
-9.999730071704669987e-01
-8.002041687790538704e-01
-9.999452272534511410e-01
9.999571639192904593e-01
9.999744637407307346e-01
-8.102295934982467474e-01
-2.341280096377934550e-01
-2.660711063879896490e-02
-7.931581195239115756e-01
9.998889182738343040e-01
-5.998767005578123923e-01
1.001474190842337880e-01
-9.999654415851157996e-01
4.027590234713570028e-01
1.978578401565126432e-01
9.999909500886506875e-01
-6.000706181892829782e-01
-6.001190170647677791e-01
-3.523748383813235519e-01
9.999197572502094289e-01
9.996506978592856196e-02
1.000101475415405394e+00
9.998807872786420470e-01
-1.000056781656446070e+00
3.972757998670645163e-01
1.002424110475165081e-01
4.138970067010193099e-01
1.001090194524960481e-01
3.678752098798233894e-02
-3.430787215546542840e-02
1.950075829458237375e-01
4.080232137831071304e-01
-7.956663819524262271e-01
-6.000172910421694983e-01
3.771697572956942413e-01
9.999654985580807010e-01
-4.599055716460604543e-02
-8.102478678364638531e-01
4.046576288814186517e-01
-4.533638845643775395e-02
2.112528360491966739e-01
-1.000019163458770288e+00
-2.271619217062069984e-01
4.011189157515719916e-01
1.970623953570407594e-01
1.127475749490184920e-01
1.000001527429605908e+00
9.998784339287462020e-01
9.999206032399575728e-01
9.987078385445469220e-02
2.480858176183307895e-02
-1.000028314030634746e+00
-2.378667896842674156e-01
-2.471280421073639155e-01
1.000004673591980087e+00
-7.848935251005391134e-01
-7.921122000782669925e-01
-6.000630139523712714e-01
-3.998858605135948152e-01
-1.000080907431269539e+00
1.968704862794530830e-01
9.991915879889196050e-02
-5.999445593649788133e-01
7.266515426451930493e-02
1.000052584393777977e+00
1.855620876209824743e-01
1.851313370268701519e-01
6.234542572584837045e-02
-3.218572374564970806e-01
-2.856962946575882789e-01
-2.862737827490339781e-01
3.864298419800784590e-01
-2.576111294613668279e-01
1.000109779079067840e+00
1.000073792707310449e+00
-1.159638953906028634e-02
2.114593480932668301e-01
1.886800028799684448e-01
-9.472487801536491614e-02
-3.311645022767700786e-01
-6.001280064055776187e-01
-1.000078326388994521e+00
2.002598384770792328e-01
-5.154048877315239863e-02
