-5.998638780236772439e-01
-5.999406676515374182e-01
9.999450284476703033e-01
2.599379324812385594e-02
-9.998860110563108083e-01
-7.962443884844383479e-01
-5.999479246001498955e-01
6.829238973012817515e-02
-8.094743947804147188e-01
-3.473283308559855231e-01
1.000367258627591072e-01
-9.999178345901150733e-01
1.936074330331968574e-01
-8.187013445153649982e-02
2.118976893246785898e-01
4.057389204379737158e-01
8.134782790194724014e-03
-9.998622217286745606e-01
2.027440235724162487e-01
-2.897129046549531614e-02
4.031050817068919101e-01
3.881349752551696564e-01
-3.629853067016799995e-01
-8.013999829368128047e-01
-9.998518481537502778e-01
4.088559119023177368e-01
-3.106824947544983839e-01
-6.001020092394159233e-01
-3.340533941090350623e-01
9.994546844006238495e-02
-1.000044117977048952e+00
-8.006643832090534207e-01
-7.903235549971606710e-01
-1.000092022506204437e+00
-5.653536970629551711e-02
1.000030561988767941e+00
-1.000014782811216252e+00
1.000108338720321566e+00
4.088238082405666329e-01
-5.999683331880160120e-01
9.997589938552362554e-01
-7.915608844757489049e-01
-2.716486959218861741e-01
1.000646498919221528e-01
-3.877070472926995026e-01
4.068229137418013508e-01
1.000576277933400843e-01
9.987043582038140910e-02
9.993411121969840438e-02
2.073088534256448956e-01
-1.000230924109809960e+00
-8.054024740382391689e-01
3.969466505155287428e-01
3.731129831566930566e-01
-3.618057028560261457e-01
-9.999995954934447484e-01
-7.859247537422423546e-01
4.027979801066590704e-01
-2.955683161966461692e-02
-1.000235183214602808e+00
-1.179858283004594013e-02
3.915305427630307311e-01
-1.000187988111070680e+00
-2.294232777015750568e-01
-9.999382032987232938e-01
9.994597478113600997e-02
-1.000157066307403531e+00
6.093850976614593323e-02
-7.859083480586279702e-01
3.994525766010117995e-01
-6.001382084025932429e-01
-3.229502831618925596e-01
1.001835808026735747e-01
-2.745720332485306406e-02
2.021836776096603838e-01
1.000401316864054230e-01
2.107728175556307093e-01
9.999946969392989882e-01
6.805528426699274103e-02
-8.069224480851548975e-01
3.963376579003582423e-01
3.930780204138712430e-01
1.904441057712052410e-01
2.035333661562682139e-01
1.000030851756360306e+00
4.012615544279072299e-01
-9.999687671200073735e-01
-6.000364504951558597e-01
-1.000007998573402723e+00
6.504968097791808367e-03
-9.998994918638873797e-01
1.001727500993552095e-01
9.993354347811590765e-02
-6.000117914984101075e-01
1.319300045758813322e-01
-8.024379570610573609e-01
-8.008869088542253101e-01
-2.743238308344473908e-01
4.141590720734031894e-01
-3.615106705393256736e-01
4.045515564720608137e-01
-8.005409411176666046e-01
-3.641921016074669559e-01
1.000056377553485976e-01
1.002399630414880921e-01
1.000077267590988139e+00
5.206658614172039734e-02
3.936462908553295392e-01
9.991979584507826306e-02
-3.200839190918035038e-01
1.915467111591651062e-01
-2.667954745903565184e-01
-5.998857654042695220e-01
9.999146776066704101e-01
3.914425436087020094e-01
1.947127201333919422e-01
9.999848889556227360e-02
9.999985007554726968e-01
-9.998118542909054662e-01
3.821065757691101128e-01
1.000034676694713909e+00
4.127151895537191084e-01
1.001562208506801138e-01
3.996651985974949972e-01
-5.998020547560158899e-01
3.971553555931776058e-01
-2.473618633161863423e-01
3.863774004502359416e-01
9.999225247429934793e-01
9.999882424315507112e-01
9.989673786156882951e-02
2.212000428991781897e-01
3.924004329441197481e-01
-7.791015320183879433e-01
9.986580760378671595e-02
9.998133535754766266e-01
9.998588282578592112e-01
-1.000038346908688203e+00
-6.001221451805073270e-01
4.107519136556084804e-01
7.621381797137477543e-02
4.096924018426817415e-01
1.001055870086712402e-01
3.971406079561197733e-01
-2.620216645232723712e-02
-2.697644745522250753e-01
-5.999771315023323393e-01
2.069942507495658723e-01
1.000190034344041523e+00
-1.000010722975408717e+00
-7.939564386593894740e-01
9.999831242098647932e-01
3.978019196961051218e-01
-6.000657816020714685e-01
9.988769793811329289e-02
-6.885190175624977815e-02
-2.980039741929949026e-01
-8.028132180245541871e-01
2.033237448999516139e-01
1.000435816077086537e-01
1.000034333573674550e+00
1.978104607200686094e-01
1.939164271811010531e-01
-2.789693868707285862e-01
-1.000067360451052823e+00
1.212558384736994732e-02
3.973248175656525771e-01
-7.979708387275677994e-01
1.948331660310112234e-01
9.998048035324206273e-01
-8.113277301939076924e-01
-5.998456207161122489e-01
-1.000089958069334317e+00
5.778156006126727862e-02
-3.344017721614290783e-01
-6.000067223369806024e-01
1.016439757170175540e-01
2.079617205636413446e-01
-1.000292819802186761e+00
9.998495464228277507e-01
-7.942964523709611369e-01
3.906172229950435337e-01
-3.304209955093672657e-01
1.000042216242483573e+00
-1.000041180439172894e+00
-5.688500383925344794e-02
1.865712746836000746e-01
1.002107461898082141e-01
-8.219568385800026800e-01
-3.071259309372351143e-01
2.699701435560909052e-02
-2.157949796125645803e-01
2.080616902301257176e-01
7.427458741757474170e-02
-5.999314590506301670e-01
-5.999471488062039226e-01
3.793601349745064910e-01
1.000093958097541647e+00
9.989421636217105105e-02
-3.192522942772590411e-01
1.854865048941362338e-01
1.000028800622569380e-01
1.000529605240049608e-01
-8.062802568307521067e-01
-5.998260019248358166e-01
-5.999805565494606974e-01
1.000043968589930943e+00
-5.999571426239644900e-01
-5.998767781875998795e-01
1.000190288123627314e+00
2.194424422720301082e-01
-8.085768035686602406e-01
4.097368342848063949e-01
-2.610955282992977189e-02
1.965707317040612245e-01
-7.996126261023277504e-01
-1.000106961146897788e+00
-7.950011409997274070e-01
-1.000125417429520658e+00
9.999701764621748978e-01
9.998983381067265697e-01
-7.992928295768357838e-01
-3.252473728949030751e-01
6.849108340343557089e-02
-8.092776925530354992e-01
1.000162368775703747e+00
-6.000486356285030798e-01
9.972393201407842023e-02
-9.998926753901673514e-01
3.836266897977707591e-01
2.143664889721058620e-01
9.999899207635507548e-01
-5.999116437778877486e-01
-6.000251531643450154e-01
-2.618318452690698295e-01
9.998872072155838842e-01
1.000524911358238456e-01
1.000008440862920400e+00
9.999674241881794101e-01
-9.998379428347367037e-01
3.969920394074139547e-01
1.000609726084995404e-01
4.040227420463771701e-01
9.991820504396131675e-02
4.684433498793497130e-02
6.258024663311113900e-02
2.007302169099028921e-01
3.985733045784635165e-01
-8.244256193045835790e-01
-6.001549613713345055e-01
3.949894281946580432e-01
9.999942928144266441e-01
2.909090570300301801e-03
-7.909559258175390406e-01
4.186168716955335212e-01
3.605717467507255081e-02
2.006367579922765099e-01
-1.000031677869924529e+00
-3.327179673129595505e-01
3.920770454358279977e-01
1.940665723818261745e-01
-4.625603477191494312e-02
1.000000613386284654e+00
1.000095395711726898e+00
9.999231766833296398e-01
1.001637259097065691e-01
8.579964001659157180e-02
-9.998963678739883898e-01
-2.123898634643335559e-01
-2.664763581224219302e-01
1.000025234971675392e+00
-8.032775164134876578e-01
-8.072546748020794638e-01
-5.999349082152489743e-01
-2.862878318245997145e-01
-1.000158178599821035e+00
1.896545007970687480e-01
9.999179083679103630e-02
-6.000621822881762046e-01
-1.029642425581050102e-03
1.000090031479262453e+00
2.061198040421300115e-01
2.098955769281936889e-01
5.771645309494175674e-02
-2.851202579073985888e-01
-3.292820489716564714e-01
-3.730528641651933430e-01
4.007385798184450731e-01
-3.645571317663126032e-01
1.000061936809998553e+00
1.000002289989019744e+00
-1.070336014432755542e-02
2.047153173165385254e-01
1.917039694337579481e-01
8.447606509773273806e-03
-2.871564790245603183e-01
-6.000524009707396411e-01
-9.999382752425605148e-01
1.866215142677000172e-01
-1.638488007029238400e-02
