-5.999747645737606438e-01
-5.998880413529049660e-01
9.999200036991022777e-01
-1.450166577935495249e-02
-1.000114309520987232e+00
-8.133733254117270217e-01
-5.998442085023347747e-01
2.578144467500045542e-02
-8.081823969987900202e-01
-3.373575828510840813e-01
9.999507378759363296e-02
-1.000133066127514958e+00
1.885696151435800605e-01
1.054866749633439488e-02
2.128468238268343971e-01
3.942298161683207014e-01
2.291852934665571800e-02
-1.000070552725202511e+00
1.969936828655872163e-01
2.916664091149938354e-02
3.860860426488443298e-01
3.957511973563633267e-01
-3.378137234507446740e-01
-8.180760894414232931e-01
-1.000063149843868793e+00
3.864458881656824829e-01
-2.976580094262129550e-01
-5.999263437478247196e-01
-2.572596316690223262e-01
9.996615600194579121e-02
-1.000039372095245183e+00
-8.084534540914340983e-01
-8.107175131541366486e-01
-1.000047533482625761e+00
5.430444517345472955e-02
9.999158755310599833e-01
-1.000048857206003783e+00
9.999789897301479824e-01
4.109879800927833116e-01
-6.001613635354036136e-01
1.000103492114699177e+00
-7.977891370676594152e-01
-3.391992975293878221e-01
1.000518360430103920e-01
-2.566618973564300799e-01
3.810369412465262617e-01
1.000337626283537978e-01
9.999872362964898342e-02
1.001501623949695857e-01
1.906441836202444062e-01
-1.000105905313929844e+00
-8.003804439255506331e-01
4.012180917727418694e-01
3.946368798759452567e-01
-3.067305237015746644e-01
-1.000004047899991200e+00
-7.783475001055604192e-01
4.036470623758243170e-01
-1.619034376603435341e-02
-9.998962153535538855e-01
6.280608150766163467e-02
4.002380741636578088e-01
-9.998356830022742114e-01
-2.963288469615918963e-01
-9.998756860667388224e-01
1.000005831343906693e-01
-1.000199759809775379e+00
8.001158790441906254e-02
-7.886934870597445135e-01
4.148953658297014901e-01
-6.000465051905181646e-01
-3.750124329238067045e-01
1.001226601280534728e-01
-1.325950580641321484e-03
2.065277337602128283e-01
9.984668308091605715e-02
2.035804705868412556e-01
9.999449530063757585e-01
4.688267810839136240e-02
-8.041740605904941219e-01
4.031967030479561842e-01
4.243907193029649028e-01
2.069124884322559310e-01
1.999110923659800920e-01
9.999605582400437065e-01
3.882095553688850731e-01
-9.998899527642650664e-01
-5.999165574672662427e-01
-9.999436143770574770e-01
-5.627830020122909227e-02
-1.000030288771878606e+00
1.000686450891097590e-01
9.993103361920713246e-02
-6.002078631650793472e-01
5.266786761232722380e-02
-8.030700033985377351e-01
-7.847244017258556692e-01
-2.892334241883960377e-01
4.128774084453000204e-01
-2.141525259563030192e-01
4.047568517683266531e-01
-7.764383745119340929e-01
-2.794986736164160601e-01
9.995623335267604659e-02
1.000618994661039290e-01
9.999534781425313268e-01
-6.694656590313201316e-02
3.881520475687262328e-01
9.985370033413827617e-02
-2.475921402573112440e-01
1.938999644566876679e-01
-2.956200134954071190e-01
-6.001698023077283173e-01
9.998275078847690400e-01
3.945317031692171517e-01
2.213933682527840785e-01
9.991151796491662407e-02
1.000007410716459377e+00
-1.000139014671263427e+00
3.994201417047590907e-01
1.000136061454455882e+00
4.020460788969228982e-01
9.996001774366920778e-02
4.031554160855735369e-01
-5.997325095928871530e-01
4.002918048367382076e-01
-3.029110240456590608e-01
3.838394174568494632e-01
9.999920977601531868e-01
1.000181934218570712e+00
9.983360434551162566e-02
1.802253015739732067e-01
4.044484211298119414e-01
-8.036379903074211128e-01
1.002301209669278631e-01
9.999356649903292649e-01
1.000339960770347814e+00
-1.000080946460685016e+00
-6.001320018028851733e-01
3.927347686265760252e-01
-3.466646836632443496e-02
4.139406470563583018e-01
9.995178378057587021e-02
4.104094658467080103e-01
8.376288940265615157e-02
-3.675952120384243793e-01
-6.000043526578606734e-01
2.022888758096688944e-01
9.997851625961311495e-01
-9.999261132160172094e-01
-7.936129406126002372e-01
9.999808504396853204e-01
3.764959458409289916e-01
-5.999855117350008094e-01
9.997339749416597754e-02
1.473258687996968630e-01
-2.755929937050183298e-01
-8.114149723665384784e-01
1.886884726475253349e-01
9.983522479408576955e-02
9.999540496060398409e-01
2.058635046955869796e-01
1.914749917876200913e-01
-4.313059631827802498e-01
-1.000038490406228942e+00
3.986644417284739700e-02
4.005948949649512647e-01
-7.917861181134532300e-01
2.175514194960431191e-01
1.000100242993203326e+00
-8.006314468852986366e-01
-5.999673180389917260e-01
-1.000006150457658949e+00
-9.754798596696021007e-03
-3.417535259807945036e-01
-5.999789005643771933e-01
-4.303506581408720992e-03
1.991744567060152460e-01
-1.000089123679720471e+00
9.998520421181084084e-01
-7.853635726007551776e-01
3.885312864985018821e-01
-3.143704372591893392e-01
1.000092974067013918e+00
-1.000001662636182731e+00
-4.041123534015122337e-02
2.001824807155070940e-01
1.001407846096123294e-01
-7.848409055507810095e-01
-3.830612694802385532e-01
4.783234875328702673e-02
-2.458207327695242361e-01
1.937475248986134102e-01
-8.397060134263079068e-02
-5.999359781235407141e-01
-5.999115976506188552e-01
4.099745922769013617e-01
1.000128736843354016e+00
1.000418477074215967e-01
-2.645329389002615827e-01
1.872435871182211997e-01
1.000563562050652139e-01
9.987042370146331782e-02
-8.059670904420160875e-01
-5.999605191438228680e-01
-6.001164362642835703e-01
9.999452333162667239e-01
-5.997990981205064687e-01
-6.001738934340375975e-01
1.000045591321271576e+00
1.917946730188192783e-01
-7.867537376731791321e-01
4.090054684472813618e-01
-6.093368589515828909e-02
2.074367854788481402e-01
-7.902318522800744205e-01
-1.000088177890817054e+00
-7.993780320013564866e-01
-1.000112845790125382e+00
1.000002715623812044e+00
9.999737632037101198e-01
-8.145596182409809982e-01
-2.878422505083112481e-01
-7.481311699255525915e-02
-8.182108035101622878e-01
1.000063594906343445e+00
-6.001892674360816970e-01
1.000954773680219206e-01
-1.000007414750545554e+00
3.914173049574605212e-01
2.120458255320205876e-01
1.000023023028720148e+00
-5.997895696873859483e-01
-5.997657204135418141e-01
-2.436382577984077813e-01
9.999807210075319919e-01
1.000154758621767670e-01
1.000100396953363280e+00
1.000025507526641100e+00
-1.000078746273645791e+00
4.051702507181242363e-01
9.996470550735256366e-02
3.805623837954542066e-01
9.974875874903094131e-02
-3.705475469958640494e-02
-8.050312260025744432e-03
2.071272921311378967e-01
4.041919798463787239e-01
-7.895164023462809544e-01
-5.998573292464963735e-01
4.066322514388407416e-01
1.000200275498476676e+00
-3.546278570766862176e-02
-7.958418202666078800e-01
3.993650266125508552e-01
-3.226765488378462166e-03
1.983994285408772207e-01
-9.999198822884439730e-01
-2.032552716326693210e-01
4.025375702506253095e-01
2.020816508715259918e-01
1.801498880930460164e-02
1.000114555231794267e+00
9.999042469066260486e-01
9.997922451460418136e-01
9.983608353386252965e-02
-1.917363328766319430e-02
-1.000026705401364513e+00
-2.551516066410258743e-01
-3.256405116392998011e-01
9.998063655798464788e-01
-7.967201954235697547e-01
-7.941705487918599982e-01
-5.998284252150708484e-01
-2.581923008946252485e-01
-1.000051664003086316e+00
1.905506598979445076e-01
1.000251010022335102e-01
-5.998254118492248876e-01
6.544003048401191014e-02
9.998571863804197601e-01
1.936640308384938725e-01
2.171548774446446506e-01
-1.685764689299837707e-02
-2.922081278807862059e-01
-2.962735333224729151e-01
-2.948341529823417795e-01
3.915942697153116381e-01
-3.826819210834742080e-01
1.000105562945467597e+00
1.000089818206554293e+00
-1.113553376801963424e-01
2.015084730304014526e-01
2.134982259353811196e-01
-1.139443806085429015e-02
-2.604432777810120059e-01
-6.000157300073232225e-01
-9.999860607796144940e-01
2.049727110998849078e-01
-7.481820146829833151e-03
