-5.998512679231436939e-01
-6.000043999094113456e-01
1.000105994164696366e+00
-1.589612806616295601e-02
-1.000102983019421909e+00
-7.917566442293999529e-01
-5.999323415178119401e-01
-7.820281945837659343e-02
-7.903194091925374032e-01
-3.275219824859482709e-01
9.984457698675622273e-02
-9.999854007490583951e-01
2.077732370155349617e-01
2.415500255730100576e-02
1.935806220575635450e-01
4.078188342661661636e-01
9.034779409322821198e-02
-9.998722033114122443e-01
2.075850113646176831e-01
-1.024290460176702777e-01
3.965683212011110736e-01
4.114188506274043533e-01
-3.297439776764998220e-01
-8.164197882858285071e-01
-9.999764953086200947e-01
3.998440295008633960e-01
-3.663054677004326520e-01
-5.999826997797976791e-01
-2.710697247345760230e-01
9.994947408128920796e-02
-9.999209020387808122e-01
-7.948803185237173219e-01
-8.046802781699634588e-01
-9.999380347570897554e-01
2.495720272808086334e-03
1.000037019307497665e+00
-9.999982555075100921e-01
1.000012953066969690e+00
4.080494644640577651e-01
-5.999734281545991976e-01
9.999790820805624092e-01
-7.926401243654478401e-01
-2.473185586543753534e-01
1.000546349692824633e-01
-1.423746130365624307e-01
3.943974154021547829e-01
1.000665390658564829e-01
9.999120437615661994e-02
1.001591142736208279e-01
2.081290016157345546e-01
-1.000065994169278438e+00
-8.040934559017809402e-01
4.053463878809289156e-01
3.922328001087339588e-01
-3.602462940365508404e-01
-1.000078316051888683e+00
-8.052406642531372283e-01
3.930896013148272305e-01
-7.292320037420037260e-02
-9.998745087666214282e-01
2.705283299961097274e-02
4.184651539470927162e-01
-9.999975019594562475e-01
-2.813589938627114040e-01
-1.000060213977973289e+00
1.000511833636594239e-01
-1.000121722822026271e+00
5.244831376284544988e-02
-7.843181450898419893e-01
4.046050226139039085e-01
-5.998946473666046941e-01
-3.159057024621526044e-01
1.000602589792926878e-01
-1.094237602178793484e-01
1.954106794421032745e-01
1.000769128152874249e-01
1.849997624939261620e-01
9.998993156662255855e-01
7.264161030857889390e-02
-7.977249363476998090e-01
3.965861987435909675e-01
3.957764478930526630e-01
1.992894996116733874e-01
2.035198971737335327e-01
1.000056830866203006e+00
3.694053792431836181e-01
-9.999924269840280155e-01
-6.000208210556279287e-01
-1.000065922817182429e+00
4.644278612476240853e-02
-1.000065027732874645e+00
9.996699277086575075e-02
1.001331917783172126e-01
-5.997833869005252394e-01
-2.647010818071682953e-02
-8.067435542106595747e-01
-7.964154794252731318e-01
-3.958930484101053082e-01
4.031585216460275012e-01
-2.662871321955170290e-01
3.972408129162203205e-01
-8.045264042135883420e-01
-2.640615896494150627e-01
1.000974656642778099e-01
1.001346254268430241e-01
9.999062059345280584e-01
-8.464101568067269876e-02
3.911257324281873782e-01
1.001302651058992299e-01
-2.767030158680514607e-01
2.113210024945063881e-01
-3.055268023898828345e-01
-6.000517072355158188e-01
1.000019441632766792e+00
4.220352813476477838e-01
1.909935493711263921e-01
1.000719646845075333e-01
9.999711000322040189e-01
-9.999743786106034538e-01
3.919205077426148320e-01
1.000058840969796581e+00
3.989532787550019721e-01
1.001370316660804144e-01
4.067446980604521589e-01
-5.998575513588955133e-01
3.892726226131381639e-01
-3.844760017542496744e-01
4.102713755337564216e-01
1.000089258245117962e+00
1.000078177998911411e+00
9.991338218205085553e-02
2.017621731009225650e-01
4.060132321888631490e-01
-8.120044382654513226e-01
1.001154227783040002e-01
1.000015801544822835e+00
9.999698856936316549e-01
-9.999921119470646103e-01
-6.001280973752626258e-01
3.954032974853608495e-01
-1.338281240659568508e-02
3.947055405943419304e-01
1.000339910595746534e-01
4.043240801878218993e-01
-4.031938755145539344e-02
-3.041720905830415100e-01
-6.001162956562561268e-01
1.997288561696102249e-01
9.999901073841069854e-01
-9.999986715260935632e-01
-8.095629527353441768e-01
9.999359921572953391e-01
3.920231597220609765e-01
-6.000423355187055607e-01
9.984126778285798420e-02
3.942389184631302224e-02
-2.920002779999458231e-01
-7.840218393136422215e-01
2.082482182257570369e-01
1.001825972844707369e-01
9.998950198353868668e-01
1.957766004318995112e-01
2.041986738362039921e-01
-2.942005450589992854e-01
-1.000132676933661813e+00
-1.981514510630594250e-02
4.016378747408230199e-01
-8.068516415356656868e-01
1.966409298936277750e-01
1.000042883850324804e+00
-7.802044575979663055e-01
-6.001175569245154051e-01
-9.999793442120767928e-01
-1.654423736534736955e-01
-2.732428200164853105e-01
-5.999834997263636671e-01
5.030107180685214341e-02
1.922586035493567547e-01
-9.999552970843668120e-01
1.000009655829390498e+00
-7.892991396651113378e-01
4.017488918558679845e-01
-2.311677970592029840e-01
1.000195936308475586e+00
-1.000273279193023557e+00
1.501942486833140501e-02
1.944975870098014092e-01
1.000666572752453715e-01
-7.930873030538951873e-01
-3.319508954667387823e-01
-2.291566639738092798e-02
-2.784218954297869031e-01
2.080676670548989582e-01
-3.695305011758575481e-02
-6.001333421203490781e-01
-6.000688226901812472e-01
3.769488469941625897e-01
9.999121860985549226e-01
9.996663695122211257e-02
-2.390906726281238071e-01
1.887909614800805103e-01
1.000550554031650885e-01
1.001833105424462939e-01
-7.877495456098272397e-01
-5.999372370977658075e-01
-5.999886471950964806e-01
9.998728313107823062e-01
-5.999039265756437311e-01
-6.000928618620627875e-01
1.000041397529991771e+00
2.033584587610556271e-01
-8.139772810201258979e-01
3.992149875084526345e-01
-8.937782186473635163e-03
1.865049482624246135e-01
-8.023784127555013690e-01
-9.999421313182802473e-01
-7.968343630680524425e-01
-9.999313574904333812e-01
1.000022273605371659e+00
1.000065612066538767e+00
-7.932006779612905678e-01
-2.752743176161785987e-01
-8.193929940565432279e-02
-8.043315178797966203e-01
9.998418700734174047e-01
-5.999817994877504335e-01
9.996701423059134450e-02
-1.000145196014873061e+00
4.004047611240946214e-01
2.042856716733036648e-01
9.999002723077697885e-01
-6.001772003153990065e-01
-5.998443595926804539e-01
-3.490262011135831788e-01
9.999875065285303011e-01
9.986175166432977035e-02
1.000216936011525615e+00
1.000094050940358636e+00
-9.999201877283029338e-01
3.943739483821881997e-01
1.000434009759073456e-01
4.033660054017195185e-01
1.000962589563918620e-01
-7.666738223481418812e-02
1.069550365817963089e-01
2.110602271365203397e-01
3.929633261060360705e-01
-7.996418177197965882e-01
-6.001848926328826606e-01
3.956394738758750029e-01
9.999739374035224726e-01
7.114335658309758892e-02
-8.032711054854603239e-01
3.988281236073511482e-01
1.182985579527070091e-01
2.051866895479128594e-01
-1.000023093223904480e+00
-3.541358770352917018e-01
4.204763423472384631e-01
2.030031861719993613e-01
-4.948894821483883211e-03
1.000017271478531145e+00
9.998659615269174239e-01
1.000010446284257837e+00
9.991143176373280810e-02
-1.558450602788351291e-02
-1.000007571805188400e+00
-3.781410521936658387e-01
-3.012553392771009086e-01
1.000026546094178626e+00
-7.938787930227818590e-01
-7.972672617236339354e-01
-5.998530545811612269e-01
-3.379895843398433297e-01
-9.999680866474581764e-01
1.867335141735897153e-01
1.000344899969814044e-01
-6.000093567902244907e-01
2.450824575339910841e-02
9.998952264427498626e-01
1.892505953665354068e-01
1.950706962733831373e-01
-3.448662619568302473e-02
-3.519687298091505601e-01
-2.699692332337374490e-01
-2.826663141115016153e-01
4.026968788412264577e-01
-2.906501187847588819e-01
9.998499129742969282e-01
1.000020305656175834e+00
-2.745824971414686719e-02
1.982470013299006961e-01
2.110855033415587334e-01
-3.496599208087692451e-02
-3.577080572114613166e-01
-6.001470224013415455e-01
-9.999153442094513844e-01
2.165554805835021301e-01
-6.621203022363457424e-02
