-6.000392749711120910e-01
-5.999891394717093984e-01
9.998867929544807964e-01
-6.446098668697657075e-02
-1.000166710944738968e+00
-8.000071994299450262e-01
-5.999451391784519361e-01
7.142704183520386108e-02
-7.881119237156647417e-01
-2.000660737801825406e-01
1.001630671959564262e-01
-9.998610189848995411e-01
2.077953639336950764e-01
3.128139993569072769e-02
1.889584738291251176e-01
4.074719716646167944e-01
7.940120509752171540e-02
-1.000004287236553990e+00
1.865181787557717019e-01
-3.099411167600770942e-02
3.933217117859346690e-01
3.941163548426747099e-01
-3.022576858589706150e-01
-7.995070596609549218e-01
-1.000032132953658115e+00
3.987941454645847483e-01
-3.925459933111145050e-01
-5.999771807422373815e-01
-2.928302190701301266e-01
9.978060766282029204e-02
-9.999166526114847686e-01
-8.062343495991189934e-01
-7.965459792567337605e-01
-1.000093179040698166e+00
-7.709744557562003830e-02
9.997895356430028801e-01
-1.000078019845644706e+00
9.998228308568788414e-01
4.051516396332890957e-01
-5.999821688970294886e-01
1.000233007480498371e+00
-7.794397065176347228e-01
-2.655023832330008493e-01
1.001423511570071895e-01
-2.366269816114056901e-01
4.110613706156983627e-01
9.995820916741521289e-02
1.002032647996335540e-01
1.000446022615646136e-01
1.973804925992594383e-01
-9.999364747280320431e-01
-7.981923558075783021e-01
3.943054582646374762e-01
3.990968291025298598e-01
-3.243130548303417293e-01
-9.999458510418982593e-01
-8.057056200551890868e-01
4.026518034604757990e-01
3.571011004752697171e-02
-9.999730122962832146e-01
7.927817952037380378e-02
3.905965953114413081e-01
-9.999729620785889894e-01
-2.674816348799068377e-01
-1.000079937795686380e+00
9.999096633837585568e-02
-9.999799627715495465e-01
-1.262082308109452045e-01
-7.978277538708239414e-01
4.103470402669243677e-01
-6.001200161336245342e-01
-3.063233247569486228e-01
1.000594773915589875e-01
-3.517586956336391651e-02
2.050809132635213750e-01
1.000527396969550648e-01
1.916244467727624412e-01
1.000022072915888405e+00
4.651774526185925573e-02
-7.943633002924096465e-01
4.025870646290982680e-01
3.857850754076683764e-01
1.928167408988878950e-01
1.988910826520962072e-01
9.999085342525004805e-01
4.027482604960886392e-01
-1.000112269231613338e+00
-5.999975193508713112e-01
-1.000203267585676681e+00
1.260341482347596825e-02
-9.999864319693957393e-01
1.000363054608273544e-01
9.995092659989450457e-02
-5.998434779961405727e-01
-1.010832488797867301e-01
-7.997835874562604364e-01
-8.127961293936194487e-01
-3.095685025012575031e-01
4.068279605762059603e-01
-2.760306202585326996e-01
3.824694980137048339e-01
-7.947601408968415493e-01
-2.903006191686947068e-01
1.000230309386282435e-01
1.000438493626177455e-01
1.000082003947255327e+00
2.707835007638621089e-02
4.057950879655992660e-01
9.999042398169293022e-02
-3.955223361282922401e-01
2.208410668306848013e-01
-2.557617090339940336e-01
-6.000082573667246955e-01
9.999509291405975775e-01
3.913350544307845902e-01
2.087056658215019622e-01
1.000824984291988212e-01
1.000071061339894651e+00
-1.000017325185064587e+00
3.928805854067697334e-01
9.999949423216600852e-01
4.005592121193055077e-01
9.980893155775441561e-02
4.194970818271585022e-01
-6.000487513739815038e-01
4.013829208059636611e-01
-2.850223283225060134e-01
3.883450496490513659e-01
9.999297343007336192e-01
9.999383956879853708e-01
1.000725593119585477e-01
1.907275985184852252e-01
3.938400308009935569e-01
-8.016373019334952499e-01
9.993366974632979238e-02
9.999530595643745245e-01
9.999136095823997206e-01
-1.000012112793702723e+00
-5.999704144832900266e-01
3.860495382208166126e-01
3.082585384749455051e-02
4.076350029397287633e-01
9.987059779918179558e-02
3.875766498296064344e-01
3.966227973499602405e-02
-2.702753053976255093e-01
-6.000817058671751303e-01
1.991524398925292039e-01
1.000204473480323486e+00
-1.000132512870469448e+00
-8.011116766884873730e-01
1.000051394029057628e+00
4.199032594016571807e-01
-6.001470268151519738e-01
9.994951289934994598e-02
-4.909161732199203432e-02
-2.957235872429068158e-01
-7.950851680833793678e-01
2.045215466161225681e-01
9.986291487191650829e-02
9.999460558257317055e-01
1.952747167225654945e-01
1.891746522998807856e-01
-3.897270254131393608e-01
-9.999283195494891308e-01
7.968203935844331287e-02
3.891972173923149425e-01
-7.974160048648921695e-01
1.734139981565624433e-01
9.999788507848108576e-01
-7.948864143207923227e-01
-6.000475237791198513e-01
-9.999624205957421408e-01
4.826817168779487521e-02
-2.733169472841772696e-01
-5.999113173065560023e-01
-2.441105920929918099e-02
2.063550528474605017e-01
-1.000007091065888476e+00
1.000025454960270510e+00
-8.034094112537344401e-01
4.083691423221257333e-01
-2.751501409895654726e-01
1.000103556682460759e+00
-9.999398988847441050e-01
2.764409865280479522e-02
1.999513460950709254e-01
1.000671488515406937e-01
-8.032921026303690981e-01
-2.940336083025180125e-01
4.537446810313773560e-02
-2.253988068305510239e-01
2.027593333538986187e-01
3.819501307014484467e-03
-5.999920915776971730e-01
-6.001557937547790100e-01
4.161721911843523358e-01
1.000072897834780372e+00
1.000217238690479654e-01
-3.363190597479860378e-01
2.086330117796849348e-01
1.000146839352109990e-01
1.001910137478169843e-01
-8.077588175506633661e-01
-6.000085144143911808e-01
-5.999104096227358962e-01
9.999496408208347065e-01
-6.000443441782810083e-01
-6.000925002481273252e-01
1.000133774935144437e+00
1.932611714911671164e-01
-8.200735138436832106e-01
3.970349636711161256e-01
-6.484825260790537393e-02
1.945586266001753106e-01
-7.823641781035016729e-01
-9.999979725891192661e-01
-7.932541535809575217e-01
-1.000110868788418150e+00
9.999754653060157761e-01
9.997624432859065768e-01
-8.159450791826756699e-01
-3.488791698000776598e-01
-1.773098021628299534e-02
-7.977672480481453610e-01
9.996292895571518011e-01
-6.002065288024736045e-01
9.993056313605534757e-02
-1.000005462156904112e+00
3.940581851233545541e-01
2.024571937608188044e-01
9.999684430554242054e-01
-5.998875913717084396e-01
-6.002259147238394599e-01
-2.121970286262991889e-01
9.998717931057341524e-01
1.000216339723046244e-01
9.999840242629010056e-01
1.000103300119283167e+00
-9.999691260520919833e-01
3.974577163067176122e-01
1.001875947219932339e-01
4.218282102753267981e-01
1.001398081875600476e-01
-5.521671583707753878e-02
-4.217327079499733067e-02
1.916153432529731360e-01
3.957323024013941759e-01
-7.973370204277936413e-01
-5.998382750527211371e-01
3.950957259485147199e-01
9.999982445165144229e-01
-3.300976638279239789e-02
-8.062500855686319801e-01
3.906279055736098238e-01
-3.246928105482692339e-02
2.159349184851693249e-01
-9.998069567898492105e-01
-2.345325900927595353e-01
4.044374139548641001e-01
1.916654612462374563e-01
1.837648863286865317e-02
1.000041275181636102e+00
1.000147219335543403e+00
9.999554344540054762e-01
1.000097109707958204e-01
-7.394467779760698078e-02
-9.999049776186880178e-01
-3.648061959144061062e-01
-2.751506020676148245e-01
1.000066089925688795e+00
-7.985810217119827525e-01
-7.905995357576388605e-01
-5.998354022212530889e-01
-2.436175176942819709e-01
-9.999774798990646030e-01
2.091064751277730005e-01
9.999322230278276380e-02
-6.001827901470075943e-01
-6.449702344023287848e-02
9.999534754533493386e-01
1.948810016428713099e-01
1.776780966649414706e-01
3.250173353024243816e-02
-3.346915830649854762e-01
-3.184926268880804989e-01
-3.255006788394446682e-01
3.956769859859535221e-01
-3.022259124274145892e-01
9.998654119156077380e-01
9.998603900163158809e-01
-7.715240358930945674e-02
2.319441345712812130e-01
2.161212673748045543e-01
2.600659835450364749e-02
-3.631784099597642479e-01
-5.998932374297862857e-01
-1.000027630559488401e+00
2.019222324893791554e-01
1.947922603015651496e-02
