-5.999845561190254584e-01
-5.999252480919484709e-01
9.998028446342848152e-01
2.942825702718690137e-02
-1.000280287394342160e+00
-8.020373905985560548e-01
-5.999340545964589877e-01
-6.534050444367895359e-03
-7.915960126981722578e-01
-2.637436751990601680e-01
9.987701060158009347e-02
-9.999690219132000291e-01
2.042409823444928663e-01
4.603209609226904808e-02
2.022760619483088829e-01
3.876177375423484062e-01
-1.316821754896349561e-02
-9.999297506079366515e-01
2.082975471391200206e-01
6.930187008273501481e-02
3.783075270767755072e-01
4.183201453680681081e-01
-2.710547927023846393e-01
-7.975202945969233070e-01
-9.999795071963631932e-01
4.038707670176251985e-01
-2.807227193389730813e-01
-6.001052696479971527e-01
-3.414106667370085391e-01
9.998637821940747905e-02
-1.000010841009686624e+00
-8.093842901602797957e-01
-7.955430164823095174e-01
-1.000136217537954897e+00
-4.502418306064154274e-02
9.999820961948205911e-01
-9.999783760391288689e-01
9.999843677262719721e-01
4.030161363877166059e-01
-6.000667327651949545e-01
1.000118112331106701e+00
-7.967744245571133366e-01
-3.021898679769282614e-01
9.997351229730316868e-02
-2.946316899403554901e-01
4.060981693139666948e-01
1.000788950495976187e-01
9.992356538385568920e-02
1.001567752727807459e-01
1.984683623725251589e-01
-1.000056130328346615e+00
-7.827821888914520132e-01
3.993437771414815596e-01
3.931882503056363665e-01
-2.508658945389795614e-01
-1.000014519177539807e+00
-8.163239187145630016e-01
3.997545303067843170e-01
-4.604754068085325364e-02
-1.000096653540115677e+00
-6.723873058403066760e-02
4.170837220031969883e-01
-1.000019772578495836e+00
-3.150341847947359386e-01
-9.999382462133594718e-01
9.999163680016771860e-02
-9.999834331983983304e-01
4.827381745555366088e-02
-8.053757019447070897e-01
4.060702540087783308e-01
-6.001674789220180495e-01
-2.764089025556522028e-01
1.000717105540007007e-01
3.363290328118320738e-02
1.766745024034284683e-01
1.001121458125527747e-01
1.948163704962363463e-01
1.000103352676370738e+00
-8.102689499581690324e-02
-8.119420767159397645e-01
3.905220177463573639e-01
4.076516828337817255e-01
2.075018134766797862e-01
2.102151332791930560e-01
1.000105629643494476e+00
3.992179152558151256e-01
-1.000055514353154207e+00
-5.999262200603771023e-01
-1.000150541199544163e+00
-7.394273832778895661e-02
-1.000049474187996834e+00
9.992096630749960906e-02
1.001521046547952237e-01
-5.999592027915114922e-01
-5.576705109099433511e-02
-8.123610144154255197e-01
-7.823496093843234078e-01
-3.332725158637256380e-01
3.847732854338845043e-01
-3.442867377680418617e-01
3.997630390996398941e-01
-7.816587092607419907e-01
-3.551437912979431011e-01
1.000316013478188687e-01
1.000044546886762059e-01
9.998865326026794564e-01
4.159644830415792915e-02
4.058040216829634228e-01
1.000886196255739852e-01
-2.961485839993990843e-01
2.012033551661485120e-01
-2.815134126752104615e-01
-6.000705620632053039e-01
1.000125760925324681e+00
4.009164550870640276e-01
2.046686536356487063e-01
1.001032941844507279e-01
1.000004757107846531e+00
-9.999522029119256583e-01
3.940047419843456522e-01
1.000026918497963324e+00
4.076518406861914801e-01
1.000269305850435692e-01
4.075018020103782779e-01
-5.999686908365982063e-01
4.137559521208654112e-01
-2.704163641282377184e-01
4.048609047133736039e-01
1.000022668367377188e+00
9.999560185383350452e-01
1.002186924293026332e-01
2.104311377377165448e-01
4.042737069084752499e-01
-7.837728623457331789e-01
1.000412912120237918e-01
1.000004968953297491e+00
9.999355525425112079e-01
-9.999523616231879020e-01
-6.000294938199323136e-01
3.911548552886554564e-01
1.490319474476718177e-02
3.915894502961729251e-01
1.000518412721289191e-01
3.948273902951373038e-01
4.030455258988085987e-02
-3.140484914807482042e-01
-6.000117207327284596e-01
1.958503791826543550e-01
1.000047753602994582e+00
-9.997000830394346949e-01
-7.892582466524959983e-01
9.999416723626949333e-01
4.073714327000481084e-01
-6.001407944651040438e-01
9.989486084088430862e-02
-2.806659312409411078e-02
-2.935515378041968493e-01
-7.966735258802408737e-01
1.899331943966142133e-01
1.002512475612562654e-01
1.000009594164690485e+00
1.961571452213758948e-01
2.099007827047756070e-01
-2.365834854792957520e-01
-1.000037111699353831e+00
3.438764876999202830e-02
4.212028561569846064e-01
-7.887494250820706876e-01
2.031830631430784628e-01
1.000077979236271064e+00
-7.958369538761038697e-01
-5.999392949680847353e-01
-9.998868193754770761e-01
-2.500425287891919202e-03
-2.595013543005078027e-01
-6.001615896745738921e-01
-2.851351126764883892e-02
2.047726544662821224e-01
-1.000029325276615699e+00
9.999924869781056103e-01
-7.989847621187770033e-01
3.934896929347280747e-01
-3.458848857878437100e-01
9.999180250436804362e-01
-1.000093551274571890e+00
-4.451373178125193203e-02
1.988897253774798146e-01
1.000559627692173825e-01
-8.066178054732319191e-01
-2.043075906583294576e-01
1.795159702493112630e-02
-2.079573895036282982e-01
1.935107339529335002e-01
-2.994472542645083141e-02
-6.001219389430717532e-01
-6.001607685349737986e-01
4.160455789389552739e-01
9.999617935546798453e-01
1.000696449863907878e-01
-3.456731779738259069e-01
2.220776235760137662e-01
9.986416707239058332e-02
1.000967707770656634e-01
-7.963128507509011911e-01
-5.999663647034333414e-01
-6.000269458221005880e-01
9.999920555048440463e-01
-6.000545681559306121e-01
-6.000028697572917791e-01
9.999243456630688698e-01
2.139699190031795484e-01
-8.056879831908760892e-01
4.021144995260313437e-01
7.323893100976849868e-02
2.224047637104857034e-01
-7.952109001238550912e-01
-9.998242193514115250e-01
-8.154141197590436541e-01
-9.999441851331593023e-01
9.999870592480905040e-01
9.999563948808930514e-01
-7.865731258851272889e-01
-3.511877834839172152e-01
9.554574169050174259e-02
-8.167169132316909330e-01
1.000098350694167859e+00
-5.998968969990891020e-01
1.001462530827856440e-01
-9.998668386888749371e-01
4.070863227312084831e-01
2.135596857876644605e-01
1.000082284529916654e+00
-5.998970392956997078e-01
-5.999747990273947007e-01
-3.323307468042264179e-01
1.000073678576838265e+00
9.994453115999399340e-02
1.000009052376195751e+00
1.000197325421154027e+00
-1.000016214664671166e+00
3.931176753377640942e-01
1.000229161451097193e-01
3.927485438882193369e-01
1.002094008401446107e-01
-9.492509643023568089e-03
7.506502543030213470e-02
1.926048250676135609e-01
4.076330528621672222e-01
-8.022013080264075446e-01
-5.999323094990919314e-01
4.089507170861619856e-01
1.000229064127519107e+00
-6.464912109718344568e-02
-7.819812962692422875e-01
3.942889530137552723e-01
-2.933441971479977192e-02
1.922627552509811044e-01
-1.000004062568093710e+00
-3.723704549821678644e-01
4.147260418777016233e-01
1.839899032242080512e-01
-5.396974769788268761e-02
9.999816243293009332e-01
1.000020957660827214e+00
9.999199381324767044e-01
1.001089987759950090e-01
1.265996516867904688e-02
-9.999770167505893648e-01
-2.299176373413678864e-01
-2.733589411770206978e-01
9.999267966312814782e-01
-8.050222349491261697e-01
-7.909687609331320646e-01
-6.000834911319917753e-01
-3.365894648575253889e-01
-1.000085035336721218e+00
2.077760444303194953e-01
9.997856595775857225e-02
-5.999092060807226234e-01
-4.538098758694800866e-02
1.000019606835853558e+00
2.106573817835568629e-01
1.909945668502703031e-01
8.180156498096380346e-02
-2.804376376524929659e-01
-2.730033560698405526e-01
-3.601819694907870684e-01
4.020318641137627935e-01
-3.477374000676943799e-01
9.999339784474253756e-01
9.999503544995423931e-01
2.475572491067187797e-02
2.202106454097985389e-01
1.911025817204644595e-01
1.418363055053658284e-01
-2.505048828633518188e-01
-5.997893494055925867e-01
-1.000020001721086294e+00
2.178317773935574686e-01
-3.218904172420333082e-03
