-5.998804676676849912e-01
-6.000693401990203624e-01
9.999443804324525953e-01
2.242078436480854711e-02
-1.000100542138312454e+00
-8.018600510747778687e-01
-6.001830208852224624e-01
-4.046595212140746863e-03
-7.968618990284226378e-01
-3.182075818139476486e-01
9.994991176058977411e-02
-9.999285676022076075e-01
1.887952756010893574e-01
5.536622955351527819e-02
1.997903560053668481e-01
3.976145189617670272e-01
1.604807252931511261e-02
-1.000007690889174850e+00
2.135539088778452832e-01
-5.511956788875835983e-02
3.835968957973870386e-01
4.217378805392453245e-01
-2.986291552389401249e-01
-8.222797033693869384e-01
-9.999185209006425934e-01
4.033202465462515374e-01
-2.715224632383847481e-01
-5.999267560203479510e-01
-3.131754228425229769e-01
1.000716074477262102e-01
-1.000021807807020879e+00
-7.956404263961465162e-01
-7.911201518772208452e-01
-1.000049903073356061e+00
5.268956826006298416e-02
1.000106174740714726e+00
-1.000109382377907696e+00
1.000111777377442612e+00
4.038412908196299944e-01
-5.999668295329865231e-01
9.998365050320953129e-01
-7.992778913424403164e-01
-3.618988801827516810e-01
1.000439642988609212e-01
-3.232642742489120757e-01
3.997954694721053137e-01
9.980685321991458747e-02
1.000614564343888790e-01
9.993731681379089404e-02
1.859785091667153778e-01
-1.000000049442192784e+00
-8.050749233613313516e-01
3.860882942910717208e-01
3.791323610623226203e-01
-3.001439060737980391e-01
-1.000023508118380144e+00
-7.812057047304090673e-01
4.066964906886708087e-01
-9.250430753330282294e-03
-1.000027236138769871e+00
-9.309332254566639320e-02
4.034650676667319580e-01
-1.000021353019520332e+00
-2.759014850200911528e-01
-1.000029295733200652e+00
1.000673116661649348e-01
-1.000167135703382781e+00
1.335962580388459602e-02
-8.033370493954720137e-01
4.050214463825767552e-01
-6.000722601097929765e-01
-3.063069016969742209e-01
9.990884531182418760e-02
-7.752487376671035602e-02
2.142909113204064797e-01
1.001516939661787342e-01
2.112620448632922254e-01
9.999444687237063478e-01
-1.663576377424208844e-02
-8.081156320640267010e-01
3.988912865880405167e-01
4.059472644736812907e-01
2.060817315591403354e-01
1.940503461551857933e-01
9.998261049627595876e-01
4.067571119243542643e-01
-9.999116899152550308e-01
-6.000595270024504657e-01
-9.999634341322071185e-01
-9.147913322590295326e-02
-9.999583421461238908e-01
1.001305991279605456e-01
9.998299599220307476e-02
-6.001431524269394968e-01
3.288486158170373513e-02
-7.951001802509340965e-01
-8.002516652447669854e-01
-1.921957783618048199e-01
4.083939943160846409e-01
-2.975191338791350892e-01
4.034835105181330261e-01
-7.886786038404685062e-01
-3.449561428657630935e-01
1.000976699496150535e-01
1.000631062377190378e-01
9.997639725401764599e-01
2.917948792829108684e-02
4.060030678532723925e-01
1.000987213798952002e-01
-2.674226444971416483e-01
1.913581856099630107e-01
-2.934793146656193841e-01
-5.998377600704971613e-01
1.000131181299252825e+00
4.149352254525738859e-01
1.863851449569433882e-01
1.001203481437548670e-01
9.999523159989710530e-01
-1.000279933588896997e+00
4.020235758374335333e-01
1.000271427161435467e+00
3.888012756003738080e-01
9.986836878830798736e-02
3.890182126954544461e-01
-5.997939683264080779e-01
4.245085358826081179e-01
-2.658717381851491424e-01
4.138182496764569729e-01
1.000071281607781692e+00
1.000079643072506963e+00
1.001465301395183943e-01
1.987414199079801935e-01
4.184693408599956532e-01
-7.893917605013290872e-01
9.990974513039144189e-02
9.999985948589483753e-01
9.999746647180519643e-01
-9.999945602229336483e-01
-6.000600291886719617e-01
4.021350228532124538e-01
4.932550986614437499e-02
3.878833310693357572e-01
9.998262777002839274e-02
3.835740272893971015e-01
-2.076613766197615840e-02
-2.168703524236516578e-01
-6.000162255040160098e-01
2.020240114987701119e-01
1.000050177694167264e+00
-9.998358583410001943e-01
-7.977818639190056293e-01
9.999482183567753868e-01
4.106768512718962372e-01
-6.000046899942691470e-01
9.997049753930804805e-02
-3.067972223798613035e-02
-2.789949849831893092e-01
-7.821208145598083084e-01
1.967915419216638429e-01
9.995490989255662040e-02
1.000061709407094490e+00
1.993989670523947377e-01
1.932467722979005764e-01
-2.738809879635151767e-01
-9.998853966514547054e-01
-6.144239432242103345e-03
4.005184663934858169e-01
-8.187305467050303154e-01
2.000838078942739906e-01
9.999464641413191579e-01
-7.969563152373027037e-01
-6.000762478400906152e-01
-1.000076451125336829e+00
4.631054589141797573e-02
-3.186625548486101134e-01
-5.999397048940771082e-01
-9.002046342296814163e-02
1.879097885990235750e-01
-9.999100321156676463e-01
9.998873257857123775e-01
-7.958791035251344681e-01
4.050670613655816821e-01
-2.628776782035299187e-01
9.999615175226307384e-01
-1.000034014529582516e+00
-1.379173219529621769e-02
2.205138409086862816e-01
9.974976959635367679e-02
-7.939927618669978537e-01
-3.152450520603429229e-01
-8.204667508849081137e-02
-3.597655851318667941e-01
1.951098607625254278e-01
3.242455837791764772e-02
-6.001387957407388063e-01
-5.997786008388162893e-01
3.858421168966448267e-01
1.000078841489829395e+00
9.994249625337678355e-02
-3.395044458515555919e-01
2.137743208992967381e-01
1.000302747540724041e-01
1.001131855671136967e-01
-8.051516082704125443e-01
-5.999483157705667313e-01
-6.001345070005582594e-01
1.000091816772216813e+00
-5.998079855607629796e-01
-6.000410681489980469e-01
1.000093559009319177e+00
2.071701702943385681e-01
-8.052800701120206295e-01
4.026404850885210718e-01
4.271409097942394095e-02
2.160086132352852795e-01
-7.885406334880489254e-01
-1.000057453991405998e+00
-7.996713379494313489e-01
-1.000210690671308633e+00
1.000097364532871014e+00
9.999050650324925460e-01
-8.065321692362004136e-01
-3.907010986530071728e-01
-7.926311885008045788e-02
-8.216005212858339402e-01
9.998901432219170493e-01
-6.000403412860787489e-01
1.001078162553268730e-01
-1.000082328738419069e+00
4.009785053940807531e-01
1.958631344499741633e-01
9.999244184292153115e-01
-5.997762486817493910e-01
-5.999822522809072911e-01
-2.313873143646256181e-01
9.999962013457965870e-01
9.997474378336196343e-02
1.000006082610998659e+00
9.999332888543241982e-01
-1.000105859306783085e+00
3.920222107762380004e-01
9.984964225230330559e-02
4.049285917621481268e-01
9.994370592142251541e-02
2.724092053987475434e-02
1.264822930867917118e-02
1.875984553597844218e-01
4.077775089341704740e-01
-7.947776008812947879e-01
-5.999378658761203020e-01
4.032568418959134315e-01
9.999554087745766706e-01
-2.862786585148301144e-02
-8.044935667280480596e-01
3.826970428007032132e-01
-2.119180504727477196e-02
2.201493473945833612e-01
-1.000044745573915206e+00
-2.928301458180008199e-01
4.072251246114627632e-01
1.897750318776946776e-01
-8.101280552636828947e-02
9.999989353654581414e-01
9.998151368826636576e-01
1.000122639277730041e+00
9.989608346149390916e-02
1.402371623107266131e-02
-1.000088989236770587e+00
-3.437541239124028425e-01
-3.276737677326349574e-01
1.000193062124842269e+00
-7.884843383226002311e-01
-8.096784889334662783e-01
-6.000128384677990701e-01
-2.960019997596377017e-01
-9.999556740914169461e-01
2.106055814643382762e-01
9.991180714228409254e-02
-5.999966751026629685e-01
-6.058077840678952747e-02
9.998651329752734629e-01
1.923544295055395204e-01
1.880526784789597061e-01
-6.978749887734973789e-02
-3.437145260627370025e-01
-2.674792447063648604e-01
-2.494627693820592462e-01
3.871732527431903659e-01
-4.004172936446804276e-01
9.998485612747266549e-01
1.000021380147365413e+00
9.034993671049378061e-02
1.908252248150445196e-01
1.947295404415540776e-01
-7.403013859234416905e-02
-3.285168344529625362e-01
-6.000254399227245017e-01
-9.999877882455915357e-01
2.124343072997401383e-01
6.743745139693455015e-02
