-6.000258102450954922e-01
-5.997846301543515724e-01
1.000163287986633120e+00
9.735636713361774802e-03
-9.999707647857004611e-01
-8.084551456110720125e-01
-6.000083675538260275e-01
6.046376679250036607e-02
-7.858009322813683806e-01
-3.234385137086396855e-01
1.000099402805211951e-01
-9.999890307289230895e-01
1.979896956727707491e-01
-9.309892159968442306e-04
1.852106189877676945e-01
3.907901818205069544e-01
-1.248024587151823871e-02
-9.999701213840646030e-01
2.105154219724170717e-01
8.569969631105223140e-02
3.954002273265673773e-01
3.984058761328632126e-01
-3.438147812116585933e-01
-8.009252741766460515e-01
-9.999924941741976658e-01
3.956847040679860039e-01
-3.191040163771352023e-01
-6.000554889811401393e-01
-3.415238489927004961e-01
9.991244848016744839e-02
-1.000079171083604335e+00
-8.005528402330815974e-01
-8.111730664436952454e-01
-9.998078998475286028e-01
6.583929584099600107e-02
1.000094594621902866e+00
-1.000058457181029814e+00
9.998525800276115705e-01
4.141778698245806578e-01
-5.999847629157651907e-01
1.000052033526392936e+00
-7.918147343150859774e-01
-2.739298880445333872e-01
9.987731865978147217e-02
-1.851322696764154119e-01
4.058037101700250338e-01
1.000941430373813168e-01
9.996412880798832834e-02
1.000422362846815488e-01
1.963499327814451079e-01
-1.000028292981310685e+00
-8.082764016528670714e-01
3.934243719657024019e-01
4.055247250128813929e-01
-3.788517032352077263e-01
-9.999651957292974291e-01
-8.196428530666327594e-01
4.031903883356812712e-01
4.849339832440920095e-02
-9.999756998883172487e-01
2.279371174740381974e-03
4.010610236247891813e-01
-1.000100565473228453e+00
-3.168449139797122061e-01
-1.000129097038640502e+00
1.001402123793794369e-01
-1.000043226238707117e+00
-3.649356239446040900e-02
-7.855215853204537968e-01
3.921905397254341619e-01
-6.001128832678935821e-01
-2.667287143773459657e-01
1.000264251282471650e-01
2.907524946716953662e-02
1.997891323499277338e-01
1.001389217358408523e-01
2.171518801968456425e-01
1.000084498201621042e+00
2.295843549632900840e-02
-8.149319512523310882e-01
3.994019523454286347e-01
3.976434946608234378e-01
1.931270540869091112e-01
2.028662011968450363e-01
1.000100823218116108e+00
3.938452770456711827e-01
-1.000042993596331753e+00
-5.999670229549481926e-01
-9.997836238739474801e-01
7.051355265937642169e-03
-1.000052452031839678e+00
1.000384173878515887e-01
9.993233041357210689e-02
-6.000371714358146980e-01
-1.136257147184860927e-01
-8.143306972157875467e-01
-7.768543998128941697e-01
-2.971774349115853808e-01
4.001070240625670960e-01
-2.727020230092136455e-01
3.973710725456134907e-01
-7.921362137588344732e-01
-2.450452450582343011e-01
1.001081707209764277e-01
1.000560866708458396e-01
9.999695781928056304e-01
-6.323306020023311894e-03
4.041926127374693700e-01
9.995345370780343852e-02
-3.362323421816443281e-01
2.058988284614342579e-01
-3.472540507393857556e-01
-5.999484038193545477e-01
1.000048585109740040e+00
4.016613711345596860e-01
1.966493894357954075e-01
1.000869510541678720e-01
1.000011017504948585e+00
-9.998363525803716234e-01
4.163252180640198419e-01
1.000070824003313374e+00
3.875302495930303959e-01
1.000214057719408939e-01
4.115177627889946566e-01
-6.000524536157697542e-01
4.123934743116624002e-01
-3.597332295966569338e-01
3.985095780298537060e-01
1.000097364139197698e+00
9.999862012744492601e-01
1.000195411830275133e-01
2.000677579063477041e-01
4.140266601610696484e-01
-7.972918512065988450e-01
1.001184086272096097e-01
9.998951178295408804e-01
1.000011833329774724e+00
-1.000045458743327398e+00
-5.998754244484163500e-01
4.156414709351263781e-01
3.079075981740266379e-02
4.054680557003148555e-01
9.995948704578301591e-02
4.026323072350606602e-01
1.062958304764752004e-01
-3.481012505634004661e-01
-5.999998217857384075e-01
2.016452273623129954e-01
9.998930874273931346e-01
-9.999977548105117853e-01
-7.855206074451995812e-01
9.999416255185034075e-01
3.899874008666764924e-01
-6.000179145382569246e-01
1.000568316268880681e-01
2.022095223945811397e-04
-3.804150064654617802e-01
-8.025848350216272520e-01
1.910743399550523525e-01
9.989237216985467904e-02
1.000132296174284674e+00
1.923616921397228174e-01
1.851335431845426982e-01
-3.121708027646550865e-01
-9.999018248752816751e-01
-9.142476467788998584e-03
3.876419136082580597e-01
-7.945129717489951560e-01
1.809519377390598760e-01
1.000108852226316181e+00
-8.107627645738220146e-01
-5.999159686614699005e-01
-1.000097527173832823e+00
-7.169439144651190005e-03
-2.648921971130103747e-01
-5.998504242502421535e-01
1.161294578964608588e-02
1.891095877727734242e-01
-9.999941419408258092e-01
1.000032387890915642e+00
-8.020507933863689765e-01
4.013626076631233719e-01
-3.528040974895557125e-01
1.000024825900948544e+00
-9.998830136808143365e-01
-8.443890398742090464e-02
1.918540788194982305e-01
9.991432990225537769e-02
-8.112493711919955830e-01
-2.891622099845153060e-01
-1.108447812887627670e-01
-2.359011290796440008e-01
2.013538572982123687e-01
1.700378521189840550e-02
-6.000709057912162470e-01
-6.002826242584269334e-01
4.121687708935018457e-01
9.999372075937634774e-01
9.983649983700218500e-02
-1.603865967218333910e-01
2.124079832119042111e-01
1.001570320774589073e-01
9.996922269930173799e-02
-7.947822408681947115e-01
-5.999802636688560398e-01
-5.999511612076250389e-01
9.998940713120813006e-01
-6.000317076291962204e-01
-6.001102462305606400e-01
1.000091920952418389e+00
2.025210557277416223e-01
-8.156206832917808347e-01
3.942103198572399769e-01
-1.763375598719929202e-02
1.741964561416946833e-01
-7.985190089700950899e-01
-1.000154838997575846e+00
-8.080258041412272663e-01
-9.999141180303651177e-01
1.000155247716931095e+00
1.000131929443667911e+00
-8.122595956136033912e-01
-3.326642746267353679e-01
1.088656086704767496e-02
-8.140836238229146593e-01
9.998710548380929097e-01
-5.998695341235841250e-01
9.985038673660633080e-02
-1.000154899624081883e+00
3.837540729925861260e-01
2.130446895634400262e-01
1.000062151794282927e+00
-5.999766082133245471e-01
-6.001293242134082551e-01
-2.507322234943256123e-01
9.998992647224607122e-01
9.994090075245300187e-02
1.000197292579493080e+00
1.000007980137968211e+00
-9.999092689754487395e-01
4.018830937175454365e-01
1.000388639658230105e-01
3.959323576524061417e-01
9.985136737222566339e-02
8.589417594678390444e-02
5.167290391124716026e-02
1.939333187699110728e-01
4.044048708824745098e-01
-8.025528514592302765e-01
-6.000581943543290553e-01
3.932752889425505383e-01
1.000000231687077745e+00
1.770212050819480396e-02
-8.053257057606416636e-01
3.837652033027034171e-01
1.012862466444781721e-02
1.917909240692116379e-01
-9.999122898107264401e-01
-3.368932085605448323e-01
3.942411543466706747e-01
1.961678794538496695e-01
4.319241616768011716e-02
1.000034831262793578e+00
9.999435985308989805e-01
1.000081116294298189e+00
9.985413182762382933e-02
9.210568737885786034e-03
-1.000092726933727416e+00
-3.326295073831001536e-01
-2.439792944038769451e-01
9.999113781123719624e-01
-7.899682598746076145e-01
-7.963078170474904294e-01
-6.001073464944023383e-01
-3.140291957955433366e-01
-1.000162690421906531e+00
2.232813728383624130e-01
9.997363396969616289e-02
-5.999201500872191062e-01
-3.850726361284137478e-02
1.000069448365114910e+00
2.014392332495278104e-01
2.055152815599269600e-01
5.690260624452871119e-02
-3.506230835041070359e-01
-3.895174176303833335e-01
-2.514203645923728248e-01
3.994690273729360475e-01
-3.220822323078441629e-01
9.999463403056313426e-01
9.998724411368050680e-01
-3.955912823371024456e-02
1.911771196767481917e-01
2.042463215256285491e-01
2.185653887480909843e-02
-2.578648212702022713e-01
-6.001921595355276251e-01
-9.999643265015867311e-01
1.912713562298294090e-01
-3.605607535083949627e-02
