-5.998594265312096052e-01
-6.001122807626937394e-01
1.000010168600214744e+00
5.550642674755900535e-02
-1.000075182560451026e+00
-8.066193756653625702e-01
-6.000720860038687432e-01
2.031757508246998314e-02
-8.030344677705620882e-01
-4.012271740400651376e-01
9.998023724940198476e-02
-9.999382590056850040e-01
2.029132377413173094e-01
3.343053333443348624e-02
1.977235495460713255e-01
3.972028173899699310e-01
5.674260036588563150e-02
-9.999380027188332631e-01
2.120516448458612258e-01
9.417658831184586021e-02
3.987542379387345459e-01
3.901798427028921878e-01
-2.651088837487464711e-01
-7.969692028194852451e-01
-1.000051720792390686e+00
3.887822393608639793e-01
-3.376709002041951013e-01
-5.999412514463797752e-01
-2.735168597498018328e-01
9.988105215816328597e-02
-1.000138179149693496e+00
-8.079407599767830517e-01
-8.003949854962558730e-01
-1.000003313034403929e+00
-1.097458535394028323e-01
9.999758230793728275e-01
-1.000093020233596697e+00
1.000074597451711789e+00
3.983320147304543757e-01
-5.999850011551253193e-01
1.000064947524363035e+00
-7.900836011786851465e-01
-2.969611989666351426e-01
9.996278602744951280e-02
-3.818170203102305704e-01
4.067208064497726538e-01
9.997655176659690779e-02
9.997801949327485282e-02
9.998389592691270256e-02
2.020138082033856031e-01
-9.999725225038766929e-01
-8.035571841283764005e-01
4.043536721697606473e-01
4.057625578570400182e-01
-3.779371446250779365e-01
-9.999451340704773594e-01
-8.017830982483149516e-01
3.983888312129119091e-01
1.011608940194306111e-01
-1.000015094877561683e+00
-5.774462470020023941e-03
4.032432774824579180e-01
-1.000043451367003788e+00
-3.723718645396173477e-01
-9.999350624788000408e-01
1.000322044732491478e-01
-1.000044834646982794e+00
-4.292681996097397201e-02
-7.889162619643833585e-01
3.959618957447856302e-01
-6.000515283159367774e-01
-2.253414106568442654e-01
9.993081020906134648e-02
6.783211934598155912e-02
1.936411920079831317e-01
9.992928454618672796e-02
1.977868138607918047e-01
1.000088412176393327e+00
2.855901214749251293e-02
-7.947691576950587367e-01
3.991331628307710488e-01
3.941119626377239671e-01
2.060460986714763854e-01
2.102894437786468895e-01
9.999059353667449912e-01
4.224191046303449881e-01
-1.000035178108004352e+00
-5.999941328784960115e-01
-9.998896431919898076e-01
2.020892161380099389e-02
-1.000137863700848673e+00
1.000570626526030155e-01
1.001219732370809967e-01
-6.000017324843112121e-01
-1.358482266224241355e-02
-8.030773398141987096e-01
-8.080092706517751910e-01
-4.406617400736108636e-01
3.880752406331083870e-01
-2.821436081507589511e-01
4.006403844025012151e-01
-8.081311712049767948e-01
-3.300689038330508751e-01
1.000762548859016332e-01
9.994330918207991465e-02
9.999165315596738601e-01
5.377382124625640532e-03
4.124694369459664389e-01
1.001008475643096057e-01
-3.283436704752591973e-01
1.905962360769486719e-01
-1.959510139797859263e-01
-6.001333946049696166e-01
9.999586945149676609e-01
4.021652741307849555e-01
1.877420054290706297e-01
9.989910128266993317e-02
9.998962817287270211e-01
-9.999412519844509406e-01
4.039615592380381703e-01
1.000131453858329689e+00
4.113877722637695467e-01
9.994687701991905593e-02
4.082496416472329304e-01
-5.999399811902637047e-01
4.010728225411197001e-01
-2.839952315845176156e-01
3.944960054954438911e-01
9.999466946019331948e-01
9.999313394563082991e-01
1.001269039703087810e-01
1.976949298515706943e-01
3.931384395680699861e-01
-8.014827660994258141e-01
1.001002437775613818e-01
9.998832384941380713e-01
9.999340671628659249e-01
-9.998893358237628259e-01
-6.000453175905078318e-01
4.058634627627799585e-01
3.709144724969590939e-02
3.778049371534801248e-01
1.001499879969691698e-01
4.017184771249177055e-01
-6.019596691752598233e-02
-3.220460809734023711e-01
-5.998933990940615857e-01
2.185957639469051639e-01
9.999749932801151875e-01
-9.999278283720753890e-01
-8.138304994442050466e-01
9.999429624290059326e-01
4.192454830627958540e-01
-6.000122643159568891e-01
9.996759225125560755e-02
1.377993752511731500e-02
-2.779841772429642033e-01
-8.009604099596551174e-01
1.991418109544161597e-01
9.978765035278940043e-02
9.999397245788901323e-01
1.914465744110333822e-01
2.010973792161219187e-01
-3.521670241382511835e-01
-9.999962098587902304e-01
-6.735693505804749015e-02
4.253937508467467432e-01
-7.825358085085728499e-01
2.129084816369839206e-01
9.999885584162320207e-01
-7.909061474305186801e-01
-5.999507278204467831e-01
-1.000007316692485437e+00
-6.827308235636449230e-02
-3.143545002472979966e-01
-5.998398828791281501e-01
-1.408988365823696763e-03
2.089553451516678040e-01
-9.998448725668859227e-01
9.999117187314384703e-01
-7.911145801878862738e-01
4.066911983458849078e-01
-2.087260891984077937e-01
1.000057402084953084e+00
-9.999861204665584369e-01
2.787532156186453211e-03
1.945723964326001587e-01
1.002329268280161001e-01
-8.191429829912303395e-01
-2.805693063057024261e-01
-1.273650347809399987e-02
-2.290743156786468893e-01
2.014675286495159756e-01
-7.776873089541341821e-02
-5.999977229439664717e-01
-5.999622176380187133e-01
4.017308508970203751e-01
9.999146296481871143e-01
1.000881647248432343e-01
-3.478683110214797480e-01
2.099603181978094701e-01
1.000626651624093449e-01
1.000062373974530544e-01
-7.899616358357015589e-01
-5.998745261092535142e-01
-6.001101099778757275e-01
9.998405209959033701e-01
-6.000483914798532270e-01
-5.998261550100758566e-01
9.999634747972734328e-01
1.853434049809674911e-01
-8.029566723082284252e-01
3.934837445172149617e-01
-6.408216291934853981e-02
2.000879836029801073e-01
-7.944632585297787264e-01
-1.000055066723455122e+00
-8.274320135512681640e-01
-1.000017786981390877e+00
1.000097151498706483e+00
9.999818920289486046e-01
-7.905977000637763874e-01
-2.815489586541026212e-01
8.274892553129169909e-03
-7.874091680954712347e-01
1.000132690893322573e+00
-5.999431034492886949e-01
1.000176590733638238e-01
-1.000104867195071190e+00
4.020056555536959397e-01
2.118769525318097979e-01
9.998732069922628973e-01
-5.999819633050492707e-01
-6.000148890370684551e-01
-3.426263767372156877e-01
9.999318656206963585e-01
1.000569446000686424e-01
1.000075855616092912e+00
1.000023700530363158e+00
-1.000066427957986726e+00
4.004572675810113003e-01
1.000231275373079515e-01
3.994046085741672636e-01
9.997063194978134115e-02
3.393305872168899534e-02
-1.456044854285171997e-01
1.957446567044016372e-01
3.930709062532394271e-01
-7.845103267044543083e-01
-5.999547860083634943e-01
4.072452545098905197e-01
1.000233477923029524e+00
1.959411418780588124e-02
-7.955874510740230665e-01
4.133637034072188410e-01
-1.403317665481678203e-02
1.901757234277174358e-01
-1.000109942474860736e+00
-3.708236022964086498e-01
4.173386612803472451e-01
1.872783634459703195e-01
-2.075810776875442951e-02
9.999313319997562566e-01
9.999192600763260330e-01
9.999267259524029505e-01
1.001118731592178790e-01
-2.840967858383878965e-03
-1.000044733323180779e+00
-2.439821847364986585e-01
-3.971745604240123906e-01
1.000112381055310751e+00
-7.883036247619572556e-01
-8.069888912050211527e-01
-6.000595470728161684e-01
-3.378329461974490799e-01
-1.000210065771663270e+00
1.962495361346439926e-01
1.000110565840731658e-01
-6.000164053023897548e-01
3.317219678929398535e-02
1.000119719523792083e+00
1.974188582195983144e-01
1.925541365211871081e-01
-3.822436196694400934e-02
-2.459579391697975792e-01
-2.695229464922955231e-01
-1.398515425804618684e-01
3.826818764847182419e-01
-3.012585001192468193e-01
1.000012707774241116e+00
1.000070505491608142e+00
-1.983153733839087413e-02
2.007315519923607017e-01
1.984468904713611870e-01
-8.298762528454067811e-02
-3.103093974486418327e-01
-5.999875340028703041e-01
-9.999263441743003744e-01
1.982352950286419835e-01
7.681206260056845647e-02
