-6.001639550525935674e-01
-6.000187732182825640e-01
9.998415644697919991e-01
9.959273154763444505e-03
-1.000122857450296943e+00
-7.827799724912656298e-01
-6.000892605658425527e-01
4.021471531454460374e-02
-8.139224157524589387e-01
-3.216402234191935716e-01
9.988802286382252038e-02
-9.998038070375502295e-01
1.945564824124686731e-01
-1.234303910606897453e-01
2.004913280435222100e-01
4.031141643268266739e-01
-4.860016989421988426e-02
-1.000057255296975534e+00
1.975433333511526501e-01
2.730722644573009214e-03
4.089975959535982475e-01
3.986998643345980309e-01
-2.890084990892276551e-01
-7.894955717976175347e-01
-9.998306753711126982e-01
4.094953617067960128e-01
-3.453362647486757364e-01
-6.002008869548973724e-01
-3.088954784181088264e-01
1.001960746777564859e-01
-9.999820171443800643e-01
-7.923833145221642615e-01
-7.851910326460271872e-01
-9.999761867279184369e-01
2.100945475116609493e-02
9.998891895664894225e-01
-1.000071105817175399e+00
9.998695448920906781e-01
3.941637980448941536e-01
-6.000144262719401267e-01
9.998431087936549000e-01
-8.008866855579408472e-01
-3.473584649030501126e-01
9.997108601371709757e-02
-2.770428557684391779e-01
4.028294069916074638e-01
9.993316405098520705e-02
9.992173262907622089e-02
1.001498223814709793e-01
1.951543576577913774e-01
-9.997873986038943173e-01
-8.007748032647895586e-01
3.886747266612881613e-01
4.016522544523685179e-01
-3.556346679369832287e-01
-1.000078488385904185e+00
-7.992401730668224902e-01
3.951005821821508834e-01
-2.211566955371782606e-02
-9.999681055792746243e-01
-5.135728862417657942e-02
3.992624097994027510e-01
-1.000168266269071848e+00
-3.411442243314279921e-01
-9.999814353627617391e-01
1.000189672000687813e-01
-9.999526378576200081e-01
-1.146650892896822205e-02
-7.994711193022283613e-01
4.028560536568869255e-01
-6.000210673491749302e-01
-3.585258709252515663e-01
1.000494128142105782e-01
9.224065889406869376e-03
1.901352714613377681e-01
1.000481094658496745e-01
1.764566592982578230e-01
1.000024769633693467e+00
-3.930415326382270119e-02
-7.807625367900969948e-01
4.124892188969813689e-01
4.181159100181399690e-01
2.088249419226734238e-01
2.104601323166757909e-01
9.999630394548444379e-01
4.100397025378392235e-01
-1.000109966112476600e+00
-5.999176726691941575e-01
-9.999103374265773114e-01
-6.599496753307280972e-02
-1.000076360025833111e+00
1.000987489509613387e-01
1.000438046688139626e-01
-5.999040642197605022e-01
3.250042299145877028e-02
-7.977424021847914215e-01
-7.981152843636163396e-01
-2.439981324226075665e-01
3.819793487324101289e-01
-3.694383134021521631e-01
3.973746986038464990e-01
-8.020777361101111280e-01
-2.337797974025845604e-01
9.996738713957813161e-02
9.980380589667489644e-02
1.000014976064973693e+00
-8.239790874173534216e-03
4.032965909513616665e-01
9.997375066558840395e-02
-3.596959961124124860e-01
2.093551863298241389e-01
-2.828009670137432985e-01
-5.999767528635328029e-01
1.000110384131733365e+00
4.155420901903286723e-01
2.043173681924719820e-01
9.990408811772331921e-02
9.999433171484288785e-01
-1.000161780159181113e+00
3.783322807623953898e-01
1.000088071765985687e+00
4.041352692746572606e-01
9.997170962858600851e-02
4.105444709953720572e-01
-6.000069355270860605e-01
3.981131799626724810e-01
-2.723559784522678329e-01
3.836400796289506365e-01
1.000059447675552882e+00
1.000088350019137540e+00
9.986438650200439582e-02
2.169745224024872965e-01
3.992662904178695960e-01
-8.098978938176109033e-01
9.998034609011395568e-02
9.999425769238903250e-01
9.999780959025522664e-01
-9.997730398332856927e-01
-5.999083252678673039e-01
3.914538423895701502e-01
-3.455775447551299312e-02
3.913812883995759218e-01
1.000535585441159336e-01
4.051329405408794493e-01
-8.718505776496288801e-03
-2.746906037096882858e-01
-6.001651122420609274e-01
1.927323928215424198e-01
1.000131092575274439e+00
-1.000114468608998441e+00
-7.976272027619228933e-01
9.999578553575407813e-01
3.866107179023834384e-01
-6.001902088062373020e-01
1.000630780285470395e-01
7.533756803941969726e-02
-2.452001049582889225e-01
-8.050399360755778888e-01
1.969669925476233152e-01
9.993624004663319293e-02
1.000111813735093280e+00
2.202990080478961499e-01
2.033180991832272688e-01
-3.004946751828236895e-01
-9.998721309408085123e-01
5.093105295905592245e-03
3.954704091414733558e-01
-8.064761145987866531e-01
1.927591941916751705e-01
9.999746795069166527e-01
-7.914871051772681687e-01
-6.000972302242320033e-01
-9.999111290402992180e-01
1.170422006043064650e-01
-3.336078612959600398e-01
-6.001625789226959773e-01
-6.539084820198191872e-02
2.078633908443966172e-01
-9.998199656107149558e-01
9.999506457405888948e-01
-8.008201298744123120e-01
3.865273944071699330e-01
-4.124112503776395933e-01
9.998089442945873317e-01
-9.999221727577995988e-01
3.825360976271378194e-02
2.063273806733938731e-01
1.000269830408499205e-01
-7.813050980586166983e-01
-3.087098756339624051e-01
-3.572461763295423781e-02
-2.608783379142308734e-01
1.995422101692166661e-01
-2.377973214591396975e-02
-6.000566406379975737e-01
-5.998734810589274602e-01
3.930816605710092393e-01
9.998574836697119439e-01
9.992048749393613039e-02
-3.387889640766937327e-01
2.183859504075275348e-01
1.000570531504525462e-01
9.995804580718428700e-02
-8.021249533511847218e-01
-6.001199775106249579e-01
-5.999584994509608027e-01
1.000073148207010654e+00
-5.999352666566004633e-01
-5.999083194537312425e-01
9.999878178041707866e-01
1.786346732076810329e-01
-7.931736430152760420e-01
3.809252063943582844e-01
3.742709302092749046e-02
2.081090987949415771e-01
-8.075500864045802585e-01
-9.999397299606868073e-01
-7.910619798893142596e-01
-9.999915986189804595e-01
9.999211580145951350e-01
1.000055139757298317e+00
-8.245133760766661934e-01
-2.459440324527827904e-01
-3.927939462297078133e-02
-7.941175666732122052e-01
1.000048784277565161e+00
-5.998826221401826198e-01
9.987716781584701775e-02
-1.000015744025552156e+00
3.901872337045051986e-01
2.269959946973811871e-01
1.000022566327971374e+00
-6.001831188107785708e-01
-6.000616612864719812e-01
-2.903682801941420699e-01
9.998658063335515989e-01
9.998234325040403214e-02
9.998619209153933873e-01
9.999372826714373330e-01
-9.998576374422309954e-01
4.039290163719862492e-01
9.992292060921344199e-02
3.901780226605980340e-01
9.992371063123167696e-02
-4.179034976061318796e-02
6.737964186202848038e-02
2.081816298041651858e-01
3.865102154195470541e-01
-8.150123233725440342e-01
-6.000674135607850790e-01
3.918331729224661664e-01
9.999789777882412967e-01
4.513021919155571493e-02
-7.952225508789043662e-01
4.013050796447608648e-01
-2.947913865503695718e-02
1.871542529679556810e-01
-1.000008403065959506e+00
-3.007540577938759840e-01
4.206516367800150480e-01
2.137636610351606459e-01
-2.491440930306806911e-02
9.999010288933306567e-01
1.000102435128814804e+00
9.999484267565522666e-01
1.000271130159523375e-01
1.700894221084291516e-02
-9.999995998874589009e-01
-2.126526051882069446e-01
-2.956316555877761543e-01
9.999558464136011349e-01
-7.925607166152963678e-01
-8.173931520156648700e-01
-6.000102791573420635e-01
-2.937447258106684611e-01
-1.000025715117269565e+00
2.049789982857700421e-01
9.999629114949609709e-02
-6.000138387163349574e-01
4.107260806015174820e-02
1.000196604945673862e+00
2.016091173565957850e-01
2.037957926706265022e-01
9.565659680000140885e-02
-3.393602876907370058e-01
-2.884428404511589772e-01
-3.428832223215026453e-01
3.959220519073285427e-01
-2.389362015679750151e-01
1.000100420251544664e+00
1.000097874447962276e+00
4.011189039423854186e-02
2.003475250924896256e-01
1.917264048135117471e-01
-3.779034769023401075e-03
-3.332628534172266677e-01
-5.999735422534907547e-01
-1.000214495505989287e+00
2.092808641946177217e-01
-4.532317342745954825e-02
