-6.001103608674173140e-01
-6.000680713666457500e-01
9.998957867437496816e-01
-1.564498551611986574e-02
-1.000010784467932456e+00
-8.056986046387927258e-01
-6.000736112926097210e-01
2.515142640176010191e-02
-8.023081684916251177e-01
-3.370702629363098723e-01
9.993123904958185755e-02
-9.999833743409326514e-01
1.983582000554864333e-01
-2.496981896837238354e-02
2.024222186270054347e-01
4.229660161115121331e-01
3.851041345287693762e-02
-9.998589752277464715e-01
2.053326217729593006e-01
3.944738557517651206e-02
4.123224858571608031e-01
3.988531128217023825e-01
-3.261413231663536916e-01
-7.988578419325673696e-01
-1.000206476742474537e+00
3.726041068422858427e-01
-2.971181646157463607e-01
-5.999630014191963401e-01
-2.617660617642931786e-01
9.995420765402475427e-02
-1.000072190031005448e+00
-7.873121684692975242e-01
-8.062607549577156529e-01
-1.000066664437461617e+00
-2.163664071514191959e-04
1.000058834658923201e+00
-9.999262829956205856e-01
1.000003627317029853e+00
4.012697280263429755e-01
-5.999833615044511959e-01
1.000096960138693092e+00
-7.811128532855509121e-01
-2.419724246303529558e-01
9.993722392537005006e-02
-3.717674844765020969e-01
4.006661268775457696e-01
1.001596543617423035e-01
1.000779229269766479e-01
9.999539717737648825e-02
1.865025489751399868e-01
-9.999387421279667398e-01
-7.879133529156756577e-01
4.247121276913384258e-01
3.846810161930684369e-01
-3.570676473769531789e-01
-1.000018014489682194e+00
-8.090580401856691806e-01
3.990826127068795581e-01
-2.776203638559766873e-02
-1.000013187354076960e+00
8.460343124113839375e-02
4.015936638193818298e-01
-9.997827123916465109e-01
-2.938818766085534717e-01
-9.999423085287784119e-01
1.000321288265121344e-01
-9.998763220534457874e-01
5.196481573036326740e-02
-8.095472074546986585e-01
4.157025265245738455e-01
-5.999416888850127583e-01
-2.298256320339123748e-01
9.997333571794411733e-02
4.762569096583796867e-03
1.947026855691980640e-01
9.991154705999995278e-02
1.992371259438555642e-01
1.000014453881207910e+00
-4.364778200443226314e-02
-7.827317033813721014e-01
3.931125390291662636e-01
3.930038024434308608e-01
2.082339147706682159e-01
1.932410838059757663e-01
9.999489396882409453e-01
4.113477470913615153e-01
-9.999518011434341824e-01
-6.001685453938810921e-01
-1.000109046334286544e+00
2.030013708789961402e-02
-9.999494481087365383e-01
9.991590300027800020e-02
1.001132446452472763e-01
-6.001780332203464630e-01
5.801915098876442300e-02
-8.050632719319590347e-01
-8.037457198214815746e-01
-3.146165503557936671e-01
3.952295655312804135e-01
-3.310626149638881133e-01
4.189115115893506380e-01
-8.158148605779179663e-01
-3.174909829231062908e-01
9.997911746352375340e-02
1.000147061012553185e-01
9.999558237892729462e-01
-3.547720939280062796e-02
3.968013292923269209e-01
9.984695193311486638e-02
-2.760881151857707549e-01
1.915461043918774142e-01
-2.780057504466001417e-01
-5.999131676878045605e-01
9.999594456972963341e-01
4.060002571477384081e-01
2.055684380665462607e-01
1.001319033675982795e-01
1.000069741039830928e+00
-1.000033684810435863e+00
4.193981753817305758e-01
9.998925048425504336e-01
4.086392861881968930e-01
1.001390967363706974e-01
4.117459861408119259e-01
-6.000666847108900859e-01
3.861165240019807654e-01
-3.348603915823437638e-01
3.921702222204212496e-01
1.000001242043515370e+00
9.998526119348517538e-01
1.001880473902116431e-01
1.798034261354303498e-01
4.047441023873345478e-01
-8.010886783257132882e-01
9.992472940917096480e-02
9.999561879144649446e-01
1.000163407822122208e+00
-9.999103429016088507e-01
-6.000302250994747899e-01
4.074668537628281517e-01
9.019393371737544074e-02
4.029849301378428117e-01
9.999677700742645725e-02
4.088671748163985042e-01
-6.537621364424894832e-02
-3.332761524031903067e-01
-5.998874180172680814e-01
2.053350051768347562e-01
9.998327716400535747e-01
-1.000025448717382304e+00
-7.955120690208941081e-01
9.999253116960937771e-01
3.995078068625136924e-01
-6.000951887875747293e-01
9.997480797533786490e-02
-5.613002738065097502e-03
-2.692905232003682814e-01
-7.853859263021923942e-01
2.127023172717976141e-01
9.992458845041643500e-02
9.999409484734744780e-01
2.171541536064724165e-01
1.934527087647688881e-01
-2.415621691073079891e-01
-1.000114333269790823e+00
-3.558275461202532047e-02
3.938630603557904952e-01
-8.127346466507479050e-01
2.142174727047725102e-01
1.000065554663498224e+00
-7.955409377877178390e-01
-6.000074788863744013e-01
-1.000172706247644205e+00
-2.983183509204318656e-02
-2.728124803672825616e-01
-6.000861231495482340e-01
-1.170876865448131250e-02
1.852706249626740742e-01
-1.000064928979504053e+00
1.000083548173802184e+00
-7.901293857383893116e-01
4.022030539277827166e-01
-2.582134004042635489e-01
9.997786571173385983e-01
-1.000025622990023955e+00
-7.460238279245777482e-02
2.215476774006287786e-01
9.995351066959680397e-02
-7.848741709170190539e-01
-2.692886443432849775e-01
5.110636184483855621e-02
-3.040225533258458790e-01
2.061267982334792359e-01
-1.302021258616896555e-03
-5.999225910693187780e-01
-6.001073436295241148e-01
4.077913003850943130e-01
1.000101484019064735e+00
1.000045489682574590e-01
-2.971167073642860257e-01
1.897138261962262595e-01
9.999394410525705434e-02
1.001756778090777955e-01
-7.985336500781694546e-01
-5.999820803647866185e-01
-5.998499728411591514e-01
1.000067323106512029e+00
-5.999664861554133699e-01
-5.999990743162458839e-01
1.000130006749995637e+00
2.026996530241751970e-01
-7.947808269405238768e-01
3.946482394932511739e-01
7.829048361410047632e-03
1.813607716026006955e-01
-7.862728509483902783e-01
-9.999952003786244381e-01
-7.952331440086232162e-01
-1.000284724931921776e+00
1.000065147707441371e+00
1.000032330732078645e+00
-7.988729914260482845e-01
-2.878409564845468838e-01
-2.371885220836203456e-02
-7.922580759214382651e-01
1.000170663859374143e+00
-5.999371111508330356e-01
9.990359005424574723e-02
-1.000120528980544599e+00
3.869781686877561411e-01
1.998816965413610647e-01
1.000160776012068986e+00
-5.999399663794171556e-01
-6.000318454754893782e-01
-3.233263800672919741e-01
9.998933053682240724e-01
9.997312394224325272e-02
9.999666354653624634e-01
9.998983562670951120e-01
-9.999310181877519854e-01
3.997500676898928518e-01
1.000862466710208259e-01
4.082952462672679861e-01
1.000451563768962049e-01
-4.817240925202284640e-02
9.530824505710983052e-02
2.031551391186683098e-01
3.976184516505423816e-01
-7.983625474100365382e-01
-6.000123277211998341e-01
4.016881044224187014e-01
1.000009725492297497e+00
-4.584127844683538733e-02
-8.071965715913358430e-01
3.902751744018064239e-01
-1.663750305769003957e-01
1.974978355032626642e-01
-1.000026369975928864e+00
-2.289093632566235326e-01
4.102194493569135680e-01
2.015654675818968344e-01
-5.061484951519467507e-02
9.998743151071293189e-01
9.999219926454313567e-01
1.000062302005844783e+00
1.000452760589004148e-01
-1.527421031741163504e-02
-1.000024706442738553e+00
-2.272989348642287522e-01
-2.903851833450776243e-01
9.999728824635542024e-01
-7.943193099151895087e-01
-7.876008023137354153e-01
-6.000912491533558768e-01
-3.254157013010319788e-01
-9.999662705261486151e-01
1.889489865716965644e-01
9.987838633218222573e-02
-6.000527056985162089e-01
2.595600666026937065e-02
1.000050491088505300e+00
2.046160577752592635e-01
2.037714385301490350e-01
1.538182465633330769e-02
-2.580708324396404074e-01
-2.536513674373151450e-01
-4.014743338134855732e-01
4.074771209925721061e-01
-2.685692176209119597e-01
9.999025320715180243e-01
9.998802052838622334e-01
5.750416075217820722e-02
2.077962652048032932e-01
2.224493167196079924e-01
1.750979286211945193e-02
-2.608917682139230143e-01
-5.998587952524271349e-01
-1.000009575670144368e+00
1.966421531501723052e-01
-1.276707241117612003e-02
