-6.000079704171247252e-01
-6.000939797490001393e-01
9.999451840953320625e-01
1.745481924443532257e-02
-1.000083376430152216e+00
-8.101232294801947731e-01
-5.999282832696530843e-01
3.735347760782829762e-02
-7.919789507814730678e-01
-2.539742651538245966e-01
1.002215018163270105e-01
-1.000099042419017037e+00
2.164167857622025237e-01
-1.207649389331857948e-02
2.089996449741606810e-01
4.070050603230923603e-01
-1.153000142076119998e-02
-1.000075331927197775e+00
1.858633098888716750e-01
3.956911444281170642e-02
3.959133854703555389e-01
3.975289063369642495e-01
-2.979297292197938818e-01
-7.878597624921822584e-01
-9.998841617812608273e-01
4.072339029874917360e-01
-3.338108598417384165e-01
-6.000294747859096223e-01
-3.561848994733041174e-01
1.000791093414053201e-01
-1.000223145358472898e+00
-8.108783799133713055e-01
-7.887948486338647314e-01
-1.000118392151396751e+00
-1.426364196377073734e-02
9.998526267912728471e-01
-1.000045038562491273e+00
1.000004269782879707e+00
3.939345578570875306e-01
-6.000514228797542149e-01
9.999869038504952679e-01
-8.094449255072153626e-01
-2.989333908963184849e-01
9.985750769118414971e-02
-2.532109931431225647e-01
4.133154992083999946e-01
1.000317342942559778e-01
1.000437340563127830e-01
9.995562459216818241e-02
2.025843834854830217e-01
-9.997742630206387648e-01
-7.922621458301570829e-01
3.927767978846437025e-01
4.053730359167418418e-01
-2.196297676056319648e-01
-9.998967384936309211e-01
-8.174436352116106752e-01
4.048546628963679561e-01
-3.935803570410653651e-02
-9.999461207029956000e-01
-1.234882343456954329e-01
3.895279388682612032e-01
-9.997576725823725807e-01
-3.501872304003773584e-01
-9.999793011490150096e-01
9.994750614179044590e-02
-9.998811407864089951e-01
-5.134839485910071277e-02
-8.037103947855711583e-01
4.121218638092683517e-01
-5.997375845167999264e-01
-2.993159787616371248e-01
1.000452215424279118e-01
-4.481509443222409655e-02
1.921711332071457112e-01
9.992165134352282152e-02
2.149348999623147960e-01
1.000137247818808861e+00
-8.885261323877255077e-03
-8.111340054603969341e-01
3.977179372108274880e-01
4.012907823565956544e-01
2.017856099450496821e-01
1.979667853731038873e-01
1.000034083318653622e+00
3.876054004905497008e-01
-9.999444201574307911e-01
-5.999706261271967600e-01
-9.999145906212046908e-01
7.996182971034661302e-02
-9.998714951687366348e-01
1.000398226664139245e-01
9.989642024429006006e-02
-5.999027884709287051e-01
7.495923889789830180e-03
-8.099211694180659116e-01
-7.952826320023583806e-01
-2.198883949142357574e-01
4.002294266967870162e-01
-2.381438681700346893e-01
3.951642216029964128e-01
-7.967038900577469995e-01
-2.823249682681094330e-01
9.998367725466535127e-02
9.991341580979873349e-02
9.999788541024733357e-01
-2.324135689071147801e-02
4.174060062534214466e-01
9.999897007885562294e-02
-2.916403953549612238e-01
1.909363033870267179e-01
-3.476906442709188916e-01
-5.999825081903231716e-01
9.999818055921934068e-01
3.901965131015776578e-01
1.943907691982712238e-01
9.985318216319738482e-02
9.999448451209190791e-01
-1.000071919867307813e+00
3.957025800628178880e-01
1.000123897928298700e+00
3.955539691236377720e-01
1.001934750470729468e-01
4.208575144134122925e-01
-6.001426040148291063e-01
4.061560103469635807e-01
-3.328440621463475968e-01
3.864135918182569074e-01
9.999074798181578627e-01
1.000040196375702406e+00
1.000110375058790718e-01
1.885296112584593231e-01
4.045032833210293055e-01
-8.016220549520742811e-01
9.992245633983205810e-02
1.000119223821440029e+00
9.999272223035350349e-01
-9.998520182517319776e-01
-6.001937250462454632e-01
4.105322569077589079e-01
4.915552720794163361e-02
4.059991516497873376e-01
1.000959974341327358e-01
3.915018574142511976e-01
-5.665011136125658320e-02
-2.238018631562992966e-01
-6.000975614891226328e-01
2.113403381342965348e-01
9.999872568610514989e-01
-9.999903825854686845e-01
-8.035165372916664994e-01
9.998438106408451542e-01
4.013888915810479019e-01
-6.000272788129236146e-01
1.000948982969627893e-01
2.289007198428360743e-02
-1.446516906692195958e-01
-8.081109159266305353e-01
1.953435260244675842e-01
9.991578422120382663e-02
1.000044174904154426e+00
2.055891491815992067e-01
1.935729778375747667e-01
-2.966647320923717079e-01
-1.000221487785172947e+00
-4.936733033102075341e-02
3.998588078675782143e-01
-8.029169400748518148e-01
2.084905624766885124e-01
9.999464038284205936e-01
-8.000794804017300477e-01
-6.000181560382689128e-01
-1.000134532999179759e+00
-4.434021992820065539e-02
-3.241135310793524238e-01
-5.998507351361487272e-01
1.139366105401064949e-01
1.891013032744870981e-01
-9.999439823823508267e-01
9.999384124904341364e-01
-8.104383004909508914e-01
3.949266564606829788e-01
-3.239917353356759344e-01
9.999433683201588430e-01
-1.000179187905237077e+00
4.416814677447663401e-02
1.973608193562637336e-01
1.000665565144572278e-01
-7.725938624737074267e-01
-3.144218207739968851e-01
3.551021763001922099e-02
-2.850835168665507013e-01
1.979770949936526525e-01
2.979231141129874694e-02
-6.000225567629280388e-01
-5.999140001307695647e-01
3.908308302647608423e-01
1.000031325076703892e+00
9.997048590960221082e-02
-3.729708748148827246e-01
1.978447311293084765e-01
9.996549955342627636e-02
1.000188697970338519e-01
-8.090529197151212770e-01
-6.000277122079296088e-01
-6.001138386654213397e-01
9.998312857014883814e-01
-6.000151396893570466e-01
-6.001664546534000166e-01
1.000079293595757646e+00
1.982941845574578976e-01
-7.940764632052407235e-01
4.002480456897328787e-01
-4.140726289946922156e-02
1.866381557525350898e-01
-8.214360065653102394e-01
-9.998267657413713039e-01
-8.082633056434431751e-01
-1.000121629857757988e+00
9.999933336893860325e-01
1.000016932500975564e+00
-8.026768766491056972e-01
-2.805528761980530250e-01
-3.103171282784844554e-02
-7.994633784883385941e-01
1.000103021290375205e+00
-6.002959044473310524e-01
1.001778765530115661e-01
-1.000013612496474025e+00
4.043296081904259598e-01
2.034319263795662247e-01
9.998531020434628935e-01
-5.998904057202076867e-01
-5.998534619245418087e-01
-3.265122339533555462e-01
1.000025258647130322e+00
1.000618962808702689e-01
9.999014785589027676e-01
9.998812015320258650e-01
-9.998206011669734661e-01
3.998290660120507600e-01
1.001327436082003058e-01
3.962816603349233469e-01
1.002030410776799524e-01
-3.455658086986854866e-02
4.330673603523082366e-03
1.888057385039020319e-01
4.036305907389136638e-01
-7.973434949920293890e-01
-5.999045929234801955e-01
4.103708927356909952e-01
1.000021295079465578e+00
-3.369595313487058069e-02
-7.980195944277114206e-01
4.073053215718959730e-01
3.703183923382741966e-02
2.022747191958431667e-01
-1.000070913831634600e+00
-2.403981271731945868e-01
3.876315511909918521e-01
1.875974947253866987e-01
-3.936375169439383648e-02
1.000092683109641278e+00
1.000094971060208504e+00
1.000084703358289584e+00
9.995743937722632866e-02
-3.463884127427775336e-03
-9.999484582292216261e-01
-3.069240225693225521e-01
-2.971475827895049271e-01
9.999992372909117799e-01
-7.935426839706672952e-01
-7.988568696244398026e-01
-6.000948446576792605e-01
-2.329085384650468604e-01
-1.000058117584184947e+00
1.867942302535288146e-01
9.985737110850957665e-02
-5.999634815072849570e-01
-3.148486915884552567e-02
1.000027078361836574e+00
1.997232201690696263e-01
2.031089583957019218e-01
7.468819214626608305e-02
-2.871794203402450174e-01
-3.478359627620966066e-01
-3.187892400379643276e-01
4.094376486544922256e-01
-2.999309913694270247e-01
1.000154895451313086e+00
9.999391627781404335e-01
-1.216644060735519589e-01
1.824591172624746294e-01
1.925858346869516735e-01
7.150227387997511175e-03
-3.267457834581704024e-01
-6.000430221446367840e-01
-1.000000889434308204e+00
2.023186971550950675e-01
6.007112849418330680e-02
