-5.998526405102460046e-01
-5.999828422153141716e-01
9.998291410767981002e-01
-6.718371678407880632e-02
-9.999925559050021340e-01
-7.829788026610950968e-01
-5.998587568761803990e-01
-2.676130875810238396e-02
-7.834065264497220848e-01
-2.859466031201555736e-01
1.000222953408209797e-01
-9.999714468271084788e-01
2.021368254524865682e-01
4.808115838058869135e-02
1.847926246151892771e-01
3.988393543775852201e-01
-3.271394783415932771e-03
-1.000147849049636717e+00
2.074470021929842034e-01
-2.010628635562507205e-02
3.767217689271514236e-01
4.149875808115231490e-01
-2.723742993420650294e-01
-8.055351331139259941e-01
-1.000107022349677521e+00
4.042068265504532021e-01
-3.653940927229927249e-01
-5.999139212623225692e-01
-2.753559327595060946e-01
9.999693725090243179e-02
-9.999781106066198966e-01
-7.882055878931220061e-01
-7.997036101618107962e-01
-1.000114970176961382e+00
1.689386515012803944e-02
1.000028913833288069e+00
-9.999459961851455692e-01
9.998496682504789401e-01
4.033120854289727331e-01
-5.999104640494056229e-01
9.999952764843327291e-01
-7.916721560414605730e-01
-2.240600278491738373e-01
1.002585769951437195e-01
-1.741283789064888010e-01
3.950420239457960170e-01
9.996201620440002544e-02
9.996132560902293296e-02
9.995544467515984910e-02
1.986931093884048427e-01
-9.997233859463687811e-01
-8.084514325031073589e-01
4.069800492561633787e-01
3.883679709174202577e-01
-3.462344473857126292e-01
-1.000020513745884410e+00
-7.889150769177433187e-01
3.824001775768573475e-01
-2.509221393928670607e-02
-9.999594625233187983e-01
1.868610561882052545e-01
3.904181079369184459e-01
-9.999848785341121093e-01
-3.004965656007789199e-01
-9.999248040417878514e-01
9.998273803529812709e-02
-9.999673498441935537e-01
-1.703990213955737174e-02
-7.921601427191402589e-01
4.037159383160219828e-01
-6.000430276787969142e-01
-2.871140178844464597e-01
9.993870508135660469e-02
-1.034109748791494851e-02
2.023873985974939116e-01
9.984699843386785068e-02
2.222993219597919623e-01
9.999830223763241932e-01
1.181667974255098258e-02
-7.954638527697386330e-01
4.163959240309715315e-01
3.974609591705573486e-01
2.103315085764868586e-01
2.291764527629555626e-01
9.998292907243249150e-01
4.213420869728483620e-01
-1.000166197576633387e+00
-6.000853062718932707e-01
-1.000103254039544254e+00
-2.319780811663451139e-02
-1.000141948148747462e+00
9.997752977097072724e-02
1.001628563422690410e-01
-5.999507744416587851e-01
2.821070464865385596e-02
-8.002163703363076586e-01
-8.017607299359409412e-01
-2.715216986337230520e-01
4.060345012241866614e-01
-2.560035935699798149e-01
4.076403972749839677e-01
-7.962725283506395524e-01
-2.454384274876965644e-01
9.997905004462412371e-02
1.000090458673524307e-01
9.999667235982863112e-01
2.299731120272734478e-02
3.790332347246648803e-01
1.000988569020470620e-01
-3.675641739590682633e-01
1.917728647031088640e-01
-3.590869013133238807e-01
-6.001441383227101856e-01
1.000106444240449255e+00
4.087812237447818742e-01
2.091263384889677224e-01
1.000416755954745690e-01
9.997671851710413504e-01
-1.000213487176934368e+00
3.976266877473330075e-01
1.000165860522340466e+00
4.073066289833109366e-01
9.996078213345632735e-02
3.964522872903156747e-01
-5.999029331878357185e-01
4.091641737232004084e-01
-2.628707407965734100e-01
3.869225087159044452e-01
1.000151620213037829e+00
9.998537459442502495e-01
9.993924375429284745e-02
2.007397843159922368e-01
4.009556242992678987e-01
-7.958107710103917709e-01
1.000323651379154688e-01
9.998693666740268160e-01
9.999473504783406019e-01
-1.000046846322069749e+00
-5.999808980111775991e-01
4.089241852035653269e-01
6.358206486662430768e-02
3.897376529312222559e-01
1.000991264244328882e-01
3.980607217061892245e-01
-4.261786082749390719e-03
-2.998554882255138887e-01
-6.000412118341372780e-01
1.959315015236788582e-01
1.000050863128294498e+00
-1.000197183685057833e+00
-7.876867991667186875e-01
9.999811472502130316e-01
3.853091615323119834e-01
-6.000861171687222884e-01
9.998822721768557686e-02
4.641586011787925820e-02
-2.568277490629207738e-01
-8.032537935177195276e-01
2.067635265775254749e-01
9.995895416249854504e-02
9.998025410566256932e-01
2.220548124762566078e-01
1.900084402422796692e-01
-3.418621319465205977e-01
-9.999193077577294142e-01
1.499798394923165237e-03
3.965518228845326676e-01
-8.022336387159885174e-01
2.224150743032309585e-01
9.998890660511007278e-01
-7.966461454295113986e-01
-5.997560934469202687e-01
-9.999778638965810540e-01
2.301531454279601152e-02
-2.901908728860466136e-01
-6.001566889561036344e-01
-1.755185684953510308e-02
1.914545241705603862e-01
-1.000003907365944578e+00
1.000058535635069745e+00
-8.149990265483852969e-01
4.083081539170451690e-01
-3.416803409381978796e-01
1.000152467624852548e+00
-1.000001049354231508e+00
4.694639011254527622e-02
1.853804091908959339e-01
1.000301979095190863e-01
-7.984675261574160077e-01
-3.943870581507324946e-01
-5.854854393673717544e-02
-2.204819764420742068e-01
2.012653841147534761e-01
-9.154324690213246074e-02
-5.997894205246673272e-01
-5.999738302009277602e-01
4.030580330462240624e-01
9.998724820949018710e-01
9.993882193700930061e-02
-4.349573772920592996e-01
2.043061526107122772e-01
1.000185362192773791e-01
1.001781969669789940e-01
-7.839886315294619656e-01
-6.000664496691721084e-01
-5.999244945796535777e-01
1.000033937365972125e+00
-5.999977978411416002e-01
-5.999283320424203536e-01
1.000224954282403322e+00
1.900676909604498144e-01
-7.900885156253749653e-01
3.972382341144116147e-01
-2.247798652702171981e-02
1.981606538358340053e-01
-8.054542678395678612e-01
-9.999871411848948455e-01
-8.062774725489889605e-01
-1.000052457728289435e+00
9.999536279138527828e-01
9.999882162099033023e-01
-7.819196953482380197e-01
-3.135375520315030751e-01
-4.978353231006916318e-02
-7.966982672804571175e-01
9.999889922239537654e-01
-6.000990752683397211e-01
1.000394138143508443e-01
-1.000021532490105169e+00
4.030856060882153091e-01
2.193260211909863477e-01
9.998952507612975937e-01
-5.999500808036999366e-01
-6.000554199304269920e-01
-3.207415105991101023e-01
1.000050592300118613e+00
9.994249152919157386e-02
1.000097299714773014e+00
1.000072800657735073e+00
-9.999890601051565353e-01
4.105355138013062621e-01
9.998622057142951547e-02
3.914895999579815489e-01
1.000270219308294628e-01
-6.919527436144840005e-02
4.089799136633216758e-02
1.984114906161204561e-01
4.176342149238893020e-01
-8.010007318907835794e-01
-5.999195523618364723e-01
4.052580350537196563e-01
1.000032982757784961e+00
6.723036608894421284e-02
-8.120245229727087732e-01
4.107503338843310758e-01
8.655237363656859704e-04
1.902111666891417030e-01
-9.999013614179749210e-01
-2.607292435378113504e-01
3.968296890476220029e-01
1.930393010994420622e-01
-1.208993671749804787e-02
1.000020668908137900e+00
1.000077421231434061e+00
9.998710610954820721e-01
1.000183484883423873e-01
6.030860657348793320e-03
-9.999222083630747715e-01
-3.057536033475550252e-01
-2.208016160377408443e-01
9.999756987888327453e-01
-7.958400576274036187e-01
-7.920701587354775919e-01
-5.998311961008206961e-01
-3.704089955481716379e-01
-1.000053439205525363e+00
2.020893258991970365e-01
9.991511653280496508e-02
-6.000007528769980558e-01
-8.441452527507743719e-02
9.998675934049836567e-01
1.940144437156186563e-01
2.147246654846834413e-01
5.081907661001603543e-02
-3.174141841621162530e-01
-2.820946684966536555e-01
-1.642747182387892246e-01
3.929760629354191459e-01
-3.639010214032407653e-01
9.999818268096929419e-01
1.000086583150950448e+00
9.739176551807482429e-02
2.000162579654167216e-01
1.854656979178042897e-01
1.235204331726821002e-02
-3.120321938601745004e-01
-6.000571375306715804e-01
-9.999393345470464212e-01
1.920327521836891482e-01
5.570035148462001984e-02
