-5.999783335142790941e-01
-6.000427376251071809e-01
9.999524714963847760e-01
-3.316223712962029085e-02
-1.000000758459733685e+00
-7.944212886829653542e-01
-5.998964385475387129e-01
2.346566619312794033e-02
-8.052974086415048971e-01
-3.736517279067469999e-01
1.000123727789574424e-01
-1.000098389432714452e+00
2.114322213894783697e-01
-4.440652109925163384e-03
2.169481185633921339e-01
3.976454583082025263e-01
-3.315249009947583009e-02
-9.997839959623114892e-01
1.917898557326868370e-01
-1.858211736624776345e-02
4.120933686673966534e-01
4.024605542657964108e-01
-2.947025732264444420e-01
-8.095990390718614815e-01
-1.000088346334162548e+00
3.924028481744217811e-01
-2.416662933389936985e-01
-6.001100097517033660e-01
-2.547409626262255866e-01
1.000352716450855495e-01
-9.999900329972669644e-01
-7.908874738693841833e-01
-7.993531817994630195e-01
-9.998163698147165546e-01
4.649904880789848885e-03
9.997814673172992217e-01
-9.998792417838623381e-01
1.000026546103517822e+00
3.942614363416717671e-01
-5.998261672472672279e-01
9.999853038943207206e-01
-7.920868046498026338e-01
-3.074417215031138295e-01
1.000678558905927357e-01
-3.649737587820076068e-01
3.985322717400390236e-01
1.001096733412287915e-01
9.990747397832004661e-02
9.998454919530717910e-02
2.019654303106446502e-01
-9.998085182260391113e-01
-7.963256383133479055e-01
3.877508451891195640e-01
4.025717263575511184e-01
-3.133737709196388610e-01
-1.000068397888355110e+00
-7.934260625344343731e-01
4.028243006851315311e-01
-7.900320137579835977e-02
-1.000113294784054530e+00
5.164164580880219874e-02
4.003064234829432633e-01
-9.999836426343132745e-01
-2.994504866200461968e-01
-9.999491044761390501e-01
1.001630445941215503e-01
-1.000018311877724386e+00
1.777166959869724491e-02
-8.091026424461744693e-01
3.962283175171058547e-01
-5.999510752759490417e-01
-2.680807012685714197e-01
1.001256349007787760e-01
1.179463710625991771e-02
2.048177299505062887e-01
9.998305543086857816e-02
1.877159796424899552e-01
1.000008731143675611e+00
-1.131689703642161336e-02
-8.029829798165925014e-01
3.928628760958151611e-01
4.131021085345895072e-01
1.985872299916706107e-01
1.949277243134057980e-01
9.999863445288774688e-01
3.987024614156290947e-01
-1.000194567139077062e+00
-5.998476630489011363e-01
-1.000125442857406233e+00
2.667148576604436161e-02
-9.999964550445981093e-01
9.992553543139594263e-02
9.988492516066672933e-02
-6.000678879456136094e-01
2.776525195153867892e-02
-8.111321718120154678e-01
-7.920502347083847594e-01
-3.272593968522400365e-01
4.068543170803379239e-01
-2.774596483990930951e-01
4.073542692032394164e-01
-8.116824298327875997e-01
-3.224672993766026230e-01
1.000255005862910052e-01
1.000952041457714714e-01
1.000003285122433638e+00
6.618863485221944398e-02
4.165037419930719964e-01
9.985913616981299812e-02
-2.696467928757123045e-01
2.169152659274655726e-01
-2.619965961474531313e-01
-5.999709246347801894e-01
1.000090636113001974e+00
3.752496417786895799e-01
2.141507234777208224e-01
1.000819197786211034e-01
9.999076276570776356e-01
-1.000091351075729218e+00
3.908700809664542031e-01
9.999762843192713246e-01
4.180234255316294112e-01
9.991884272645018550e-02
4.132596584939317030e-01
-6.001201283672391584e-01
4.142510065833741595e-01
-3.296527781286934800e-01
4.086391318409191009e-01
9.999962029485659487e-01
9.999280593448494070e-01
9.976619087751198434e-02
1.957204181737128568e-01
3.892945464806505940e-01
-7.928762113969646252e-01
9.997309487171084086e-02
9.999306241645744553e-01
1.000069101837438357e+00
-9.999669506789734541e-01
-5.999391509998261984e-01
4.075999770821039925e-01
4.601723416434751537e-03
4.013736237060798739e-01
9.997851820797358513e-02
4.013705841969145149e-01
-1.086285505940912804e-02
-2.234143051194208418e-01
-6.001075282839648528e-01
1.897312923627570147e-01
1.000072014022938216e+00
-9.999554478189940365e-01
-8.083795165227318780e-01
1.000108133150938272e+00
3.902770703462694613e-01
-5.999938311238363076e-01
1.000898164843417176e-01
5.534351526943032118e-02
-3.076681394624308230e-01
-8.099117856517280556e-01
2.112866055717408653e-01
9.990918436776637102e-02
1.000118676732604017e+00
1.873262540269380882e-01
2.069696654216862663e-01
-2.165533837232016812e-01
-9.999002714187168461e-01
-3.608894820305420109e-02
3.873861656260128017e-01
-7.975630623171683364e-01
1.994508386378590348e-01
9.999211585781324629e-01
-8.055771971316176838e-01
-5.999701007248087192e-01
-1.000103148266128450e+00
4.269535899830258219e-02
-3.149286190121592388e-01
-5.999567324726915452e-01
-1.040706467708809035e-01
1.927099802378793303e-01
-1.000001439054183372e+00
1.000000857746451199e+00
-8.185082209611594939e-01
4.103793916197808200e-01
-2.667583580141883459e-01
9.999948526854328668e-01
-1.000174876486877418e+00
4.807127320194309189e-02
1.961975462064163012e-01
9.993783842612230517e-02
-8.173492409609377507e-01
-2.587273767311171202e-01
6.355517736132700567e-03
-2.956427541610773257e-01
1.942964249176588054e-01
3.050114533709331888e-02
-5.998610121450517196e-01
-5.999325591849081762e-01
3.875143641705685593e-01
1.000099968070452761e+00
9.992033680207162982e-02
-3.149912194156493928e-01
2.024293977981631021e-01
1.000736290328608363e-01
9.993443221970368939e-02
-8.095346563096739168e-01
-6.000283752410771054e-01
-5.999754923488912484e-01
9.999306763021786892e-01
-6.000700156531526552e-01
-5.998954187800064064e-01
1.000138303355585956e+00
2.210942380332497070e-01
-8.083488024001729277e-01
4.127198927943744877e-01
-9.368524883568070741e-03
2.075537934112332006e-01
-7.905393776158496921e-01
-9.999906463495631392e-01
-7.965440714842231262e-01
-1.000073544017686000e+00
9.999178358264613209e-01
9.998712929324894416e-01
-8.029760123183032894e-01
-2.895660082463493157e-01
-1.556693778406188083e-02
-8.103989334380778953e-01
1.000089503322562301e+00
-5.998033887721604396e-01
9.995441502789394195e-02
-1.000046429645672363e+00
3.943613345334446296e-01
1.918853074331015596e-01
1.000041283983970963e+00
-5.999673695897433934e-01
-5.999557908773577308e-01
-2.459656964645710597e-01
1.000081288903411192e+00
1.000225186004125438e-01
1.000075260557954149e+00
1.000056503692005494e+00
-9.998787615995600175e-01
4.156740343857660558e-01
1.000957301645548081e-01
3.965099673732491725e-01
1.000351264387952938e-01
8.543523431536934054e-02
-4.549787362425674470e-02
1.849221878110951234e-01
3.828738356490967165e-01
-7.980516683412670620e-01
-5.999064237496135599e-01
4.045400541220214308e-01
1.000003133859896920e+00
-1.325127160541803295e-01
-7.895241993722470486e-01
3.979404054232250076e-01
6.891373662510594245e-02
1.956414009626842310e-01
-1.000037946209823003e+00
-1.697407084206431216e-01
4.051464241948296574e-01
1.902729256875544672e-01
1.846440411685369015e-02
1.000156326512023020e+00
9.998491899385518744e-01
9.999100301499161958e-01
9.998791452653101042e-02
-2.941367700111760519e-02
-9.998384375552238357e-01
-2.032497762955360887e-01
-2.209530653036816394e-01
1.000087439720689142e+00
-8.085428735599269334e-01
-7.952775030356153962e-01
-6.000987226180257705e-01
-2.355299615199650254e-01
-9.999983020168164982e-01
2.072848242069033065e-01
1.001521516402619910e-01
-5.999832475150934652e-01
1.799843333816945196e-02
9.998391036446652169e-01
2.140696631916479131e-01
1.909839084327328851e-01
-4.372939597410308715e-02
-2.379664451631879063e-01
-2.515994289824450836e-01
-3.303614252100877113e-01
3.868930515582922336e-01
-3.216756452347216411e-01
1.000139231261122585e+00
9.999997361792832828e-01
1.017444643430751167e-01
1.815342796715021523e-01
1.991752395872315173e-01
-3.945862758955862720e-02
-2.335421450918641895e-01
-6.001188932104184470e-01
-9.999127729590364666e-01
2.095837553602475367e-01
6.501703767136758627e-02
