-5.999415421826975736e-01
-6.001729291878261652e-01
9.998912049799612012e-01
-3.126944656932309496e-02
-1.000132048261021200e+00
-8.184539901686189722e-01
-5.999639422295161006e-01
5.072397049077674407e-03
-7.822832088776509041e-01
-3.838008098487204478e-01
1.001979781031144545e-01
-1.000037225325956181e+00
1.899684240262839996e-01
-1.340578771827600768e-01
1.964584858092886244e-01
3.812174759338046170e-01
-7.070264626947380011e-03
-9.999512478619905220e-01
2.018810981096466894e-01
1.342086777297541757e-02
3.893713299626776481e-01
3.918882015979622269e-01
-3.377701002717948264e-01
-8.018312350359600993e-01
-1.000054125770057700e+00
3.791082630574613699e-01
-2.872696560457776438e-01
-5.999780405889497681e-01
-3.261372857643735079e-01
1.000173749616293795e-01
-9.999447863354582466e-01
-7.881459611255894337e-01
-8.149927736787745403e-01
-1.000131721094695392e+00
1.779822281662980440e-02
1.000194662889640762e+00
-9.998443793749262065e-01
1.000046037498061091e+00
3.919612317786539957e-01
-6.000539013447715453e-01
9.999119022120483979e-01
-7.915304533814883081e-01
-2.917898350259275353e-01
9.992155567891865264e-02
-3.819621662893880054e-01
4.044643965705114752e-01
1.000380574521518295e-01
9.997888724309618447e-02
9.987378216764419836e-02
1.935721651604036253e-01
-9.998732330653865574e-01
-8.026750924855268199e-01
3.914081466360727068e-01
3.923165252252970858e-01
-3.164381790268984140e-01
-9.999875377607077009e-01
-8.031885863857687324e-01
3.868495729619250145e-01
2.415999958241663026e-02
-9.997619986037687978e-01
-6.987984197101203276e-02
3.809760000182190742e-01
-9.998741788492863103e-01
-2.507126723620368702e-01
-9.999636543096727115e-01
1.000140166253341706e-01
-1.000026065543534237e+00
3.576226321764315597e-02
-7.997673151317592488e-01
4.082469602950511423e-01
-5.998770811374120049e-01
-3.054252729669863498e-01
9.989548986588570045e-02
1.358135527551553381e-02
1.897158083077369606e-01
1.000506109525553800e-01
2.151770959344389278e-01
1.000069001641902933e+00
-4.477280497941087817e-02
-8.192905538547154976e-01
3.975955494393715872e-01
4.061205478364106058e-01
2.018175070008584038e-01
2.038575993425879029e-01
1.000053583186876649e+00
3.977565859654373925e-01
-9.999382381867850667e-01
-5.998690324492667036e-01
-1.000058798170925911e+00
-8.971557650029411690e-02
-9.999327227314083189e-01
1.001158339673640374e-01
9.996122777704834206e-02
-6.000511785617552718e-01
5.460493529685605564e-03
-7.995400223588483568e-01
-7.958842317655819842e-01
-3.146288381466509354e-01
4.071585701071490648e-01
-3.421610589944877323e-01
4.025989789593020785e-01
-8.196318050200434024e-01
-3.501264312898397790e-01
9.994288019523618616e-02
1.000295970157488445e-01
9.998779895277983831e-01
-1.853952668418093128e-02
3.968189853000118616e-01
1.001821250692365162e-01
-3.147402369420856383e-01
2.159862962810301101e-01
-3.941126349441629317e-01
-5.999699834157106171e-01
1.000100509789112913e+00
4.083379903828526225e-01
2.140311655103520894e-01
1.000822951318984522e-01
1.000098834019233163e+00
-9.999825416791779942e-01
4.012816138355372320e-01
9.999561481297611909e-01
4.086446561232212060e-01
9.996989761575313105e-02
3.917178925294994007e-01
-6.000129413423298530e-01
3.892460873096563745e-01
-3.629383765860717537e-01
3.945357488315974770e-01
9.999005554719828659e-01
1.000073946227578059e+00
1.000566218651817302e-01
1.834675194641156581e-01
4.113283006725019231e-01
-7.963091463169601480e-01
1.000358802255931073e-01
9.999059495274260634e-01
9.999745811483885527e-01
-1.000124326410269937e+00
-6.000348663882648648e-01
3.965579341033610983e-01
2.797243577756788543e-02
3.893426589282470984e-01
9.989678106288558956e-02
4.006212380283396546e-01
1.549219778766096345e-01
-2.867882181844118028e-01
-5.999867764619685184e-01
2.161058861574763346e-01
9.999923151181676628e-01
-9.998783795003380881e-01
-8.158969015828234639e-01
9.999096340061861543e-01
3.976927566438785422e-01
-6.000446016307670050e-01
9.997711062810835103e-02
3.608812147456915038e-03
-2.980091768202650093e-01
-8.099834641729638518e-01
1.983205653496400989e-01
1.000035925449064000e-01
9.999261594900853423e-01
2.204033731458843182e-01
2.159375145046590616e-01
-2.453881495396879886e-01
-1.000093970856215986e+00
-1.090168290340948754e-01
3.933409972567327717e-01
-8.003902495491242997e-01
1.882503035559782434e-01
9.998506019216666374e-01
-8.025161065974025787e-01
-5.999469020754727433e-01
-9.999113045422290957e-01
-2.365866634694588355e-02
-2.457354532267272407e-01
-5.999446388411842079e-01
-1.111176664094664854e-02
1.933724834307362084e-01
-1.000064189927833969e+00
1.000042329768864979e+00
-7.857303034957129340e-01
4.033738467980079179e-01
-2.771545579207444487e-01
9.999592840442078634e-01
-1.000092425579307331e+00
9.259900930981222744e-02
2.029997632827342247e-01
9.998205820229534579e-02
-7.844429227710804087e-01
-2.740523537920853681e-01
-5.409148230511313937e-02
-2.145842660052239836e-01
2.047686997771017148e-01
4.192928480557972515e-02
-6.000181162721072159e-01
-5.998862136333562578e-01
4.056204524913870624e-01
9.999838866750881960e-01
9.979785791272760553e-02
-1.674433983885102728e-01
2.092569294048995943e-01
9.984930394367200202e-02
1.000033463037385134e-01
-8.094155404194851577e-01
-6.001435913570796199e-01
-6.000856745491948141e-01
1.000052840552879019e+00
-5.999540548632799064e-01
-6.001541517243927926e-01
1.000112871641725798e+00
2.030361307018009598e-01
-7.939611325945290510e-01
3.825577984035254953e-01
2.890217963024889480e-02
1.900860407385839557e-01
-8.020934858352438690e-01
-9.997841465679270234e-01
-8.023301338850852282e-01
-1.000041285882142361e+00
1.000053814869369395e+00
9.998693713932211846e-01
-8.139897997265529428e-01
-1.790088566120049962e-01
-4.955344201761677919e-02
-8.109188242334240959e-01
9.999595356029580273e-01
-6.000549085026832818e-01
1.000013789084085031e-01
-1.000156016468277453e+00
4.009253183178302926e-01
2.084932489509070674e-01
1.000099587775613141e+00
-5.999793536272137739e-01
-5.999554061162215568e-01
-3.391344902257752425e-01
9.999760800828726426e-01
9.985272126650363012e-02
9.999124736634734667e-01
9.998219019691619858e-01
-9.999107017644492945e-01
3.786144488884560788e-01
9.991977061996690224e-02
3.925084636798509830e-01
1.001382670271935144e-01
7.327887795590558306e-02
-3.685416395942436169e-02
2.094634362778823866e-01
4.081101325227424192e-01
-7.910612603899379591e-01
-6.000856634265397949e-01
3.970031406922487349e-01
9.999787456143445219e-01
-8.481880250135258315e-02
-8.100937796426058712e-01
4.074505628174101002e-01
1.305122522210844793e-01
2.136055767599892574e-01
-1.000153484464070708e+00
-2.448657604779115871e-01
4.126316926300563903e-01
1.999980398086108613e-01
4.026397239517718468e-02
9.999136244643699323e-01
1.000092366893592599e+00
9.999968989854575163e-01
1.001406931187215354e-01
4.133751868643179006e-02
-1.000115606182043537e+00
-3.388518487071375263e-01
-3.414441834509908125e-01
9.999692495436761641e-01
-7.902382593552694789e-01
-8.023444773162917709e-01
-5.999799916098585983e-01
-2.428260263405707664e-01
-1.000099091721530220e+00
1.993841254001944840e-01
1.001351977913183255e-01
-5.999848203500335320e-01
1.570404246267180157e-02
9.999017873905259313e-01
1.908111179941728852e-01
1.999901008842357997e-01
-2.963816939041102883e-02
-3.591401893838250814e-01
-3.143426864648993235e-01
-2.832372974386156983e-01
3.982749327615416890e-01
-2.230428714234314325e-01
9.999702901358892282e-01
1.000059295716078323e+00
1.260435807686619003e-01
2.058451419510512748e-01
2.046421795297239943e-01
2.459609176058490804e-02
-2.833985726934651894e-01
-5.999524049498538014e-01
-9.998916152576584615e-01
1.825699202289539358e-01
-2.415320516511102258e-02
