-5.999019369218552278e-01
-6.001870621739469058e-01
9.998683860977017890e-01
-2.976166225038960611e-02
-1.000029816940941618e+00
-7.954730139771155617e-01
-5.999472049004526131e-01
6.687390869010891546e-03
-7.901485574172710802e-01
-2.844255908761030849e-01
1.002090000275710352e-01
-1.000000979469295892e+00
2.070791571573589451e-01
2.959988617006160255e-02
1.921002370605699172e-01
4.089950165516002545e-01
-3.341505747467501952e-02
-9.998100518511238155e-01
1.957183496118577726e-01
7.700646531840893601e-03
3.912510579643548314e-01
4.113342465310695362e-01
-3.135696377002257229e-01
-8.044783039377967349e-01
-1.000031043085530369e+00
3.797312244129890657e-01
-3.610852790293325176e-01
-5.999210848733983470e-01
-3.363929720246227051e-01
1.000043482220698554e-01
-1.000015599377380271e+00
-7.882944696939844231e-01
-8.130215657307631183e-01
-1.000043983726800922e+00
-4.489704453043749655e-02
9.999487063002363563e-01
-1.000061148074253614e+00
9.999964128682077291e-01
4.023335954360830469e-01
-6.000373537241512345e-01
1.000009632088896927e+00
-8.187018077105500113e-01
-2.481306765498291489e-01
9.997705598042463948e-02
-2.989775743059801538e-01
3.938438077691456263e-01
9.992114599441934142e-02
9.981859690487376868e-02
1.001680797948459600e-01
1.930758112255738512e-01
-9.999787037855519811e-01
-7.977523604067056073e-01
3.897678048158375597e-01
3.849789818655918738e-01
-2.668567389154036240e-01
-1.000087490162229642e+00
-8.142255016951760460e-01
3.938676039046269395e-01
6.242410567611265601e-03
-1.000235698902580683e+00
3.627930292573214310e-02
3.903669657811225657e-01
-1.000011446103385548e+00
-2.849470526418008132e-01
-1.000177103782643462e+00
9.997427390877007547e-02
-9.999831718154695848e-01
1.450226095899266425e-02
-8.210358581568383274e-01
3.805960737366916868e-01
-5.998319699304666131e-01
-3.132139287484844714e-01
9.986026241474649234e-02
-4.871714463587554708e-03
1.938383775907476514e-01
9.993373598107123390e-02
1.874253772624071002e-01
9.999891854941156399e-01
-2.804026965586545184e-02
-8.157806500177695597e-01
4.079002265092781521e-01
4.057902547381915803e-01
2.010763112328737279e-01
2.082016179074303586e-01
9.999071147439935192e-01
4.165480343263008867e-01
-1.000153428932048394e+00
-6.000395721754148148e-01
-1.000091991462182639e+00
-5.778532475738090007e-02
-9.999901873598302515e-01
9.994587271220085889e-02
9.994030381019208820e-02
-5.997863312858557894e-01
3.527090882807331490e-02
-7.863219235409951713e-01
-7.935747688678842504e-01
-3.221802047434523808e-01
4.037555962636357187e-01
-2.976724875724610087e-01
4.166561396123318883e-01
-8.048621531312920574e-01
-3.400523463807825220e-01
9.993575504152553413e-02
9.978448582480935192e-02
9.999313579307087529e-01
1.020649390011711503e-02
4.024474259477853200e-01
9.988043405829273580e-02
-2.773551456476808230e-01
2.087259287725573842e-01
-2.577018506143174958e-01
-5.999829788273175479e-01
1.000063332026779994e+00
3.913532125624721303e-01
1.988950443886915997e-01
1.000482040087396773e-01
9.999932204750233700e-01
-1.000079610309098310e+00
3.977207513459768418e-01
9.999408777149252359e-01
4.183649703827689859e-01
1.001438019944061036e-01
4.199806733098010447e-01
-5.999689855950758322e-01
3.727824754014600894e-01
-3.480775776875901228e-01
3.937988317447723707e-01
1.000041845454414213e+00
9.998177634290712490e-01
9.986380553776876001e-02
1.929159981858078743e-01
4.097538944452963627e-01
-7.961239009191258820e-01
1.000282104672074734e-01
1.000130471247206998e+00
1.000132464872058424e+00
-1.000073018047410001e+00
-5.999899549881946292e-01
4.018389290653151535e-01
1.556175462965884819e-02
3.958057801476223547e-01
1.000583979320662370e-01
3.941553569283437475e-01
2.463899715699422246e-02
-2.219956422987974798e-01
-6.001190914392643405e-01
1.930071778066822230e-01
1.000027554031164945e+00
-9.999882639551235242e-01
-8.074391933623982220e-01
1.000023808031825778e+00
3.837512108804723709e-01
-5.999278781098464908e-01
9.987544111578046391e-02
5.333741844465992449e-02
-2.999564019371659951e-01
-7.821190437647850269e-01
1.971453206958317106e-01
9.996995219307637515e-02
1.000009989050085979e+00
2.000657766129300963e-01
1.917234385929984519e-01
-2.708357109898898996e-01
-1.000101424211595535e+00
-1.237753779802393782e-02
3.918190502428174904e-01
-8.034048803444309161e-01
1.999919437631757502e-01
1.000061130371865170e+00
-7.956159667702105143e-01
-5.999460471190702915e-01
-9.999763777375284546e-01
7.201590233085700815e-03
-2.713339232826295078e-01
-5.999012083050827560e-01
-1.863454634033982066e-04
2.030676775910387200e-01
-1.000020718758706018e+00
9.999079424868412280e-01
-7.903361258010243029e-01
4.046190887154322846e-01
-3.069404027095982146e-01
9.998772064232536172e-01
-1.000097774108639648e+00
-8.771308177302046538e-03
1.987552758683167053e-01
9.997833484923768221e-02
-8.073071677407657187e-01
-4.175358008727795833e-01
2.922453870001084919e-02
-2.895819951225185318e-01
1.936484894231033371e-01
-4.014490395780256210e-02
-5.998765239653605086e-01
-6.000383174523205021e-01
3.857825626333787894e-01
1.000115171884780718e+00
1.000580346780186869e-01
-2.721521095581225236e-01
2.042406391553676093e-01
9.998845155168398224e-02
1.000746845682825986e-01
-8.000788579647640786e-01
-5.999653441902668138e-01
-6.000812257040961661e-01
1.000025281511219832e+00
-5.999178018908416510e-01
-6.000475073787704394e-01
9.999427179143752786e-01
1.864495794596648104e-01
-8.045401639297646845e-01
3.964752266799433378e-01
4.126589852884138265e-02
2.058282619344530273e-01
-8.071383617427202450e-01
-9.998577589413180089e-01
-7.976217506986061911e-01
-9.999831768286833178e-01
9.999314284422775589e-01
1.000082113066769196e+00
-8.055597226520100351e-01
-3.696404092248505302e-01
7.572660250735815946e-03
-7.879040478570614736e-01
9.999251495793881617e-01
-6.000191095917526418e-01
1.001033164316561114e-01
-9.999366558136432159e-01
4.074204124132029814e-01
1.971451038046280468e-01
1.000215448254815342e+00
-5.999769825579521765e-01
-5.999963021233335470e-01
-3.391591612339489581e-01
1.000056710594298792e+00
1.000485842728280061e-01
1.000023994508747904e+00
1.000098841065818922e+00
-9.997732081738012200e-01
3.816773265814439320e-01
1.000364754808634182e-01
3.802676001784658921e-01
1.000074601768046467e-01
4.115526961515339477e-02
-3.621733455417840836e-02
2.093154964115943317e-01
3.959629051028198954e-01
-8.049607569885330882e-01
-6.002188267257602128e-01
3.984120859598837550e-01
9.999732945729529199e-01
-9.984401130708640826e-02
-8.126150912406907567e-01
4.051125718734285286e-01
1.067103623957427888e-02
2.103311831314331193e-01
-1.000134936672080199e+00
-3.219368597991461023e-01
3.929405941761592858e-01
1.785483120091395093e-01
-6.081993849586895401e-02
1.000066385514426726e+00
9.999751557558879123e-01
9.999860223460522723e-01
1.000280434958363135e-01
-1.048281402527084794e-02
-9.998102598843259248e-01
-2.849349392394784353e-01
-2.788387984971807954e-01
9.998821497735491670e-01
-8.093678389354000968e-01
-8.012718559005168606e-01
-5.998573583587919478e-01
-2.506281786053580207e-01
-9.999455140680497678e-01
1.901807325575590735e-01
1.002032487480884193e-01
-6.000436475911613554e-01
8.114704041985010274e-02
9.999250186579438093e-01
1.996292294775399989e-01
1.929823546606061202e-01
3.652330135136082519e-03
-3.130913408886942806e-01
-3.101934347184170382e-01
-2.718698035094853083e-01
4.091432486527029622e-01
-2.666327452690981925e-01
1.000022717752431678e+00
9.998858103370510397e-01
9.808408774349654247e-02
1.940519743490621007e-01
1.747091512432208393e-01
2.829444392213289680e-02
-3.183423801688731736e-01
-5.998996549368800224e-01
-1.000104432947476640e+00
2.104824720335304045e-01
-4.004316578876454535e-02
