-5.998947015473186095e-01
-6.001321556393265366e-01
9.999924987429360534e-01
-3.050806548515191691e-03
-1.000053994941182411e+00
-8.201730761630975364e-01
-6.000741977129879778e-01
6.004710429079000017e-02
-7.902356008906907814e-01
-3.209582603565215853e-01
9.992552343476110432e-02
-1.000021546901836977e+00
1.952820208644661382e-01
7.435021794376082960e-02
1.901653349297165452e-01
3.964980977198884204e-01
3.544942857420166349e-02
-1.000048243602317921e+00
1.851916512407511817e-01
-7.601768840589473442e-02
4.146169831371857017e-01
4.039980815202806053e-01
-2.941607516270655642e-01
-7.889778354079719502e-01
-9.999582208841952813e-01
4.044514764163890663e-01
-4.416590122442425326e-01
-6.000498122830266734e-01
-3.040082907242506738e-01
1.000207427303022589e-01
-9.998253432115177253e-01
-8.132688056964298973e-01
-7.935175897926519673e-01
-1.000263500224564561e+00
-3.892465436338186924e-02
9.999795098122874482e-01
-9.998868536554875730e-01
1.000159477007314113e+00
4.008158867528416325e-01
-5.999889413801412497e-01
9.999635891101763541e-01
-8.016617286562056632e-01
-3.631549791631865087e-01
9.989868182241748440e-02
-3.209159055591851439e-01
4.037738874235730080e-01
9.996509670803906122e-02
9.980684232749419127e-02
1.000026155539024686e-01
1.937499065735209525e-01
-9.999905646814618576e-01
-7.894366035130884196e-01
4.063404100242631323e-01
4.016714409272404973e-01
-4.189712719902049520e-01
-1.000025245047856393e+00
-8.136820201865577751e-01
4.162149376970609160e-01
-4.773661452960654972e-02
-9.999921646568098454e-01
3.763655067864866977e-02
4.006264922126299144e-01
-1.000094800257931071e+00
-3.529155320792150552e-01
-1.000028297213558126e+00
9.992340351481875105e-02
-1.000182501993003958e+00
-8.741573236368635480e-03
-8.254553512884124089e-01
4.061694188175652420e-01
-6.001546960701876765e-01
-2.196704529941616024e-01
1.000110944186478057e-01
2.097609712731837717e-02
2.003459006553215960e-01
9.995891494075898054e-02
2.049231874600000725e-01
1.000099167738217165e+00
4.008672208268901360e-02
-8.008930889757479576e-01
3.957478778324480251e-01
4.028180099446675433e-01
2.006093327769956913e-01
2.031194801161855801e-01
9.999125624431044468e-01
4.144714044606296888e-01
-9.999077555720726762e-01
-6.000104131526278195e-01
-1.000227300613623083e+00
-4.228373223208019976e-02
-1.000005253346777367e+00
1.000071635631978872e-01
9.998968292470418462e-02
-5.999058491126861847e-01
-3.349360755505755016e-02
-7.966204638992339104e-01
-7.980463049310585477e-01
-3.038221703205765678e-01
3.857214266452806406e-01
-3.328137268908619162e-01
4.150849480959388771e-01
-7.972323948504972391e-01
-2.725708131929929223e-01
1.000507518008658808e-01
9.985732475711565914e-02
9.998023572720357022e-01
-5.115256767155362989e-03
3.957971920504806396e-01
1.000333568805030493e-01
-2.045076662932073797e-01
1.897633722683730317e-01
-2.269562395199390403e-01
-6.002428435073985380e-01
9.999601795748183086e-01
4.014197480285687236e-01
2.060606765560264730e-01
9.984221820528595137e-02
1.000040660477871102e+00
-1.000140579733782786e+00
3.942769633831658127e-01
9.998986021110625177e-01
4.043048979024161382e-01
1.000303229021584084e-01
4.070684029245413282e-01
-6.000575832745251859e-01
3.991591594421156075e-01
-3.635901318248805358e-01
3.968008075538390633e-01
9.999881147569382733e-01
1.000045276582025355e+00
1.001081631102225256e-01
1.970965594367176110e-01
4.093354993942447395e-01
-8.077000702929719722e-01
1.002581154197218216e-01
9.997838063109802942e-01
1.000236209046534430e+00
-1.000062251184329787e+00
-6.001141403268609453e-01
3.893594901517221651e-01
2.326606318281748687e-02
3.925373135542210568e-01
1.001703336216450274e-01
4.163138590499266822e-01
-1.256369472834968463e-02
-2.273606491240864891e-01
-5.999934764382328645e-01
1.938515378117303956e-01
1.000122047787775026e+00
-9.997655020963672756e-01
-7.945960961952001078e-01
1.000036097057326323e+00
4.027006174184474818e-01
-6.000253502793274629e-01
1.000442050539756544e-01
4.720020317415893341e-02
-3.422178588581660241e-01
-7.922916394427044207e-01
2.033669278541303249e-01
1.000927376388369011e-01
9.999429586660303348e-01
1.834953132145436816e-01
1.999029325008738478e-01
-2.730861446036462747e-01
-9.999694547991976323e-01
4.797104341622697443e-02
3.878606928442336343e-01
-7.954870523979173935e-01
2.039219947429632418e-01
9.998332445426704185e-01
-7.868481164737222144e-01
-6.002815422135280299e-01
-9.998130168779213456e-01
8.864753017267713864e-02
-3.926439818378675839e-01
-5.998102772650197867e-01
-4.121808610824504934e-03
2.098338781158138044e-01
-1.000097371426424520e+00
9.999862414953710754e-01
-8.051212483840466394e-01
3.767991140002472372e-01
-3.078296206041269967e-01
9.998481565583756669e-01
-9.997905770431804173e-01
2.675294522879016063e-02
2.035442337086881825e-01
9.998641523063317438e-02
-8.048523764047159634e-01
-2.425853514071884265e-01
-8.637892705316876918e-02
-1.871556257320894923e-01
2.042681662510700269e-01
-3.654109918608140078e-02
-5.998884347093544900e-01
-6.001409381725175685e-01
4.052915862737339614e-01
9.999049389370509022e-01
9.993811909938435378e-02
-3.424057732721869640e-01
2.012320463820066740e-01
1.000574189238963158e-01
1.001300506310313365e-01
-8.059750854232654582e-01
-5.999654309096401628e-01
-5.999939438754795518e-01
9.999360797845776583e-01
-6.000529253617264969e-01
-5.999859053363044703e-01
1.000057665785686112e+00
2.174440512158888339e-01
-7.908316667588550786e-01
3.959558297621740275e-01
-2.014723390982973983e-02
2.132933584376727754e-01
-7.989247654663705900e-01
-9.999394173488369564e-01
-7.944454904812393581e-01
-9.999551732627151024e-01
1.000117873856326112e+00
9.999744696954763201e-01
-8.038395063117020900e-01
-3.716620879469286765e-01
4.339334811482566806e-02
-8.007528769019313097e-01
9.999659865889299892e-01
-5.999949169115761372e-01
1.000298292771295700e-01
-1.000097027878894762e+00
4.001989849618909356e-01
2.094605117638330960e-01
1.000071663581647563e+00
-6.000257247879746680e-01
-6.001497055217243082e-01
-2.472904574409811040e-01
1.000092567217086614e+00
1.000476972189412173e-01
9.999831701740136136e-01
9.999952322737073462e-01
-1.000026082780952397e+00
4.058293866303682162e-01
1.000434527211536001e-01
3.993710347115221881e-01
9.985995211905107638e-02
-2.060964422166886023e-02
2.002056403804641782e-02
2.080499643013485611e-01
4.139964812187180154e-01
-7.955578201968159791e-01
-6.000377806445370554e-01
3.983545152306141035e-01
9.999177290374814397e-01
-1.092400517864711845e-01
-8.006965255229140377e-01
3.952256824718091144e-01
-4.167871837420669690e-02
1.859189173374617143e-01
-1.000135026256380177e+00
-3.629479070097254567e-01
3.963921115373261195e-01
1.947518671402337920e-01
-3.867453045174251702e-02
9.998497906466445873e-01
9.999917825800803683e-01
1.000081647101804139e+00
9.983133357605650238e-02
-9.684203116329172245e-02
-1.000079959876239766e+00
-3.587927960642238734e-01
-3.561679114318228034e-01
1.000049422085147244e+00
-8.079364652450627959e-01
-8.168412153157338373e-01
-6.001619371874458153e-01
-3.515419807989957346e-01
-1.000231611361937167e+00
2.071609269918336105e-01
9.999620002184424206e-02
-6.001197631376217201e-01
5.733802913651934313e-02
1.000098879935089169e+00
1.979876923931030708e-01
2.041936559998270562e-01
2.460168963819145058e-02
-3.540227760532778656e-01
-3.807433993910698811e-01
-2.872089543934887024e-01
3.972419609721850042e-01
-2.804593326514219775e-01
1.000105796953599580e+00
9.999851147882519165e-01
-6.088577718562884072e-03
1.913949933023434968e-01
2.034771835554211594e-01
3.868120701365014569e-02
-2.954693887131830676e-01
-5.998869201071842516e-01
-9.999440482534182051e-01
2.085805539234090733e-01
3.781229625261805366e-02
