-5.998921071300362673e-01
-5.998614230230436828e-01
1.000038002716215457e+00
5.374841194717107362e-02
-9.999764009240286189e-01
-8.033829276867674452e-01
-5.998414131754276069e-01
-8.961328827705228317e-03
-7.922004563902178553e-01
-3.865039772477277258e-01
1.000122709158925427e-01
-9.998815455509461048e-01
1.946866035146281315e-01
6.633017297235262177e-02
2.107787818797912938e-01
3.994361415940155813e-01
-6.444482793547140487e-02
-9.998215241112111684e-01
2.033116179489893038e-01
9.329608991049463673e-02
4.059772386916695730e-01
4.301437218659791561e-01
-2.801825684110320624e-01
-7.968613445616092861e-01
-1.000004486137703985e+00
4.076480417364905517e-01
-3.242562277506566559e-01
-6.000301636402428640e-01
-3.072498241349793657e-01
9.981343612208347371e-02
-9.999276774180130278e-01
-7.804913958646697569e-01
-8.147617390902019974e-01
-1.000121975722100487e+00
1.938206863752976045e-02
9.999840746352920418e-01
-9.998339256653168139e-01
1.000092335051547376e+00
3.850058702998927496e-01
-6.000710813868050941e-01
1.000117955073620113e+00
-7.970790597377692688e-01
-3.128708878039573871e-01
9.995227299570745572e-02
-3.495290849464692817e-01
4.101460152873894760e-01
9.998070832118828577e-02
1.000737471949438989e-01
9.991491299565659345e-02
2.005682429499636432e-01
-1.000196443436411675e+00
-7.894471210698670305e-01
4.059033725488825906e-01
3.983540881805469058e-01
-2.378919785638983764e-01
-1.000033989391389211e+00
-7.875635538243630496e-01
3.904495371527288983e-01
1.679245489426123977e-02
-9.999138042188439046e-01
-4.251903935147824387e-02
4.000955507909677578e-01
-9.999974006504572799e-01
-2.721235516407437549e-01
-9.999465780281369121e-01
9.993132582918731743e-02
-9.999866433019457546e-01
3.627506086339631064e-02
-7.890045011875912451e-01
3.993664305159739802e-01
-6.000971970232620301e-01
-2.234202147108251824e-01
1.001879085244198331e-01
2.787387378453311595e-02
2.055245171026953144e-01
9.988166707465696847e-02
1.998100275965835615e-01
9.999292255183352962e-01
-7.701583384865476854e-03
-8.045555265155579505e-01
3.956363204924318588e-01
4.044259386724120553e-01
1.887970124682616657e-01
1.998756551107121471e-01
9.998304757935468912e-01
4.021034517728092617e-01
-9.998851124477845520e-01
-6.000852022630033256e-01
-1.000166395636286953e+00
-3.328031893356915571e-02
-1.000089368223813668e+00
9.988111352316486613e-02
1.000348562121867457e-01
-6.000077312942174723e-01
2.023729273882231977e-02
-7.873534645518933672e-01
-8.256638069983099903e-01
-3.059885346314105137e-01
4.089271600681937402e-01
-2.968941653387521806e-01
4.021310335866252750e-01
-7.931094453548139800e-01
-3.689522754524692250e-01
9.994235685424378290e-02
9.998580654929614675e-02
9.997940789242717452e-01
6.831515081016213686e-02
4.073628555247167382e-01
9.995742149553141220e-02
-3.194711848188961367e-01
2.021949849625608309e-01
-3.491713018103996813e-01
-5.998814111736437971e-01
1.000012265826838664e+00
3.887679090140230831e-01
1.896235398285025797e-01
9.996800774570502313e-02
1.000059409674757482e+00
-9.998882766066532479e-01
3.921258719561254713e-01
9.999579674169827292e-01
4.092860353301268628e-01
1.001362788980192514e-01
4.022744484038948687e-01
-5.999675042153582716e-01
3.946017010580371576e-01
-3.917494166057175486e-01
3.991846470571408512e-01
9.998419582875055500e-01
1.000061773901141260e+00
9.997682221566550620e-02
1.907755502191025021e-01
4.077293921861217529e-01
-8.138989279524803111e-01
1.000401493143081022e-01
9.998712235450338826e-01
1.000031534950704071e+00
-9.999476490694098052e-01
-6.000037331637423366e-01
4.063181732721530270e-01
6.417201979275331813e-02
3.933692634695883927e-01
1.000982922662486257e-01
4.135160512069030458e-01
-1.174570696473012550e-02
-3.377674044080817839e-01
-6.002215129745561706e-01
1.924918977869408132e-01
9.999834228269331993e-01
-9.999045375574383554e-01
-7.852726936130814961e-01
9.999790925162409527e-01
3.902095236893500796e-01
-6.000271357823054874e-01
9.993774078010969619e-02
-3.008170228286251302e-02
-2.698306418212479407e-01
-7.985620086459506162e-01
1.958397268898357246e-01
9.986691964607441463e-02
1.000143733855721084e+00
2.050728246111285513e-01
1.971063774733974594e-01
-2.941011224312239380e-01
-1.000009202390073959e+00
1.740820743970039261e-02
4.027337907682380092e-01
-7.993466872323121697e-01
1.936871280286648345e-01
9.999519479538474531e-01
-8.002889021590317009e-01
-6.000043575485902725e-01
-1.000209549341845916e+00
-3.759424259851668060e-02
-3.460598481761273382e-01
-6.000459888286695520e-01
-1.872122830584211153e-02
2.019422128570962094e-01
-9.998487375736135885e-01
9.999447264333244378e-01
-8.046781131622114946e-01
4.129598607459621928e-01
-3.522515897016976760e-01
9.999757481257045555e-01
-1.000004430314862081e+00
1.238024487126917345e-01
2.091041318749239930e-01
9.986193191445028039e-02
-7.990301817871213741e-01
-3.800891719610346997e-01
2.307156631704604388e-02
-3.399504956851358006e-01
1.948036879736355087e-01
-8.971816034264948336e-02
-6.001620569498680169e-01
-5.999401930221373025e-01
3.956544900764832340e-01
9.999875519506963295e-01
9.990174127981715779e-02
-1.549563073232385624e-01
2.012256852650281258e-01
1.001363344754274409e-01
1.000502272200788911e-01
-7.848237844928781515e-01
-5.999228661026612119e-01
-5.999492561290776793e-01
1.000081110733382683e+00
-5.998840595067823633e-01
-6.001684145715566743e-01
1.000140642522440615e+00
1.912960866593891029e-01
-8.055832755655427668e-01
4.035129151570704398e-01
6.159392231006956264e-02
1.841069790456441035e-01
-8.064701069899398167e-01
-1.000018527472660290e+00
-7.974411103556864333e-01
-1.000002338565574966e+00
1.000112851562758864e+00
9.999091886839153176e-01
-7.913325940078754783e-01
-2.900645175986021340e-01
-2.367005928044188523e-02
-7.859257444151663830e-01
1.000170534152710067e+00
-6.000120233382093549e-01
9.985343382457806394e-02
-1.000010589266132177e+00
4.098681640615802202e-01
2.137925326480834831e-01
9.999444200093717816e-01
-6.001455782576270437e-01
-6.000203555348615492e-01
-3.681211544317182227e-01
9.998934345514951527e-01
1.000537901529389428e-01
9.999621365277896468e-01
9.999267985974334971e-01
-1.000053854388419650e+00
4.004407980955599911e-01
1.001609547573753811e-01
3.946866949944915492e-01
1.000512235616934226e-01
1.002150873644657714e-01
-3.294865264860542126e-02
2.090585859167710669e-01
3.948807146876385232e-01
-8.025688641489924224e-01
-5.999531737331846859e-01
4.129654036265765771e-01
1.000075382478337049e+00
-6.075911795390902953e-02
-7.987369437064959499e-01
4.103532889138072903e-01
-3.261609555690144630e-02
2.070746222681469351e-01
-1.000073818806179293e+00
-2.802968698785850421e-01
3.977150295809444014e-01
1.965739460880940315e-01
9.271281194068106343e-03
1.000022390945603856e+00
9.999434644691675977e-01
9.998505029877443606e-01
9.990049561439612313e-02
-3.796813054098861252e-03
-1.000058396033810526e+00
-2.781035143931027687e-01
-3.070659541792011837e-01
9.999379705964436260e-01
-8.053153959161755138e-01
-7.904814757907743239e-01
-5.998770160953488251e-01
-2.898409618281258537e-01
-9.999483709118375252e-01
1.875673458475911326e-01
1.001416323751902621e-01
-5.999517209384683802e-01
3.505362316321942312e-03
1.000092419379276620e+00
2.091173088070145680e-01
1.999961671708696820e-01
-1.893925006755944884e-02
-3.426563372260494900e-01
-2.874738628685164499e-01
-2.854531113687875377e-01
3.942417801915685804e-01
-2.049885598079789761e-01
1.000057804293227992e+00
9.999992011176371820e-01
-4.221255740083217772e-02
2.041176182760887636e-01
2.046972484133383896e-01
-1.679030414381104536e-02
-3.140035450297665176e-01
-5.998528963945986003e-01
-9.998671925314914777e-01
1.988326331309654416e-01
1.645805723325454925e-02
