-6.000652529808592206e-01
-5.999004154787442866e-01
1.000047985074402845e+00
-3.340893131135194011e-02
-9.999186714620068583e-01
-8.138387583375863432e-01
-5.998734966068826058e-01
-3.199849184970014748e-02
-8.001430391369591666e-01
-2.906737915608516021e-01
1.000534310277768346e-01
-1.000034628889429955e+00
1.941659885628153615e-01
-1.332551745280722080e-02
2.100520739294853279e-01
3.906259601057792685e-01
7.763946211943036080e-02
-1.000132645188960279e+00
1.962282141811149128e-01
-2.550909609951923160e-02
3.883948004577312818e-01
4.024318617944471210e-01
-3.409506412377830697e-01
-7.994332382423556815e-01
-1.000146445939016138e+00
3.986228594251827739e-01
-2.508938564795730741e-01
-6.000423379391521816e-01
-2.692869192744939966e-01
1.000022793395192316e-01
-9.999073564772819056e-01
-7.956650540299314844e-01
-7.842804610958820088e-01
-9.998469259068651915e-01
1.030071624475106112e-02
1.000063845134013585e+00
-1.000096651991066121e+00
1.000094583716036878e+00
3.984602773434101630e-01
-5.999519084961784099e-01
1.000061142343291243e+00
-7.907427892576349704e-01
-4.231760625687783217e-01
1.000312387334583303e-01
-3.645720610354919455e-01
3.781283889272987753e-01
9.999403532196662892e-02
1.000476645077046089e-01
9.990022475165283300e-02
2.002147285156432033e-01
-1.000069435536882878e+00
-8.072756791518965747e-01
4.005296858659954107e-01
3.957283928899181791e-01
-3.365960381639735988e-01
-9.999571146330077376e-01
-7.906008613308240784e-01
4.006855085555326434e-01
1.690536294634678235e-02
-1.000124050162941591e+00
3.247245417277280083e-02
3.986265063099883599e-01
-9.997303223206388534e-01
-3.100229048430880319e-01
-9.998881120787036503e-01
9.994504677953146288e-02
-1.000019873389298208e+00
8.440467586422338575e-02
-7.915154751389393839e-01
3.874511282606266649e-01
-5.998578913246380706e-01
-3.372003127573747205e-01
1.000016480714979311e-01
1.000297195909693321e-02
2.003201804832094035e-01
1.000427245955345518e-01
2.118498641026389795e-01
9.998870720388143285e-01
-8.493639302013657189e-02
-8.152430412560169870e-01
3.999478836208876786e-01
3.993423919883039019e-01
2.079036635267873800e-01
1.986267462987948706e-01
9.999893067690452941e-01
4.025334824617348706e-01
-9.999440937398820228e-01
-5.999645107175820558e-01
-9.999143660661979904e-01
-1.188386313573631670e-01
-1.000029480830545880e+00
1.001587592274887639e-01
1.000607634014714920e-01
-6.001094143555547600e-01
2.401807576351690232e-02
-7.888760926790622241e-01
-7.957917127624981601e-01
-2.878450779627368949e-01
4.112279732071006944e-01
-3.139961423171560018e-01
3.900041981936469004e-01
-8.071575948448064253e-01
-3.223050856203860670e-01
1.000415265799845244e-01
9.995698883860468231e-02
1.000041389092470423e+00
5.926676117909090297e-02
3.910247860184986601e-01
9.999131762314744654e-02
-3.420790353211968782e-01
2.025183300487258808e-01
-3.170712739101978483e-01
-5.999491455871207579e-01
1.000124851903871459e+00
4.123882107494333815e-01
1.915926727864786516e-01
9.985198516597382223e-02
9.998948532710861814e-01
-9.998443311555121893e-01
3.954130412801183936e-01
9.999819666313910504e-01
4.030144607936247958e-01
9.996153990788768373e-02
3.863510158741201295e-01
-5.999823042520256999e-01
3.955943607559102571e-01
-2.462709768360699658e-01
4.082785710870553975e-01
9.999080464111992361e-01
9.999105049937289103e-01
9.988169693127482707e-02
2.078115741951268858e-01
4.144770029660513333e-01
-8.059010685827078246e-01
1.001039242918908695e-01
1.000083094368449332e+00
1.000009099362612064e+00
-9.999483426396671426e-01
-5.997724797886473391e-01
4.146339443506141809e-01
-6.658777920832918001e-03
4.061145114544907342e-01
9.989724912840326765e-02
4.115342659062047326e-01
4.522913622714015008e-02
-2.852616193682485646e-01
-5.998839087657698022e-01
1.938487336354442758e-01
9.998214128283386959e-01
-9.999473928677079515e-01
-8.014278107891266156e-01
9.999275037986874448e-01
4.043742439181134962e-01
-6.000964362884927406e-01
1.001256581077333285e-01
-2.150284891713358237e-02
-2.514314528445465990e-01
-7.959475843585849253e-01
2.034933760090514854e-01
9.988992111399586094e-02
1.000022936680466712e+00
2.045168330326745110e-01
1.917333532586869560e-01
-3.473971393856376544e-01
-1.000098723478054952e+00
1.214995411879736184e-02
3.911398092168942853e-01
-7.931083265301058782e-01
2.064207886466686848e-01
1.000077469474204950e+00
-7.852668324538140121e-01
-6.000815250732027817e-01
-1.000176229078397760e+00
1.137110959261602439e-01
-2.877106924500553164e-01
-6.001432726707767173e-01
-2.902597223104712645e-02
1.904770530613469903e-01
-9.999609700055426265e-01
9.999999375113577393e-01
-8.041618983705853818e-01
4.086599454500174367e-01
-3.475237818187599803e-01
1.000004071634705838e+00
-9.999590250002949876e-01
-2.970806711688726842e-02
1.907447850068010320e-01
1.000794909744072564e-01
-8.174462143232722466e-01
-2.543584116998393596e-01
-6.716011704951956041e-02
-4.221212480257810484e-01
2.161405253446932739e-01
-2.857162472116229340e-02
-5.998082799818289512e-01
-5.999795259081508458e-01
3.899772331672137771e-01
9.996981459989484620e-01
9.994349007415542774e-02
-3.586900428404288799e-01
2.119918709107251054e-01
9.991735666582629571e-02
1.000832023200327464e-01
-7.935787875407473990e-01
-5.998668540478924172e-01
-5.998753630379942692e-01
9.999842099059235156e-01
-6.000302920811545482e-01
-6.001656140593443212e-01
1.000202271734968562e+00
2.163915601064744232e-01
-7.846697705926896083e-01
4.164927824332811945e-01
2.016020224755998153e-02
1.968713388434096268e-01
-8.117268192051124709e-01
-1.000023923356599731e+00
-7.971348766847831113e-01
-9.998641202217762869e-01
9.999010305573247104e-01
9.999490567315040268e-01
-8.158702166915458021e-01
-2.426867068784255566e-01
5.403925448952975885e-02
-7.858606710890894131e-01
9.998357950086379509e-01
-5.999240947376639488e-01
1.001124625968976278e-01
-1.000033949104900621e+00
3.888798706942367955e-01
1.969190032609449414e-01
9.999479913767874706e-01
-6.001747646373551959e-01
-5.997918466643834545e-01
-2.915428316326646452e-01
9.999939169417872975e-01
9.999560006664309775e-02
9.999448739793147523e-01
1.000035904999814651e+00
-1.000020394293254622e+00
4.102387011723698795e-01
1.000560557680971047e-01
3.939582658669560922e-01
9.996482319185728826e-02
-6.502125588080086283e-02
3.814160162749020283e-02
2.187235142276721389e-01
3.871581832715593197e-01
-7.814488605062611670e-01
-6.000589612016876684e-01
4.021929233878689391e-01
1.000010913916602906e+00
3.458550399392320424e-02
-7.855193992912400391e-01
4.010291619402974739e-01
3.047563693799964016e-02
2.046900662597496978e-01
-9.999261597098209053e-01
-2.975685540472506330e-01
3.885431426153692636e-01
1.922861210559916878e-01
-5.935613937637388565e-02
9.999412068503580331e-01
1.000021558119326359e+00
1.000109846877986319e+00
1.001207920933050444e-01
2.271681291662313446e-04
-9.998291864588502165e-01
-2.988695467395133254e-01
-2.471948576337640868e-01
9.999191995601405258e-01
-8.178456617359203262e-01
-8.168155625310776768e-01
-6.000348826440150551e-01
-3.998793430775254842e-01
-9.999284477363701296e-01
2.060709502449626640e-01
9.998564096617343355e-02
-5.999604067701821419e-01
-3.792215501371305753e-02
1.000054307989634461e+00
2.030096441556047127e-01
2.048073783187661645e-01
5.662215110296985737e-02
-2.989634574376429654e-01
-2.747093335336574516e-01
-3.281211794955966599e-01
3.942461085329553305e-01
-3.248937783165066207e-01
9.999427774475010411e-01
1.000089757747747221e+00
1.520768781814425298e-02
2.058476252280701801e-01
2.060373773308764866e-01
-3.882581730147988824e-02
-2.678324556372823073e-01
-5.998344668434666405e-01
-1.000058559920303791e+00
2.027423073384635732e-01
-1.645707889544275465e-02
