-6.000161441175383414e-01
-5.998920652131276565e-01
1.000036645860220119e+00
-3.059334232594551270e-02
-1.000012744510576423e+00
-8.082702462547445288e-01
-5.999110395541555896e-01
-4.942811285195506180e-03
-8.119345327735789652e-01
-2.758236118954624505e-01
1.000265718926150738e-01
-9.999929664248857764e-01
2.252338335035683203e-01
2.013330775229834821e-02
2.031650875184697613e-01
3.953747183471345017e-01
-4.610617631946919287e-02
-1.000015448601957679e+00
1.959088213115382504e-01
-1.968134675530913008e-02
4.146001657890916459e-01
3.891011988306142810e-01
-3.125052899505392778e-01
-8.045543440432968429e-01
-9.998830869705204183e-01
3.929901381533206228e-01
-2.857168674839090650e-01
-6.000219740520639222e-01
-2.676839002119419941e-01
1.000105243604994670e-01
-1.000145643171917342e+00
-8.033877887793287043e-01
-8.010065369047772998e-01
-1.000062986781340646e+00
-1.521118769014845155e-02
1.000085172218354357e+00
-1.000133160627117768e+00
1.000141204789431804e+00
3.799846610952588577e-01
-5.998302488426506818e-01
9.999835883127312641e-01
-8.144327428018648396e-01
-2.896000343647525122e-01
1.000009060366090219e-01
-2.948638305216283451e-01
3.912791854833898020e-01
9.982139402268773443e-02
1.001292593848408380e-01
1.000816462507258808e-01
2.041675580907425513e-01
-9.999833068193674235e-01
-7.966518138507776570e-01
3.967383114317877824e-01
3.951385545704229063e-01
-3.088048805254504092e-01
-1.000182816474134206e+00
-8.050628872035562322e-01
4.096533030533193176e-01
-1.076900363390700388e-01
-1.000053649711287296e+00
5.735829407427089910e-02
4.018082133882694973e-01
-1.000008534747804267e+00
-2.824885156320275925e-01
-1.000078769804307877e+00
9.981912609613073639e-02
-1.000118371553127883e+00
3.009631338775528575e-02
-7.991844722782888155e-01
4.096502957277883272e-01
-6.001513928085095984e-01
-2.128993434341190372e-01
1.001445756721545954e-01
-4.735513083278070079e-02
1.917171978934563703e-01
9.977785442214082146e-02
1.789966712962194895e-01
9.999845452499535048e-01
-1.320519533719607119e-01
-7.970648432075748691e-01
3.970522991398156010e-01
3.782874445331326774e-01
2.090641948816736040e-01
2.227344496407580587e-01
9.999909120075821667e-01
3.937275807225934510e-01
-1.000189012696765856e+00
-6.001248124818419072e-01
-9.998994504382480164e-01
1.638133177191998871e-02
-9.999231086911906097e-01
1.000065444506570006e-01
1.000143035115270140e-01
-6.000227653987977305e-01
-5.247574634409696293e-02
-8.080763898014675650e-01
-7.802241020453293263e-01
-3.231487133675065015e-01
3.987602088625213370e-01
-3.408635005324643363e-01
3.921000118705898485e-01
-8.115475728922295628e-01
-2.691725138896933767e-01
1.000471126001386546e-01
9.990011884128323361e-02
1.000071760700204981e+00
2.974487832585598346e-02
3.886416564982715371e-01
1.001152365017085877e-01
-3.435865117571257343e-01
1.985803980235162081e-01
-3.630280718759604230e-01
-5.999969100079218798e-01
9.999912697861014221e-01
3.857942306712779934e-01
2.081651977807043863e-01
1.000535070176594848e-01
9.998869308640149223e-01
-9.999278049275640567e-01
4.157949641989517886e-01
1.000109069666261119e+00
4.063482888059771203e-01
9.993113124334980502e-02
3.991407633490462459e-01
-5.998791979631556970e-01
4.103048945228329747e-01
-3.617460139435534350e-01
4.057876484066809120e-01
1.000021606735466362e+00
9.997858550755370777e-01
9.996046811800055054e-02
1.989695537621965771e-01
4.064450703743316407e-01
-7.875462272493950477e-01
1.000499220067694178e-01
9.999503599757608718e-01
9.997999082689291717e-01
-1.000007589690823595e+00
-6.002368769061661169e-01
4.157698205008853454e-01
3.186511130547487608e-02
4.007254954120890722e-01
1.001001800700393879e-01
4.228231272741608260e-01
-4.844252323602143973e-02
-2.461666111342833418e-01
-6.000299202676337984e-01
2.051562349097195426e-01
9.999247468612332268e-01
-9.998650053928652692e-01
-7.955411362644253526e-01
9.999582565049363048e-01
3.946336770543539818e-01
-6.000381547758754097e-01
1.000811238611400839e-01
1.030393321570498462e-02
-2.389501012794698898e-01
-8.020800948683451947e-01
2.108442257604651315e-01
1.001025436934779439e-01
1.000028716390057193e+00
1.996744136049058427e-01
1.976195433886987762e-01
-3.296918819893387420e-01
-1.000056585339117676e+00
8.968604511251238032e-02
4.025904905062924755e-01
-8.020573459352892121e-01
1.828484431203548088e-01
9.999275143589958503e-01
-8.093486484923611002e-01
-6.000239445165598262e-01
-9.999662953029346824e-01
3.903892932125570259e-02
-3.620496193296033893e-01
-5.999545912308380524e-01
8.797532130640240214e-03
2.014236118076898341e-01
-1.000020431664018217e+00
9.998859904450493330e-01
-8.035031342749832106e-01
4.101125000984027213e-01
-2.902830115638459496e-01
1.000065609020069912e+00
-1.000010788919363236e+00
-3.112397781943895478e-02
2.091180791328313415e-01
1.001124313836037893e-01
-7.922076288352140061e-01
-3.166987224998447092e-01
1.144034037470624404e-01
-3.216304656732822953e-01
1.978265442465070301e-01
-8.531750400228242659e-02
-6.002409778575662491e-01
-5.999591446989063215e-01
4.099729328555478669e-01
9.997968643833401448e-01
9.997625991784953037e-02
-3.321746857676098896e-01
2.127905916782159290e-01
9.988314557727587251e-02
1.000945309717408277e-01
-8.049012366028222010e-01
-6.000918374014811985e-01
-5.999832054048289676e-01
1.000099848088239263e+00
-6.001062925946121229e-01
-5.999443213274907594e-01
9.999880904304188078e-01
1.985680815565507573e-01
-8.057741768475783495e-01
4.052786652918387578e-01
-6.157131254927448311e-02
2.093974448694274626e-01
-8.089590178088127415e-01
-1.000032029283424828e+00
-7.973809828833490210e-01
-9.999246209024054144e-01
1.000184842125110496e+00
1.000063943810120870e+00
-8.106035580918059535e-01
-2.388845610366696903e-01
-5.924053529884846375e-03
-7.938276911760085985e-01
9.998613790655499489e-01
-6.000564050964733998e-01
1.000565927944511574e-01
-9.998656957233138520e-01
3.971373605370301374e-01
1.963598201027292323e-01
9.999663892615443528e-01
-5.999611636423199945e-01
-6.000200545047270628e-01
-2.774995350601981436e-01
1.000050764216996013e+00
9.992614716880848791e-02
9.999715611710290331e-01
1.000081287825110854e+00
-1.000201456317354687e+00
3.871261816981588777e-01
1.000821777721675881e-01
4.017726701190271754e-01
1.001306966190527448e-01
5.531253381718376216e-02
-3.221516238468587895e-02
2.052631964694869582e-01
3.858912393898988324e-01
-8.052763613012418054e-01
-5.998914886336184082e-01
3.877118698992743639e-01
1.000141354062265009e+00
-9.835805815127665608e-02
-8.021891416745248193e-01
3.947205249218058709e-01
-7.250659059612797608e-02
2.020749806936359971e-01
-1.000004965512177435e+00
-3.430804219480003137e-01
4.037275189152055854e-01
2.069327848493845434e-01
8.784214977931852075e-02
9.999511101518877565e-01
9.999576801626903766e-01
9.999712293268496754e-01
1.000029935795404834e-01
5.835988476746739595e-02
-1.000017195294734096e+00
-3.367642563577827319e-01
-3.507171934555045612e-01
1.000124628413134209e+00
-8.015890007463337685e-01
-7.854049801275311271e-01
-5.999356606662126223e-01
-2.502495505194225478e-01
-9.999277285346249711e-01
2.048134240268123518e-01
1.001208800687741901e-01
-5.998916121191258943e-01
-1.359145455789151358e-01
9.999953688866386470e-01
2.164965155820287035e-01
1.947573791830874979e-01
6.695383007175757795e-02
-2.974454627171007060e-01
-3.151329236187419558e-01
-2.839925695878848799e-01
4.117348388205018805e-01
-3.196215325977774802e-01
1.000150576493188614e+00
1.000320821365604518e+00
-1.618504142119629730e-02
1.976432335698355969e-01
1.985111557000844851e-01
-5.896421519284875123e-02
-2.518828353200697756e-01
-5.999521850026232617e-01
-1.000119689760764707e+00
1.985665078667070427e-01
-9.874031133636601565e-02
