-6.000104370787230357e-01
-5.999077267714713058e-01
1.000052662364625533e+00
2.563028290360407080e-02
-9.998886416042737091e-01
-7.937851201231954645e-01
-5.999990150867052785e-01
-7.257498448850666084e-02
-7.912967131880515037e-01
-4.131587640398979855e-01
9.997517142040059090e-02
-9.999674301087758677e-01
2.007442300923173994e-01
5.798846987531253161e-02
2.112419005751604573e-01
4.074493068784136862e-01
-5.598529179236494228e-03
-9.999440800709048505e-01
2.130488906464621524e-01
-2.524393222659255392e-02
3.976673816389467153e-01
4.038427520288807027e-01
-2.634481689950574634e-01
-7.930710372136208219e-01
-1.000091251834480888e+00
4.111110184482632546e-01
-2.760342808107105750e-01
-6.000046453314291650e-01
-4.347673385695391968e-01
1.000429415465799721e-01
-1.000064497692755072e+00
-8.143523330759349088e-01
-7.822000758474654258e-01
-1.000007621885263376e+00
5.474157704987669265e-02
9.999410351764109750e-01
-9.999924044544596935e-01
1.000131581338109754e+00
3.904649960652655238e-01
-5.999887830435335356e-01
1.000145336901786530e+00
-8.168562863097414972e-01
-2.769243168078060480e-01
1.000599115589093507e-01
-3.118341032867426033e-01
4.000510023731996823e-01
1.000940158811007424e-01
9.978156062083159972e-02
9.999850672202877100e-02
1.854661948885436284e-01
-9.998940684533351719e-01
-7.810412482487937291e-01
3.962327616654700568e-01
4.060703100776245633e-01
-2.131926953036900607e-01
-9.999641132205162597e-01
-8.011517677235659995e-01
4.195829191484624077e-01
1.772273999933225187e-03
-9.998146105367728964e-01
-6.092418312625323684e-03
4.054242131751024658e-01
-1.000203528102008299e+00
-3.265586381427066920e-01
-1.000032149454838759e+00
9.994518188959655713e-02
-9.999755433220451906e-01
-9.910789744646325214e-03
-8.021623735742573480e-01
3.782713896032250944e-01
-5.998492577469549669e-01
-2.883286762638006540e-01
9.985192493017426563e-02
-9.284334162876471674e-02
1.911000991902353507e-01
1.000217180936316119e-01
1.932074641245685453e-01
1.000156564803404757e+00
-3.856128931170120511e-03
-8.170673753506652037e-01
3.961281533681080269e-01
4.133653115437653791e-01
2.121656755076236078e-01
1.738208554026229036e-01
1.000057919174793364e+00
3.912702270356618328e-01
-1.000099119918466339e+00
-6.000861424253622900e-01
-1.000078426666640041e+00
-7.594663696514783978e-03
-9.998824178516101391e-01
1.001944103731723518e-01
9.997894941504133215e-02
-6.000542228711502890e-01
-2.021506976938130390e-02
-7.907635184695981367e-01
-8.097036990622410446e-01
-2.939720472306461274e-01
4.114979021108449708e-01
-3.338266892119636786e-01
4.147833686349461924e-01
-8.105644467446662116e-01
-3.023390008483357039e-01
9.996829426691519749e-02
1.000111565552337933e-01
9.998477468367715781e-01
1.397579379732822591e-01
4.001474400091111217e-01
9.989230495879619642e-02
-2.878078902400224570e-01
2.051011568641823435e-01
-3.204915634800931667e-01
-6.000464935734797223e-01
9.999743653301685908e-01
4.021230935099004977e-01
2.032206510236699570e-01
9.990520617238290990e-02
9.999670321536412443e-01
-9.999913618479525645e-01
4.023051729222415496e-01
1.000117970299299719e+00
4.104357924454785644e-01
9.991423267272608877e-02
3.951265603797661230e-01
-6.000923826691481056e-01
3.947797063298882358e-01
-2.655427716144445061e-01
3.892446583898976353e-01
1.000107322565003454e+00
1.000149682916793736e+00
1.000845702719147939e-01
2.074778920936881377e-01
4.036699543062666762e-01
-8.060964936947051518e-01
9.988671519972523727e-02
9.999016650174331611e-01
9.999347985001248995e-01
-1.000025498183483519e+00
-5.999645393826487094e-01
4.019605382929439807e-01
7.869123936272237260e-03
4.151871655557031193e-01
9.996128962178396637e-02
4.059111265545731762e-01
-6.361624956471700898e-02
-3.226768472030474566e-01
-6.002147750246208391e-01
1.865839657733313617e-01
1.000062623773103399e+00
-1.000122761759373979e+00
-8.191008305809848178e-01
1.000070300427613690e+00
3.896154109058274639e-01
-6.001642121270135410e-01
9.973768945631678040e-02
5.205226917106300921e-02
-3.264752688888197807e-01
-7.898715858681764068e-01
1.976369041569052132e-01
1.001073828245004071e-01
1.000098911095192555e+00
2.004575759264541901e-01
2.180440666467145794e-01
-3.206015121215392005e-01
-9.999429535203906427e-01
-6.824272586395187246e-02
4.042638523597419931e-01
-7.971401828728783556e-01
2.172186703966549337e-01
9.998945576387806566e-01
-8.253009530697071883e-01
-6.001099690967922617e-01
-9.999062587870276575e-01
3.815643173117876097e-02
-2.897472230919715397e-01
-6.002284623667082375e-01
-9.165935114148138912e-03
2.082138339159637641e-01
-9.999763900718551257e-01
9.998989882352971037e-01
-7.896847445835196710e-01
4.016725097293401547e-01
-2.579058566762639781e-01
9.999247548505622030e-01
-1.000192071795646509e+00
1.583176823163899918e-02
2.120713446359327181e-01
1.000284306187506217e-01
-7.894039677101285513e-01
-3.199653731874831930e-01
-2.670396279187277344e-02
-2.542149426097540243e-01
1.931042777329347593e-01
3.377189883069033061e-02
-5.999554691222566127e-01
-5.999919740724837247e-01
4.070402601341976956e-01
9.999790063815275909e-01
9.981554813948846638e-02
-3.526985209372187624e-01
1.972145130011379310e-01
9.994677408170507538e-02
1.000690336046245188e-01
-8.210783146641518204e-01
-5.999503008095110612e-01
-5.999430864974210076e-01
1.000029227029449519e+00
-5.997975828638669737e-01
-5.999084685526763217e-01
9.999836494582513557e-01
2.017373855029906682e-01
-7.944281516914440955e-01
3.994784388070271586e-01
-1.245022261181823464e-01
1.892029954130460268e-01
-8.065173981198273667e-01
-9.999706353470898534e-01
-8.160390511114773426e-01
-1.000042893998142945e+00
1.000211571199505434e+00
9.999437862086012485e-01
-8.172504595103708969e-01
-3.004230009565388437e-01
2.061842669851196574e-02
-7.949637539718981127e-01
9.999104245987466832e-01
-6.000992960300403078e-01
9.987606839700710615e-02
-1.000092839893598429e+00
4.085579141519704027e-01
2.009464570662951310e-01
1.000056132855763336e+00
-5.998262274629611035e-01
-5.998515367425798495e-01
-2.596081753729857500e-01
1.000115782579996671e+00
1.000120479026598286e-01
9.999864495405111908e-01
9.999289164200981794e-01
-1.000035861933338710e+00
4.000745367240832739e-01
9.990846199291386620e-02
4.138149338577726821e-01
9.994371536882303009e-02
6.142646910339977229e-02
-1.316328189582603204e-02
1.870006172382887577e-01
4.010381771199735823e-01
-8.130438781556453831e-01
-5.999917631782221150e-01
4.073569667234053227e-01
1.000211674056338262e+00
3.153824653758824370e-02
-7.948238044286928261e-01
3.933375407187664208e-01
-2.896053913840174968e-05
2.038870558308577552e-01
-9.997804225438605696e-01
-3.363045757497436505e-01
4.000771809296376769e-01
2.048640186118079465e-01
-1.061128818288476217e-01
1.000133621321498412e+00
9.997981595347925632e-01
9.999959035192670376e-01
9.994191181923482714e-02
1.974810224313727075e-02
-1.000121642399185884e+00
-2.628135119967400790e-01
-3.030491207635510609e-01
9.999553290342801937e-01
-7.987334604934337445e-01
-8.014419957938448968e-01
-6.000338192596051945e-01
-2.735403374260665377e-01
-9.999697306495980431e-01
2.133500079608125211e-01
1.001169280506125497e-01
-6.000426951134248954e-01
-3.275975082822291107e-02
9.999247958726787955e-01
1.968832345068459722e-01
1.993955763697057848e-01
5.866865660643838867e-03
-3.158943212714954707e-01
-3.632357076093064574e-01
-3.991742203008615264e-01
4.068301446384945952e-01
-2.924999953161989130e-01
1.000031461285686207e+00
1.000133202287701195e+00
-1.146426955694285557e-02
1.997288104473467218e-01
1.972402776231065302e-01
1.548945915290162595e-02
-3.227218478893890130e-01
-6.000043351937459635e-01
-1.000016712050476597e+00
1.841088052491305360e-01
6.408204690927460183e-05
