-5.998171088017587582e-01
-5.996632695522923218e-01
9.999843379519441910e-01
1.842008412368513134e-02
-1.000081967258670934e+00
-8.070735689725898609e-01
-5.998640736924167882e-01
-5.639814959703121078e-02
-7.782890736851977298e-01
-3.705136687402957318e-01
1.000712083022450016e-01
-1.000116602807525901e+00
1.974409369873885711e-01
-7.736645106439394085e-03
2.041394078484826402e-01
3.837176534165147590e-01
9.149254685162334921e-02
-1.000069254608677127e+00
2.121405486201325408e-01
-8.830992203542852026e-03
4.034305927326903851e-01
3.994856644841486837e-01
-2.854615724157442691e-01
-7.969197828457257327e-01
-1.000163789543664139e+00
3.876825890079695358e-01
-3.371892696468615225e-01
-6.000712846320149785e-01
-3.450302809699325457e-01
9.978477769659499508e-02
-1.000053942662046724e+00
-7.825567119811427386e-01
-8.014487854234395581e-01
-9.998994303659156646e-01
-1.688164401102158416e-02
1.000034491573142281e+00
-1.000160028732297812e+00
1.000116846643440693e+00
3.964166298560756752e-01
-5.998832359127055369e-01
9.999949731539358178e-01
-7.945168895161679457e-01
-3.075096165297027673e-01
1.002069818658619799e-01
-3.132363188639630813e-01
3.910893037736350442e-01
1.000063564998108778e-01
1.000983605357938511e-01
1.000650821981704935e-01
1.877868724807117695e-01
-9.999620251158169992e-01
-8.022841619860264784e-01
3.992686414145641405e-01
4.057826850406369146e-01
-3.181789929522574334e-01
-1.000061373377696849e+00
-8.029852894680421516e-01
4.059375714078920505e-01
1.626270202186826499e-03
-1.000056272258894152e+00
-3.343787137610745863e-02
4.063543866944229199e-01
-9.998693537137389731e-01
-3.570229703511442754e-01
-1.000103307342294245e+00
9.987453400934707959e-02
-9.996665748147451902e-01
4.118504458855969802e-02
-7.896648780718188432e-01
3.937873230585192674e-01
-6.001795534240959018e-01
-2.593008353929531218e-01
1.000029970478472641e-01
-2.036304354663351357e-02
1.891497397610866216e-01
1.001819001946222948e-01
1.982663845263444025e-01
1.000104065138140097e+00
-7.938386889965208526e-02
-8.112425278109656190e-01
3.996062689053795358e-01
4.126217909287107632e-01
2.148359823632622623e-01
2.122295683828894775e-01
1.000100391247123799e+00
3.975259225581702083e-01
-1.000117500069619192e+00
-5.999098924156746060e-01
-1.000076747503401364e+00
-1.006375413216897274e-01
-9.999567079801962022e-01
9.989698996305541867e-02
9.989767070169190688e-02
-6.001713941887241166e-01
-5.647334463230103963e-02
-7.879442273664042373e-01
-7.917569305787351963e-01
-3.411827440792165045e-01
4.055254433718010754e-01
-2.714413673263024185e-01
3.861481664968234306e-01
-8.093057477299057112e-01
-3.020329376117519282e-01
1.000189688463634652e-01
1.000800542835259405e-01
1.000069182478156682e+00
6.110132660040609731e-02
3.868709048055758437e-01
9.998337740858581624e-02
-4.164984427375297837e-01
2.079704045314013650e-01
-3.656211709168969981e-01
-5.998917780310507597e-01
1.000093647206703684e+00
4.022609220896860016e-01
1.987098981185835556e-01
1.000353374039043841e-01
1.000115717806436377e+00
-9.998582230172350371e-01
3.993755099002187503e-01
1.000020339369116051e+00
4.012291100054258819e-01
1.000290896447076500e-01
4.159351580022086492e-01
-5.997745265550017413e-01
4.197395727073169880e-01
-2.811295946464513751e-01
3.850476788218665791e-01
9.999153250950509886e-01
1.000006598921867162e+00
1.000603285115161251e-01
1.976757572706247523e-01
3.944006127804062789e-01
-7.860004321409943540e-01
9.992676265637036315e-02
9.999198127573714068e-01
1.000160077310093376e+00
-9.998981928737907809e-01
-6.000355589035225590e-01
3.996961520333475737e-01
-1.357391103144193339e-02
3.951164411350454042e-01
1.000714157926982095e-01
4.248982541066907981e-01
4.277962259708983223e-02
-2.798925614693149044e-01
-5.999659277630678966e-01
1.975193492882177659e-01
9.998316094778366692e-01
-9.999357872566165817e-01
-8.085460153913980319e-01
1.000039416498490485e+00
3.836074352115858010e-01
-5.999724609836093459e-01
9.996350001794339357e-02
2.712518902367617307e-02
-2.914550570325158962e-01
-7.969246330315103988e-01
2.158101673007833676e-01
9.999084587051999817e-02
1.000001110967507989e+00
1.930121363269080015e-01
2.183061555234156459e-01
-3.745294721642423719e-01
-9.999418056012672196e-01
-6.263784800008485865e-02
3.966060920082301045e-01
-7.899656415129986398e-01
1.957097376425608604e-01
9.999465135333671650e-01
-8.098078951951347415e-01
-5.999945105359001385e-01
-9.998124864998846340e-01
2.323507482577617800e-02
-2.614658059498990439e-01
-6.000087826807541935e-01
-5.678785838107445333e-02
2.218603893825730755e-01
-1.000048116054176761e+00
1.000019080554400919e+00
-8.018223495851498628e-01
3.801668642664527420e-01
-3.258212304999975051e-01
9.999786940231117915e-01
-9.999619442462917007e-01
-4.729214107704281939e-03
2.015369994914847362e-01
1.000442010822577138e-01
-7.972328352027310272e-01
-3.821278402537862107e-01
-3.586011457211859405e-02
-3.174412776988615459e-01
1.998525655621051778e-01
-3.713634217454071101e-02
-5.998176648077412354e-01
-6.001254801408660855e-01
4.078708578597540213e-01
9.999200556469384216e-01
9.997421261815112037e-02
-2.941543838731254246e-01
1.912816359001669742e-01
1.001466807227641281e-01
9.997504368800028129e-02
-8.124038548400966953e-01
-6.001565149622830608e-01
-5.999750029140175078e-01
1.000046956678385168e+00
-5.999641403379960547e-01
-5.999305511255247358e-01
9.998772177350403467e-01
2.043698299824342757e-01
-8.189791311467776724e-01
3.982625840060293743e-01
-4.947027927143754500e-02
1.962525562726899209e-01
-8.141455122849027282e-01
-1.000070335011818745e+00
-8.002632704392886875e-01
-1.000142409173376823e+00
9.998571211901170486e-01
1.000016045021185684e+00
-7.726350244391997357e-01
-2.527321192545319839e-01
1.589626471020134533e-04
-7.978480990378654658e-01
1.000050315679856805e+00
-5.999680947638850181e-01
1.000098938334325616e-01
-9.999994253729155291e-01
3.968329435099082758e-01
2.045002619916569120e-01
1.000009164885753421e+00
-5.999835031409986863e-01
-5.999028627991798146e-01
-3.434637324690087978e-01
9.999632366010995366e-01
9.985227512872693612e-02
9.999938026204991948e-01
1.000099812635914853e+00
-1.000181266008301151e+00
4.017445802552948586e-01
9.989616968654836671e-02
4.030702525732729469e-01
9.991930466095970409e-02
3.112628166276347474e-02
3.892823351333848242e-02
2.102610182005935635e-01
3.945448426325947056e-01
-8.165171810094700167e-01
-6.000995926508106981e-01
3.915991183991900382e-01
9.999472692530535500e-01
-2.342317544456719303e-02
-7.974926008034274316e-01
4.121104951072924183e-01
4.135214195664311913e-03
1.990227037796184761e-01
-9.999910580261132109e-01
-3.755063961564924502e-01
3.795775788416005381e-01
1.932516695305290522e-01
3.656506936523736678e-02
9.999138857255649437e-01
1.000090381078454937e+00
9.998527954996117018e-01
9.988250429860189017e-02
-3.024852915528254693e-02
-9.997483824930293306e-01
-2.453358256312612173e-01
-2.791771339514386718e-01
1.000043672096603942e+00
-8.064513879442504196e-01
-7.902532528544178314e-01
-5.999858871627883339e-01
-3.817141686724494498e-01
-1.000045977423250410e+00
1.959006989600265147e-01
9.979333275945739823e-02
-6.000238374537401054e-01
-3.056710519785237664e-03
1.000054237980031679e+00
2.048995001601260357e-01
1.971798660769970568e-01
-2.502811172121670660e-02
-3.450611366245358580e-01
-3.863673748459264257e-01
-2.723199136082931071e-01
3.969097820831113954e-01
-2.889305565482777061e-01
1.000056443398591011e+00
1.000058849511150427e+00
6.359981946290825527e-02
2.130324778249401141e-01
2.011942468307417187e-01
4.036027055126423235e-02
-2.924132737143975702e-01
-5.999247796867525073e-01
-9.999829875264972801e-01
2.046864818121458818e-01
2.454288719732418064e-02
