-5.998410575468767769e-01
-5.998618893264731078e-01
1.000001317706660009e+00
-1.452263361423892021e-02
-9.999795468033041423e-01
-7.886585029622475984e-01
-5.998925538531261203e-01
7.578963472799829515e-02
-8.018230497327266670e-01
-3.515351193701907739e-01
9.986646626653263026e-02
-1.000132660763398906e+00
1.914030520576895378e-01
-4.803880877478169074e-03
2.150846179375131284e-01
3.908940905867823168e-01
-1.442797615926857402e-01
-9.998241701635657286e-01
1.939173151827673913e-01
8.516796814761791110e-03
3.920516144905637490e-01
4.070739599960134791e-01
-3.281199337845255304e-01
-8.011014733739226790e-01
-9.999654692608818118e-01
4.105530052159566123e-01
-2.808213721005377583e-01
-6.000987410956921675e-01
-2.834073848652896577e-01
9.984168783452025686e-02
-1.000128695646477217e+00
-8.057854658565331007e-01
-7.840673022842159501e-01
-1.000024596050140158e+00
-9.731218508516664353e-03
1.000064489872557916e+00
-9.999858880501013569e-01
9.999423722732729836e-01
3.941597250330242108e-01
-5.998122940418869620e-01
9.998194366077337580e-01
-7.928819633651443821e-01
-4.084480560038981634e-01
1.000180959571719402e-01
-3.466001107607246112e-01
3.912716073200480094e-01
1.000550061704865018e-01
1.000496348507917688e-01
1.000134582965272051e-01
1.883141867652383394e-01
-9.998800637903184629e-01
-7.919105540993107706e-01
4.111645232811739215e-01
3.905828026999826896e-01
-3.080531818462450278e-01
-1.000016412288795564e+00
-7.972493128842699228e-01
4.193334766745258069e-01
3.001060203228800294e-02
-9.999638660021468173e-01
7.632648350675162729e-02
3.845761266093582487e-01
-9.999534534509239014e-01
-3.782232272581561028e-01
-1.000136270599177646e+00
9.973300547135585670e-02
-1.000147775203351408e+00
-4.037524584031018660e-03
-7.992530931993125920e-01
3.995001733453014126e-01
-6.000228420890433290e-01
-3.109350384538583367e-01
9.998840527612308515e-02
1.252360987781113433e-02
1.856992000562372735e-01
9.987968280527141640e-02
1.866571035890567665e-01
9.998353048827139933e-01
-1.881086148789668649e-02
-7.994828687515099785e-01
4.116790601042772946e-01
4.054241648561582312e-01
1.971617783644600275e-01
2.081482712805891033e-01
9.999296739109734267e-01
4.038171271890250158e-01
-9.998891570102251825e-01
-6.000120499164910415e-01
-1.000218202261055067e+00
3.713827119377707126e-02
-1.000082266227496630e+00
1.001619828042854543e-01
1.000763991592998337e-01
-5.999896236195891852e-01
-3.178592527948559399e-02
-7.995434560528117407e-01
-7.907914824064754544e-01
-3.074799488118483692e-01
3.946348759137808249e-01
-3.057484239435536710e-01
4.034279253414828070e-01
-7.948751393746056326e-01
-2.470679108661483214e-01
1.000486021108656087e-01
9.997204814261398398e-02
1.000222732638237133e+00
-1.027462778506691987e-01
4.096667085301968769e-01
1.001278273022841864e-01
-3.534867123613920081e-01
1.895829651996401577e-01
-2.936330453904923421e-01
-5.998856822371895214e-01
9.999141374510784885e-01
3.915422783648262461e-01
2.001157483888544864e-01
9.999531093208241517e-02
1.000095510959538414e+00
-9.999774747975701539e-01
4.084554769276474429e-01
1.000083252895083596e+00
4.003809925218728694e-01
9.996994334405785720e-02
4.030766910842815687e-01
-6.001001836207771056e-01
3.943207933071140037e-01
-3.738720909332172160e-01
3.920329411302103106e-01
9.999326869564135745e-01
9.998164406854898045e-01
1.000620453995711701e-01
2.023116497991259977e-01
4.103566739152516574e-01
-8.055414375567016005e-01
9.995068605708080922e-02
1.000056105131824191e+00
1.000063539046243122e+00
-9.997888560039492889e-01
-5.999927607183147549e-01
3.954225506556544589e-01
8.156782514518756688e-02
4.040430078002570924e-01
9.982250730735417465e-02
3.951367873203129322e-01
-1.063500030062415197e-01
-2.864300892978375868e-01
-6.000104128953277494e-01
2.118304163240480320e-01
9.999531647216657326e-01
-1.000020295525048342e+00
-7.957374060779589531e-01
9.999593098219706766e-01
4.270652642786130215e-01
-5.998914511874517963e-01
1.000250450941375796e-01
-4.042202687743198797e-02
-3.336293107072043629e-01
-8.023482949078571957e-01
2.092912892524201596e-01
9.995589682601246917e-02
1.000006125835272819e+00
1.927187974648821023e-01
1.912886864670283737e-01
-3.681849140253028452e-01
-1.000046154543100085e+00
1.506006271093724216e-02
4.203141191502676732e-01
-8.037726825273769915e-01
1.888230847496469023e-01
1.000099868767723166e+00
-8.086679183072051913e-01
-5.999204773208302033e-01
-9.999957864154939147e-01
-6.999882909440265089e-02
-3.551847962306699524e-01
-6.000558431803998394e-01
-1.101577284139116514e-02
1.981187927687621808e-01
-9.998111556546609435e-01
9.999031536953928434e-01
-8.087879547899559096e-01
3.900524784149169699e-01
-4.300661765422402194e-01
9.998114118617269508e-01
-1.000007637057385823e+00
-1.422928921831623054e-02
1.995530629549664148e-01
1.000322512416802340e-01
-8.086979020480479230e-01
-3.188024310377691739e-01
1.051155887187800869e-01
-1.765740639183431826e-01
1.877124702843659121e-01
9.330501036617342564e-03
-5.999924847400738281e-01
-5.998268393265131504e-01
4.153502094601925210e-01
1.000246717383246997e+00
1.000492213653387114e-01
-3.452841681208902447e-01
2.063757116816942461e-01
1.000444979648340421e-01
9.996370707442597814e-02
-7.800479122973179580e-01
-6.000637979702085900e-01
-6.001244550326952920e-01
9.999908037552710516e-01
-5.999517523679561704e-01
-5.998796789793305884e-01
9.999641068922265896e-01
1.985875071579545625e-01
-7.990119758919649318e-01
3.958982656838898051e-01
-8.698823840365835225e-02
2.026742727226494567e-01
-8.064468805695734765e-01
-9.999513300831821550e-01
-7.839679797656348148e-01
-1.000058608947571592e+00
1.000174343461927462e+00
9.999467430544168867e-01
-7.962768331349134865e-01
-2.405782528822947297e-01
2.727599488026152472e-02
-7.923563670006493753e-01
1.000005730781543090e+00
-6.001078291936760012e-01
9.991865661815055311e-02
-1.000218262215545106e+00
4.086746590622115094e-01
2.058464465777210262e-01
9.998788969132577087e-01
-5.998645735447045713e-01
-5.999439246928661706e-01
-2.062701603435277420e-01
9.999165497200627195e-01
1.000840773348152385e-01
1.000067212346268164e+00
9.999213826073931610e-01
-9.999735048690060468e-01
4.081016659625326115e-01
9.999543881899701503e-02
4.062110488793801433e-01
1.001165964331862668e-01
-5.567217084777368458e-02
3.610556902623577452e-02
1.936537317749360554e-01
4.098747417177106556e-01
-7.996638314856744367e-01
-6.000420003423456716e-01
3.807060703787507605e-01
1.000032234132600450e+00
2.066178325784315435e-03
-8.015239495346500043e-01
3.866279141175334999e-01
-9.188355579549264962e-03
2.172131319894579360e-01
-9.999819649410078837e-01
-3.651373585719687731e-01
3.970042692339468271e-01
2.108204616386967212e-01
-2.764468621803008175e-02
1.000089009776221838e+00
1.000043553485836068e+00
1.000227625036355761e+00
9.994791029790252301e-02
4.255690777037303765e-03
-9.999173675909499570e-01
-3.260268067247447665e-01
-2.516078042823371996e-01
9.998630302501488876e-01
-8.150221888764366263e-01
-8.059972594878177521e-01
-6.000132180666720716e-01
-2.825505723975185179e-01
-1.000044597171275029e+00
1.876607642822054056e-01
1.000374269833288338e-01
-6.000339463660231409e-01
3.439848985859852298e-02
1.000123892583492546e+00
2.032645194543157285e-01
1.913172999808933905e-01
1.208468663973289864e-01
-3.189360154126231750e-01
-2.946683254212820180e-01
-3.364187529255076026e-01
3.942521735155969931e-01
-2.842395888793767811e-01
1.000047357129647541e+00
9.999257797161019701e-01
7.741655849803073808e-02
1.869386235047290346e-01
2.061172209765234353e-01
1.471774353547287278e-02
-3.131733409390773382e-01
-6.000253793053302864e-01
-9.998320543630305757e-01
1.935324469733558372e-01
-2.182381837606447994e-02
