-5.999724407013068417e-01
-5.999454450605604672e-01
9.998460797925368126e-01
-4.668923133318366586e-02
-9.999974572161570707e-01
-8.071199529669056405e-01
-5.998799320699134130e-01
4.680745108200676935e-02
-8.017050661751898843e-01
-2.101935820827867396e-01
1.000225009996822956e-01
-9.998870698841159088e-01
1.936866657352679100e-01
-2.548521619714051029e-02
1.930446517410607798e-01
4.036873386292790800e-01
-6.088324224560409670e-02
-9.997998702691638373e-01
2.023374563206173093e-01
2.266267510546254339e-03
3.968412891604563564e-01
3.973909223176642080e-01
-2.893863103538625303e-01
-8.169187470775419735e-01
-1.000019254301264926e+00
4.157575232793187525e-01
-2.779197726642784749e-01
-6.000283658569839362e-01
-3.516452268742687459e-01
1.001603769097406393e-01
-1.000105568349984431e+00
-8.166464663168635507e-01
-8.216674865406333739e-01
-1.000069807961918578e+00
-4.076593777474221691e-02
1.000144231514052073e+00
-9.999788717461476351e-01
1.000029931682017148e+00
4.055062339364334800e-01
-6.000323684748257724e-01
1.000102050330867742e+00
-7.876344050266945729e-01
-3.171781844122432692e-01
1.000666848579955664e-01
-2.781034897748034251e-01
4.172156445150823068e-01
9.975136785640845161e-02
9.982507427843063941e-02
1.001117287859865645e-01
2.158299734781781165e-01
-9.997969235451966696e-01
-8.000884653159776594e-01
3.934373205931542272e-01
4.114439916987471801e-01
-2.558957250823083451e-01
-1.000183113497544962e+00
-7.944440115820803339e-01
3.998349586474492789e-01
2.056477896398130334e-02
-1.000047611897122879e+00
-5.742727970239187851e-02
3.993635716927539381e-01
-9.999558116445350642e-01
-2.889038377638702415e-01
-9.999701722622524880e-01
9.992059689285745505e-02
-9.999004808625919782e-01
-1.022921567908752216e-01
-7.976420781684494532e-01
3.971543401596476786e-01
-5.998616940057225344e-01
-3.735354535890603733e-01
9.988461948696326920e-02
3.828334408519946941e-02
1.753802528316928955e-01
1.000224646759496627e-01
2.082573124817019838e-01
9.998726039687267919e-01
-8.523033253596948300e-03
-8.160491168792329830e-01
4.007660150409566580e-01
4.124052109254841003e-01
2.087123406056050900e-01
2.043706225707151436e-01
1.000121089768884364e+00
3.893257325930684076e-01
-1.000125115660902120e+00
-6.001003666379881585e-01
-1.000184229619741405e+00
-1.166230224873627055e-02
-1.000023750550885993e+00
1.000708761552694254e-01
9.989772415103038983e-02
-6.000719877979933115e-01
1.945175840776679210e-02
-8.009478663222185935e-01
-8.007274508360554544e-01
-2.868625521507945919e-01
3.817085347205920742e-01
-2.757454743860084934e-01
4.042226981982975920e-01
-7.942093579593260122e-01
-3.234694335326947501e-01
9.994602567583310559e-02
9.992673237463840785e-02
1.000028005513844853e+00
-2.785084146075622602e-02
4.010402258548111942e-01
9.989505633798465012e-02
-3.085639006194216272e-01
1.943293457745912667e-01
-3.526398308715488206e-01
-5.998026449268668570e-01
1.000071306909164015e+00
3.896430126582478559e-01
1.968691919886993713e-01
1.001089972774632519e-01
9.999470872262350429e-01
-9.999417708162177121e-01
4.119803517396395387e-01
9.999153397528537379e-01
3.932552504670711047e-01
9.993042886791772550e-02
3.861952826628319291e-01
-5.998636673723289903e-01
4.074049773428976007e-01
-3.137853547707111779e-01
3.876857796765767472e-01
1.000042310745323348e+00
9.998076539760384351e-01
1.001616066404435457e-01
2.126237127045444153e-01
4.105346269894092348e-01
-8.008846007662453470e-01
1.000810109352179289e-01
9.999427379859301412e-01
9.999808736653875707e-01
-1.000061821641669235e+00
-6.000507721081167478e-01
4.028144429508847546e-01
-1.149073856445324317e-02
4.011322803748830212e-01
9.992945168244453391e-02
3.733527492629939992e-01
-3.309065558343738528e-02
-3.608280546444637138e-01
-6.000703959715472102e-01
2.065151410859737136e-01
9.999900281335240004e-01
-1.000029871047447561e+00
-8.033050351266337596e-01
1.000083796018382154e+00
3.732393782448598651e-01
-6.002312625251472467e-01
1.000391940212295022e-01
-4.745625050584210969e-02
-2.924456155588844863e-01
-7.923539929929953596e-01
2.064026359880405670e-01
9.995554902425220212e-02
9.999326553443302901e-01
2.100126401006292831e-01
2.047615128373555804e-01
-2.970248465419571549e-01
-1.000016646984860369e+00
-2.890128171522611533e-02
4.078396395445008649e-01
-7.887587121673266255e-01
1.980106021995373389e-01
1.000097004567693793e+00
-8.005731316358829508e-01
-5.999919431124953739e-01
-9.999863960232937554e-01
-5.452243979728127465e-02
-2.524721007062457612e-01
-6.001396798641841501e-01
5.395154791821036439e-02
2.074410903081105317e-01
-1.000020131245031862e+00
9.999895913733479746e-01
-8.180502672853152690e-01
4.147009626224681944e-01
-3.804992718637132953e-01
9.997519904005481850e-01
-1.000022199979802906e+00
-8.278772712819138999e-03
1.908849964715593206e-01
9.989799675672855761e-02
-7.876769567549206652e-01
-2.436353554370409014e-01
5.861136504700067626e-03
-2.505831672935509014e-01
2.034951953663075574e-01
3.645162082761920636e-02
-6.000129997368458534e-01
-6.000362704627040245e-01
4.018993042485430878e-01
9.999854629436286668e-01
1.000718686492069465e-01
-2.254925733452530778e-01
1.995232194158927941e-01
1.000422112208774056e-01
1.000269409770250945e-01
-7.779164372219321555e-01
-6.000738155531095686e-01
-6.000641476448996814e-01
9.999982156451389104e-01
-6.000569482164330726e-01
-6.000378899223924867e-01
1.000140180087776720e+00
2.035450540688068799e-01
-8.202967475698295097e-01
3.907533290013694982e-01
-3.783314091046469096e-02
2.133826525123592999e-01
-7.924189156128961242e-01
-9.999780709786939559e-01
-8.104576997206759392e-01
-1.000198716977783508e+00
9.997445816809179542e-01
9.997062230529164539e-01
-7.863518610670621189e-01
-2.561357257041053104e-01
-1.068610370013137884e-02
-7.809457825566371580e-01
1.000028750915449960e+00
-5.999086349175822841e-01
1.001194702194490443e-01
-9.998845558326963090e-01
4.095568288144709190e-01
2.105458219360454852e-01
1.000166885876421219e+00
-6.001459002418177979e-01
-6.000771456695126460e-01
-2.612807357381129458e-01
1.000090855201720252e+00
9.998690509617357003e-02
9.999230441092755717e-01
9.999737470860344812e-01
-1.000299208333298218e+00
3.934744009662563546e-01
1.001311403142412515e-01
3.804196857117016495e-01
1.000359621017582468e-01
-1.279548240779300808e-02
-3.123898473772282469e-02
2.034153147509110415e-01
3.867114631930677060e-01
-8.006579671217494143e-01
-6.000315625646596152e-01
3.936362570993952592e-01
9.999449811493092977e-01
6.430105812742235860e-02
-8.025044978129678430e-01
3.952659718840806358e-01
2.671946836051302884e-02
1.866715233488747960e-01
-1.000231411838732098e+00
-1.996413877329104025e-01
3.950431327193882347e-01
2.096562218940678513e-01
2.958469771316850350e-02
9.999722002716808777e-01
9.999336284211629566e-01
1.000120119458666856e+00
9.994433152166846968e-02
-1.967456714228095482e-02
-1.000025181663760643e+00
-3.103542268320274022e-01
-3.650024730232932502e-01
9.997990034575764406e-01
-7.985647046754151823e-01
-8.175567135257447715e-01
-5.999680270852754127e-01
-3.329262020524658694e-01
-9.999882803823220145e-01
1.917399197322661453e-01
9.996674595519411399e-02
-5.999209643344801668e-01
-1.024729540878957512e-01
1.000129790285387399e+00
2.115304425525519061e-01
1.851948570401149852e-01
4.287049322619423952e-02
-2.636750607257896117e-01
-2.099339248565010307e-01
-3.179025872458421942e-01
3.874729656288465329e-01
-3.062935584347838414e-01
9.999841527021927634e-01
9.999040635816287548e-01
8.380776477427948068e-02
2.102210192720507798e-01
1.972712317991707764e-01
9.144247868829190329e-03
-2.218623281045328799e-01
-6.001264559180783387e-01
-1.000044080575867023e+00
2.108874511388574013e-01
4.838222176122754931e-02
