-5.999685290744719568e-01
-5.999332419758315327e-01
9.999593479400229468e-01
1.945524369695364811e-02
-9.998255550204302455e-01
-8.078647429609642217e-01
-5.999833467708481916e-01
5.718389203967529089e-02
-8.083622053264589713e-01
-3.029146436304351320e-01
1.000681509744470316e-01
-9.999427383055106144e-01
2.148862915861299572e-01
-3.844851294354325461e-02
1.888674086488221771e-01
4.051062169175920213e-01
1.402372159739422725e-02
-9.998589313472684426e-01
1.837763082331550779e-01
-3.247441460860941292e-02
4.042724518557371804e-01
3.943692865831167627e-01
-3.297425063146008362e-01
-7.917150886347866789e-01
-9.999088498627923816e-01
3.971388995589844040e-01
-2.817525655867954004e-01
-6.000134705092200482e-01
-2.396090274248603713e-01
1.000202995777355053e-01
-9.999675458896523095e-01
-7.941939666468543768e-01
-7.905109388063695786e-01
-9.999213007487910421e-01
3.525196710664394058e-03
1.000028853619515878e+00
-1.000033682168113724e+00
1.000023304667023494e+00
4.024054878192069307e-01
-5.999042535707265200e-01
1.000000760362651508e+00
-7.903452640010247832e-01
-2.936258589252688789e-01
1.002842029058427509e-01
-2.640435569127952409e-01
3.788152197088435202e-01
1.000760438635825700e-01
1.001446615321191363e-01
9.999012945402968588e-02
1.972162184134302332e-01
-1.000011871437659794e+00
-8.079620401784766148e-01
4.029516273920508151e-01
4.156520534742980666e-01
-3.286268985276586396e-01
-1.000122404584641522e+00
-7.914530495976753732e-01
3.999203273338926556e-01
3.969046206093977680e-02
-1.000163373814535461e+00
-5.942708590923308221e-02
4.096047571016247502e-01
-9.998811361944118792e-01
-3.074956192543422673e-01
-9.999809168384435898e-01
1.001148820248240895e-01
-1.000027604117791347e+00
4.919615743882978232e-02
-7.819780024003796237e-01
3.914318027164978564e-01
-5.999305278585137513e-01
-2.652621013664288041e-01
1.001116600434489301e-01
1.379476363667937223e-02
2.001115614822215061e-01
9.994450620922720741e-02
2.112887331413527969e-01
9.999075301331531440e-01
6.399720649721234514e-03
-7.928151858382195272e-01
4.139177341979850544e-01
3.962384592073622813e-01
2.075616216804948289e-01
2.153897776911793127e-01
9.999422911841274741e-01
3.909456351870860269e-01
-9.999299135997680166e-01
-5.999964966110761244e-01
-1.000081888588822077e+00
-2.058023026161245189e-02
-9.999751484522132472e-01
1.001237802769270602e-01
9.995599626540943583e-02
-5.998462067542994491e-01
-1.486023245436397799e-02
-7.812370902759985247e-01
-7.935393312352477801e-01
-2.843776325089573676e-01
3.938931802715716080e-01
-2.817863588278929909e-01
3.948971855046790047e-01
-7.992920637362068703e-01
-3.812511446249339242e-01
1.000460577658350836e-01
9.991892739006516533e-02
9.998812335144532382e-01
-1.216524835984832131e-02
4.094678781134549750e-01
9.991333994995761636e-02
-3.233516287577435366e-01
1.929404728791403734e-01
-1.893505271421798697e-01
-6.000062944036408386e-01
1.000244597229957622e+00
3.928603048205301929e-01
1.941292256802229776e-01
9.991754685600949537e-02
9.999692653017935307e-01
-1.000039964613163912e+00
4.066363588702771037e-01
1.000072687165571184e+00
3.826798942812164039e-01
9.998815324803304871e-02
3.940842296970302749e-01
-5.999493724852357213e-01
3.954623223862384074e-01
-3.483225444507442869e-01
4.097425413830310115e-01
9.999032835422010379e-01
1.000032558214889677e+00
1.000249559162637025e-01
2.114566106257776412e-01
3.936827408103301673e-01
-8.072435692306786370e-01
9.981785893440317525e-02
1.000150674474406864e+00
1.000022101446390366e+00
-9.999410464688053279e-01
-6.000021188246842385e-01
4.003625004671067522e-01
6.258676741028233736e-02
4.011000905010602136e-01
1.001401147279863679e-01
4.152089960452955975e-01
5.726500858913893821e-02
-2.590547365391308587e-01
-5.999042151245910226e-01
1.933868942196314555e-01
9.999387002424391380e-01
-9.999716344714368876e-01
-8.023468406184699475e-01
1.000050400709169507e+00
3.860747849975960655e-01
-5.999425624637687582e-01
1.000476882156279279e-01
5.311882875762270750e-02
-1.750709031498353663e-01
-8.142764906589918805e-01
1.869478970580962240e-01
9.985923603130485160e-02
1.000133739577508063e+00
2.002054789795357781e-01
1.975885785562616070e-01
-2.550068227297276890e-01
-9.998450709315596097e-01
2.141649723595006466e-02
4.066611215243159383e-01
-7.861451276520806664e-01
1.980728618064900026e-01
9.999090456091840329e-01
-7.963866380508415332e-01
-5.998905971800894132e-01
-1.000029740319520632e+00
5.930357094681542457e-02
-3.589714219257092442e-01
-5.998442821348295428e-01
-2.085922099585659796e-04
1.915903126713611737e-01
-9.999287649109626086e-01
1.000075044018308157e+00
-7.793357173991111164e-01
3.835144255844642469e-01
-3.462918104979766376e-01
9.999276130859424683e-01
-9.998962286408169531e-01
-9.908473796106577469e-03
2.214468013093167376e-01
1.000254421569239660e-01
-7.989591212566974354e-01
-3.532928748216146997e-01
3.763716072032589205e-02
-2.324193329619963777e-01
2.029538066607521063e-01
-1.348922117531644455e-02
-6.000011048209141773e-01
-5.999302319735672073e-01
3.940894141180301680e-01
1.000032458158353288e+00
1.000087983146468323e-01
-2.342790892867600561e-01
1.969042416054352651e-01
1.001027822996274075e-01
1.000786105378117796e-01
-8.190586774337065279e-01
-5.999890222323016609e-01
-5.999792710070840362e-01
1.000091703317187219e+00
-5.999024947548580178e-01
-6.002097391368708124e-01
9.999750010745367401e-01
2.041629031202685796e-01
-7.998098601806526986e-01
3.988269219696473078e-01
-1.283941424226622656e-02
2.098801870115947765e-01
-8.004112224505466333e-01
-1.000025065390317325e+00
-8.006083680642228639e-01
-1.000224076336844403e+00
1.000119403501473769e+00
9.998887700068411766e-01
-8.028292901459418429e-01
-2.253234589249655251e-01
-1.518693871195082867e-02
-7.989933471300690870e-01
9.998573705065942896e-01
-6.001051688720693278e-01
9.990002789773040626e-02
-9.999091116951184244e-01
4.027963610501111291e-01
2.056159588923753556e-01
1.000051062647131950e+00
-5.999831085077880211e-01
-6.001000832013422270e-01
-3.174783085029628804e-01
9.999911775702879924e-01
1.000739435782655451e-01
9.999397242974830124e-01
9.999332900827843096e-01
-1.000060871290930464e+00
3.908682583534348609e-01
1.000729839694709383e-01
3.999199934914838828e-01
9.981610881422774140e-02
1.176126679813781434e-03
-3.162753687310945055e-02
1.948595774466216068e-01
3.869576212513698432e-01
-8.096219183369157690e-01
-6.001768338151476367e-01
3.968904685437506519e-01
9.999660155307568132e-01
5.170979487896701365e-02
-8.008081638660226043e-01
3.876001667987384880e-01
-2.594812531917013720e-02
1.974785060751954036e-01
-9.999895744977916889e-01
-3.530868206417269173e-01
4.103099401113783906e-01
1.898685717232041492e-01
-3.596327113326866498e-02
1.000063527621306791e+00
1.000056756084957588e+00
9.999419559191273787e-01
1.001080367007105010e-01
1.911261502527090636e-02
-9.998236527413976171e-01
-2.079828097915932816e-01
-2.696745374398949457e-01
1.000082483442296333e+00
-8.032241874898797818e-01
-7.846561811289929356e-01
-6.001309469131128616e-01
-3.474122395015824538e-01
-1.000101455440775000e+00
2.109375270466674057e-01
9.999667911131290832e-02
-6.001570161896532252e-01
3.868466683497340936e-02
9.999110632645979990e-01
2.078524551984929636e-01
2.061245383480759807e-01
-4.109850789484098543e-02
-3.253512281788179528e-01
-2.234033922165427066e-01
-4.327228943543659501e-01
4.002391614058218305e-01
-2.975197051933928805e-01
9.999022278367635241e-01
9.998732250171042946e-01
-2.013770433583573355e-02
1.961241864570403282e-01
2.012733225970761153e-01
-4.934966503551595912e-02
-3.382015853554396489e-01
-6.000702660585782722e-01
-9.999500139621764205e-01
2.132796298979115213e-01
3.024107722703409107e-02
