-5.999423149674725231e-01
-5.998488786202619272e-01
9.999629548986791461e-01
-6.905234736217575296e-03
-1.000173476556652341e+00
-8.029739057989185858e-01
-6.000444553309037810e-01
3.912302393912436838e-02
-7.867909785832357672e-01
-2.489367799911030021e-01
1.001571554850363699e-01
-1.000172607819165949e+00
2.145316294195442064e-01
-2.240787689406156021e-03
2.068109497550450759e-01
4.014361858778422443e-01
6.333106226837856290e-02
-9.999734614675713784e-01
1.995947680038238636e-01
2.379403937519923920e-02
3.845558053183010250e-01
3.922301043667153486e-01
-3.767481198036740087e-01
-7.831509335921239545e-01
-1.000031363920657945e+00
4.084623827163584853e-01
-3.458545926869207587e-01
-5.999338810427484736e-01
-2.813178004560894507e-01
1.001562185401889821e-01
-1.000103603102161509e+00
-7.945023198028318134e-01
-7.952761292967250872e-01
-1.000030589420023208e+00
3.907874504326010190e-02
9.999473273204745327e-01
-1.000248110774462962e+00
9.999440188705562838e-01
3.884091690418309817e-01
-5.999208374138192967e-01
1.000103467431087578e+00
-8.109665925999719471e-01
-4.131117612447564591e-01
1.001776510166685480e-01
-3.910025642206312879e-01
3.839252411925494490e-01
9.998757396761141780e-02
1.000570791749500477e-01
1.000289434049180803e-01
1.989465594232182333e-01
-1.000083345371129528e+00
-7.887921328196962900e-01
4.151823979028485545e-01
4.021526208543857450e-01
-2.596838185452631786e-01
-9.999915122922404809e-01
-8.083128326652855300e-01
4.021645280475919515e-01
2.929692242308364059e-02
-1.000100513726423834e+00
8.742389162418429116e-02
4.014774887997772934e-01
-1.000019833557102000e+00
-3.491315534197949599e-01
-9.999990364703384982e-01
9.996384047219264435e-02
-1.000005922501638222e+00
-7.428524665999548804e-02
-8.049870862052458387e-01
4.191918805104223322e-01
-6.000419474849013612e-01
-3.382529810477667986e-01
1.000398960462821896e-01
-3.848355209648916808e-02
2.055129333295354632e-01
1.000119658991378280e-01
2.078131486316780185e-01
9.999585684949985342e-01
-9.814441969699500001e-02
-8.150431543779282917e-01
3.998493721297737835e-01
3.937179048260103231e-01
1.860850624772340811e-01
1.833687645912919495e-01
9.998918213942479261e-01
3.983276469555325772e-01
-9.999550405314343582e-01
-6.000314507995362368e-01
-1.000056734418377724e+00
-1.584552756279061867e-03
-1.000009886022791727e+00
1.000185815528829569e-01
9.992989078184708052e-02
-5.998787674526255831e-01
-8.655155879888454251e-02
-7.932372220507118987e-01
-7.847754049329618287e-01
-2.852592399890265251e-01
4.028895466980983997e-01
-3.146498948054075595e-01
4.092110661793886273e-01
-7.941091605982089074e-01
-2.870182058521883461e-01
9.985184319633383376e-02
9.997756267261405372e-02
1.000053449914233283e+00
-6.251278769040112537e-02
3.984352940390225029e-01
1.000660847777975065e-01
-2.465784891573556403e-01
2.046833197588743547e-01
-2.477322480446657593e-01
-6.000342540353124088e-01
1.000028008046185635e+00
4.019013693019399813e-01
1.956654813551981231e-01
1.000067142674308240e-01
1.000036020145672833e+00
-1.000020863094272405e+00
3.997880448034882850e-01
9.999592476575089872e-01
4.072697132778614337e-01
1.001274787436083474e-01
3.885874191231968866e-01
-6.000522590079416796e-01
4.001731227268808255e-01
-3.677893947610981762e-01
4.001453810470260164e-01
1.000082475598186305e+00
9.999911826561300732e-01
1.000701496109119432e-01
2.207133165527583596e-01
4.036802547573306588e-01
-8.004115433641149080e-01
9.999907615069425493e-02
9.999999779775725628e-01
9.999646675011454322e-01
-1.000048623699485217e+00
-6.001112283388250201e-01
4.126650339250239607e-01
4.264604758542570040e-02
4.014657387997060956e-01
1.001686146182979437e-01
3.965457963953195053e-01
-1.159478132604950806e-01
-3.384877378328636222e-01
-5.999236057557296720e-01
2.108487838513985468e-01
9.999205279032840066e-01
-9.998894606335128055e-01
-8.033353149297532969e-01
1.000004760282318772e+00
3.874304890611787733e-01
-6.000106491786258989e-01
9.993051854986720328e-02
-6.559526078073639466e-02
-3.220740626287934005e-01
-8.004023407057319073e-01
2.009608305545644569e-01
1.000253188721742098e-01
1.000116231728686023e+00
2.109605607589787879e-01
2.271358759794195326e-01
-2.330037895130915859e-01
-9.998019866783942611e-01
4.182451960702232574e-02
3.967437862227232159e-01
-7.872486488964123286e-01
1.872694708275981779e-01
1.000095337201488466e+00
-7.938804464560469398e-01
-5.998965040532623361e-01
-1.000113858973895375e+00
4.302331489186341645e-02
-2.440988529079048119e-01
-6.000506973041783709e-01
-2.535954587477655484e-03
2.044586147010926669e-01
-1.000265014214223758e+00
1.000008793505003046e+00
-8.146916405014257290e-01
3.936571048385957283e-01
-3.484238166082384014e-01
9.998770445729119327e-01
-1.000030052839276262e+00
1.086777063636743118e-01
2.088701847286743851e-01
9.990277749029549681e-02
-8.084081541691603423e-01
-1.954218336838146608e-01
4.252660479953920478e-03
-3.098228922501363725e-01
2.028679090720689193e-01
1.616241766671893884e-02
-6.000759146700719304e-01
-5.998374695597562534e-01
3.994821678914778906e-01
9.998729825554263373e-01
1.000444706476575629e-01
-3.404875170207811719e-01
1.885521679545694995e-01
1.000251453847168376e-01
9.983982399517886408e-02
-8.132021421738162559e-01
-5.999042751401288953e-01
-6.001608061876104738e-01
9.999521814833608468e-01
-5.998357410730481565e-01
-5.999681504560324674e-01
9.999263210944853153e-01
1.948394118284048071e-01
-7.955627708579650070e-01
4.072353973471099509e-01
1.099987121023147246e-02
2.006666340812118532e-01
-7.965233802947511155e-01
-1.000138696006151351e+00
-8.039398341194956554e-01
-9.999729776508375911e-01
9.999230190883762193e-01
9.999333636245748558e-01
-8.015729361125193408e-01
-2.804439138007888133e-01
2.849291506638354510e-02
-8.061682217497728731e-01
1.000043657798604269e+00
-6.000949061154172703e-01
1.000030013703342158e-01
-1.000138562902627148e+00
4.106198882127906624e-01
1.908532169316569105e-01
9.999933854500622221e-01
-5.999411840078578972e-01
-6.000983435155925472e-01
-3.273543113197440735e-01
1.000042114627419654e+00
1.002556803160987164e-01
1.000012633528517547e+00
1.000102360229956355e+00
-1.000074005129634847e+00
3.836176494368372936e-01
9.983357850118083909e-02
3.935575963295873669e-01
1.000856363913924518e-01
-5.892639456377547769e-02
-7.281699446313480428e-02
1.958113677822132526e-01
3.989347985678887709e-01
-7.757634253493016496e-01
-6.000442019431617702e-01
4.116688201677797254e-01
1.000003054411719994e+00
1.374085337862054196e-02
-8.049522929570505081e-01
4.108138773203333649e-01
-7.530647169934008567e-02
1.970514727470198402e-01
-9.998342072563014549e-01
-2.986043925943643873e-01
4.075331631370094354e-01
2.028122266608600732e-01
1.423558339756130289e-02
1.000052938600881181e+00
1.000051256166728075e+00
9.998428059404864676e-01
9.993608127305443622e-02
3.885258019348753877e-03
-9.998984586967342159e-01
-2.656923585596232540e-01
-2.485704341524594962e-01
9.998849414331669738e-01
-8.027887767136692165e-01
-7.926461821616374026e-01
-6.001236714643751746e-01
-3.450042078139869406e-01
-1.000105361298901041e+00
1.963737424016899769e-01
9.987626431043934716e-02
-5.999789878803825083e-01
5.299366414216642035e-02
1.000017471590346707e+00
2.005232696994312946e-01
2.039888736993206442e-01
3.983591027425675835e-02
-2.324932305649125008e-01
-3.804419602642578058e-01
-2.988639000113675892e-01
4.213072703229567284e-01
-2.873007275781946368e-01
9.999531416829122721e-01
9.999229453791563804e-01
3.509574930856481506e-02
1.899377906545408889e-01
1.862037516862078135e-01
-1.087044283205686537e-02
-3.251298177035206738e-01
-6.000572436184177239e-01
-1.000041434305832144e+00
2.109388886741059843e-01
-2.054965630441171753e-02
