-6.001002041956465805e-01
-6.000535752658595623e-01
9.998788882659429555e-01
-4.517449930280752202e-02
-1.000039552076354754e+00
-8.218208227021939205e-01
-5.998430955769451511e-01
7.029199510886510738e-02
-7.965356050295921975e-01
-3.174137908411691078e-01
1.002150754247943393e-01
-1.000058845528147833e+00
1.972671397303793484e-01
-2.367702816116783876e-02
1.836219756487200705e-01
4.003769153928975477e-01
-5.941819104637500321e-02
-1.000110959308676328e+00
2.027889390779070988e-01
-4.248323143465654317e-02
3.832109728183703545e-01
4.061654567531196025e-01
-3.834914560900248848e-01
-7.984196949175117464e-01
-1.000069554368494096e+00
4.200366614137477916e-01
-2.365951736292429275e-01
-5.999418989743968700e-01
-2.423456901848307365e-01
9.998304072207839233e-02
-1.000079363893143780e+00
-8.218089761027888018e-01
-8.089106051025504174e-01
-1.000006708248856402e+00
-2.614143044307839711e-02
1.000070818729999145e+00
-9.998616422914834434e-01
1.000011532691313931e+00
4.154058146446867328e-01
-6.000539332169492202e-01
9.999874971456441664e-01
-7.913475720947074077e-01
-2.767911407775978661e-01
9.981687830349229851e-02
-3.640055251297634187e-01
4.006889736261374790e-01
9.989140667362372827e-02
9.992334292533727735e-02
1.000926148006714422e-01
2.021161221386873486e-01
-9.999444902212705211e-01
-8.060980868191565119e-01
4.075002944758454038e-01
4.092110892942900091e-01
-2.965588915662354941e-01
-1.000019839136760735e+00
-8.001017833102850307e-01
3.946203989335508866e-01
5.094336404788286921e-02
-9.999692485808565623e-01
4.953225458314202551e-02
4.154231425520380494e-01
-1.000028725200600155e+00
-3.023635261861288837e-01
-1.000158735656000442e+00
9.995091497268572545e-02
-9.998711456004527598e-01
-4.950429340016618274e-02
-8.058406271128019105e-01
3.923115580017413895e-01
-5.999305591695960338e-01
-3.566807307763141810e-01
9.986827023653749302e-02
-1.812605321131544392e-02
1.940697771564191543e-01
1.001375702953438834e-01
1.922821382588296157e-01
9.998091465254871357e-01
-1.059987461145522197e-02
-7.899219914465741565e-01
3.883093591827486146e-01
4.098968944575919759e-01
2.134435235326085645e-01
1.919170739121001668e-01
9.999255634431509776e-01
3.961442015637862690e-01
-9.999706216672398229e-01
-5.998925907112140354e-01
-1.000107373927813237e+00
3.619418287595964345e-02
-9.999491059124396841e-01
9.998208327023398734e-02
9.999927004703398903e-02
-6.001092428140452073e-01
-4.567317436323400925e-02
-8.087043748960366374e-01
-8.103920828216053529e-01
-3.834067313704944691e-01
4.026476519056667036e-01
-3.118393959938653981e-01
3.898210902054399796e-01
-8.068712748204609486e-01
-2.286243319576069799e-01
9.996654394430723456e-02
1.001487078108671269e-01
9.999533674169955866e-01
6.766303848285639203e-03
4.030727303850385468e-01
1.000709819539920276e-01
-3.449950147957589475e-01
2.058227708072863371e-01
-3.664847856952846428e-01
-5.998577613227046301e-01
9.999171130408185393e-01
3.923845286273020538e-01
2.114811752261734901e-01
9.992449058504987436e-02
1.000103909592152451e+00
-9.998964355425049577e-01
3.869297263820033472e-01
9.998431807223154832e-01
4.055176570757985099e-01
9.982140487549764907e-02
4.130604825100922528e-01
-5.999220250054142500e-01
3.820601308538099095e-01
-2.840498505598217371e-01
4.132573812704890548e-01
9.999680542447771936e-01
9.999647516195488972e-01
1.001021637102367939e-01
1.968629195815521649e-01
3.991329891633962901e-01
-7.818212654050925581e-01
1.000710797002455493e-01
9.998471246202800256e-01
9.999664409316355584e-01
-9.999838841571423442e-01
-5.999650968353724689e-01
4.078352829781723976e-01
-1.513264464370095257e-02
3.959058706912146341e-01
9.981509658070022994e-02
4.162965552806671132e-01
1.998868968732646009e-02
-2.552952778500333086e-01
-6.000205647640207696e-01
2.038781974233951355e-01
1.000205930928893761e+00
-1.000060255980148805e+00
-8.060727586302436354e-01
1.000047567859337017e+00
4.000584812019175041e-01
-5.999695932007359511e-01
9.985863592443752768e-02
-3.291319562961807221e-02
-3.058046877237974304e-01
-7.993959145521465359e-01
1.915613431381859022e-01
9.999534132565991718e-02
9.999158242006811470e-01
1.899820734842239955e-01
2.115382377746006792e-01
-3.141279928345465100e-01
-1.000042192801984253e+00
7.206794845020339513e-02
3.994975989912220027e-01
-8.049864490252952587e-01
1.932368048507913938e-01
9.999402362405652722e-01
-8.050579877355853453e-01
-5.999978025198497988e-01
-9.998523783337872617e-01
2.327226696875317469e-02
-2.737489679350802452e-01
-6.000124906253420098e-01
3.016722176362216651e-02
1.895989707694633875e-01
-9.998787950084233600e-01
9.999331284526038477e-01
-8.050759044210890059e-01
3.872874138417886636e-01
-2.146353163870558245e-01
1.000004294563125118e+00
-9.999605318468904880e-01
-1.880640004082851854e-02
2.014371730175640862e-01
9.987944295521074267e-02
-7.879701280625083237e-01
-3.888088354213238285e-01
-1.817063940715061762e-02
-3.034375727068214790e-01
2.123390965799762942e-01
-2.399116247435627292e-02
-6.001058498200967373e-01
-6.000513209346666210e-01
4.233069887973646139e-01
1.000089034811344035e+00
9.992623777536371876e-02
-3.242755904312313309e-01
2.083411307236498200e-01
1.000170343461204980e-01
9.978926251772798905e-02
-7.962967520149752954e-01
-5.997946433624515850e-01
-6.000608006313983278e-01
1.000125384154640029e+00
-6.000156956408796427e-01
-6.000523852881386455e-01
1.000076121157695841e+00
2.191520007257091174e-01
-7.945035900128227802e-01
3.858060905872142676e-01
9.860148566843363049e-03
2.051239624623772961e-01
-8.093037104040647911e-01
-1.000183770998463340e+00
-7.993549803400397114e-01
-1.000004928956540251e+00
9.999752964426404933e-01
1.000076902033243842e+00
-7.917578619124508998e-01
-3.007003483947058853e-01
-1.128556670731806384e-02
-7.980308107924836136e-01
1.000030456141801860e+00
-6.001836768089101604e-01
1.000849299711853851e-01
-9.999338256444204598e-01
4.213753966097046333e-01
2.003387870328720843e-01
1.000042366019917139e+00
-5.998340448750116849e-01
-5.998971077740541391e-01
-2.712503598243186098e-01
9.999510276082733684e-01
9.996940982624123728e-02
9.999913458842556446e-01
1.000017313988933676e+00
-1.000012360990045979e+00
3.836088471998303495e-01
1.000329991862742574e-01
3.914118469506686626e-01
9.988464888332744540e-02
1.022389893447043091e-01
-4.167650437459513579e-02
2.165759437842403878e-01
4.094666294057996980e-01
-8.082251370950549463e-01
-6.001151410548972720e-01
4.198909998159178203e-01
9.999895943275640686e-01
-3.161633592716402152e-02
-7.868859053899417422e-01
4.059132525303050243e-01
-9.504550718491133407e-03
2.097271408276510651e-01
-1.000073343989989150e+00
-2.959461315971314566e-01
4.102363539322666508e-01
2.082469922723353128e-01
-7.735901325778288262e-02
9.998242484497978921e-01
9.999992139141837821e-01
1.000049379736831945e+00
9.987646636901256758e-02
-3.795443971137141964e-02
-1.000078112515200068e+00
-2.425368914997314274e-01
-2.503626182539063771e-01
9.999658531647281912e-01
-7.866333036135050305e-01
-8.105002770519817989e-01
-5.999281378481279292e-01
-2.265355400561375465e-01
-1.000013878379364396e+00
1.779054269170205760e-01
9.992805961297843154e-02
-6.000557721801854649e-01
3.962956566822742333e-02
9.999844917488966978e-01
1.982958195546688229e-01
2.160781272161379218e-01
9.009893578964535410e-02
-4.269772072614629321e-01
-3.314047329103919637e-01
-1.825522955594384711e-01
3.881011136197933808e-01
-3.025806025846613512e-01
9.998929964749031507e-01
1.000075166594021292e+00
6.030838366126754085e-03
1.905724472051698870e-01
1.958764184285459731e-01
1.533258595679045169e-02
-3.410621815372458232e-01
-5.999363081800462849e-01
-1.000074263169745681e+00
1.917980844371878768e-01
-7.721461206481342043e-02
