-6.002326569988213345e-01
-6.000275194811510726e-01
9.998762976645254597e-01
9.928530791758960125e-03
-9.999923469251065233e-01
-8.232237664816903777e-01
-6.001790090417726820e-01
4.183064548177564679e-02
-8.054124788515575339e-01
-3.808054174174445583e-01
1.000391824063185664e-01
-9.998246657053488917e-01
1.999429742996521875e-01
-6.586443735989265524e-02
1.952338301309869961e-01
3.756865952036851364e-01
4.810635551501729612e-02
-9.999790343838088624e-01
2.084316739244435057e-01
-4.591123699917663142e-02
4.111382897771282963e-01
4.105280836419348267e-01
-2.928721478565596836e-01
-8.069582385961637794e-01
-9.999249331918509398e-01
3.981179706575996846e-01
-3.288961893818487248e-01
-5.999765345872114519e-01
-2.445797459282530728e-01
1.001027165390650647e-01
-1.000002627121357124e+00
-7.984340540482296467e-01
-8.094824514959776396e-01
-1.000049771055129488e+00
-5.362278438917174317e-02
9.998301462167575870e-01
-1.000016358216791135e+00
1.000151231564737841e+00
3.939069285893825323e-01
-6.000911839805470605e-01
9.999882626069195313e-01
-8.040724738999216470e-01
-2.843435923261813381e-01
1.000046389200671959e-01
-2.957896742944859936e-01
3.933489323334138366e-01
1.000620946512260773e-01
1.001020970542074312e-01
9.987487124222006740e-02
2.136420615076250751e-01
-1.000127025604178765e+00
-7.888965120299433753e-01
4.109617673134056681e-01
4.086250265229243173e-01
-3.448510180197971176e-01
-1.000008805291263236e+00
-8.126940638288816521e-01
3.998891703575253587e-01
-7.017083859637678230e-03
-1.000018672309647139e+00
-2.568398358394890710e-02
4.002046373029876647e-01
-1.000019109174536958e+00
-3.748783712056637518e-01
-1.000032009288445600e+00
9.997709531083262546e-02
-9.999655335500797770e-01
1.333432575379280005e-02
-7.936429273790052141e-01
4.026034749853401040e-01
-6.001101900210211726e-01
-3.639537858324977670e-01
1.000785899909798909e-01
1.858687312196350902e-02
1.938473376362072897e-01
9.988887755164649329e-02
1.873471057526365502e-01
1.000050671102619804e+00
-2.267419423930562908e-02
-7.981951224965558866e-01
4.111733716981414988e-01
3.932696726359162787e-01
1.954098998791675701e-01
1.958412508395206142e-01
9.999553066101960486e-01
3.943687213412936376e-01
-1.000087454056743264e+00
-6.001112813493461040e-01
-1.000100520159906026e+00
-3.847686591397223195e-03
-1.000013706906029975e+00
9.983574367603222088e-02
9.989973170423174786e-02
-6.001585870442845971e-01
1.964416588188440740e-02
-8.024879621374892968e-01
-7.985859979737076619e-01
-2.881270586375330733e-01
4.104428663846843572e-01
-2.962687133776582549e-01
3.844386430110121600e-01
-8.211731431217582644e-01
-3.555136528477444435e-01
1.001086155458224408e-01
1.000769450740827543e-01
1.000171227701173171e+00
-4.130637122865359750e-02
3.932008039708415614e-01
9.990628791643135775e-02
-3.415922933744349743e-01
2.094185535110174856e-01
-2.581815201752484801e-01
-6.001126860874752555e-01
1.000026197507555725e+00
4.012222507915192415e-01
2.122679339734980242e-01
1.001702015964487935e-01
1.000020051924609632e+00
-9.998790887798338911e-01
3.974939981244406395e-01
9.999142367629231254e-01
4.004382145148551175e-01
1.000822845729623933e-01
4.018162346888171643e-01
-5.999076837285131081e-01
4.011349264052754826e-01
-3.243216778438474668e-01
4.088205659515085078e-01
1.000012244825334573e+00
9.999448690702357201e-01
9.993038911393305190e-02
2.035327720583054445e-01
4.066175146005088226e-01
-8.120074438097121261e-01
9.991777419323671916e-02
9.999856776639997058e-01
9.998448494688783050e-01
-9.999273338232455011e-01
-6.002178038526561066e-01
3.889681368360740632e-01
-7.134232427113990777e-03
3.802434488251075217e-01
9.998941471258084024e-02
3.986768516855500599e-01
4.518448607070615908e-02
-2.596998599552107767e-01
-6.000222817943206000e-01
2.009849971974655702e-01
1.000033564851607437e+00
-9.999770098297930954e-01
-8.002606576603991106e-01
1.000122358675834100e+00
4.123155640312336501e-01
-6.000619910548318225e-01
9.984473079629560544e-02
-4.640601635931417696e-02
-2.793242257436414078e-01
-7.940601337152881634e-01
1.720319800034822433e-01
1.000483716705813791e-01
9.999395258462976388e-01
1.984443072965811905e-01
1.860170625941935385e-01
-2.737854153320268269e-01
-9.999835129404783807e-01
-1.217809496409077465e-02
4.105398867390342432e-01
-7.898104651303151647e-01
1.880023673840329201e-01
1.000031721741578394e+00
-7.962556423224546043e-01
-5.998961863630073443e-01
-1.000158164701277386e+00
1.198253511656298918e-02
-3.867197620189033458e-01
-6.000330462818659338e-01
-7.744960957018430514e-02
1.961961175960934833e-01
-9.999503919057348700e-01
1.000077137293129637e+00
-8.054232896478495940e-01
4.068198007183522202e-01
-3.387030907277827629e-01
1.000017366722222967e+00
-9.998979506232135162e-01
-2.546349983971879505e-03
2.068608516003588860e-01
1.001310423139394890e-01
-8.049443673298302127e-01
-3.847997480048059304e-01
-9.249580682245979457e-02
-3.156949665842252450e-01
2.214143450403276425e-01
5.846649603098471107e-03
-6.000527807357550758e-01
-6.001495650480598298e-01
3.992250037288555542e-01
9.999091788821922178e-01
9.993280607782058234e-02
-2.582634643293881815e-01
1.891183085303120015e-01
9.990033214652620230e-02
9.989803264268434790e-02
-8.070398130523498414e-01
-6.000613359150792636e-01
-6.000963540869013180e-01
9.997932923918770864e-01
-5.999807910030964253e-01
-6.001373092610770010e-01
9.999964858822127933e-01
2.059075568227820285e-01
-8.034401832066937477e-01
3.965796296377497310e-01
-5.083470891252805240e-02
2.150177132799721003e-01
-8.086952853410241948e-01
-1.000094958611384088e+00
-7.874415094707428731e-01
-9.999624862102166611e-01
1.000127809571073279e+00
1.000029098850263143e+00
-7.940166583340801942e-01
-2.953946591817009359e-01
-2.046800321454038396e-02
-8.183655968266581038e-01
1.000074717673997693e+00
-6.001088441409681007e-01
1.000098389445134156e-01
-9.998100272497533192e-01
4.183703933249683371e-01
2.090517853834275297e-01
9.999283446522522212e-01
-5.999642478482394292e-01
-6.000363418529992554e-01
-2.568148844267226227e-01
9.999983280781944428e-01
9.984277793754831043e-02
9.999877572185763563e-01
9.999764680911186199e-01
-9.999798537629941420e-01
3.971293721261546228e-01
9.988546102680398442e-02
4.041075980421940939e-01
9.997319217056044316e-02
-1.516355230485965377e-01
1.090262895744524285e-01
1.963715245869709913e-01
3.908356109326007743e-01
-8.066407527500679686e-01
-5.999737893374964548e-01
3.996669124344011115e-01
9.998502685564877313e-01
1.385408441487986225e-02
-8.026613615919352407e-01
4.167702393219688273e-01
-3.477173128468038360e-02
1.869826021057986176e-01
-9.998596368341855500e-01
-2.162340186072095882e-01
3.971818283766550550e-01
2.026328759051236883e-01
1.561202822685539560e-02
1.000014879213304120e+00
1.000079230750725356e+00
9.999111476691860956e-01
1.000721680381159440e-01
3.803349017778771823e-02
-1.000029754061098064e+00
-2.941000955551089091e-01
-3.334898617514262531e-01
1.000272368588798866e+00
-7.882182054267948823e-01
-8.105567050896288483e-01
-6.000097223969583782e-01
-2.022239360022050070e-01
-1.000009726678201538e+00
1.895764763721901058e-01
1.001422797205385740e-01
-6.000899420857350730e-01
3.277974670630995346e-02
1.000160187577127102e+00
1.880377582776499024e-01
1.826187665968656004e-01
-5.339068083680098553e-02
-3.412367668496302242e-01
-3.404367415280337705e-01
-2.866970351433768549e-01
4.041248275585165861e-01
-3.282270777694270558e-01
9.998952974812792549e-01
9.999311955089533743e-01
-5.577104166670696084e-02
2.080500458768518857e-01
2.087525756200599159e-01
2.789573199137913850e-02
-3.329117215177830880e-01
-6.001456278916039722e-01
-1.000099009508231163e+00
1.874833113578777410e-01
1.213888619792314466e-01
