-5.999986627450495380e-01
-5.998807277625748391e-01
1.000026035564415716e+00
6.027039884816704808e-03
-1.000019765351576106e+00
-8.116308947825007225e-01
-5.999680965480962413e-01
2.099652857098083247e-02
-8.137859289050566325e-01
-1.795559027323569423e-01
9.977537843777806170e-02
-1.000144226703880479e+00
1.999939353854186530e-01
-2.227600994616885793e-02
1.969783890260689008e-01
4.036164905920571755e-01
-4.449423118397898697e-02
-9.999126184079798474e-01
1.954351731782772716e-01
-3.495130998274313672e-02
4.042084302309808530e-01
3.871770077717112124e-01
-2.933481872297917237e-01
-8.012513166288660615e-01
-1.000021045030097699e+00
3.912597789521662373e-01
-3.598266885685463823e-01
-6.001110449996429619e-01
-2.705251501175108819e-01
1.000765767379478005e-01
-9.998669720113261272e-01
-8.023914413747483820e-01
-7.799507547226031123e-01
-9.998747161037906395e-01
4.230778009571518894e-02
1.000058855610387765e+00
-9.998061390097952028e-01
9.999438644623283023e-01
4.142842669957856883e-01
-5.998206594007243764e-01
1.000089416517782270e+00
-8.167933373644137296e-01
-3.403668049844496002e-01
9.980237535537221649e-02
-3.294853014063751639e-01
4.237488475855683001e-01
9.999411749705799934e-02
9.983398370962029422e-02
1.001495663756234722e-01
1.999183483503497172e-01
-1.000239006166029121e+00
-8.011465247634780296e-01
3.985257483208989870e-01
3.914365860687270549e-01
-2.112431034313628775e-01
-1.000023577186336388e+00
-8.020645287415663072e-01
4.000760166109085803e-01
3.675343950433754281e-02
-1.000003002213710079e+00
-3.249124213570202258e-02
3.973129615645953905e-01
-9.999107099001979249e-01
-2.053490598274698431e-01
-1.000138480209563863e+00
1.000708428994233484e-01
-9.999673591603046585e-01
-1.456607626959958296e-02
-7.750207500526873350e-01
3.953910400420785343e-01
-5.999947009488867389e-01
-3.376885979677924920e-01
9.996539810815041616e-02
2.522870672428275188e-02
1.994649563057119268e-01
1.000612486122149924e-01
2.068141287048716193e-01
9.999218207834754679e-01
-1.060089601851859076e-01
-8.004268496988079518e-01
4.059416336750689691e-01
4.168271308359196015e-01
2.142230749652705990e-01
2.148239218419898955e-01
1.000055099063801078e+00
4.065552275274496585e-01
-9.999225188859055535e-01
-5.999688733824842801e-01
-9.999219457634868080e-01
-3.061313684391082923e-02
-9.999537770387033619e-01
9.997891172174243335e-02
9.996493976212372790e-02
-5.999743868213121001e-01
4.663959423740960536e-02
-7.885927737909877999e-01
-7.883731104822583324e-01
-2.189035444636402983e-01
3.965055364766253976e-01
-2.578201447545838132e-01
4.267413735838889166e-01
-7.982798933165178301e-01
-2.484764391691048346e-01
9.991554831733596986e-02
1.000126957911947473e-01
1.000008976811636474e+00
1.655829186461243996e-01
4.074660162980947575e-01
1.000128809570663135e-01
-2.731083776347312808e-01
1.994137688115308615e-01
-2.772839354120356647e-01
-5.998905165529812011e-01
9.999816741803061459e-01
3.943565312241287812e-01
1.902044733584956071e-01
1.000613533710594111e-01
9.999535300904387469e-01
-9.999944103348317181e-01
4.015027478757630108e-01
9.999184304381930621e-01
3.791920719736426859e-01
9.999686519618716796e-02
3.924235623124749384e-01
-6.000055981060590238e-01
4.041118173336313291e-01
-2.105055006248714722e-01
3.901379589658007241e-01
1.000230791700527311e+00
9.999287018104335845e-01
1.001041088241446803e-01
2.007796217249051274e-01
4.000109651457541271e-01
-7.959438842796683344e-01
1.000392678086484688e-01
1.000052907448495843e+00
9.999094014789805529e-01
-9.999277813554250383e-01
-5.999427698742786363e-01
3.939196842241022845e-01
-3.649749146336246641e-02
4.000513249854524278e-01
1.000559599703932795e-01
4.033386793987518981e-01
4.752351704025106760e-02
-2.438084484595062218e-01
-6.002378067678832974e-01
1.941574978791600625e-01
9.999462643181658006e-01
-1.000065791501362877e+00
-7.847632721940435152e-01
1.000026333453459371e+00
4.031920575897652848e-01
-5.999121993155214216e-01
1.000117194965532974e-01
4.129759679391033222e-02
-2.835833886637573187e-01
-8.106919475529185126e-01
2.161235202805907307e-01
1.001168899526089784e-01
1.000150118162115520e+00
2.046966397030447748e-01
1.988994896862612272e-01
-3.303380762057047670e-01
-1.000100547031348874e+00
-1.519392484659718746e-02
4.014612769676150217e-01
-7.981216710857461649e-01
2.062393140297565097e-01
9.998723888125012893e-01
-8.072597934088235894e-01
-6.000254849168131788e-01
-9.999471418875758300e-01
2.288558818199229114e-02
-2.670819875944547839e-01
-5.999285827798412907e-01
-1.736200852598151698e-02
2.134057019805496169e-01
-1.000207870875188032e+00
1.000002377994506642e+00
-7.926458945581916771e-01
4.099203386257186388e-01
-2.797985361594097498e-01
1.000034859184542713e+00
-1.000120808390789540e+00
-1.968132161864300303e-02
1.851188810859193401e-01
9.993642918929067365e-02
-7.894864762701988559e-01
-2.454801917220397478e-01
5.479623195093219490e-02
-3.202942566797428170e-01
1.964836013505070755e-01
4.256544328212710782e-02
-5.999550853735611256e-01
-6.000892540423745647e-01
4.041296460747624830e-01
1.000010599471420791e+00
9.982663622793222502e-02
-3.417316476769949318e-01
2.139457278941228058e-01
9.994483493277998842e-02
9.985973203547045263e-02
-8.044061645497441182e-01
-6.002696851823783319e-01
-6.000694247391195058e-01
9.998862417667054858e-01
-6.001108470845137877e-01
-6.000337429845539194e-01
1.000009431194150311e+00
1.905356896192219041e-01
-7.929802870247569802e-01
4.069357570660713797e-01
7.564676385240202972e-02
2.132717501829972384e-01
-7.833250068042003633e-01
-9.999903325140374610e-01
-7.914874169327354991e-01
-1.000001104261462714e+00
9.999432131594534479e-01
1.000122086688887135e+00
-7.961466280006278540e-01
-2.305777060453162997e-01
-1.460837119926307326e-02
-7.895237724304657867e-01
1.000091750104116439e+00
-5.998792093722454810e-01
1.000784391912789562e-01
-1.000163955950326589e+00
4.029931413821363217e-01
1.902424903418881708e-01
9.999783732759565114e-01
-6.001474520435577942e-01
-6.000380525209276783e-01
-1.875877254005273997e-01
9.999992609346569639e-01
1.000223942231086294e-01
1.000113795621043078e+00
1.000041091714662045e+00
-9.999732743814403468e-01
4.051331607445093352e-01
9.989585243169887829e-02
3.966200634983177986e-01
9.998823007046285516e-02
2.973228715806948072e-03
6.531791043052594115e-02
1.955109411229803973e-01
4.066827718224919064e-01
-7.969858733170893661e-01
-6.001654065651473857e-01
3.992645800612069085e-01
9.998503918739286567e-01
-9.767751043043378101e-02
-7.946685939141646671e-01
3.996289911644542725e-01
9.613746241885952337e-02
2.161605526318113590e-01
-9.998524340992915871e-01
-2.952070760502664148e-01
4.171453430117315619e-01
1.939593705526709011e-01
-5.392885142074289873e-02
9.999594955163021437e-01
1.000022606178378792e+00
9.999153900385587823e-01
9.985879744599390762e-02
-7.379730528235379193e-03
-9.999821696005138927e-01
-2.553691084183191684e-01
-3.350570137497414502e-01
1.000009725392071669e+00
-7.889248487035941393e-01
-8.053940902613491160e-01
-5.999176500892624553e-01
-3.066553431052482792e-01
-9.999804343927162220e-01
2.052924027885418556e-01
1.000924519145526131e-01
-6.000527928197373351e-01
-4.497294131094445313e-02
9.998868724991472057e-01
1.964365188959000252e-01
2.091120508026990954e-01
-4.156406947438247290e-02
-2.993955890600144554e-01
-3.544467845229070102e-01
-3.407310747100538717e-01
4.095106649166969093e-01
-3.473156000006266120e-01
9.999014157576681106e-01
1.000126472636640340e+00
1.141313238598130053e-01
1.870408836555680354e-01
1.929823742710382040e-01
2.181393883174030657e-02
-2.757533359743493673e-01
-6.000073788592023005e-01
-1.000011275099526920e+00
1.878469937131438394e-01
-2.281942273105799432e-02
