-5.999905136272628559e-01
-5.999861129331819365e-01
1.000056533688320481e+00
-2.058348862973640933e-02
-9.998843763287116326e-01
-7.959184690496630132e-01
-5.999539330566648898e-01
-4.036012612822498929e-02
-7.826895443726429313e-01
-3.475795102192240082e-01
9.991162243882907579e-02
-9.999656120140325566e-01
2.147675531304865659e-01
5.778151872026789093e-02
1.942474887936603278e-01
3.980201076306894570e-01
-3.011822330527503741e-03
-1.000056803599052691e+00
1.960325276811998585e-01
4.818368458143647975e-02
4.225104588398531091e-01
4.022613482451708466e-01
-2.142852600183885459e-01
-7.972129260846595455e-01
-1.000180586234399094e+00
3.925556948159153459e-01
-2.936912682661806939e-01
-6.000071408091648406e-01
-2.569290444571648013e-01
9.986933103840982262e-02
-1.000122849492196986e+00
-8.184852704178270377e-01
-7.967860505687703876e-01
-9.999257115568817023e-01
-5.648216922695659115e-02
9.998806549383137954e-01
-1.000068585018047074e+00
9.999960496103682539e-01
3.967729702612792786e-01
-5.999745681997321611e-01
1.000078819286872367e+00
-7.934011867904112725e-01
-3.728023319869556151e-01
1.001026050647063209e-01
-3.094773395501904112e-01
3.977523772140289515e-01
1.000444879889807182e-01
1.000239954662496128e-01
9.990449168140730363e-02
1.891995628476905167e-01
-9.999134208790357858e-01
-7.911577908075471122e-01
4.037107817245629837e-01
4.054988079162643588e-01
-3.231942911508710048e-01
-9.999580791966274917e-01
-7.901597872331047601e-01
4.185705499006706076e-01
-4.289369223273798576e-02
-9.999895060004416747e-01
6.138814783495630256e-02
3.877506119526487605e-01
-9.999958941726693196e-01
-2.293412650912953210e-01
-1.000023380650929772e+00
1.000595474125377804e-01
-1.000008758265432229e+00
-4.105605978121067839e-02
-8.049251424428217616e-01
4.009410350181392135e-01
-6.000617883388683627e-01
-3.362879431840453681e-01
1.001498476569450541e-01
8.735319700224247752e-02
1.985179501037377670e-01
1.000127095336163785e-01
2.076505598924555107e-01
1.000088111490485154e+00
7.056562518808208451e-02
-7.978844614304428928e-01
4.231167424227725293e-01
4.070464089681703479e-01
2.084223750368701389e-01
1.972051911605754160e-01
1.000094146142035401e+00
4.067562304768645998e-01
-1.000049622229489010e+00
-6.001431785789713702e-01
-1.000007735049925461e+00
-1.262989436345334643e-02
-1.000052387672472287e+00
1.000093076924739172e-01
1.001817366793765901e-01
-5.999045343682055664e-01
1.924350056245851259e-01
-8.080888039702709413e-01
-7.847318348946716871e-01
-3.879853415971427633e-01
3.994836185931400219e-01
-3.243910653809717881e-01
4.007605532265162696e-01
-7.960104447379625636e-01
-2.639681651622944325e-01
9.998050224104723660e-02
9.999998652077844719e-02
9.999417310815317261e-01
5.585924365222886406e-02
4.096078299251009192e-01
9.984344659850917514e-02
-3.477037659955603544e-01
2.049677273138979794e-01
-2.810944184181271011e-01
-5.997782053189708584e-01
1.000032696053229309e+00
3.919519653740786147e-01
2.044388056207097626e-01
9.989022426169148761e-02
9.999314710168961673e-01
-1.000065632458996046e+00
3.836739680562029076e-01
1.000123731528729021e+00
3.826628427192462212e-01
9.983101693897696027e-02
4.030690570493161151e-01
-5.999846863322990664e-01
4.063210727056240090e-01
-3.053502506151611340e-01
3.855173743140391518e-01
1.000056440628918963e+00
1.000084500122015108e+00
1.000561709869329935e-01
1.954855144737087380e-01
4.108392436692987482e-01
-7.883624077077464598e-01
1.001192404288137050e-01
1.000032411053130454e+00
9.999204189922211716e-01
-9.999349883983807974e-01
-5.999294661772229809e-01
4.028662709586210977e-01
-4.726977648760059825e-02
3.826357348280224890e-01
1.000636289497239678e-01
4.004390631139702617e-01
1.620774778730748808e-02
-3.535542729815863150e-01
-6.002344842069735620e-01
2.013699895662316997e-01
1.000062682343303422e+00
-1.000124528824516412e+00
-7.858569646043498391e-01
9.999663121658259879e-01
4.094763086987842637e-01
-6.000622545994511725e-01
9.992652596456655378e-02
2.286548220437030834e-02
-3.167215285393021329e-01
-8.189735006703829923e-01
1.979673267795124258e-01
1.001630899093933491e-01
9.998916456288700072e-01
1.957223791330638119e-01
1.998428828079655550e-01
-3.116626047849579972e-01
-9.999309445644880556e-01
3.691012992213998228e-02
3.904929459936524183e-01
-8.028946663181615317e-01
2.198853142293108465e-01
9.999282230858090870e-01
-8.168945011135468892e-01
-6.000558302432063007e-01
-1.000176032043380125e+00
-4.126671254346038487e-02
-2.752114279263543906e-01
-5.999997897929272295e-01
-1.998224799803387589e-02
2.019037980267180121e-01
-9.999295213551609995e-01
9.999745023980862735e-01
-7.996182819962727173e-01
3.826963166144800033e-01
-2.821848635994004817e-01
1.000023044005261985e+00
-1.000028409306476629e+00
4.163036070611593475e-02
2.131033676111344644e-01
1.000707160822956049e-01
-7.921305325560283883e-01
-2.559429370182405572e-01
-3.629442550907088089e-02
-3.524179273824052383e-01
1.977007854119963715e-01
3.053970177501256350e-02
-6.001145403030164749e-01
-5.999537351049560874e-01
4.002451671674112088e-01
1.000000655119468007e+00
1.001616129812963052e-01
-4.142798398212508282e-01
2.000178285531785949e-01
1.000661924753321608e-01
1.001156629464100278e-01
-7.954990244411541678e-01
-6.000068577378032675e-01
-6.000373452434095700e-01
9.999464161650430949e-01
-5.999999742887028864e-01
-5.998074951524446918e-01
9.998759240244421420e-01
1.976032072863991573e-01
-7.779321067552014135e-01
4.018704184733850049e-01
3.467630615095588370e-02
1.978211349163345456e-01
-8.026587663083761814e-01
-1.000123938454961392e+00
-8.022835424820065064e-01
-1.000063760883208364e+00
9.999289669142316095e-01
9.999453534829859658e-01
-7.908669116828672685e-01
-2.711603632196327163e-01
9.560606922354292214e-02
-8.015155391450666800e-01
9.999602051597472618e-01
-6.001490861865861337e-01
9.992224065518197362e-02
-1.000000663766903441e+00
3.980352380718515382e-01
1.965344924733021803e-01
1.000017364489254712e+00
-6.000966909722144083e-01
-6.001282063749627804e-01
-3.033037570953666107e-01
9.999140920753050166e-01
1.000273759069697510e-01
1.000090866104005327e+00
9.999566679663099977e-01
-9.998246119598667159e-01
3.970426389744965978e-01
9.992849705754180967e-02
3.974479730788145759e-01
9.996035160698232835e-02
-2.594333652048791405e-02
7.411734532378139520e-03
2.110053355627001248e-01
3.862603060095498031e-01
-8.028110563447344861e-01
-5.999163131589952958e-01
4.101747764334389701e-01
1.000104632438695074e+00
5.567892741495014675e-02
-8.069432226943878961e-01
3.935090157091757912e-01
-7.842597778554225019e-02
1.897227339898252541e-01
-1.000089113141271913e+00
-2.705802015211606348e-01
3.715214980204273321e-01
2.059565906570176297e-01
-3.686737399440880025e-02
1.000308113243375763e+00
9.997441877108661501e-01
1.000055669221154409e+00
1.001663634882117709e-01
3.581549492444743160e-02
-9.998801860212378489e-01
-2.706550035870191606e-01
-3.541418580168970154e-01
9.998248536899915218e-01
-7.960030130882526089e-01
-7.853409098150949674e-01
-5.999276242772951795e-01
-3.245325404662869895e-01
-1.000026541992178553e+00
2.028584984038262484e-01
9.997916042828930427e-02
-5.998940675855286564e-01
-1.575662504655920768e-02
1.000161008914548288e+00
2.053182439372679136e-01
2.090614828474461340e-01
-3.312503491859083993e-02
-4.162550378241260951e-01
-3.715780274562888175e-01
-2.845737486871654509e-01
4.136793271074877265e-01
-3.097872628065566070e-01
9.998211522604206758e-01
1.000116788608953478e+00
1.168549941104119784e-02
2.096753281134756119e-01
2.195825104535224503e-01
9.286654108553719922e-03
-3.549427847454538765e-01
-6.000602374858725607e-01
-9.999884474102279652e-01
1.856435917008659453e-01
6.962499595367620253e-03
