-6.000742198452666543e-01
-6.001989690359870178e-01
9.999628464413110596e-01
3.591473919952164334e-02
-1.000096360396294015e+00
-7.983310155253828810e-01
-6.002346242315717006e-01
1.474480036119085735e-02
-7.936119426794194798e-01
-2.512365401660229813e-01
9.995050564341641242e-02
-9.999527855545150556e-01
2.030446487190477045e-01
7.117921529855199270e-02
1.909062330192472234e-01
3.939466663561883020e-01
2.968029170472905043e-02
-1.000062776468470194e+00
2.007500583625165813e-01
1.592953937575602649e-02
4.002386820943611978e-01
4.055281129012768271e-01
-3.458778629790803527e-01
-7.934890679240526046e-01
-1.000051183589993009e+00
4.051630135513460962e-01
-2.722489867924556828e-01
-6.001547232310369129e-01
-3.173768171871660937e-01
9.985926930388487610e-02
-1.000000502335474328e+00
-8.008559378048060173e-01
-7.973680340108227904e-01
-1.000028841681706249e+00
-7.249800154394629714e-03
9.998280901256915154e-01
-9.999364147148802617e-01
1.000004378123944937e+00
4.167847251426205490e-01
-6.000740291627990608e-01
1.000032153890390907e+00
-8.141465608725944048e-01
-2.824689210003302198e-01
1.001588166414299208e-01
-3.343814478815151370e-01
3.852565868311244035e-01
9.994487373605058511e-02
9.977832341036647901e-02
9.997227677243913924e-02
1.893389026807763276e-01
-9.999113444288756369e-01
-8.163893006176212719e-01
3.915061695806376085e-01
4.174242528610008218e-01
-2.169270062405469490e-01
-9.999275762579197258e-01
-8.066624503936679069e-01
3.952927335983400514e-01
4.563438436107702945e-02
-1.000129584931096050e+00
1.040348147695507701e-02
3.992351324943494983e-01
-9.999599082650343362e-01
-2.555883640005268687e-01
-9.998369025232167751e-01
1.000283979506410986e-01
-1.000072342741986864e+00
3.048935298396690183e-02
-7.957407304874813958e-01
4.057907076827506065e-01
-5.999397242992463575e-01
-2.064763921821206050e-01
1.000107904276134191e-01
-2.236853774258963298e-02
2.084170890747424898e-01
1.000902282351767286e-01
2.043290661440118061e-01
9.998753239565257855e-01
1.563192537823066171e-03
-8.073608763212222206e-01
4.085563417480522763e-01
3.754208347133364265e-01
2.152457883112056936e-01
1.759113607756225550e-01
1.000107619047761576e+00
3.933377330288139184e-01
-9.998770045040822341e-01
-6.000616614960951889e-01
-1.000050041833357550e+00
-3.563314607864089684e-02
-1.000056840625169530e+00
9.996097096057326992e-02
1.000209838385596184e-01
-5.998082789822311023e-01
4.292025415938362926e-02
-7.981761004493037603e-01
-7.826737073619159935e-01
-3.627137713826883991e-01
3.895985136711173080e-01
-3.784832069410812294e-01
3.932756690655757614e-01
-7.874054010969159245e-01
-2.652851531178445077e-01
1.000661015951209015e-01
1.000820262424754747e-01
1.000017917410753521e+00
-4.403988491220535428e-02
3.787469715997158759e-01
1.002289666712074395e-01
-2.454381955960832085e-01
1.966921793691873144e-01
-3.622492659406748583e-01
-5.999748004658823630e-01
1.000068977084935362e+00
4.021520024453242859e-01
1.973572751708751460e-01
1.001216517209356505e-01
9.998587020249484203e-01
-1.000043651813995682e+00
3.904287539894018555e-01
1.000086005646568799e+00
3.989167882042070623e-01
1.000926865684822337e-01
3.995083982480975293e-01
-5.999714722962018465e-01
3.886488835818458498e-01
-2.542317352134290109e-01
4.087457654032204402e-01
9.999944579383820420e-01
9.999993929166187678e-01
1.001358881055209038e-01
2.128709868827509955e-01
3.917943611431237705e-01
-7.965445974673117657e-01
9.982931214727744362e-02
9.999366427869075258e-01
9.998260194228427711e-01
-9.999510236742999991e-01
-6.000227298201843418e-01
4.009898435389854243e-01
1.646763417911476998e-02
4.079076414960474684e-01
9.994122568730343104e-02
3.801301154056325182e-01
-7.848034913139911601e-04
-2.732783693296776950e-01
-5.999059996268794048e-01
2.073005371549933584e-01
9.999948485648991747e-01
-1.000250171198339366e+00
-7.961141878675708217e-01
9.998149071311157599e-01
3.995715667123274639e-01
-5.999077946959795460e-01
9.998997987330403292e-02
4.307847852060740085e-02
-2.531577726695663499e-01
-7.991171787117066216e-01
1.885656365994113903e-01
9.984883383596325490e-02
1.000009678731732521e+00
1.969772990851660355e-01
1.781775887260485525e-01
-3.020814325849035531e-01
-9.998955410639396302e-01
8.910154084959509557e-02
3.961307029639906663e-01
-8.111624420820077175e-01
2.050917772168288356e-01
1.000091113945803967e+00
-8.028633180155868576e-01
-6.001728688488485730e-01
-1.000150998747532105e+00
-2.525522655979492090e-02
-3.418239007733797630e-01
-6.001558894977824243e-01
1.001978347277264342e-01
1.895565834413501793e-01
-1.000006895047323097e+00
1.000028388978307037e+00
-7.914032968577692229e-01
4.114810666830631680e-01
-2.812610779635589253e-01
1.000042615502721777e+00
-9.999202722156521617e-01
-6.728047745804674983e-03
1.957819013672489061e-01
9.988499901495589972e-02
-7.979594881983509413e-01
-3.024971193533810276e-01
2.891663431270416126e-02
-2.899830851095467898e-01
1.760908582964555436e-01
8.342602813959262842e-02
-5.998471378362154605e-01
-6.000581515178200487e-01
3.970277588659700263e-01
9.998704888942324676e-01
9.987786804581344491e-02
-2.468386891029138164e-01
1.969151909911813492e-01
9.995429636209300639e-02
9.994677604676978355e-02
-8.184272706706068323e-01
-6.000155763837798917e-01
-5.998367427320997480e-01
9.999125540841332649e-01
-5.999802444818742586e-01
-5.998975208068265674e-01
9.997701003563443933e-01
1.837230859421568607e-01
-7.966161812111195450e-01
4.025011675933465871e-01
2.977792346764422237e-03
1.975360344908832499e-01
-8.081349846324994424e-01
-9.999725236830635522e-01
-8.016832734809746785e-01
-1.000106348070531226e+00
9.999837755405950324e-01
9.999264431048203727e-01
-8.137270221949400861e-01
-2.895563806219815239e-01
1.303612664625430351e-01
-7.977283862480069043e-01
9.999128018372417381e-01
-5.998854899271564012e-01
1.000295458372961882e-01
-1.000180970883783438e+00
3.927958692436352983e-01
1.969977007746918640e-01
1.000071651539010231e+00
-6.001194558523771372e-01
-5.999601457905170410e-01
-2.452130573041395867e-01
9.999931807313641174e-01
1.000732018558077585e-01
9.999619594427597846e-01
1.000112839457146574e+00
-9.999541135386037505e-01
4.014923269809908546e-01
9.990715354739439225e-02
3.845017883116415569e-01
1.000221915514786092e-01
6.167568665273429757e-02
-5.196379872921108589e-02
1.962942810483118972e-01
3.830202012708182058e-01
-7.803817179247389824e-01
-6.001989001048882999e-01
3.974564861377896108e-01
1.000022326037625753e+00
-1.134341646830436777e-02
-8.033512228879434725e-01
3.962719946560387951e-01
-1.234483256143951851e-01
2.060540261447026400e-01
-1.000062990987925726e+00
-2.664284695994800223e-01
4.031021635058785191e-01
2.048541713734471637e-01
-5.883152906683069422e-02
1.000097446688137381e+00
9.998993315889924682e-01
9.999045975718814372e-01
1.000208480943263339e-01
3.133849229828573890e-02
-9.999643621612985811e-01
-2.900719597281364859e-01
-3.807055445159465146e-01
9.998426870106948972e-01
-8.042909966822002765e-01
-8.158760889724957499e-01
-6.000152153670906818e-01
-2.580755589918379833e-01
-9.999702048122104392e-01
1.879619953318056036e-01
9.989392151524284502e-02
-6.000967542857832404e-01
-9.670322458884151456e-03
1.000054487132058023e+00
2.151654605572426993e-01
2.014028737250378731e-01
3.799585879383764186e-02
-3.283088157926949968e-01
-2.601077852156534198e-01
-3.395292444021028588e-01
4.084007108308095324e-01
-3.260897838366376145e-01
1.000068953342205802e+00
1.000167353964684258e+00
2.102056321475385264e-02
2.151805546869725583e-01
2.005162243438241843e-01
3.275635063302028555e-02
-3.307752858794229534e-01
-5.998914738090553866e-01
-1.000019460329237830e+00
1.962005847104699718e-01
4.596509845237370384e-02
