-5.997614315675023899e-01
-6.000178903712283240e-01
1.000056319144494887e+00
3.751780654927460573e-02
-9.999332630000985489e-01
-8.086300261868656358e-01
-6.001333253325652484e-01
3.283600476177013505e-02
-7.855283943194366625e-01
-2.639453578108468257e-01
9.984940110549823944e-02
-9.999982088083708698e-01
1.674464363752062868e-01
-1.707376071443214224e-02
1.885756394807827641e-01
4.006570661946511347e-01
5.770378088668011440e-02
-9.999447803378953559e-01
2.074861943935320807e-01
-1.454855010716128716e-02
3.982415396480131764e-01
3.987386217097872998e-01
-2.760297218648347650e-01
-8.153138535371609041e-01
-9.998617757454792976e-01
4.038216973468442550e-01
-3.100649755406587049e-01
-5.998706333066743390e-01
-3.077121754901074868e-01
1.000869647323508610e-01
-9.999219899429785396e-01
-8.134638220943147813e-01
-7.923088086566834054e-01
-9.999960537638981073e-01
6.088273249352351216e-03
1.000000580226542368e+00
-9.999884398750292780e-01
9.998646685687329061e-01
3.892345535811919666e-01
-6.000366357207033152e-01
9.998790073296869307e-01
-7.948172631777961072e-01
-2.633940029468336830e-01
9.984402029410892332e-02
-3.134881719379247755e-01
3.972470571848146781e-01
9.990484547707506602e-02
1.000052248411382183e-01
1.001185557308817697e-01
2.111067950164720319e-01
-1.000155286159360779e+00
-8.034670224725101173e-01
3.930286453698212945e-01
3.909689540531319785e-01
-2.989473855243767186e-01
-9.999718086151493379e-01
-8.084485384432352761e-01
3.916646278493067790e-01
1.806795604015188489e-02
-9.998972146035378650e-01
-4.035565708637614546e-02
4.050696135348257898e-01
-9.999826383287429010e-01
-2.868092637681794455e-01
-9.999704129818736131e-01
1.001007642269525072e-01
-9.997656009423367962e-01
-7.144960653423159010e-03
-7.930993776860644218e-01
4.011490949578075949e-01
-5.998198235684275570e-01
-3.075105606395412416e-01
9.999764938444946627e-02
4.603520567124459034e-02
1.940205995771772662e-01
1.001235301125530108e-01
1.934659508167784481e-01
9.999477100655173034e-01
2.018390214545535619e-02
-7.909664079845120099e-01
3.966041773406101534e-01
4.128096709472662829e-01
2.072846788136632756e-01
2.142811829150124414e-01
9.999312540640625802e-01
3.880630183013373813e-01
-1.000090256584260651e+00
-5.998058583370132757e-01
-1.000022301020501159e+00
-7.112084466386296711e-02
-1.000004486831514994e+00
9.989082424000159111e-02
1.000391437775654674e-01
-6.000342434252597945e-01
-2.714969427095390020e-02
-8.014226981720093956e-01
-7.896430653502399810e-01
-2.501381512306412036e-01
4.036316339765053107e-01
-2.923461749682302879e-01
4.141914575707646984e-01
-7.960160721299860409e-01
-2.957252023956244980e-01
1.000090152975160324e-01
1.001214935329236139e-01
9.999914151068149959e-01
-2.119187398507202391e-02
4.005097996887496681e-01
9.978655756745556660e-02
-3.872470602447223298e-01
2.036199564165936393e-01
-3.133866219445356482e-01
-6.001559748625430180e-01
1.000138846048804542e+00
4.031304952533403263e-01
2.113409325998451826e-01
9.991882501149690343e-02
1.000065813285941241e+00
-9.999329127037309695e-01
4.136379373218640465e-01
9.999917781573179898e-01
3.830523534178151834e-01
1.000045269159073463e-01
3.920258479346072078e-01
-6.000815179005384303e-01
3.828713640982753796e-01
-3.704519214018104356e-01
4.152726950845104792e-01
1.000006844610648926e+00
9.999192255221129866e-01
9.980594023722504093e-02
2.001051945424496825e-01
4.060665879417714175e-01
-7.873813987052284968e-01
9.991559395941335131e-02
1.000048804870053987e+00
1.000043351293842031e+00
-9.999643512313023397e-01
-6.000816969356020936e-01
4.003556978097538854e-01
-1.263004500537723007e-01
4.014984075744397196e-01
9.994181892710861381e-02
3.992602595460033044e-01
9.393230434825805553e-02
-3.272226875731905071e-01
-6.000420962638897127e-01
2.048931852395528275e-01
1.000049958483141266e+00
-9.999497899520922717e-01
-8.049869817738327660e-01
9.998978305941267353e-01
3.981178013279745298e-01
-5.999985049998273201e-01
1.000180753331302574e-01
5.315747693813130219e-03
-2.523977257881556135e-01
-8.027548428535273839e-01
2.056826090026235565e-01
9.984970722471750437e-02
1.000034179778647392e+00
2.159096449337305490e-01
1.901073172141500844e-01
-2.473790115484396090e-01
-1.000078294103575294e+00
-3.819316021633385044e-02
4.147155921938872614e-01
-7.914643251539930091e-01
2.005651086961914853e-01
9.999131828185895410e-01
-7.914614595860366419e-01
-6.000066881810771635e-01
-1.000204572933438563e+00
3.092851762493252846e-02
-2.834756118249564527e-01
-6.000561557599103368e-01
-1.866095247556758679e-02
1.945014432103860658e-01
-9.999443612919162172e-01
1.000031500962659026e+00
-8.121899968182114682e-01
3.899884328298900416e-01
-2.607406643947628999e-01
1.000005215044879270e+00
-1.000082431699529151e+00
1.569217146595963328e-02
1.884353849300620387e-01
1.000177531479549964e-01
-8.102805560380232919e-01
-2.908212405611522722e-01
-6.632690737129288278e-03
-3.028228239472412486e-01
2.174294265775112422e-01
4.639950017054379761e-02
-5.997873131027481319e-01
-6.001151206394098603e-01
3.997799366761328188e-01
9.998979114050507988e-01
9.993548624715065110e-02
-2.645396093845426844e-01
1.883375669931249274e-01
1.000792514238075942e-01
9.996038065219013669e-02
-7.859465703321233399e-01
-5.999504025294147835e-01
-6.001414323516338634e-01
1.000105077671542109e+00
-5.999749590677683209e-01
-5.999624708519077920e-01
1.000008521503950032e+00
2.099326969360138517e-01
-8.083328095399665569e-01
3.990573607897474617e-01
2.817445206686437775e-02
2.046410242088052556e-01
-7.953591848548311471e-01
-9.999093863159785878e-01
-8.150098689492490944e-01
-1.000192032658060448e+00
1.000037834945268100e+00
1.000183883779081961e+00
-7.937796634991007849e-01
-3.621647032180784209e-01
2.259762960662735354e-02
-8.192532430350698558e-01
9.999809261195603538e-01
-5.999120538416721216e-01
1.000559314089466412e-01
-9.999787137966532624e-01
4.144351669144880068e-01
1.892483852418977430e-01
9.998582392866209867e-01
-5.999762952538364447e-01
-5.999963166475840159e-01
-2.720464693391748678e-01
1.000025971423313287e+00
1.000274984609301615e-01
9.999394740347905541e-01
1.000029132377495911e+00
-1.000112353325752323e+00
3.996246643257347353e-01
1.001249544783310019e-01
3.860557648389804086e-01
1.000553032682328092e-01
-9.201432358287071900e-02
-2.905085765728963876e-02
1.999528017759354959e-01
4.047565976535076882e-01
-8.046541475231261398e-01
-6.000690197584427343e-01
4.142086720291623392e-01
1.000026123276877232e+00
8.151644294136966076e-03
-8.062219881736790716e-01
4.107265336914499576e-01
-5.534148745567968319e-02
1.967257070808932362e-01
-9.999413256952635054e-01
-2.433556357443673046e-01
4.019888730239726815e-01
1.955405532535132718e-01
5.429094369516954122e-02
1.000091139165245835e+00
1.000013886287530074e+00
1.000138032358621976e+00
9.980477535772332154e-02
7.903895068714463998e-03
-9.998034748701807306e-01
-3.050327239897979714e-01
-2.897847686137154932e-01
9.999349358562823475e-01
-7.918923695641922889e-01
-7.966229359149366029e-01
-6.001846603562329685e-01
-2.746153145676118457e-01
-9.999789600604439554e-01
2.040497753826805150e-01
1.000329076482493196e-01
-6.000380574263904920e-01
9.274541277637830816e-02
1.000059105749297572e+00
2.127754270111470170e-01
1.982652456785077011e-01
5.691199234582714622e-02
-3.359577979468854059e-01
-2.325411758112498339e-01
-2.711979321434387358e-01
4.002080601400622162e-01
-2.722020211377492172e-01
1.000052220043353923e+00
1.000026568912024239e+00
-1.313690186286253225e-01
2.129520421733609170e-01
2.036927640439875897e-01
-9.665232168249930644e-02
-2.322230655359096008e-01
-5.999737713729244026e-01
-9.999540945531502079e-01
1.943550843974383158e-01
3.852387687066635875e-03
