-5.998990062265676659e-01
-6.000499577175987254e-01
1.000042568299634560e+00
-1.162009401270743675e-02
-1.000035150204464873e+00
-8.085169445346019890e-01
-5.998711694469515132e-01
8.536055811251164194e-02
-8.065942373121015585e-01
-3.051557878153332015e-01
9.997194512786258813e-02
-1.000009405031995646e+00
1.971819857607715609e-01
1.193067242942908585e-02
2.027964553479764120e-01
4.072601511268650332e-01
-3.849234899399448569e-04
-1.000008754593398219e+00
2.067936331695728325e-01
1.256410393984969676e-01
4.010189683420261053e-01
3.910156096050037000e-01
-2.642273016401928687e-01
-7.969460564461148255e-01
-1.000181984299428839e+00
3.909223828212145535e-01
-3.660936854384083672e-01
-5.999785567219185767e-01
-2.900840254954255015e-01
9.993949529009656108e-02
-1.000052848815249362e+00
-7.962592009714488661e-01
-7.885078615838053695e-01
-9.999919155402375859e-01
8.413707973973733045e-02
9.999163916467215252e-01
-1.000088394101154687e+00
1.000018622006723756e+00
3.935122988219811324e-01
-5.998922216937044860e-01
9.999176391662520924e-01
-8.015225657697571116e-01
-2.829647368038104016e-01
1.001401121318176851e-01
-3.560159261078726933e-01
3.993210903679709767e-01
1.000536058208547352e-01
9.992630132505177232e-02
1.000493261356306673e-01
2.000620648555794245e-01
-9.998718456372099883e-01
-7.917410797115915777e-01
4.012179439706177742e-01
3.976132998354529047e-01
-3.257110952935512449e-01
-9.998827313393852112e-01
-7.970405127300350667e-01
3.913331448300381710e-01
2.605198526915035451e-02
-1.000087416860350187e+00
1.887832645591340248e-04
3.895979345132230542e-01
-9.999218358311450228e-01
-3.776398461413725816e-01
-1.000153512880392892e+00
1.000032362996594176e-01
-9.999274158154672909e-01
-5.351377084964901304e-02
-8.073919926284356396e-01
3.945984545470705429e-01
-5.999646338616200225e-01
-2.801643569529310707e-01
9.997987622394233220e-02
4.398233763533952040e-02
2.029833295334318721e-01
1.000548454042985286e-01
1.903192038663291119e-01
9.998671214003675978e-01
1.655302287236488923e-02
-7.934319205511921602e-01
4.023760555165327157e-01
3.962828407629007121e-01
2.075199553893607440e-01
2.067985966682715782e-01
9.999703408010701677e-01
3.864605765032248508e-01
-9.999613618714907615e-01
-5.998435454135070399e-01
-9.998992571745444202e-01
-4.399944557571996984e-02
-9.999996234246386617e-01
1.001018317749930581e-01
1.001377781891153451e-01
-6.000308927865906083e-01
5.603647403800626065e-02
-7.946611716086648958e-01
-8.006272545857905376e-01
-2.799988840700460280e-01
4.239107788907853780e-01
-2.742321376105836261e-01
3.912799982618689887e-01
-7.929027976253723020e-01
-3.308090957437461732e-01
1.001221756470054985e-01
9.994692111592945460e-02
1.000067371759500112e+00
-6.009462436424230225e-02
4.080341595419403888e-01
1.000709297357814942e-01
-3.139010598423936926e-01
2.026347658980314770e-01
-3.337872745479943393e-01
-6.000479862869937397e-01
1.000161894464467682e+00
4.111802186175761986e-01
2.120238713785229101e-01
1.000471604588169250e-01
1.000002788353673733e+00
-1.000098721468635210e+00
4.049530230091407668e-01
1.000051906747028374e+00
4.134371540981019444e-01
1.000869758865549214e-01
4.075157677130296641e-01
-5.999456175108645040e-01
3.918964661235384006e-01
-3.543092760512094874e-01
3.946416661975536422e-01
9.999530081871566001e-01
1.000018545508194245e+00
9.986215036348153329e-02
2.114766316588334027e-01
4.083044946320218416e-01
-7.999179831252832829e-01
9.988690745816236616e-02
1.000002847034412889e+00
9.998653837305103709e-01
-1.000001281717361135e+00
-5.999532944969183657e-01
4.052283816905712932e-01
7.684124100082636265e-03
4.070255857299242552e-01
9.988443716509111392e-02
4.075716416244953844e-01
-4.757455989080600772e-02
-4.101783493548429305e-01
-6.000990392538722018e-01
2.079755120316914285e-01
1.000026554769458009e+00
-9.999965693038004311e-01
-8.184563050019932895e-01
1.000315904703465986e+00
4.101332441428852671e-01
-5.999541857781669485e-01
9.997368026414309161e-02
-6.412829259474299437e-02
-3.435672765447303489e-01
-8.080003993647916216e-01
2.067639377443924731e-01
9.995663982924614388e-02
9.998654780011865251e-01
1.975838504657945471e-01
2.086728328764614893e-01
-3.582459825542372300e-01
-9.999963820185419072e-01
-3.388234221414952729e-02
4.037318842068005065e-01
-8.060363600192949063e-01
1.969762424309605131e-01
1.000078182578968411e+00
-8.126423549155081805e-01
-6.001516293505312349e-01
-9.999063726707285715e-01
-9.423819295190845324e-02
-3.160163506569532155e-01
-6.000710992354034712e-01
7.433680227732325507e-02
2.029873887613688199e-01
-1.000036251908275720e+00
9.999329068532909481e-01
-7.959230704083379848e-01
4.156582978634534853e-01
-3.298353238059844594e-01
9.999436616619501450e-01
-1.000021067472541603e+00
1.801736220337738295e-02
2.011803187166875395e-01
9.999346780638614096e-02
-7.911504522539030138e-01
-3.287531850757518526e-01
-8.735584737066268146e-02
-3.204572284144738825e-01
2.047429956643945503e-01
5.660993078190780514e-02
-6.000667524554855747e-01
-5.998603822916863670e-01
4.039920873681093205e-01
1.000024377455694058e+00
9.998389937591607712e-02
-2.427021353598996789e-01
1.967392474742880037e-01
1.000261515330194140e-01
1.001167953112853670e-01
-7.859454356835008371e-01
-6.001416271015304060e-01
-6.001063290466318589e-01
9.998890828661235464e-01
-5.999700061506749726e-01
-6.000303528891729465e-01
9.999989172003815874e-01
1.947134052497779266e-01
-8.025645954062571308e-01
4.039716965388929770e-01
-1.803754349368088400e-02
2.014582416653697416e-01
-7.803424039754975894e-01
-9.999559432514152357e-01
-7.836835610272474550e-01
-9.999488328641013002e-01
9.997730506265496420e-01
1.000149388074139889e+00
-8.079844001985060364e-01
-3.524394968763000513e-01
1.539078181196519048e-02
-8.121801170110911627e-01
9.999376447184634698e-01
-6.000338486533539628e-01
1.001550738680780095e-01
-1.000105616519700202e+00
4.051196519982213085e-01
1.951724778758582024e-01
9.999873767410065728e-01
-6.000841883375290786e-01
-5.999760640912238374e-01
-3.186126694094443823e-01
9.998915406374112580e-01
9.989721203852536258e-02
9.999998402878068626e-01
9.997410655977453375e-01
-9.997617322855041344e-01
4.090856251015398959e-01
9.998735930291220708e-02
3.859089946264217530e-01
9.997827798232039598e-02
-3.590790672738853467e-02
-4.766186988232319621e-02
1.949527280453841049e-01
4.081078706423182934e-01
-8.043019967455042885e-01
-5.998921493183206888e-01
3.855618210446114524e-01
1.000057506558611031e+00
-7.105133346855728449e-02
-7.872233529529409912e-01
4.210869158435878723e-01
3.669574507690322868e-02
2.051434534026189971e-01
-1.000107787940350601e+00
-3.720591572540111192e-01
4.024630903076364397e-01
2.200074609627936661e-01
-8.856920796292472309e-02
9.998204408096922347e-01
1.000128090956721616e+00
9.999475540286312247e-01
9.986305516775452473e-02
8.492257890558076519e-03
-1.000016507019523493e+00
-2.926047574860500267e-01
-3.003797579681637409e-01
1.000118361794742228e+00
-8.067636665554098752e-01
-8.035514141260986509e-01
-6.000496945655814374e-01
-3.236012754934817215e-01
-1.000030756391269149e+00
2.118157793662203414e-01
1.000947300557040731e-01
-5.998251144367041654e-01
-3.091574651818189412e-02
9.998723128144842986e-01
2.207217902269425214e-01
2.015072225241990034e-01
7.990313532693393492e-03
-3.243511162961056904e-01
-3.060608097817879569e-01
-2.481922531137486510e-01
3.978847525051036338e-01
-3.424775828161894520e-01
9.999002351646868458e-01
1.000069300600600730e+00
7.677764582849809505e-02
1.804241824412702033e-01
1.864715046135822507e-01
-4.971730856205682642e-02
-3.104350465112317714e-01
-5.997186004466624754e-01
-9.999169166336968617e-01
2.039360121477561683e-01
5.319795108015434870e-02
