-6.000182159340932131e-01
-5.997234141626697213e-01
1.000069658655391436e+00
7.508553422421000711e-02
-9.999804113900478963e-01
-7.938684458935504340e-01
-6.000632957936792300e-01
-9.261311359377626335e-04
-7.990325182208588561e-01
-3.045318462715225771e-01
9.992190121286186055e-02
-9.999994553575421996e-01
2.130952060353188682e-01
-5.334127712857505803e-03
1.904174776493331445e-01
4.029265557306804246e-01
1.791864762882735065e-02
-9.998711034291756228e-01
2.071764769547409790e-01
4.321018112495674489e-03
4.082093838965424881e-01
4.095328964647340642e-01
-3.460037538882952957e-01
-8.003449719154839270e-01
-9.999830767450778035e-01
4.066997445399728739e-01
-3.111101364250882240e-01
-5.998616793033969552e-01
-2.362367732940792719e-01
9.995070087113734625e-02
-9.999546881353333916e-01
-7.912170574444381543e-01
-8.101780008036567615e-01
-1.000129301848784014e+00
-2.901714146930179945e-03
1.000197098680850605e+00
-1.000006469674301179e+00
9.998786260953899108e-01
3.909304472337716274e-01
-6.000797289549433255e-01
9.998588122621308028e-01
-8.110245776546133323e-01
-2.561042712076291306e-01
1.000175085524629692e-01
-2.075467545206693409e-01
3.927108410013235851e-01
9.992639297479204152e-02
9.994855803396880678e-02
9.990931623326664013e-02
1.992284779832225738e-01
-1.000161689994902625e+00
-8.072509576585989999e-01
3.968523876543300632e-01
4.104676513497045875e-01
-3.343627881681024427e-01
-1.000082440502003234e+00
-7.755196498730978494e-01
4.093314671655892134e-01
4.519803881358363390e-02
-1.000095516534574625e+00
-1.710950430592512658e-02
4.073475007843229134e-01
-1.000070560941000775e+00
-2.828868804181379204e-01
-9.998837767540288413e-01
9.991715846166525361e-02
-1.000039088859000724e+00
-3.315597398595370674e-03
-7.989483140587060328e-01
3.884850548431728612e-01
-5.999907667275522494e-01
-2.225330442904397965e-01
9.992513525040334910e-02
-6.839212686692501542e-02
1.971510793709184695e-01
1.000954660282824260e-01
2.053390931472480196e-01
9.999111934922134681e-01
-7.511200040083404472e-03
-8.106765487101414980e-01
4.185509371004109691e-01
4.155810805865544633e-01
1.822167007237357472e-01
2.122227813212498315e-01
9.999143969461005144e-01
4.056864607052475535e-01
-9.999557247539432314e-01
-6.001893223780776498e-01
-1.000041802268161639e+00
-6.269209949318132330e-03
-1.000024796928195681e+00
1.001105000630583414e-01
1.000660815036121254e-01
-6.000199891934525631e-01
-2.713592503647656307e-02
-7.916120596354473404e-01
-7.973233974581369621e-01
-3.497667539074189036e-01
3.840117233142951725e-01
-3.061243104650435698e-01
4.055982991585023179e-01
-7.912627125768693093e-01
-3.182905460003686571e-01
9.981021055019555221e-02
1.000545110166774915e-01
9.999272780803791782e-01
5.429159915525887115e-03
3.824873324674994968e-01
9.983046105122551916e-02
-3.531823776409352966e-01
2.107998256990389896e-01
-2.469996993303332777e-01
-6.000793936820008057e-01
1.000111327351995927e+00
4.037007626538046123e-01
2.152115912390021313e-01
9.991464596712500146e-02
1.000096737367573763e+00
-9.998885990430088633e-01
4.170657422695319694e-01
9.999633293949863333e-01
3.940324967506744214e-01
1.000724000644533512e-01
3.874496507044505877e-01
-6.000039801992280708e-01
3.969470487862162278e-01
-3.581638092991695221e-01
4.003664087686942819e-01
1.000029778645917133e+00
1.000194107142757138e+00
9.975653189017259781e-02
2.019069458377375781e-01
4.112690888721943216e-01
-7.870071274172326659e-01
9.988812304030386668e-02
1.000046565626135919e+00
1.000016662761886055e+00
-1.000049223875053572e+00
-5.999933528113238212e-01
4.006266121501483313e-01
5.027352686039319313e-02
4.023249423919883494e-01
1.000922091450870549e-01
4.096551806652118932e-01
-1.150416855648813894e-02
-3.096066563956257345e-01
-6.001959085227991375e-01
1.995298358115137338e-01
9.999439849477559372e-01
-1.000131420355660161e+00
-7.884751055889858140e-01
1.000082795139513481e+00
3.995681649964403226e-01
-6.002077969303781790e-01
9.990496059626104153e-02
1.110416330098644433e-02
-2.586440478850616231e-01
-7.830508887205854807e-01
2.097888895297798373e-01
9.997822589786459213e-02
9.999088402572816614e-01
1.817955008952734652e-01
2.031363274769624472e-01
-2.461331352082040957e-01
-1.000126209672238531e+00
3.621410595571377539e-02
4.066776879297070990e-01
-7.941329945808990320e-01
1.788193200654200066e-01
9.999230503482698929e-01
-7.949104544745815293e-01
-6.000189834916813680e-01
-1.000052161309701537e+00
-2.623620190422245105e-02
-3.086537987005349426e-01
-6.000521187867384754e-01
-7.447854006374951541e-02
1.831405458804591380e-01
-1.000108293525909131e+00
1.000066260553571507e+00
-8.109875706196272294e-01
4.141357393206095971e-01
-2.937859327962359934e-01
1.000034923293070754e+00
-9.998097144223390131e-01
4.157448320584071488e-02
2.034987001000804485e-01
1.001617459706488494e-01
-8.016572040576747105e-01
-3.000818500031203206e-01
-1.083379149811811992e-01
-2.383650720670434098e-01
2.027914833686980667e-01
9.116822314318503984e-02
-6.001022769479076313e-01
-6.000966272536751855e-01
4.116674169569001784e-01
1.000071876625971301e+00
9.999891747554885690e-02
-2.152896476864670505e-01
1.987450719499075091e-01
9.979704668662763012e-02
1.001047146595285403e-01
-8.127250904314592406e-01
-6.000553198963838319e-01
-5.998914489879977330e-01
1.000090534181389712e+00
-5.999348965632004260e-01
-6.000044999899977194e-01
9.998625798656688435e-01
1.995141532542339113e-01
-8.109721694238889445e-01
3.943937941236880240e-01
-7.192998686573891416e-03
2.017357257611795129e-01
-7.954222025234033433e-01
-9.999173113013940517e-01
-7.997301825137551612e-01
-9.998966038630524578e-01
9.998150664465451642e-01
9.997749352316001037e-01
-8.087275853455940799e-01
-3.437872534507501188e-01
-3.994475510608169744e-02
-7.871635559080580880e-01
1.000078747392415757e+00
-6.001237334231686038e-01
1.000041057360108870e-01
-9.998252319618753381e-01
4.182879313110056674e-01
1.898633174727348827e-01
1.000035646539373158e+00
-6.000616730468740778e-01
-6.000232134181477939e-01
-3.553173111694571951e-01
1.000058303775938962e+00
1.000039490683959365e-01
1.000117377727050227e+00
9.999594975271463015e-01
-9.999347767249228136e-01
3.959041183947504261e-01
1.000973000271196817e-01
3.914245982561089243e-01
9.992555304340586253e-02
6.341460255923660888e-03
9.872790299254261340e-03
2.071296756397708883e-01
3.831637314462711386e-01
-7.796641815639434592e-01
-5.999172705103751335e-01
3.986238256070150365e-01
9.999609012316980072e-01
3.813946837403558998e-02
-8.001681873503655451e-01
4.055259963750734165e-01
2.613098916111339463e-03
2.012277203214859200e-01
-9.999003083206534637e-01
-2.962277631558017377e-01
4.078772869197992423e-01
2.081181744408350243e-01
4.516854935412020766e-02
1.000084886979347054e+00
9.999897248459055366e-01
1.000114331987023819e+00
1.001273499608229117e-01
5.759434151012553932e-02
-1.000056476667380512e+00
-2.596759307908750314e-01
-2.785123624446446677e-01
1.000132906111600217e+00
-8.121590829277895995e-01
-7.891815598799697407e-01
-6.000144655737107424e-01
-3.535745547067804528e-01
-9.999877219270086881e-01
2.018319876047730277e-01
9.985815866978461908e-02
-6.000126511433248044e-01
4.452252241219876831e-03
9.999510326127747373e-01
1.848232418905145780e-01
2.081481657772086824e-01
-1.086900988921264688e-01
-1.748311755601233142e-01
-3.609795887217008836e-01
-2.693721407812925128e-01
4.024143630833982854e-01
-2.368042749166974492e-01
9.998543938115783680e-01
9.999952870707813357e-01
-7.848140706816947310e-02
2.072127090258134297e-01
1.840921520650326271e-01
-4.312622087348619120e-03
-2.318642964085730340e-01
-5.999443957847013786e-01
-1.000149927368062297e+00
2.065102389751328760e-01
1.895602222486793970e-02
