-5.998792626828242103e-01
-6.000746236770395647e-01
1.000102522912584391e+00
-1.829513242009866980e-02
-1.000033161174291862e+00
-8.035646384778148965e-01
-6.000642414837628058e-01
2.822968008467288334e-02
-8.119705935338686897e-01
-3.192751681511298845e-01
1.000201293204811548e-01
-9.999141688651806970e-01
1.865214706937276534e-01
-2.175629077934184211e-02
1.947503981458978406e-01
3.947608945443014661e-01
-1.749978533939827371e-02
-1.000065846734371933e+00
2.102695165562979418e-01
-3.372365491672781046e-02
4.153133721410423584e-01
3.931728998276513565e-01
-2.574889318099218283e-01
-7.998639725762114461e-01
-9.999902180008197750e-01
3.942255462042927872e-01
-3.121381538854429150e-01
-6.000225123953004669e-01
-3.840459040081017905e-01
1.001059116261430321e-01
-1.000040812421505443e+00
-8.217058352316513048e-01
-7.965577572167542586e-01
-1.000010069982640193e+00
-1.621933943785199353e-02
9.998665971712175082e-01
-9.999254167225941625e-01
1.000060423265689558e+00
3.960099575348471346e-01
-5.999795088095020157e-01
1.000122747619566876e+00
-7.840667336814713950e-01
-3.088290783723842137e-01
9.993822265653055925e-02
-2.723737652511992180e-01
3.959785127013688011e-01
9.980928781701603469e-02
9.990825819265246321e-02
9.981950886045230786e-02
2.088126787868733736e-01
-9.999847465549678294e-01
-8.003675887811710910e-01
4.088856453273422287e-01
4.015312336960637496e-01
-2.072469728821857982e-01
-9.999261101383278838e-01
-7.986776607473663470e-01
3.988517855461318207e-01
1.312930854175234190e-02
-1.000094215822739496e+00
-1.209894145758386164e-01
3.926692896522231968e-01
-1.000134806231346207e+00
-3.558383686572755278e-01
-1.000117877819684420e+00
1.001404347709452941e-01
-1.000293917563753521e+00
8.709085574952110664e-02
-8.039038349874892964e-01
3.951600859906480578e-01
-6.000604032471014149e-01
-2.505321565714614951e-01
1.000699407452777107e-01
5.100085865731648904e-02
2.017628694886373086e-01
1.000774206245102216e-01
2.010447305327969225e-01
1.000005673056160171e+00
4.113626584781915341e-02
-8.035659541229237535e-01
4.105505891457822409e-01
4.054652975803790249e-01
1.904957666591050869e-01
1.987967005587710501e-01
9.998090542678549353e-01
3.995681585104039479e-01
-9.998749557558299639e-01
-6.002056512605176142e-01
-9.999690393617630679e-01
-6.967334895285508256e-02
-9.999617425445116448e-01
1.000305202412388184e-01
1.000192544396499711e-01
-6.001436821300475399e-01
-4.951051646153201841e-02
-7.886927120269200397e-01
-8.070394449694806571e-01
-3.135171062282853249e-01
4.178398100938794379e-01
-2.200696952708604825e-01
3.949747798085506689e-01
-8.079729767683847541e-01
-3.047178541459032441e-01
1.000888228226064214e-01
9.994888011622636570e-02
9.999760621404865102e-01
4.589765647515203079e-02
4.047374218727988748e-01
9.995182312198956642e-02
-2.808060016221121669e-01
1.927001005782777721e-01
-3.251823853926920638e-01
-5.999596610927898643e-01
1.000068608572582951e+00
4.186924465016175212e-01
2.083199908999250061e-01
1.000440357300654420e-01
1.000073319214704437e+00
-1.000056618924029195e+00
3.904629983735172782e-01
1.000031971056868363e+00
4.008636720226838035e-01
1.001232967295773990e-01
3.987605424322550052e-01
-5.999255428321459416e-01
4.035221521723075799e-01
-2.974978861564825383e-01
3.992603223701831072e-01
1.000123360807447348e+00
1.000052508858019662e+00
9.992533728891597744e-02
2.151123224793943522e-01
4.122802648773693512e-01
-8.091512137180626452e-01
9.990395613371873262e-02
1.000123486278915674e+00
9.999720318621617698e-01
-9.999652121831529294e-01
-5.999169345423915889e-01
3.884494573875146295e-01
-8.185837422831890309e-02
3.910590350008419369e-01
9.999286906367611805e-02
4.105006442444567583e-01
1.171306349393287476e-02
-2.403195637043948341e-01
-6.000983508871353678e-01
1.822593551871022899e-01
9.999151425163800289e-01
-9.999055335387910803e-01
-7.994301788147393228e-01
1.000061144217696540e+00
3.994292002964467958e-01
-6.000309844520074209e-01
9.997865583988349569e-02
-2.478681735754640833e-02
-2.382163788812295402e-01
-8.036444444853272362e-01
2.018364614689136249e-01
1.000408331372925619e-01
1.000066393778953122e+00
1.962345685481999835e-01
1.999767267236723378e-01
-2.677375235524169228e-01
-9.999266160409299165e-01
-6.347640954779443234e-02
4.077878308861122569e-01
-8.020164253997833503e-01
2.114260342364023271e-01
1.000056471168039973e+00
-8.187278541452196468e-01
-5.998900020454034365e-01
-9.999526550557142901e-01
9.974190464592939953e-02
-2.946010327350205293e-01
-6.001581762121867003e-01
4.479803663985631318e-02
1.971828957293593199e-01
-9.999268458096973733e-01
9.999232361047095674e-01
-7.892192310160358604e-01
4.093221146559360979e-01
-3.255021572882760839e-01
1.000108686879924491e+00
-1.000156260878786396e+00
3.225191147528628371e-02
1.817516055642986461e-01
9.996791187290708647e-02
-8.152014829446310173e-01
-2.716166253133843189e-01
-4.181819697318635981e-02
-3.328594595217000407e-01
2.101940428273268158e-01
1.079901838482111472e-02
-5.998251286793614412e-01
-5.999126463923534214e-01
3.903680930483465206e-01
1.000103091890216511e+00
9.989662981549790599e-02
-3.463191764729683930e-01
1.988983694256926116e-01
1.000311962047324144e-01
1.000033959914698595e-01
-7.969282230842010817e-01
-6.000312048053814129e-01
-6.002052595740239305e-01
9.999916687812523408e-01
-6.000597811358123757e-01
-6.001122046184704795e-01
1.000057157308294142e+00
2.089998697196964461e-01
-8.070649944236280016e-01
3.895370755905512850e-01
-3.478016624826395231e-02
1.791150406977415066e-01
-7.864868775397400036e-01
-1.000146399006041076e+00
-8.009839068751503088e-01
-1.000135184930393439e+00
1.000051383123840454e+00
9.998727687388452301e-01
-8.074829863869563695e-01
-2.621031015857485658e-01
1.237381178614779809e-02
-7.874136960367439375e-01
9.999088535331277505e-01
-5.999985677717887267e-01
9.999866879292489130e-02
-1.000038766129378365e+00
3.866766512427664559e-01
1.966481077626265617e-01
1.000166146722990312e+00
-6.001909236421035798e-01
-6.001539312258198366e-01
-2.667862641247270017e-01
9.998774178108891242e-01
9.988086630658085663e-02
1.000035045355130547e+00
9.999402638835110935e-01
-9.999047749878177127e-01
4.006109342052704969e-01
1.001307077949057794e-01
4.099246848113656250e-01
9.988901526180014867e-02
3.179623350131548232e-02
-3.383688841804076419e-02
1.984223625651763134e-01
4.132953635177414320e-01
-8.003869237525604863e-01
-5.999986189432352512e-01
4.037164652191677083e-01
1.000075318083726739e+00
-1.253263882954455677e-01
-7.912590096206225665e-01
3.965605696176877637e-01
1.241478958322256299e-01
1.806809261002607359e-01
-9.999411828873867591e-01
-3.137490267900130969e-01
4.004678841214590057e-01
2.035048320653355947e-01
1.089495196567809576e-01
1.000062074097441744e+00
1.000011411052052823e+00
9.998809507260519869e-01
9.994175676003534681e-02
-1.855898222821871293e-02
-1.000061227384455576e+00
-2.937174516094087084e-01
-3.061683015205632907e-01
1.000014125194033099e+00
-8.016055451539164656e-01
-7.994065713896547631e-01
-6.000109970440868912e-01
-2.758931695562946151e-01
-9.999897385724740850e-01
2.059101212973039052e-01
1.000597971664784341e-01
-6.000366442233817654e-01
-8.682666062846261523e-02
1.000076143707413712e+00
1.987927699744271026e-01
1.784587866040386883e-01
6.259668240628625535e-02
-4.077547446503575479e-01
-2.792278743440594346e-01
-2.161282088606686635e-01
3.981734599723407708e-01
-2.338963932026520975e-01
1.000084339040646864e+00
9.999694633182748538e-01
-4.121578134029885154e-02
2.052525162195944219e-01
2.123701302455576478e-01
1.932462251790316790e-02
-2.565779410615034450e-01
-5.999932077217389192e-01
-9.999958452158893563e-01
2.144585623547154429e-01
2.708806008137246840e-02
