-6.000424136480529969e-01
-6.000878471227307775e-01
9.999736878223676184e-01
-5.974496424525848476e-02
-1.000006545680443004e+00
-7.943368459641511059e-01
-6.000617261495955201e-01
-4.662836190068755243e-02
-7.902329938146587240e-01
-3.114984923368533942e-01
9.979077437868416611e-02
-1.000215590650403774e+00
2.009236735274556318e-01
-3.047430161092279030e-02
2.003299723620551864e-01
3.992031253718743011e-01
5.241429127004644528e-02
-9.998668432299068209e-01
2.081207432524021239e-01
7.824898665048518262e-03
3.932067698212233786e-01
3.908299070275604303e-01
-2.952187272404375173e-01
-7.981816852945839980e-01
-9.999395563556450206e-01
4.033997965566914479e-01
-3.019560935011740277e-01
-5.998447848060668441e-01
-1.712531161590616358e-01
1.000852161352468184e-01
-1.000104092812830414e+00
-8.003598959603562824e-01
-7.951155743285042155e-01
-9.999075583508271192e-01
7.115480275977689902e-03
1.000021215081816850e+00
-9.999653139354660603e-01
1.000199653304420844e+00
3.999276611915755786e-01
-5.999888594039981538e-01
9.999906770504504161e-01
-8.046392851102556198e-01
-3.777630428209388658e-01
1.000604722145773812e-01
-3.305808491384878423e-01
4.027195442178202467e-01
9.998226206294079377e-02
9.992249690799315243e-02
9.983879955261841521e-02
1.932484208180032248e-01
-1.000112070584716406e+00
-8.052393120391277970e-01
3.975406388376705458e-01
3.916840811178626813e-01
-2.174526802944380388e-01
-9.997628941713558870e-01
-7.995347469203194501e-01
4.044357252292259952e-01
3.055451618264272765e-02
-1.000161113512263666e+00
-4.517503015514753861e-02
4.108664213983442837e-01
-1.000069450856870601e+00
-2.974219812620106373e-01
-9.998851991481386703e-01
9.993637040184573384e-02
-1.000018587259194680e+00
-4.147449897328062129e-02
-8.059848744517985608e-01
4.095395020873056069e-01
-6.000218556721963470e-01
-3.441416191603328123e-01
9.995976695874782270e-02
4.071248149636885749e-03
1.975686083490388045e-01
9.992993913305522891e-02
1.967882814372746703e-01
1.000010688172005668e+00
-6.346608268030300148e-02
-8.012447880842987757e-01
3.999192995549940566e-01
4.016711412766834077e-01
2.138904130512291335e-01
1.912467006488564603e-01
1.000063109408872331e+00
4.047745935763235603e-01
-1.000019559326881469e+00
-5.999256860690492799e-01
-1.000050128135282934e+00
-7.492771136309077373e-03
-1.000051004183816206e+00
9.996112988740038507e-02
1.000696989313269308e-01
-5.999573589208974100e-01
-5.138318084930573737e-02
-8.109994658432645442e-01
-7.970392217746863350e-01
-2.882708163302885040e-01
4.136984787697856603e-01
-2.567073071491762226e-01
4.162636285602842046e-01
-7.981067422628380648e-01
-2.492489139558370370e-01
9.981027383468511760e-02
1.002030342631667764e-01
1.000150307187396503e+00
-4.718048260713177122e-02
3.870935360162519601e-01
1.000629781603339652e-01
-3.490312724758973806e-01
1.886247784940335570e-01
-2.478679030389568383e-01
-6.001040272391561237e-01
9.999265561191100771e-01
4.074030676390055228e-01
2.129175080017159938e-01
1.002450899967387288e-01
1.000203241211092609e+00
-1.000002330619886193e+00
3.919973603811977569e-01
1.000075362274736035e+00
4.149735851029315858e-01
1.001718717977320983e-01
3.917576220219295968e-01
-6.001005226501107126e-01
3.969816322832024347e-01
-2.078139324613634820e-01
3.982565629133976715e-01
9.999889882566818100e-01
1.000022276800812460e+00
9.998948188882508803e-02
1.984330271564294645e-01
4.045351034569427684e-01
-7.919901692815234373e-01
1.000828707301301135e-01
9.999297928623545051e-01
9.999401506174921961e-01
-9.999934216393976394e-01
-6.001293233619630074e-01
4.021359485723839389e-01
1.666520256057084370e-02
3.945865238267472486e-01
1.000093989150132867e-01
4.059340162376086636e-01
5.492426925969229323e-02
-2.546959205746337496e-01
-6.000196029843751777e-01
2.034301880068700719e-01
9.999068441651188799e-01
-1.000103870906018599e+00
-8.075340527821860404e-01
1.000119929419275966e+00
3.897139790021607042e-01
-6.001685885527063835e-01
9.994219218232126833e-02
-5.777644443825410980e-02
-3.536995413822969780e-01
-7.935574141953311011e-01
1.982643854040119780e-01
9.991602344813346748e-02
9.999482271527961874e-01
1.998932509524223577e-01
2.034034041098637668e-01
-2.743275427929851018e-01
-9.999433201697904838e-01
1.218858075724765615e-02
4.200210550099428564e-01
-8.002271605234297924e-01
2.020585698451473344e-01
1.000026064368824574e+00
-8.065426528227686021e-01
-6.000832140995989716e-01
-9.999349332287523762e-01
-3.389889616124407840e-02
-3.625505694192089345e-01
-6.000993285262105070e-01
-1.947325374915447743e-02
2.079325694640840605e-01
-9.999803440752358386e-01
1.000075726577851043e+00
-8.058656356989050140e-01
3.888131099005458502e-01
-3.822387318231178499e-01
1.000021154206873764e+00
-1.000110996165953559e+00
-4.719552539610991429e-03
2.146996694795942073e-01
1.001424718167990419e-01
-8.081541074052156493e-01
-3.019702030188573527e-01
1.576261817672683493e-04
-2.867069160853025211e-01
2.011665670800129591e-01
-5.335873046352430232e-03
-5.999293611494470602e-01
-5.999737585583595489e-01
3.915799326592324658e-01
9.999590753799335596e-01
9.999452980655834655e-02
-3.670326865402979699e-01
2.045258992832816036e-01
1.000502594069182655e-01
9.987787649496956965e-02
-7.996352190594316900e-01
-5.999661718927283838e-01
-6.000319323936905702e-01
1.000009786124138156e+00
-6.001513648735122830e-01
-6.000104175026755859e-01
1.000027426196709479e+00
2.151083089660013881e-01
-8.139705280624253136e-01
4.086575159999484286e-01
-7.231383859864164328e-03
1.864755596062969700e-01
-7.992494376186750626e-01
-1.000001621160671927e+00
-8.004086448899332407e-01
-1.000016030487115293e+00
1.000002344644830066e+00
9.999246526179442762e-01
-7.856093124087041302e-01
-2.310526305401536251e-01
8.842651383281359759e-03
-7.915038304538338787e-01
1.000172502087251614e+00
-6.001627884887200670e-01
1.000934143098330120e-01
-1.000057394287778179e+00
4.086838760354119526e-01
2.149954108690919352e-01
9.999007190365171160e-01
-5.999585622409324692e-01
-6.001102428822989721e-01
-2.990677494131301906e-01
1.000158229632096329e+00
9.997355150033533644e-02
1.000086794316264127e+00
1.000139049773524746e+00
-9.999252120126894683e-01
3.966036886663851790e-01
9.985430841834261328e-02
4.051491551568981442e-01
9.993747691857125803e-02
2.197400235514104794e-02
5.942060389706867174e-02
1.945776607107281564e-01
4.181604420196515237e-01
-8.030952510976352432e-01
-5.999647929741260821e-01
4.074051163226934946e-01
9.998453167773482253e-01
-1.710757654668836752e-02
-7.825607498766949943e-01
3.834748872539633369e-01
-4.286389088449852301e-03
2.013656940724804778e-01
-9.999615259749485841e-01
-2.921348546797988277e-01
3.877749572469714190e-01
1.894739277180645109e-01
-6.480889483844030040e-03
9.999912743988313979e-01
1.000008985214893453e+00
9.999338106640180968e-01
1.000494833090613683e-01
-5.470594540934208688e-02
-1.000074718342975455e+00
-3.281602714529360254e-01
-3.268777324030905929e-01
1.000053921288431180e+00
-8.052294796760319784e-01
-8.102099471500490147e-01
-6.001547852174250464e-01
-3.030112261766021442e-01
-9.998724786938067988e-01
2.071746004299844790e-01
1.001733311421522388e-01
-6.000581562766704735e-01
-3.128029579033945323e-02
1.000038697796517884e+00
2.009071724924909319e-01
1.995577254584368077e-01
-6.134506953924243750e-02
-3.001274760734068403e-01
-2.846652559197631049e-01
-2.729077549846629647e-01
3.903109348377782339e-01
-2.681535366357640782e-01
1.000082624769755624e+00
9.999795418342499742e-01
6.773332476237466093e-02
1.963491528139889863e-01
2.011282603767698685e-01
4.496472576964974377e-02
-3.552123699308434301e-01
-6.000566534054060375e-01
-9.999700049013408032e-01
2.142619963215536272e-01
-2.408218378273471901e-04
