-5.998291420894470427e-01
-5.997627862344808714e-01
9.999380412970422238e-01
-7.136010448853435245e-03
-1.000040412673773416e+00
-8.071184552037601323e-01
-6.001179889755233754e-01
9.558649178555607417e-02
-7.942649049063678079e-01
-2.969830267003819024e-01
1.000092096477664394e-01
-1.000064185936812455e+00
1.945403709990935204e-01
3.998389681406550045e-02
1.956349713375387656e-01
3.811913118761183217e-01
-1.944790389792862978e-02
-9.998194359017137378e-01
2.018682813159167200e-01
6.142476172952495220e-03
3.972837277493629915e-01
3.943656373968981721e-01
-2.773195313725448363e-01
-7.807725683962106755e-01
-9.999814700150927438e-01
3.902830770791848591e-01
-2.579151731546290294e-01
-6.001766123611017578e-01
-2.315515654511543786e-01
9.983204392358002721e-02
-9.999870568750646171e-01
-7.956138600186146714e-01
-7.963488645327951865e-01
-9.998804255469964097e-01
-7.471448441782276018e-03
9.999038476121059338e-01
-9.999908353971009856e-01
9.998597340672471523e-01
3.959204240167956690e-01
-5.998724742620890060e-01
9.998750564338259039e-01
-8.005974994067158734e-01
-2.976954880930011704e-01
9.989384108073035007e-02
-3.057376697791728271e-01
3.962178158003039075e-01
1.001446469847028647e-01
9.994578860402925091e-02
1.000192781164113282e-01
2.048884208225389691e-01
-9.998227659770368980e-01
-7.976188601020975932e-01
4.044007587966395589e-01
3.968739875703630182e-01
-2.769317533145022603e-01
-9.999382607841044157e-01
-7.962077868767363231e-01
4.045144648003172749e-01
-3.194886583231406479e-02
-1.000012840156577099e+00
2.304135067875045031e-02
3.990665024943079175e-01
-1.000019605200595407e+00
-2.657008552848322269e-01
-9.999325859507286474e-01
9.996853996342951187e-02
-9.998111612114937152e-01
3.323210778622364553e-02
-8.021316532287400269e-01
4.046807099483658021e-01
-6.001579854235060685e-01
-2.688063297242451744e-01
1.000131382119526374e-01
-1.157263519961924392e-01
1.868793684256528642e-01
1.002100673360219185e-01
1.957712831799794384e-01
1.000007117984226035e+00
-5.614994958334382225e-02
-7.982596740669506419e-01
3.835927714353642437e-01
3.991540362347127946e-01
2.073876069326089366e-01
1.934080683489913521e-01
1.000091901417481388e+00
3.914218361565615090e-01
-1.000104407582165456e+00
-6.002127934533895148e-01
-9.998382249803734467e-01
-1.177138096018137681e-02
-1.000052934255820869e+00
9.995906318061564821e-02
9.998890261267907864e-02
-5.999792703918493952e-01
1.863073340334427813e-02
-8.052970821838644211e-01
-7.935566867974158667e-01
-2.647034579196722581e-01
4.035526387755616895e-01
-3.753140001785515989e-01
4.059314932001452658e-01
-7.854562455301501434e-01
-3.532329853966472699e-01
1.000189713528198826e-01
1.000995283615481735e-01
1.000104149349914762e+00
7.222453429146726001e-02
3.960198777413404536e-01
9.986161225395405461e-02
-2.201451183055826988e-01
1.988786502814949009e-01
-2.912947602192244578e-01
-6.000767651692270332e-01
9.998873297924961712e-01
3.962274873106793049e-01
1.903732939293424631e-01
9.995274961303829420e-02
1.000072683034456844e+00
-9.999772209352362218e-01
4.162079105452907712e-01
1.000123668844586255e+00
4.036334526216814322e-01
9.991460120539247258e-02
4.062101433730334610e-01
-6.000258213235526439e-01
3.858400183172368547e-01
-2.901987029160665865e-01
3.991318830520911298e-01
9.999458066707965775e-01
1.000136212968896210e+00
1.000746192216017821e-01
1.822782433984191652e-01
4.029291059488533944e-01
-8.083836456031101569e-01
1.000249339181551733e-01
9.999181385911847242e-01
1.000075541374353616e+00
-1.000013474014147530e+00
-6.000573482455329177e-01
4.052922977192809362e-01
-8.259708856134616306e-02
4.067279732865481390e-01
9.987933871124213270e-02
3.846703739337227201e-01
-2.688024682344054839e-02
-3.293106614121215636e-01
-5.999259459769767933e-01
2.019613636995508110e-01
1.000055680575469452e+00
-1.000007301170877883e+00
-7.950206272132077645e-01
9.999898971921435953e-01
4.007856880861869198e-01
-6.001870728898146545e-01
9.990450452538716941e-02
1.031163377271165360e-01
-3.096180012398410120e-01
-8.020731655379200742e-01
2.045020970187207687e-01
1.000720718679696808e-01
1.000023466626323021e+00
1.791593084769489697e-01
1.903479916942430461e-01
-3.240701190347912153e-01
-9.998977354516297433e-01
3.348398938821310622e-02
4.094429670689679335e-01
-7.922485005852499818e-01
2.036647053735475277e-01
1.000019783554943142e+00
-8.043434323349556436e-01
-5.999815518095242828e-01
-9.999194564640385696e-01
2.296925241997102574e-02
-3.203430308148692007e-01
-5.999308557975625567e-01
7.044685379980497771e-03
2.052439727017562054e-01
-1.000038965811921310e+00
1.000059168100048135e+00
-8.073918319444971514e-01
4.262653317151026688e-01
-3.853136308241685848e-01
9.999853603494581744e-01
-1.000103446874065050e+00
-5.264650261633340572e-02
1.831041394326965721e-01
9.985648465531303530e-02
-8.115095254958674120e-01
-3.107024051996135627e-01
-3.844394692818206560e-02
-2.950883184213308197e-01
2.028027353566320690e-01
-1.126475644682640720e-01
-6.001213616207698998e-01
-5.999273725066511798e-01
4.076477451319531209e-01
9.998907633122297023e-01
1.001751552306295451e-01
-3.011992631820415434e-01
1.809874934295243598e-01
1.000014470654526227e-01
1.000309175001276168e-01
-8.292743732595135864e-01
-5.999042667247701521e-01
-6.000464741563105164e-01
9.999694797056236650e-01
-6.000993420067273210e-01
-6.000590296912831079e-01
9.998776883023552386e-01
1.921223062222686406e-01
-8.152575251688154445e-01
3.909152359912504981e-01
1.498477181788648166e-02
1.959370438492256394e-01
-8.038086557269684684e-01
-9.998699116085573158e-01
-7.887516183509000189e-01
-1.000188318862729853e+00
9.999912086091461427e-01
1.000026733337747498e+00
-8.107352395607356765e-01
-3.027825895846175119e-01
1.139068861234434626e-01
-7.963353289952550540e-01
1.000135379437730121e+00
-6.000029895120165824e-01
9.995078466919406213e-02
-9.999259370654647316e-01
3.987653150916774525e-01
2.066219393030936102e-01
1.000081195052183958e+00
-5.999522551586884411e-01
-6.000649207481772995e-01
-2.915352475940869437e-01
9.999101246429691336e-01
9.995860487880112166e-02
1.000250855984894605e+00
9.999256826690968714e-01
-9.999570571436172672e-01
4.177605142617019651e-01
1.001530712600545853e-01
4.031316970980038938e-01
1.001472802010714702e-01
-6.859585585365397808e-02
6.282997082522944442e-03
2.036951279459118802e-01
3.943208634151833536e-01
-7.945694109620600187e-01
-5.997756719413863680e-01
3.930769375862488979e-01
9.998709720813869772e-01
-3.786357326326073025e-02
-8.021872380910608502e-01
3.999168682358824611e-01
-5.155250579772824304e-02
2.148816961090745936e-01
-9.998226620636249118e-01
-3.491227981926029456e-01
3.988216940819123701e-01
2.017630941821367263e-01
6.531738222740733624e-02
9.998479569195164451e-01
1.000004814726936031e+00
9.998329909470617949e-01
1.001953198477311124e-01
1.212039933659028561e-02
-1.000056195945473902e+00
-4.403267268649083688e-01
-2.812488194674416797e-01
1.000010656184359359e+00
-8.084766138871597452e-01
-8.081429725074322779e-01
-5.999369640424130345e-01
-3.935664828628299694e-01
-9.999836365645592418e-01
1.975390518517487759e-01
9.995151564447733727e-02
-6.000765689881084608e-01
9.192320550731813977e-02
9.999132060362830865e-01
2.031498169957451638e-01
2.102774495685969802e-01
4.136438739919873903e-02
-4.034745105164044832e-01
-2.955437599563522921e-01
-3.501541469501863180e-01
3.957665914354622783e-01
-2.151854635057099951e-01
9.999394928967452190e-01
9.998636255269995887e-01
-2.605369947162586297e-02
2.040668370226995654e-01
2.090319600666821209e-01
1.815210071572358978e-03
-3.334426129659736060e-01
-5.999974446188952593e-01
-9.999450959341585898e-01
1.973851554951378817e-01
3.628986718895653787e-03
