-5.999869872635957835e-01
-6.000355853767656011e-01
1.000019682852624880e+00
-3.828593114330464120e-02
-1.000080018208995503e+00
-7.919011451679578428e-01
-6.000150351827163719e-01
4.787283261363919906e-02
-8.187371094513412606e-01
-3.083027625284513462e-01
1.000254345950479934e-01
-9.998467536227809704e-01
2.044304321440283678e-01
4.064703405822698429e-02
1.753852034417149042e-01
4.152083450097697193e-01
-1.534414052506729957e-02
-9.999356749322565463e-01
2.130243996983612886e-01
-3.783126363915445024e-03
4.016707796101269268e-01
3.924368244359806024e-01
-2.918177378371331065e-01
-8.087341418875537702e-01
-9.998097019530555185e-01
3.871459626007446309e-01
-3.043195975792081787e-01
-6.000624647079974006e-01
-2.345255300855444980e-01
9.992055370996991148e-02
-9.999579381351804130e-01
-7.929112809993168476e-01
-7.878984747725991111e-01
-9.999568783352965617e-01
3.118345157087366870e-02
1.000009003703511423e+00
-9.999147396502638951e-01
9.999677286605144211e-01
4.083807260038762044e-01
-5.999975753455903948e-01
9.999347459752927492e-01
-8.094949456391991038e-01
-3.401320332779061983e-01
9.987281029258747445e-02
-3.890729031077477806e-01
4.116240122277042834e-01
1.000385679199350258e-01
1.000756386287770250e-01
9.997211495605405618e-02
2.096182203371517172e-01
-9.999414287243976185e-01
-7.895486897047314656e-01
3.909315741573793912e-01
3.834208100360546045e-01
-2.803454742012258527e-01
-1.000075163164946490e+00
-8.150590474783493411e-01
3.861562372649894326e-01
9.934335045393510866e-02
-1.000130235138178891e+00
-1.266734971199971228e-02
3.978218643599789606e-01
-1.000188086647528563e+00
-3.080879632033558524e-01
-1.000140784358909185e+00
1.000115644107132107e-01
-1.000086111159756763e+00
-1.793038853031980392e-02
-8.060521925372133856e-01
4.097705453244384621e-01
-5.999682564841134491e-01
-2.811423016513028839e-01
1.001382365005587111e-01
1.411931155826050624e-02
1.907162690465349641e-01
1.000523757737293296e-01
2.075152028084248923e-01
1.000060086007312554e+00
-9.840334915006981875e-02
-7.818785362107300019e-01
4.259713580672652711e-01
3.829135132033989475e-01
1.916566568199567500e-01
2.165151129864865964e-01
1.000100261163162196e+00
4.069248802431257861e-01
-1.000174205857592202e+00
-6.001436059807251366e-01
-9.999929306029098353e-01
-3.697212949367740392e-02
-1.000111514502697085e+00
9.989565927672929002e-02
9.998517271038848131e-02
-6.001178310318429077e-01
-7.758483906141025455e-02
-8.053985916479338147e-01
-7.950170421813932409e-01
-3.105258841517637980e-01
4.045655715074080172e-01
-3.032754400424877428e-01
3.816070441385478462e-01
-8.163270882090188918e-01
-2.388537867965586647e-01
1.000395944676706200e-01
9.996245377030237023e-02
9.999561752584067431e-01
-4.507062956395663234e-02
4.014889707652013473e-01
1.000481919742775838e-01
-3.083641818324934225e-01
2.013819491827783248e-01
-2.368267385196167751e-01
-5.999213324494206967e-01
9.998846108200341032e-01
4.018744641213274904e-01
2.005260409596176518e-01
9.990332937971801996e-02
9.998953253584734746e-01
-9.998368678669101728e-01
3.864682952920810433e-01
1.000142877141681819e+00
4.029388924082367152e-01
9.989076531615864729e-02
3.791781027958288086e-01
-5.999909011554381832e-01
4.155131521262813155e-01
-3.261473887487306711e-01
4.081783477991085540e-01
1.000133630087084669e+00
9.999283094203885724e-01
9.998230783115685805e-02
1.988742791281315758e-01
4.063569992188212909e-01
-7.898816287098862077e-01
9.998490999966845594e-02
1.000010228376989163e+00
9.999646213855696297e-01
-9.999867903275836412e-01
-6.000973692363585910e-01
3.998469328953461188e-01
-6.851839461791547903e-02
3.922497322102129202e-01
1.001878719579763627e-01
3.892307223670998240e-01
-3.447055531988432037e-02
-2.926509025648759144e-01
-6.001205371613799189e-01
1.887579019086064458e-01
9.999193738361701334e-01
-9.998642067312953907e-01
-7.928382931633202180e-01
9.999663066966878455e-01
3.880509733467135680e-01
-5.999418511410508081e-01
9.993009269142637263e-02
-3.811159459484828732e-02
-3.306648474760056633e-01
-7.958514550030998391e-01
1.903073235371525729e-01
1.000400970852783344e-01
1.000086678940491858e+00
2.179932226450697341e-01
2.238564065886553267e-01
-3.716551905844502901e-01
-1.000024598929055708e+00
4.063104757999206479e-02
4.026089719758353946e-01
-8.072091371539582561e-01
2.091727678997662432e-01
9.999331419336322524e-01
-7.878004881063853659e-01
-5.999439578852572286e-01
-9.999175647876359374e-01
-2.831261933170270070e-02
-2.916742541667554089e-01
-5.999494265187854669e-01
-4.657636503643933223e-02
1.965570411669111672e-01
-9.999509698862393270e-01
1.000115066849631029e+00
-7.884127924824023692e-01
3.757427485898818253e-01
-2.647854971414997927e-01
1.000189767298748977e+00
-9.999404806613141350e-01
5.669025183751362496e-03
1.936688453593617409e-01
9.993943431218731133e-02
-7.952291808941031048e-01
-2.894444363993132208e-01
-7.901802560442623691e-02
-3.491470959597922086e-01
1.936418188623108549e-01
4.416578138561560660e-03
-6.000957952246656069e-01
-5.999771265093238881e-01
4.028925832748747604e-01
9.998546428478963799e-01
1.002477193151110474e-01
-3.362855694435669673e-01
1.903203861610942293e-01
1.000722477624923917e-01
9.984811173428519149e-02
-7.908886706117166376e-01
-5.999500378762477881e-01
-6.000933145833985405e-01
1.000075652441160257e+00
-5.999960723156770870e-01
-5.999821431874123867e-01
1.000062648559001399e+00
1.964015088356965977e-01
-7.928013360479001514e-01
4.038568553579950926e-01
-3.918472455719183845e-02
1.913546564118500104e-01
-8.150577094981429349e-01
-9.999195304803646378e-01
-7.949955161956600014e-01
-9.999552553758944695e-01
9.999305004243257411e-01
1.000090364623962280e+00
-7.881884394243772185e-01
-3.139989743081136320e-01
7.813915031639739883e-02
-7.889705487937850314e-01
9.998250237413028874e-01
-6.000273302194562008e-01
1.000466042091791852e-01
-9.999300590163269220e-01
4.176048150038417228e-01
1.887929054286175412e-01
9.999613268516769349e-01
-6.001735757766143431e-01
-6.000944607007899778e-01
-2.549821855053430730e-01
1.000097287699963866e+00
1.000867702809341286e-01
1.000040555888216165e+00
9.999389656083389477e-01
-1.000077095455775833e+00
4.057873970100560612e-01
1.000433354442547967e-01
4.036305323835920889e-01
1.001228049797075470e-01
-1.423773350201796954e-02
1.679514368714612321e-02
1.969670483172390185e-01
3.898800128253475106e-01
-7.942511896139783367e-01
-5.999659550800098273e-01
3.874393940036580664e-01
1.000093434830195749e+00
4.425170027206709600e-02
-8.032457200757019411e-01
4.048678151063360153e-01
-5.368054925368848096e-02
2.001787593840730073e-01
-9.999268401425929209e-01
-3.216358051156278375e-01
4.004871309326657469e-01
1.819063097099989368e-01
3.406205163608800462e-02
1.000101569808691471e+00
1.000163736161977956e+00
1.000026715453612436e+00
1.000333383236337859e-01
4.504663474262004391e-02
-1.000070799290436963e+00
-2.168223736078823127e-01
-2.585112926800131605e-01
1.000079206037748358e+00
-7.872037497313558729e-01
-8.075485352252138593e-01
-5.998919086322688221e-01
-2.558935060707699938e-01
-9.997865487434220988e-01
1.988337326585641607e-01
9.999608151862890426e-02
-6.000044465671573457e-01
-5.858948008043501215e-02
1.000220054433270889e+00
2.012296468508701919e-01
2.100341519829384551e-01
-1.505829977255187559e-02
-2.073602824052771798e-01
-2.700523110447791697e-01
-3.009411532243522203e-01
3.852119846794814784e-01
-3.111214496424979381e-01
9.999851056549161621e-01
9.998792924485063738e-01
-5.217983166192318584e-02
2.098632056677427749e-01
1.932347149508453488e-01
-4.293137158625398575e-02
-2.456870059616626245e-01
-5.999816508904052270e-01
-1.000084611710412741e+00
2.008298902113690998e-01
4.246907386715004923e-02
