-5.999865082012300066e-01
-5.999634996157586775e-01
1.000049377078812363e+00
-1.209083901180413312e-02
-9.999925158222482402e-01
-8.029789823546609195e-01
-6.000375636406748425e-01
4.624517177518427252e-02
-8.010556986943927482e-01
-3.599752149647450494e-01
9.993560155303660153e-02
-1.000008703519957853e+00
1.984637079979440777e-01
-3.975623698794163163e-02
2.149039525037419740e-01
4.131338226129537827e-01
-1.975644137537996281e-02
-1.000065450808306000e+00
1.905253550502415683e-01
5.796321867056556526e-02
3.889053683096049263e-01
4.197681298030777053e-01
-3.040704496925124012e-01
-7.825932842654542698e-01
-9.999979713205425780e-01
4.096596381562075395e-01
-2.581267721946430282e-01
-6.000352638528639870e-01
-2.380923618626074600e-01
1.001169568533278598e-01
-1.000076336615723038e+00
-7.893948478022111415e-01
-7.851368016273669870e-01
-1.000115939702175716e+00
-1.708501583610075661e-02
9.999450102627991388e-01
-1.000120658699400922e+00
9.997561214469830038e-01
4.030308119481469942e-01
-6.000356517277802837e-01
9.997942548830963672e-01
-7.914287645350068789e-01
-3.623513499845060770e-01
1.001011168982824662e-01
-3.515401710503556765e-01
4.012827182755821509e-01
9.987032509115036094e-02
1.001030586286581758e-01
9.982730234348875797e-02
1.979045894868377009e-01
-9.998990654573089998e-01
-7.880412802206897549e-01
3.868457740390092159e-01
3.882806442324228668e-01
-2.906400461527762769e-01
-1.000153062730400944e+00
-8.054515973473312940e-01
4.101474754240844733e-01
-5.081108413248613953e-02
-9.997942235718377813e-01
4.234520479289674566e-02
3.884848849414858085e-01
-1.000015233515105351e+00
-2.146279918197195880e-01
-1.000002371656607325e+00
9.986126628170960418e-02
-1.000016029986992683e+00
-1.485748513030779594e-02
-7.948243082345335386e-01
4.067918420851265315e-01
-5.999937743377675714e-01
-3.207901645386042055e-01
9.999246692196289699e-02
1.055934845970848274e-02
2.121081350623445771e-01
1.000727156134447043e-01
2.014848791509014636e-01
1.000199702672838198e+00
2.200724739837541313e-02
-8.082630161402186708e-01
3.809509609472359060e-01
3.962028493240343230e-01
1.948607495426942782e-01
2.128089731485703073e-01
9.998306442061500876e-01
4.084651016131394252e-01
-1.000028417303150841e+00
-6.000307457718746518e-01
-9.999420233691840298e-01
-4.771541907120088744e-02
-9.999207381984176468e-01
1.001126733936591462e-01
1.000139235604771137e-01
-6.000389442737535939e-01
1.649919692955376452e-02
-7.915525991973145770e-01
-8.019103176106011643e-01
-2.216058104485943703e-01
4.042599850541909179e-01
-3.542900673001260214e-01
3.971454480886137395e-01
-7.846941937375271348e-01
-3.253818157138946843e-01
9.999748807656437533e-02
1.001151098786177418e-01
1.000181292544346068e+00
-2.182640400779694081e-02
3.961115420780513263e-01
1.001314631312341386e-01
-3.427868331393958967e-01
1.946674943018182613e-01
-2.988595114909891604e-01
-6.000471448669069119e-01
9.999403449296270230e-01
4.067695313816314662e-01
2.093367017429966226e-01
9.999740638565976503e-02
9.999089364850543005e-01
-1.000018183838208063e+00
3.810580987316458113e-01
9.999842426849500088e-01
4.008270764609926373e-01
1.000347356242618224e-01
3.747407348262983828e-01
-6.001725727750512052e-01
4.087658575531453176e-01
-2.603606858216788722e-01
3.962632954770435867e-01
1.000013431537297492e+00
9.999891914877957477e-01
1.000669045035976201e-01
1.989337353623782945e-01
3.822635950239677838e-01
-8.098738701989657285e-01
1.000481809900472668e-01
9.999235209322477891e-01
1.000063650078982791e+00
-9.999097995664490979e-01
-6.000606038320371871e-01
3.761791049297508738e-01
-2.195640208122102630e-02
4.026474113042658454e-01
9.999142697609836317e-02
4.055825514014069211e-01
2.407621954192322444e-02
-3.669691851611679989e-01
-6.000798557879913897e-01
2.085647562632782503e-01
1.000042333985935006e+00
-1.000074152810485728e+00
-8.035658552006054167e-01
9.998584490251563039e-01
3.889491138861841946e-01
-6.000701410745046260e-01
1.000685026520330423e-01
1.852595195832266312e-02
-2.654409091462671122e-01
-8.261271149091534705e-01
2.240513180537626048e-01
9.987336062984202012e-02
9.998053207287148636e-01
1.992881130147651503e-01
1.880864656812802627e-01
-2.618819059204837707e-01
-1.000233224870447746e+00
3.434528989808832006e-02
4.106199606174451011e-01
-8.077720132427471667e-01
2.007281958664116073e-01
1.000136743754210134e+00
-7.903585318234982449e-01
-6.000081120113900379e-01
-9.998665773437835913e-01
-8.753092765793252239e-02
-2.957560456939928861e-01
-6.000815630091108632e-01
5.305637382317972967e-02
2.209861428881083889e-01
-9.999011791025014251e-01
1.000058687507432653e+00
-8.064971979300088467e-01
3.971108234171498719e-01
-2.405377420617414996e-01
1.000070713350558860e+00
-9.998858947257180940e-01
-4.299401723885674931e-02
1.989807860153267050e-01
9.974221753713817529e-02
-8.148981620240953738e-01
-1.788847784700363652e-01
2.133976906439339141e-02
-3.387124267516436471e-01
1.939247026121994899e-01
-1.669410639377047261e-03
-6.001251316728418717e-01
-6.001448207876951546e-01
4.003399425997433703e-01
9.999556489980451213e-01
9.997788922889130903e-02
-3.806857847458126054e-01
2.141638831929186526e-01
9.992448405214834906e-02
1.000401166411781645e-01
-8.109232193331346039e-01
-6.000555077566344098e-01
-5.997777873602033738e-01
1.000051845897320879e+00
-5.998588388475761812e-01
-6.000539497793722088e-01
1.000029022402711965e+00
2.013926004975147566e-01
-8.004281448322908554e-01
3.924835081478648124e-01
-2.813979933661048954e-03
2.170600251199288899e-01
-8.003151311989322725e-01
-9.998982263280874472e-01
-7.875925034729371887e-01
-1.000049053785597941e+00
9.999922885455196919e-01
1.000014893341730327e+00
-8.164311310672406341e-01
-2.978407868674652903e-01
-5.528320346043782973e-02
-7.977217774523004401e-01
1.000245303574664346e+00
-5.999704230537534766e-01
1.000722601267239747e-01
-9.999249739764756173e-01
4.053352198691757557e-01
1.813891052772952928e-01
9.998468436488811006e-01
-6.000962136428249494e-01
-5.998928229358519992e-01
-3.023875207837932733e-01
1.000050210703769205e+00
9.999310175621621555e-02
1.000098060358365570e+00
1.000093477134857967e+00
-9.998700390956419826e-01
3.989006385147355616e-01
9.994270550360681571e-02
4.222303292622004989e-01
9.998339616478119085e-02
-2.978416381571426588e-02
-1.252421174722593601e-02
2.171740711176604333e-01
3.973003644485690877e-01
-7.951452190874410686e-01
-5.999426707496543498e-01
3.904169489316037800e-01
9.999722912105393213e-01
-1.133419025982941308e-01
-8.111511787436855858e-01
4.060369418023964116e-01
-7.664489515518792262e-02
2.110339941366716765e-01
-1.000026491394461869e+00
-3.304912986465519675e-01
4.043505036144963705e-01
2.070140435262035061e-01
1.862992733746070967e-02
1.000067185698158223e+00
9.999416989268301581e-01
1.000020620797171578e+00
1.000535832667683728e-01
3.178238464136642211e-02
-1.000003072397812609e+00
-3.138437810382758708e-01
-3.098521853355067357e-01
1.000037256595842861e+00
-7.939023111954938150e-01
-7.922969334227799587e-01
-5.999852333138858684e-01
-2.726408917401256793e-01
-1.000137999197569627e+00
1.916288393718685035e-01
9.996169737985116654e-02
-5.999912280828797462e-01
-1.086663341562104368e-01
1.000054655378341373e+00
1.977662163895825553e-01
2.015614067233945095e-01
-5.738843991012885365e-02
-3.821091959081509559e-01
-3.651718656505121841e-01
-3.478527753656759369e-01
3.982704249719087319e-01
-3.476273702153702683e-01
9.999034757136566753e-01
1.000064878918451416e+00
-1.345818455713133389e-03
2.056609913804062773e-01
2.088075883034686830e-01
-9.020215070200135465e-03
-3.698750585750975595e-01
-5.999698170341800640e-01
-9.998755545527553412e-01
2.010477969598797321e-01
-3.687078182682702182e-03
