-6.001120496718502784e-01
-5.998357439368816602e-01
9.999498136310369656e-01
4.498784106744824207e-02
-9.999806074231345487e-01
-7.974129910149511113e-01
-6.000301017887892385e-01
-9.331224771625135084e-02
-7.861347769011362008e-01
-2.662944517021355595e-01
9.995192993019184902e-02
-9.999963330501414616e-01
1.859199291297186918e-01
5.235332445637441018e-02
1.860344458359717013e-01
4.083214493674868772e-01
1.026969182208722214e-02
-1.000001674045199573e+00
1.994000535001112517e-01
1.301321522671023551e-02
4.058230692307054355e-01
4.156201570297335945e-01
-3.840691400509393949e-01
-8.077195340832173942e-01
-1.000073082511530265e+00
4.036780771462750717e-01
-2.952750342516716198e-01
-6.000950562154908630e-01
-3.516479972465531012e-01
9.997453690171073659e-02
-9.998780158621738412e-01
-8.136563751184100468e-01
-7.973682784987435879e-01
-1.000002593529162098e+00
5.102561766740408393e-03
1.000041523668394383e+00
-1.000049847318714047e+00
1.000185003422866981e+00
4.116452844695948077e-01
-6.002693865700552411e-01
9.999743822006353922e-01
-8.008931182291474382e-01
-3.509289504426363338e-01
1.001773260599080895e-01
-2.939346617953322860e-01
3.989479612765505223e-01
9.997069372554487354e-02
1.001007416792613347e-01
9.994610994243338653e-02
2.014565695986815785e-01
-9.998421810086721706e-01
-8.072155739439504929e-01
3.944569271850761338e-01
3.977397805422920318e-01
-1.883033482350125465e-01
-1.000074732154107471e+00
-8.149645611260540878e-01
3.914569500876425301e-01
-2.117334334300982612e-02
-9.999303702648381087e-01
-4.324738659422422415e-02
3.810739393107465123e-01
-1.000084879810192895e+00
-3.028100212716162698e-01
-9.999439337420275020e-01
9.997985194744690718e-02
-1.000044276384688402e+00
1.306958245991540479e-01
-8.014943414028260493e-01
4.014890207066795780e-01
-6.000048484272473281e-01
-3.945095129533706113e-01
1.000859015062214030e-01
-1.363490943046163743e-02
2.035295238592109701e-01
9.993617762124314130e-02
1.885641930221189089e-01
1.000063000918362643e+00
5.244385337943662656e-02
-7.924387614729249130e-01
3.937128653986198268e-01
4.022991663857883871e-01
1.986507255206093614e-01
1.853483753813485180e-01
9.999116032438093438e-01
4.180057745638218747e-01
-1.000043542764512905e+00
-6.001806622918577361e-01
-9.999138460737669876e-01
-1.066263265724760462e-01
-1.000108592888651504e+00
9.995492061965181863e-02
9.993008448265007504e-02
-5.999784503183342999e-01
1.052301899220140363e-01
-7.826016862545813746e-01
-7.985699163591430949e-01
-2.236070968822227167e-01
3.990480011991424103e-01
-3.301109125928551880e-01
3.940043945749280851e-01
-8.131646423218942266e-01
-2.989113326699043838e-01
9.999633242096579722e-02
1.001527233729150035e-01
9.999170944007059747e-01
4.446648898902560987e-02
3.778291461254578154e-01
9.984821801517998474e-02
-3.186343464644791901e-01
1.947204712249593073e-01
-2.604163958640638432e-01
-5.998364084521180528e-01
1.000036646736400359e+00
3.845792347410318945e-01
2.096258448930502505e-01
1.001208859135291201e-01
1.000126634600701392e+00
-1.000034295710859666e+00
3.917880167899790433e-01
9.999175320105043729e-01
3.880478024194179421e-01
1.001211336738084268e-01
4.037566545540086094e-01
-6.000180721599129852e-01
4.217269612928705724e-01
-1.862954144282361613e-01
4.077275085312845326e-01
9.999140017811865011e-01
9.998864370382126721e-01
9.992685425487350670e-02
1.958152108033774930e-01
3.866156744283700264e-01
-7.839417403757026337e-01
1.000696795308511217e-01
1.000008280948338601e+00
9.998493019554397510e-01
-9.999143060817432538e-01
-5.998119756982007722e-01
3.919435529099334348e-01
-1.269022225532429743e-02
4.057973965679603778e-01
1.000261220171056037e-01
4.112877441367593923e-01
2.280899462987912019e-02
-2.731315777980890536e-01
-6.000018819267818326e-01
1.984864180833563752e-01
9.999647274852980772e-01
-1.000098145370029501e+00
-7.906367022008272682e-01
9.998853632737527697e-01
3.909188692749661631e-01
-5.999027205934337470e-01
9.998397345765171196e-02
4.794547966040882403e-02
-2.856802877168808652e-01
-8.005165741327007201e-01
2.030684330578287899e-01
9.991735853134052492e-02
1.000008625144515717e+00
1.924528981327858213e-01
1.934901789650145532e-01
-3.989289616990777665e-01
-1.000139480539349979e+00
1.097467064028323502e-02
3.950734208841216732e-01
-8.135069339583694825e-01
2.022434422765454765e-01
9.999707339584835708e-01
-8.008555113943820469e-01
-5.999071771122956864e-01
-9.999116697937169285e-01
-6.182704182950961302e-02
-2.529193455238223365e-01
-6.000425350401574764e-01
-8.071297734151403058e-02
2.006739964865613679e-01
-9.999840485894776476e-01
9.999893606191861961e-01
-7.809946593110697055e-01
3.826861158379345484e-01
-3.313764989264451621e-01
1.000117208445877814e+00
-1.000055010001263955e+00
1.913156326205302238e-02
1.979426991177041795e-01
1.001544805800124172e-01
-8.202499336070618874e-01
-3.440576690404380522e-01
6.052409187001731028e-02
-2.802836780856505228e-01
2.007476967649145239e-01
-1.203049054629362104e-02
-5.999982707002823323e-01
-5.999474691265819226e-01
4.065243775845882590e-01
9.999894396729593904e-01
9.983794374929282067e-02
-3.202372572020288910e-01
1.878150738052410396e-01
9.987932251554010321e-02
1.001384715486172139e-01
-8.024582895333368660e-01
-5.998838744181655969e-01
-5.999414649472010197e-01
1.000068841051072743e+00
-5.997890168534947275e-01
-5.998581195082060002e-01
9.997597105029154552e-01
1.886555329611500353e-01
-8.203722895156152495e-01
4.264111095660330641e-01
7.581891710541868723e-02
2.036834517236700004e-01
-8.010676949496138288e-01
-9.999836518173457200e-01
-7.922193077333603561e-01
-1.000104619865540556e+00
1.000088703907278331e+00
9.998950383718608892e-01
-8.103817454114290442e-01
-1.602075670008306085e-01
8.080669044914066956e-02
-7.915437335627633075e-01
9.999922767215658759e-01
-6.002065436264143461e-01
9.989444100169857232e-02
-9.999344574414911202e-01
3.991644060085937085e-01
1.959853756331834118e-01
9.999412183484920336e-01
-6.000257478070429862e-01
-5.998481829147064293e-01
-2.603372296662814778e-01
9.998813223613287615e-01
9.993850469656549718e-02
1.000019338896783072e+00
1.000091580035872063e+00
-1.000160542335017277e+00
4.109432207031838979e-01
1.001628588076039911e-01
3.861591797536014781e-01
1.000387151953699427e-01
-1.357729600208792964e-02
5.928896662754051805e-02
2.299144211042029040e-01
4.020553137273358835e-01
-7.924434905129177364e-01
-5.999957775909128266e-01
3.889572020810942443e-01
1.000038746685970814e+00
-4.218022397589002610e-03
-8.040063212698846939e-01
3.864916466402895101e-01
4.355931631764758949e-02
2.003394783868754636e-01
-9.998775219022568717e-01
-3.077397345119619043e-01
3.933885057425975940e-01
2.124509410887178429e-01
-4.296338044864618511e-02
1.000035362582426757e+00
1.000060481163209225e+00
1.000018334756095806e+00
9.992163772738554828e-02
-4.291967680981501054e-02
-9.999604141906840438e-01
-2.836982239704609610e-01
-2.463911899524340865e-01
9.998747243232061210e-01
-8.014810932161492429e-01
-7.885487707035019334e-01
-5.999729650162938244e-01
-3.660187472167052425e-01
-9.999549755999322942e-01
1.916322958082327388e-01
1.000338936218309466e-01
-5.999432502490981145e-01
4.314557415479618185e-02
1.000065600505897434e+00
2.019842847411449926e-01
1.908108303254010818e-01
1.189240372285266939e-01
-3.011986259033103130e-01
-2.125915395469451519e-01
-2.869564788415949197e-01
3.982108116607270820e-01
-3.395246661152042655e-01
1.000129308290850227e+00
1.000100333118114193e+00
-7.316066328990844525e-02
1.778543472895025568e-01
1.938730222603443076e-01
5.921280459899273124e-02
-2.816224447784806961e-01
-6.001063621900588618e-01
-9.999730316581588729e-01
1.955316502494361119e-01
-2.348648168468810138e-02
