-5.999300049907361210e-01
-6.000015466406980469e-01
9.997670110595964221e-01
-3.315360198203425035e-02
-9.999128683208335922e-01
-8.025309770065814918e-01
-5.999327357948477379e-01
-1.730681860495538946e-02
-8.075989537067878032e-01
-3.362560417994893691e-01
9.989180214180122530e-02
-9.999507729456474925e-01
2.174571312425797598e-01
-3.535927766849513570e-02
2.071597964949947468e-01
4.054144336478009425e-01
1.404652316399599560e-02
-9.998269532744777921e-01
1.928104491914222618e-01
-2.745961110313595646e-02
4.182326859714590728e-01
4.014097507382549668e-01
-2.427240347984902513e-01
-7.913037081557601216e-01
-9.998897050108714879e-01
4.007297732833022819e-01
-3.182226415463518254e-01
-5.999990873829247340e-01
-2.514369869773577792e-01
1.000340091089348543e-01
-1.000042249112521819e+00
-8.008211716665483149e-01
-8.082709990014920187e-01
-1.000045327878712698e+00
-7.252037422006489542e-02
1.000010459836502275e+00
-1.000117020511229748e+00
1.000013038665014120e+00
4.031778407563540445e-01
-6.001003773831554700e-01
1.000104621491106904e+00
-7.987253555948271577e-01
-2.422107560834720341e-01
9.990234265929244517e-02
-2.980824388622684284e-01
4.036482087004432118e-01
9.998627606175714000e-02
1.000359991483532607e-01
1.000213647241879472e-01
2.086598424801295870e-01
-9.999361394316383933e-01
-7.911326805631306858e-01
3.982021222816846118e-01
4.010882214525013367e-01
-2.926807073928011094e-01
-9.999883278381551666e-01
-7.991055703661305021e-01
4.065986985425039668e-01
-1.475138768718505834e-02
-9.999786947392499403e-01
-6.803961221167818818e-02
4.127938307706036092e-01
-9.999553473854017049e-01
-2.436010612909103867e-01
-9.998706634277378935e-01
9.986289144176624388e-02
-1.000001881528855829e+00
-5.798838645166788652e-02
-7.912117641535106882e-01
4.010858582839822439e-01
-6.000092590690820904e-01
-3.085955428178444593e-01
1.000819208952913181e-01
1.988362872352014352e-02
2.151786485678149063e-01
1.001631270173540533e-01
2.041936241142713604e-01
1.000126321154487741e+00
-1.090207972620626242e-01
-8.110530090745605714e-01
4.026363244282722964e-01
4.211968934868935976e-01
2.339256869088840451e-01
1.964690625907194732e-01
9.998714859193063020e-01
4.026536333214427721e-01
-1.000007715203003800e+00
-6.001335140030699122e-01
-1.000081898715631246e+00
5.238335523539351668e-02
-1.000021123216726426e+00
9.985899195982791965e-02
1.001922110041812974e-01
-5.999752153111169717e-01
1.484770682608159940e-03
-8.042742902958153195e-01
-7.764827927382589312e-01
-3.332737021633523367e-01
3.993895344384115753e-01
-3.145658232268854770e-01
3.956567419372323258e-01
-7.970216037175639201e-01
-2.825898239258904376e-01
9.996390489977717564e-02
9.986413327641062432e-02
9.999603376656329701e-01
6.495246978582166347e-03
4.103405358021082749e-01
1.001619250317484777e-01
-3.099255282514383203e-01
1.903819559303027431e-01
-3.004338292359124418e-01
-5.999705113654055788e-01
1.000086425900151177e+00
3.990632040618967702e-01
1.941047593715526931e-01
9.997569677838849533e-02
1.000243071635562586e+00
-1.000084978883621911e+00
3.883960276389966659e-01
9.999700659574536354e-01
3.914950861014670491e-01
9.988402081594621729e-02
3.865472350399474233e-01
-5.999495258121887442e-01
4.113085657825874542e-01
-3.637038638414090141e-01
4.082975556770876424e-01
1.000106966416396181e+00
1.000179281199391923e+00
9.999698580177612817e-02
2.096429558743088395e-01
3.925551181869199602e-01
-8.092145725662683864e-01
9.992519569718433248e-02
1.000024416149566386e+00
9.998391700928376258e-01
-1.000130920764465747e+00
-5.998750826968628491e-01
4.074459049042644665e-01
3.558719389122845522e-02
4.011151604085754219e-01
1.001017716116673756e-01
3.878937769484190889e-01
-7.910756123601186962e-02
-2.840864467734284249e-01
-6.000078090887953630e-01
2.044089003501779189e-01
1.000130400621854987e+00
-9.998776711966005371e-01
-8.055943465892412281e-01
9.999537594940042240e-01
4.015977590245963791e-01
-6.000533632015128127e-01
9.989463360653272339e-02
-6.872658959973657056e-02
-2.988745497602497969e-01
-7.999949767708464110e-01
1.975720485795049719e-01
9.990565754942232202e-02
1.000030105786983592e+00
1.921767340704896854e-01
2.021053148425269452e-01
-3.473103072777252165e-01
-1.000136636321358186e+00
-3.306643698293521005e-02
3.698463591458682198e-01
-8.057425995957391285e-01
1.962280087565449194e-01
1.000095707949598900e+00
-8.077071176368352257e-01
-6.000723330843257264e-01
-9.999351719001737804e-01
2.274801456824746687e-02
-3.400937678101214057e-01
-6.000501804265886419e-01
-2.723963072392635021e-02
1.971843373978795499e-01
-9.998166541457310652e-01
9.999845643391965799e-01
-8.117529217887238246e-01
4.054142118547501838e-01
-3.742030757766813265e-01
9.999994488446812824e-01
-1.000124036030315855e+00
-2.514109355995614720e-02
1.926293067025377503e-01
1.002098262877819668e-01
-8.070881606511114414e-01
-3.154723036646358558e-01
-8.415896229361807812e-02
-3.557116562919853120e-01
1.894867320200960270e-01
3.814820166712690891e-02
-6.001073964019671969e-01
-6.000114148977863104e-01
3.934156416983893845e-01
9.999414150301219051e-01
1.000017856913208714e-01
-3.416857069943232683e-01
1.934656295913432800e-01
9.995062629268720855e-02
9.990152995309153905e-02
-8.129917184565604860e-01
-5.998870811916794388e-01
-5.998986281100339157e-01
1.000033158809915168e+00
-5.999663825979659748e-01
-5.999977530095645939e-01
1.000029772684166707e+00
1.820888019948350145e-01
-7.981833632962049840e-01
4.002997756038431110e-01
9.484420817799954495e-02
1.888820194756766213e-01
-7.922897899094752949e-01
-1.000117996919897001e+00
-8.058418919212286813e-01
-1.000039435378891728e+00
1.000079384298197649e+00
1.000001823109740950e+00
-7.979388216310249193e-01
-2.524786144577773617e-01
6.847000373392074513e-02
-7.908536997829617166e-01
9.998342531451130943e-01
-5.999396905901814847e-01
1.000482553898151272e-01
-9.999277073683516814e-01
4.156600301874087688e-01
2.040109373353748978e-01
9.999303561205415969e-01
-5.999912771981836812e-01
-5.999599495936047688e-01
-2.424673095834892211e-01
1.000018546201778324e+00
1.000872229275474035e-01
1.000173212132174916e+00
1.000105520160859296e+00
-1.000054387077984774e+00
4.073572660458928407e-01
1.000268550136396845e-01
3.996266775541276739e-01
9.989764686081016587e-02
-5.467281323202708571e-02
-7.918342165825575582e-03
2.005329327748681945e-01
4.120916513990280916e-01
-7.883972638831703295e-01
-6.000338825255130404e-01
3.959976662547487480e-01
9.999245065666297894e-01
9.158382897423288094e-02
-7.952585162126236673e-01
4.109893733456069786e-01
-2.506743405513100001e-02
2.017045391016880906e-01
-1.000173427746606558e+00
-3.248135619838440902e-01
3.986102343732395581e-01
2.021140712472527801e-01
2.806307051641778946e-02
9.999507231245687855e-01
9.999727804668290254e-01
1.000181916300723506e+00
9.992710497659033908e-02
-6.092021124110363894e-02
-1.000065952203299080e+00
-2.147030300985797169e-01
-2.802276200394583361e-01
1.000083313572919463e+00
-8.028284502698801450e-01
-8.014804927661303147e-01
-5.998066690894722219e-01
-2.477355390110814737e-01
-9.999776130554217657e-01
2.006150153978665529e-01
9.994224840777883589e-02
-6.000419591534396080e-01
4.685154900843701425e-02
9.997871256287443886e-01
1.970364897820842121e-01
1.965124702006864066e-01
5.942648772409206415e-02
-2.663062046182838594e-01
-3.171559762875554300e-01
-2.839816557761927762e-01
3.989475014875552561e-01
-3.418999755163646959e-01
1.000071166079166129e+00
1.000043014371459371e+00
-1.018587714803869393e-01
1.971213968916301629e-01
2.048337028536987570e-01
1.146158266511351914e-01
-3.702165545015642101e-01
-6.002548595035568368e-01
-1.000090548334332752e+00
1.910857570411601536e-01
3.412810398178091342e-02
