-5.999459210330889691e-01
-5.999418389831963072e-01
1.000008186591597958e+00
1.009287527837820497e-01
-1.000204457724500173e+00
-8.097583446643802363e-01
-6.000210181170879675e-01
-2.364185694671837312e-02
-7.941100099814695223e-01
-2.676335558748145771e-01
9.990550635786228650e-02
-1.000101487052758031e+00
2.002965023982644366e-01
1.056227578124203925e-02
2.012696956615848409e-01
3.923481647585431165e-01
2.855203643391034107e-02
-9.998160304049523717e-01
2.047790850563964704e-01
-2.005870891364860617e-02
4.135647360016768137e-01
4.089322746180125145e-01
-3.035290247027657706e-01
-7.981747479648175769e-01
-9.999091356823800458e-01
4.390349242560933063e-01
-2.675337907352222100e-01
-5.999462416525314090e-01
-3.118333998204483315e-01
9.998619520351462175e-02
-1.000076462092620577e+00
-7.822794902014610363e-01
-8.069120603683306303e-01
-1.000067309423924522e+00
8.292815276843434891e-02
1.000074802937310547e+00
-1.000050874983857252e+00
1.000043641929890814e+00
4.087778285821422886e-01
-6.000316381216412864e-01
1.000024074607181124e+00
-8.157927206676750531e-01
-3.133372227751103911e-01
9.992724218487149257e-02
-2.930022614403395287e-01
4.101471078156770367e-01
1.002529784169819277e-01
1.002265088654294978e-01
1.000238021499964824e-01
2.040722001690348786e-01
-9.998663753573703294e-01
-7.929517760307690510e-01
3.981485710649445564e-01
3.877690049989597210e-01
-3.812665870094474330e-01
-9.998486454697882442e-01
-7.865759018023322779e-01
3.942035230249166800e-01
-4.598359756410092675e-02
-9.998830858245364439e-01
-1.774450509514054544e-02
4.008286258549760284e-01
-1.000219773366480158e+00
-2.755928875876626494e-01
-1.000062942384444042e+00
1.001706325814241544e-01
-1.000110552706111156e+00
-3.227906464744057045e-03
-8.084306595213193170e-01
3.899310253758173639e-01
-6.000849723625254484e-01
-2.791968705619970459e-01
9.995195418648143704e-02
8.151709095936254812e-02
1.954796656369991170e-01
1.000744485538302281e-01
1.919793704326015205e-01
9.999530019507141265e-01
1.781118530099325831e-02
-8.229141687136878325e-01
3.874159793037723620e-01
4.182276425895148364e-01
2.083229613281752934e-01
1.961038901507200227e-01
1.000013171404500856e+00
4.033361679087377194e-01
-1.000007886972577920e+00
-5.999999855828598294e-01
-9.998268399178303900e-01
-1.636703502926493622e-02
-9.998578005151629311e-01
9.976015109729832742e-02
1.000590490146011369e-01
-5.999729817312203783e-01
8.479944485045609603e-02
-7.963851647532086409e-01
-7.994278150701142893e-01
-3.885625099631980217e-01
4.153860393161736275e-01
-3.217877340769472738e-01
4.112349603042674273e-01
-8.083662584799277129e-01
-2.545438916956902498e-01
1.000054300131127810e-01
9.994204528164352119e-02
1.000013683940969234e+00
4.820168172116976596e-02
3.994478141857100151e-01
9.984969354923568796e-02
-3.198867789906092440e-01
1.930407810745648489e-01
-4.431280925484223365e-01
-6.000342617244021071e-01
9.999645559548949736e-01
4.039586594600408365e-01
1.961165437961295277e-01
9.997934283335618844e-02
9.998592541975095394e-01
-9.998827713949005602e-01
3.868897960463556496e-01
9.999129016215012600e-01
3.811656193764184630e-01
9.991582364666663774e-02
4.030574736899992239e-01
-6.000787762758849064e-01
4.028143478660534127e-01
-2.912197446788724053e-01
4.065272951291045156e-01
1.000012996406156374e+00
9.998270325635889577e-01
1.000257530479655294e-01
1.887116967427613368e-01
4.029819193032214142e-01
-7.952250069394907195e-01
1.000854522733309743e-01
1.000011389010808660e+00
9.998676688012313463e-01
-1.000144503198143964e+00
-5.999550946458543921e-01
3.965663694955330887e-01
4.174499608407019474e-02
4.108885724245910920e-01
9.996747582089336726e-02
4.086230170244595783e-01
-2.364801038640534578e-02
-3.450891207132682492e-01
-6.000867868436265962e-01
2.031647609112930963e-01
1.000227826553091726e+00
-9.998210723318943227e-01
-7.930058542629988549e-01
9.999670535331814936e-01
4.187503061298831764e-01
-6.000306393533308968e-01
1.000319977644958391e-01
-3.030298646570573490e-02
-3.840591752767059663e-01
-7.753856618572635417e-01
2.078749404774732634e-01
9.991141839579915918e-02
1.000136434573015931e+00
2.085626031999733010e-01
1.876329636838998949e-01
-3.136681003688949754e-01
-9.998904404281018232e-01
5.478741040519411604e-02
4.007561589920034528e-01
-8.244524777237773883e-01
1.941259914352078675e-01
9.999553216740777462e-01
-7.882990794836739479e-01
-6.001610185809732601e-01
-1.000077886209015610e+00
-1.314120113706466857e-02
-2.758951935778631848e-01
-6.000944533262767555e-01
-2.185395568770173366e-02
2.024133739025614498e-01
-1.000022492830175747e+00
1.000000211566087094e+00
-8.084976847815107392e-01
4.040340256140328989e-01
-2.550216860780647465e-01
9.998787544735292521e-01
-1.000022982371906677e+00
-2.174072524231146497e-02
2.129155038259501476e-01
1.000062654591335753e-01
-8.016397585272446724e-01
-3.004509814240897692e-01
-5.119373240356233506e-02
-3.110897472714643786e-01
1.939001830676838900e-01
3.148759969846116891e-02
-6.001255919669084005e-01
-6.001261498251958537e-01
3.996404351306513947e-01
1.000184585447397412e+00
1.000233367073777579e-01
-2.727027331254960885e-01
1.948023598707081805e-01
1.000888087703108442e-01
1.001841268804163076e-01
-8.111122934048308197e-01
-5.999484336221131420e-01
-5.999231124729921261e-01
1.000106567649015954e+00
-6.000342831081595385e-01
-6.000460145483504926e-01
9.997956474068845356e-01
1.939944671574550250e-01
-8.059952380844933595e-01
4.051322507385825555e-01
-7.031262055754090856e-02
2.071921966044644181e-01
-7.836567175930155837e-01
-1.000066233461609277e+00
-7.902079047848624693e-01
-9.999258400930673973e-01
9.997954486870765933e-01
1.000059493050194925e+00
-8.001365243271163497e-01
-3.733620507255189236e-01
3.967697179794267559e-02
-7.945304517830894531e-01
9.998236361464470923e-01
-6.001030205332644751e-01
1.000328921352803963e-01
-1.000029442877879760e+00
4.085010202457367012e-01
1.960662309084899857e-01
9.999862508888750501e-01
-5.999929956447425106e-01
-5.999937535916743947e-01
-3.357720456632670158e-01
9.999131675894512572e-01
1.001071790732440403e-01
1.000013119973813591e+00
9.999586679168769310e-01
-9.998083461567419672e-01
4.045035204267018458e-01
1.000918823991102657e-01
4.052614060288844966e-01
9.981449926610261314e-02
9.236636588913683943e-02
2.060842718166962587e-02
2.136433156279810286e-01
3.827124939528533387e-01
-8.043151953544398491e-01
-5.999104271910274955e-01
4.059466567375800694e-01
1.000011318392370230e+00
7.220527530181278242e-03
-7.760722440668453848e-01
4.144149012782021302e-01
-2.164145121268007052e-02
2.025286761515678047e-01
-9.998649033769586580e-01
-2.967069273723717537e-01
4.081288804525872171e-01
2.021342421701332603e-01
2.414347673052058552e-02
1.000222773621956440e+00
1.000085682581880686e+00
1.000050242319641791e+00
1.000002655501271570e-01
-7.046895861922529425e-02
-9.998995880633144706e-01
-2.470491809708812159e-01
-4.185221969969747935e-01
9.998670042054788043e-01
-7.980028053805786614e-01
-7.984346852014009288e-01
-6.000810332667535496e-01
-3.146093238140760806e-01
-1.000112084975066651e+00
1.941497066312860842e-01
9.987405177032655790e-02
-6.000415248754686903e-01
5.792383205003982793e-02
1.000083780534740008e+00
1.989667690909296127e-01
1.909021087329347555e-01
6.556771828089237586e-02
-3.003645717716835750e-01
-4.366736101161554640e-01
-2.579854359869235836e-01
4.050573800871860586e-01
-3.097647476250358078e-01
9.999819235168443399e-01
1.000029669736214100e+00
4.520158072119628834e-02
1.949358120612340317e-01
2.065938291926950332e-01
5.913022570760492758e-02
-3.064639580656506324e-01
-5.998929376478228104e-01
-9.999759154685383677e-01
2.113779012667121315e-01
-7.188869336708159086e-02
