-5.999831318548242143e-01
-5.999107604653313164e-01
9.998965939013547688e-01
3.426269285679941351e-02
-1.000083778407580226e+00
-7.917067602663298009e-01
-6.000013551435778858e-01
-1.353631352753119355e-02
-8.062884817914869329e-01
-3.736598972633766724e-01
1.000310249980725097e-01
-1.000042902965154079e+00
2.121805295977896855e-01
4.863844933578859164e-02
1.822213805029678224e-01
3.778675088638440704e-01
2.719994280120037466e-02
-9.999815790266580739e-01
1.963003459782052540e-01
-3.068952438637544480e-02
4.012699884845869480e-01
3.898238145066736937e-01
-3.208781575777046591e-01
-8.023810666111014234e-01
-9.999321103194679372e-01
4.097338126080616316e-01
-2.949877851409129503e-01
-5.998631310268598416e-01
-3.081332800989345921e-01
1.000161225747591143e-01
-1.000038164554803988e+00
-8.058041786477879720e-01
-8.155798799927728160e-01
-1.000103864850081958e+00
2.277623696015286525e-02
1.000062371845994447e+00
-1.000033377725610739e+00
9.999288138098936241e-01
4.037475069133600880e-01
-6.000491413122516215e-01
1.000024648328662558e+00
-7.881591405452066379e-01
-2.051306964902387953e-01
1.000629066530408090e-01
-3.011985660221374594e-01
3.936346303086701859e-01
1.000192321227312414e-01
9.993413059879779903e-02
9.992766203807569581e-02
1.925063694468646391e-01
-9.999921623739229659e-01
-7.768197086629087256e-01
3.841922320222707632e-01
3.964710113508090883e-01
-3.023880209821245280e-01
-1.000050131046408053e+00
-7.916878122544770413e-01
3.942971917513990454e-01
1.432389979950573523e-02
-9.998572153216074287e-01
1.181659025356763815e-01
4.045613470432939396e-01
-9.999451130692981193e-01
-3.100456510328613580e-01
-1.000002110975378944e+00
1.000311897540152178e-01
-9.999063736762533461e-01
3.044069908199661251e-03
-7.908562160324003054e-01
4.052184037377095649e-01
-5.999584783745348648e-01
-2.767082271087638046e-01
9.995420032762539209e-02
-3.314916731971113278e-03
2.140620429999602892e-01
9.993152174938330079e-02
2.059560184450480724e-01
9.998590739172942277e-01
6.141311577532936744e-02
-8.041530679019377459e-01
3.990274286700829509e-01
3.939047742475016434e-01
1.934290004276954522e-01
1.909049701608339644e-01
9.997874715595848061e-01
3.824392574073249840e-01
-1.000066600952542517e+00
-6.001463511203762868e-01
-1.000193260098538373e+00
5.252498331566751721e-02
-9.999249706424699902e-01
1.000104809048032728e-01
9.989533388247111290e-02
-6.000276769411134747e-01
5.890259192029868689e-03
-7.969353487103949529e-01
-8.010021362454037286e-01
-3.207627039710411188e-01
4.110870086704973003e-01
-1.774046377685776499e-01
3.928831719778070330e-01
-8.116333967303497321e-01
-2.779758776491651484e-01
9.982123227111520947e-02
1.001305511785527819e-01
1.000002705165991657e+00
8.808135246230785684e-03
3.908638370027192610e-01
1.000311138679259859e-01
-2.957946768641142032e-01
2.057974383769995141e-01
-2.852214296748998845e-01
-5.999951827526114334e-01
9.999510456078604115e-01
4.185259097210553558e-01
1.903471424342842999e-01
1.000933348366113140e-01
1.000083308972672391e+00
-1.000181338027682054e+00
3.936316661248981941e-01
9.999694050849419202e-01
3.914297208016851437e-01
1.000145142055186148e-01
3.948506160434034906e-01
-5.999873597962137595e-01
4.099883472802162698e-01
-3.456807598593532038e-01
4.189376853508189336e-01
1.000025507947297054e+00
9.999675673398606968e-01
1.001848169262757188e-01
1.870548799765450743e-01
4.006200231299676950e-01
-7.972594086148321324e-01
1.000244374011702436e-01
1.000101444167269760e+00
9.998215950018193299e-01
-1.000233098093458173e+00
-6.000514269808590040e-01
3.958166247319525599e-01
4.535017306876435589e-02
4.032995694482786053e-01
9.996428976759520746e-02
4.082687493425921632e-01
-6.410259169982217287e-02
-2.467513367371079180e-01
-6.000099737142402523e-01
2.019139085807423184e-01
1.000158124258536230e+00
-9.999427970300677204e-01
-7.870832673325933726e-01
9.998975247115173826e-01
3.932100268688031863e-01
-6.000381101190439548e-01
1.000213384779801151e-01
-8.899075054807616125e-02
-3.676992749585333287e-01
-7.919636581336589876e-01
1.838368909430586617e-01
1.000798440388875471e-01
1.000054437636753057e+00
2.063470783694746624e-01
1.962080931441020082e-01
-2.438733705383317740e-01
-9.999444034101497847e-01
-3.245118420893060990e-02
3.931791288279913310e-01
-8.053275232106874570e-01
2.051530639976577031e-01
9.999425963174048970e-01
-8.060487578446550172e-01
-6.000077321026453525e-01
-1.000183013223019612e+00
5.279603582041707960e-02
-3.708823611194922987e-01
-5.999499542897865911e-01
2.806078594900701662e-03
1.994340641221460653e-01
-1.000248309943189584e+00
1.000016145056823902e+00
-8.050244037203175829e-01
3.786854430037197572e-01
-2.729190136284811996e-01
1.000081716934492659e+00
-1.000059574095085724e+00
-1.349915967516313042e-02
2.106480691428667396e-01
9.981927841378268607e-02
-8.113327643811513168e-01
-3.435320552804789762e-01
8.814536104987197307e-02
-3.832271736541716378e-01
2.012816433782841641e-01
1.946621658206715419e-03
-6.000674671823754691e-01
-5.999231561354979592e-01
3.858924544955795177e-01
1.000096681244135199e+00
9.999973113972407401e-02
-4.041629245197859710e-01
2.050609731227450439e-01
1.001401359347192238e-01
9.999420771318343060e-02
-7.883349094667259083e-01
-5.999391372726413652e-01
-6.000190670343029664e-01
9.999608795432863850e-01
-5.999437145226481638e-01
-5.998067365178855193e-01
1.000072794064110537e+00
1.955915436932806617e-01
-8.087349861464727674e-01
4.027040336206496596e-01
-2.409370558527484940e-02
1.967349055378131151e-01
-7.951423564222491747e-01
-9.999141552572740066e-01
-8.024792122689156093e-01
-1.000066905044351584e+00
9.999359860841104952e-01
9.999883802340142624e-01
-8.008142077003561621e-01
-2.918106610474419660e-01
1.931560827667838653e-02
-7.966431707941423745e-01
1.000017217140293013e+00
-5.999665018092849023e-01
9.996482739801655637e-02
-1.000023449133818465e+00
3.956256470151823801e-01
1.944582829225605936e-01
1.000013549377871014e+00
-5.999430979029963806e-01
-5.999390836444878916e-01
-2.407325446809706615e-01
9.998641864813980762e-01
9.997066690856301618e-02
9.999075135237333045e-01
9.999990782231047426e-01
-9.999130016767395768e-01
3.877505741379785320e-01
9.992798098254251915e-02
4.089122049055863295e-01
9.990420309849647185e-02
7.128003397374282901e-02
-1.978776245690646012e-03
1.875080903137976429e-01
3.967780356384330576e-01
-7.970399943416160982e-01
-6.000285095258492962e-01
3.891885572928036607e-01
9.999569960769488786e-01
6.183443290500176270e-03
-7.891152884441987592e-01
3.749380608842031171e-01
3.779406597179135914e-03
2.012200588640505050e-01
-9.999277353521053291e-01
-2.734936535657601642e-01
3.973679635038035451e-01
1.977638548987302458e-01
-6.798197378836445814e-02
1.000043092656874633e+00
9.999815277769320554e-01
1.000026758028015328e+00
1.000764748866711379e-01
8.474600205957941168e-02
-9.999455617503049121e-01
-2.997904532802223576e-01
-2.157378121111991898e-01
9.999780469722883147e-01
-8.114714435183154606e-01
-8.144683133735859393e-01
-6.002401687722360712e-01
-3.627408737501640612e-01
-1.000070433665415814e+00
2.005684874838822296e-01
1.000396069947354361e-01
-6.000747905884179501e-01
-3.148659108480515723e-02
9.999869607878638655e-01
2.104476844219186904e-01
1.875803695448315378e-01
-3.523856278963884148e-02
-2.696676706275800139e-01
-3.418313051709953032e-01
-2.439870125593422423e-01
3.951745237804128452e-01
-3.276659988609456065e-01
1.000004219661548399e+00
9.999827061851067622e-01
7.576102211187818458e-02
1.989021890057264819e-01
1.705843569086175349e-01
4.627561467421480168e-02
-2.915686759628767777e-01
-6.000366956818308228e-01
-1.000059662747395439e+00
1.853996212006500111e-01
-4.218676278352517794e-02
