-6.001357727204843506e-01
-6.001090785606451039e-01
1.000137077088423254e+00
-9.402002642717605108e-02
-9.999851221378951438e-01
-7.950968742746979956e-01
-5.998827423672427051e-01
7.871077579279046887e-02
-8.046818005237595939e-01
-1.961743541293982096e-01
1.000637863905292496e-01
-1.000050556938171464e+00
1.877946230134162620e-01
-3.227159538310894749e-02
2.034711623036038475e-01
3.903565198311769735e-01
-4.327715501519325408e-02
-9.999578249871110547e-01
1.950287898814360155e-01
-7.176515082580271765e-02
4.110434516983357267e-01
4.112295836868792298e-01
-3.225803902141949342e-01
-8.183005968915476602e-01
-1.000065188295637286e+00
4.036924119816939771e-01
-3.290945815710800693e-01
-6.001231491364057424e-01
-3.065950727334552650e-01
1.000972959738825746e-01
-1.000146395519896370e+00
-8.002925645293554879e-01
-8.021112126994462965e-01
-1.000009300174834026e+00
-8.971324512928752215e-02
9.999146707867432315e-01
-1.000030177937867082e+00
9.999707167417993814e-01
3.969235004562139402e-01
-5.999761590722674232e-01
9.997948311213531447e-01
-8.142888335692363144e-01
-2.651350723170441404e-01
9.992910669805796231e-02
-3.064817960735753410e-01
3.790494237376427211e-01
9.986105648966436821e-02
9.990507719326328917e-02
1.000431341694485304e-01
2.025586722398121930e-01
-9.998966128898186811e-01
-7.960813195912073148e-01
4.045714548822763601e-01
3.996954077403075956e-01
-2.656831850580657628e-01
-1.000037329685140364e+00
-7.899586603040611443e-01
4.030224048404715820e-01
8.731459333701444003e-02
-9.999880653407737796e-01
8.156488562128715036e-03
4.038286863806350713e-01
-1.000192682862614868e+00
-3.023741530376739539e-01
-9.999758513580029318e-01
1.000773401673945573e-01
-9.998970560626705417e-01
2.446419222041009214e-02
-7.954848650319700232e-01
3.933316133680766491e-01
-6.001184332768643159e-01
-3.488986556985430032e-01
9.974482095080433597e-02
2.094478078241845953e-02
1.978764978653411721e-01
1.000666674693006242e-01
1.988447002526977092e-01
1.000093322538885277e+00
-1.228275863220135850e-01
-8.019257383286286789e-01
3.908110316689589747e-01
4.178665123449586405e-01
1.970354151576726720e-01
1.940674214065536141e-01
1.000068270149354177e+00
3.987020826419569453e-01
-9.999863347048667528e-01
-5.999214713094388474e-01
-1.000019010080131832e+00
-5.131196147526859846e-03
-9.999388771470864024e-01
9.996737686038326132e-02
9.999199127864549785e-02
-6.000053799641464902e-01
-4.215795280439457726e-02
-8.050198857438666256e-01
-8.013186757422519069e-01
-2.385404001597516144e-01
4.083908533054801393e-01
-3.073242456143535084e-01
3.823333693168815550e-01
-7.959682235435641129e-01
-2.384029238584246535e-01
1.001730188653055381e-01
9.996522810059348119e-02
1.000093085915004565e+00
-3.376511899784855747e-02
4.009794629834342317e-01
9.990190387633568481e-02
-3.049472747502161019e-01
2.032047401432518774e-01
-3.913326899315811569e-01
-5.998759235911758081e-01
1.000043569465029814e+00
3.938138154575375194e-01
2.077408714671441781e-01
1.002628945723297860e-01
1.000054913998021489e+00
-9.999854387551823098e-01
4.034648501344183513e-01
1.000070992498350408e+00
4.041273002922911028e-01
1.001394407795346136e-01
4.067282897395950725e-01
-6.000490347952810444e-01
4.032106883678800435e-01
-2.073971032076170617e-01
3.956772063657941763e-01
1.000053435962102721e+00
1.000051712501191181e+00
9.982748259620560782e-02
2.224392082718332775e-01
3.873094482793529303e-01
-8.013354279881838016e-01
9.996578194438386633e-02
9.999813386341735999e-01
9.998607142288405969e-01
-1.000105350426691686e+00
-6.000167245138021688e-01
4.066023082834050451e-01
-4.756155621404145606e-02
3.981327611655412491e-01
9.978572797100759839e-02
4.011284801253253152e-01
-1.586336387949662668e-02
-3.352195032292986654e-01
-6.001028726644973554e-01
1.991997649042803464e-01
9.999673406371627493e-01
-1.000064014450689820e+00
-7.910953901574643288e-01
1.000119913730504351e+00
3.934662132068476037e-01
-6.000838766786438239e-01
1.000627847557829103e-01
-4.475888013619182260e-02
-3.354901380696080904e-01
-7.991658221456835465e-01
2.075674402986428246e-01
9.991963108802046079e-02
9.998723399431345138e-01
1.993518202274411899e-01
1.877868782986431562e-01
-3.238058296064649233e-01
-9.998366520744591535e-01
-2.070545417813094043e-03
3.709414525330127499e-01
-7.911518927804449541e-01
2.018268487927747656e-01
1.000077829266347473e+00
-7.881431132018568153e-01
-6.001079164439526714e-01
-9.999535765920386510e-01
-7.839964772917758229e-02
-3.073239035210695858e-01
-5.999689591897292562e-01
-1.020908307674336379e-01
2.042730766877167425e-01
-1.000018398884247040e+00
1.000000516589868660e+00
-8.097994518325261071e-01
4.190966985719533078e-01
-2.665828815022392440e-01
9.997816198844690083e-01
-9.999843290708120280e-01
1.036057602210491060e-03
2.080339237032632904e-01
1.000130085149382453e-01
-8.061469826359448643e-01
-3.245923471954892947e-01
-8.200230323644804031e-02
-2.254798673431725464e-01
1.951172570709660825e-01
-2.474246246569651586e-02
-5.999252510537922412e-01
-5.999817567499811100e-01
4.154543355057103149e-01
1.000089306865194816e+00
1.001233982718936627e-01
-3.130071108916788192e-01
1.905423378222023401e-01
1.000189805989582653e-01
9.996775038918191691e-02
-8.070073819696526041e-01
-5.999770421771453144e-01
-6.002816098875538575e-01
1.000201556744760856e+00
-6.000069696967005317e-01
-5.999922017090392190e-01
9.999347149956101521e-01
2.153533265745870562e-01
-8.005225417164797408e-01
4.216590341607325265e-01
6.930581136849074675e-02
2.096562236238871113e-01
-8.046804457602917404e-01
-9.999272303181937493e-01
-8.069882450962718723e-01
-1.000016412652924735e+00
1.000027089356645194e+00
1.000038403238896700e+00
-7.912468425366777636e-01
-2.720821221864212491e-01
-7.036867503145408619e-03
-8.084352329203238208e-01
1.000186501411449269e+00
-6.001675493141334083e-01
9.993762156864086088e-02
-9.998367483522163646e-01
4.121742054814391820e-01
1.943104321331177442e-01
9.999426500160060183e-01
-5.999789287256740433e-01
-5.999362501069281928e-01
-2.990212653156450462e-01
9.999514449425971341e-01
9.997564788345958409e-02
9.999715608199917227e-01
9.997637188544274967e-01
-9.999355168609509459e-01
3.986768691529737896e-01
1.000031505787709329e-01
4.017097216732512521e-01
9.990547112947353869e-02
2.812475484973870569e-03
2.179938197409530751e-02
1.857847926718411702e-01
4.011952508193651346e-01
-7.902576537336676310e-01
-5.999035094168064797e-01
4.188250534569163408e-01
1.000003274865731262e+00
5.490627800343500509e-02
-8.111714588646973256e-01
4.016708311636248974e-01
2.155344144805233439e-02
1.857070445255176727e-01
-1.000046077407513501e+00
-3.161229288139470461e-01
4.061229990596896822e-01
1.983994582520663408e-01
-6.037629595323066450e-02
1.000076827437102800e+00
9.998416313964695323e-01
9.999605075786653918e-01
1.000210979196514416e-01
3.985069109920667124e-02
-1.000060774845963563e+00
-2.878805448593506622e-01
-2.869808711016444969e-01
1.000002737932016883e+00
-7.916483283515411973e-01
-8.057981311672671731e-01
-5.999289046751312693e-01
-2.298768006973788136e-01
-1.000005516773736947e+00
2.037462809004562669e-01
9.984147721401076536e-02
-6.001000512778257301e-01
-1.630113475195553094e-02
1.000063011949311242e+00
2.061649016830797432e-01
2.026565452950530866e-01
-2.514464452607799785e-02
-3.732618176519282849e-01
-4.033661233114919642e-01
-2.518954324040837967e-01
3.921246746447835108e-01
-3.940215427793558600e-01
9.998573559420389500e-01
1.000017987031276423e+00
3.662810182746093629e-02
1.847624432413862150e-01
1.989512955840053443e-01
-1.057061332930848280e-01
-2.370001772247918026e-01
-6.001765683912139160e-01
-9.997716198702699675e-01
1.930963511785570574e-01
1.199836254211924524e-01
