-5.999539248784873102e-01
-5.999909892673206402e-01
1.000002488564563086e+00
-1.011913530816018966e-02
-9.999568017305493495e-01
-7.998067992631499035e-01
-6.000242937833715207e-01
4.036352436684395584e-02
-8.162034357689568198e-01
-2.846217992346428138e-01
9.998820582992813677e-02
-1.000186961242579109e+00
2.091167000278613963e-01
4.911169945298016204e-02
1.806657941464601402e-01
3.961520853201159764e-01
-3.954342191690277813e-03
-1.000078957066902197e+00
1.904704078413104462e-01
-3.761523504316960365e-02
3.947204776604694154e-01
4.031999785003823056e-01
-2.514010993124650151e-01
-7.962965972125184422e-01
-9.997842189353367548e-01
4.102593651419535470e-01
-3.560530595446496638e-01
-6.000750071708440547e-01
-1.978141268886705606e-01
1.000043651534822386e-01
-1.000133982536706823e+00
-8.061150572909658862e-01
-7.982529714490332884e-01
-1.000200007502830557e+00
1.067608404365318585e-02
9.999571883867188760e-01
-9.997270504044357686e-01
1.000139099609459015e+00
4.087607113369964296e-01
-5.999792661640461766e-01
1.000050948947535545e+00
-8.165677312519882269e-01
-3.170340538824356624e-01
9.989283778470398056e-02
-2.509316341183743249e-01
4.093881392829218369e-01
1.000849803480254180e-01
9.994860102976527161e-02
9.986855568567204466e-02
1.986935659108012286e-01
-9.999772024406208271e-01
-8.006048873691331558e-01
4.072012098480807252e-01
3.995498324980074067e-01
-2.941479414987946961e-01
-9.999946231853188428e-01
-8.058713799332343219e-01
4.000333965621905019e-01
-5.143154465205745929e-02
-9.999723646077398609e-01
7.041804037266174987e-02
3.869474135270262183e-01
-9.998969215256764409e-01
-3.330621376010132195e-01
-9.999914130498587239e-01
1.000740894793871877e-01
-1.000052982902391641e+00
-2.284475432702492981e-02
-8.204009711824566953e-01
3.991351519292836714e-01
-5.998789417198546747e-01
-3.506595401361525255e-01
1.001147433784527752e-01
-9.036663622796674289e-02
2.109225927810230439e-01
1.000565487991087604e-01
1.849771495764265250e-01
1.000093669778905792e+00
-4.462927674068842970e-02
-8.082188867931362486e-01
4.003803720955958489e-01
4.029579363465243258e-01
1.844344850510952483e-01
2.053746597405997909e-01
9.999173266979246577e-01
4.174093637947340341e-01
-9.999360797769157871e-01
-5.999668077243257569e-01
-9.999389746658525757e-01
-7.180779528446753351e-03
-1.000066854519705783e+00
9.996231133288074888e-02
1.002353740684796130e-01
-5.999495665047226423e-01
1.475183039648568228e-01
-8.060421805461138733e-01
-7.857169404692977421e-01
-2.517599831749184336e-01
3.938348206560048359e-01
-3.476539791745546504e-01
3.931185702179293973e-01
-8.112225029084056960e-01
-2.866124068380631607e-01
9.976821234338971445e-02
9.989201427229930930e-02
9.999203486218211090e-01
7.744396929415511832e-02
3.898510812770000222e-01
1.000421858590199303e-01
-2.793688730056393399e-01
2.055165570878724479e-01
-2.629476390237780459e-01
-6.001040798815910904e-01
1.000082083076422101e+00
3.910733924791602867e-01
2.044272075688466084e-01
1.000909221605049831e-01
1.000030851842550250e+00
-9.999274302326730535e-01
3.805263390704760051e-01
9.999598123328694577e-01
3.996748102466861630e-01
1.001461713962684269e-01
3.884134589607024513e-01
-6.002082308860982041e-01
4.152505144387113045e-01
-3.004079516322603616e-01
4.139407266686817577e-01
1.000183532414655740e+00
1.000022899179457525e+00
9.995587961250554376e-02
2.026347382037146649e-01
4.081029731150366269e-01
-7.910843693481626193e-01
9.982265446915074281e-02
1.000132835302395939e+00
9.998829179310245729e-01
-1.000128286347931272e+00
-5.999206121360751709e-01
4.253850625978555788e-01
-1.845299772399391913e-02
4.091709038294826795e-01
9.996228458829510555e-02
4.019737734522968453e-01
2.502637592742761822e-03
-2.809445990788912995e-01
-5.999630046867546751e-01
2.095150468039898295e-01
1.000081237857733951e+00
-1.000124190180146977e+00
-8.047804818369840296e-01
9.998658127176706101e-01
3.899609433784619328e-01
-6.001089647868119714e-01
1.000133596599509511e-01
-4.016154260551185740e-02
-3.373324528594366933e-01
-8.042139304285457202e-01
1.946755394082950730e-01
1.000309599825758428e-01
9.998152465575504966e-01
2.095912041534240267e-01
1.940314360770024060e-01
-2.859544251239106716e-01
-9.998387588403553350e-01
-9.810233593111587422e-03
4.126313492630228064e-01
-7.957257838714587583e-01
2.040718140843490735e-01
9.999371721470409202e-01
-7.994231146691941348e-01
-5.999427732185479423e-01
-1.000082408394393774e+00
1.643238017469510204e-02
-2.929001572282581844e-01
-6.000571650245550837e-01
-2.465877200467472483e-02
1.914461679578841891e-01
-9.999733903057738127e-01
9.999474597085922234e-01
-7.821315027030257827e-01
3.922154665850285382e-01
-3.119764209512139730e-01
1.000005229189861344e+00
-9.999736200768551964e-01
5.948246100136586438e-03
2.027517227601627614e-01
1.000774753146710522e-01
-7.812309096171858869e-01
-3.163402340480595543e-01
-7.861234142170339667e-02
-2.848449114068674626e-01
2.000139092200254598e-01
-9.602085671971705714e-04
-5.999748369096646883e-01
-5.999053480247922288e-01
3.880979661804443981e-01
9.999730445992385253e-01
9.993379969620541647e-02
-3.386423101875143393e-01
1.957861210609122549e-01
9.999555223785200342e-02
1.000202339736095541e-01
-8.036935367346309533e-01
-6.000851802253448497e-01
-6.000874449820478018e-01
1.000030991693913629e+00
-6.000260498533899201e-01
-5.999555702017140835e-01
9.997834088662018726e-01
1.881240010729136325e-01
-8.270395340920727589e-01
3.798231710609639156e-01
-3.041085607377804270e-02
2.016986923843279433e-01
-7.791870589736825670e-01
-1.000164879830278686e+00
-8.065869087358726874e-01
-9.999100040830471992e-01
1.000087914822734403e+00
1.000028913227338556e+00
-7.863541642008893273e-01
-2.115737493423670013e-01
1.834680534206534208e-02
-8.007569116700827827e-01
1.000144738698966140e+00
-6.000644702187769575e-01
9.989138264048111338e-02
-1.000048153511091664e+00
4.167612430942767010e-01
1.824529464277772350e-01
9.998285697497356628e-01
-5.998709900119838512e-01
-5.998666604377254075e-01
-3.662111297386628772e-01
9.999436551838178922e-01
1.000536816766392084e-01
1.000078032484845725e+00
9.999900725357162568e-01
-9.999957464781832339e-01
4.017355002990185553e-01
1.000818770716103007e-01
4.053609321342064864e-01
1.000213439448742747e-01
2.610475657334270991e-02
-4.363611045876547578e-02
2.075592272241493230e-01
3.966974765305041895e-01
-8.112157426993010789e-01
-5.998393724936513793e-01
3.942759240465412707e-01
1.000143022830333406e+00
5.211743687444456152e-02
-7.898572930047035312e-01
3.741935395633077532e-01
4.794984772221669994e-02
1.964232957733341167e-01
-9.999726708343026349e-01
-3.635569895094279969e-01
4.057501505673421494e-01
1.943672478307340301e-01
-3.468605556468103146e-02
1.000119090589643989e+00
9.999162412783312304e-01
9.999641443114325456e-01
9.988348139388986136e-02
-2.850260703156356785e-03
-1.000031249331628347e+00
-3.201500993178638677e-01
-1.904300074084922800e-01
9.998937489864946349e-01
-8.100757125890803989e-01
-7.935200910092927717e-01
-6.000403703010530609e-01
-3.589337592092384788e-01
-9.999488970868755100e-01
1.785761945282166030e-01
9.996643122824958039e-02
-6.000504824768392309e-01
3.151647385965149694e-05
9.999514131521947125e-01
2.129635268540542581e-01
1.847437566770410988e-01
-3.307345265954349939e-02
-3.244537297116627528e-01
-2.612578569827456731e-01
-2.570633120347996514e-01
4.219258063885171772e-01
-2.656982063524241378e-01
1.000010341010196813e+00
9.999256115734427297e-01
-1.399827935506900260e-02
2.150596965594031018e-01
1.829419762083204504e-01
7.991404917508819483e-02
-3.109865436496090929e-01
-5.999926200430136802e-01
-9.999962970084870229e-01
1.880664102392884951e-01
-2.902932181813017154e-02
