-5.999613571865015649e-01
-6.001665122953435683e-01
9.998707037353325999e-01
-1.912055171255475083e-02
-9.999847727302710876e-01
-7.994583855261646610e-01
-5.999144615684576243e-01
-8.649318029438775660e-03
-7.884045870708172865e-01
-2.868717301044088064e-01
9.996601040616956424e-02
-1.000086241524202668e+00
2.044251559793725803e-01
8.441054392702103393e-03
2.134455389506608458e-01
3.866355968527977471e-01
-2.025779513246386138e-02
-1.000260159116312941e+00
2.148339155258979227e-01
1.364577483610167064e-01
3.994474776632145896e-01
3.881122765539675723e-01
-2.255408249149337130e-01
-7.880148658225998304e-01
-1.000115992438356027e+00
3.923147598756891452e-01
-2.494548129985074136e-01
-5.999830169155684345e-01
-2.486609104597288789e-01
1.000713665918423201e-01
-9.998913272714405887e-01
-7.948612916464944389e-01
-7.973023387679523122e-01
-9.999391647955984119e-01
3.874202230174580985e-02
1.000171548044610725e+00
-9.998981590620585891e-01
9.999901633681912427e-01
3.979862501669982899e-01
-6.002945638456294031e-01
1.000105032708012320e+00
-8.024183261780040155e-01
-2.854720800546023951e-01
9.993412898718462278e-02
-2.799178924544771796e-01
3.950233634576703068e-01
9.990291821933824923e-02
1.002315166861936224e-01
9.998421977390044291e-02
1.895930799277730783e-01
-1.000003576028828611e+00
-7.882796346074731897e-01
4.034169518275477206e-01
3.871840093085273660e-01
-2.994789414988262566e-01
-1.000059476701803396e+00
-8.027754562220865697e-01
3.966676908462543061e-01
-1.239535340614444231e-02
-1.000282555667017625e+00
-1.693457476342363419e-02
4.035009946868957642e-01
-9.999060541915323341e-01
-3.159712729222901584e-01
-9.999134734044744510e-01
1.000318375856657505e-01
-1.000162946981284495e+00
-3.823158211289190422e-02
-8.199426089820819330e-01
3.980636923321837495e-01
-5.999889267083411415e-01
-3.391785464308451070e-01
9.991101411447633751e-02
-7.841909278597394839e-02
2.164018064936709951e-01
9.998448450402415422e-02
2.033845161977483051e-01
9.998468805668647708e-01
-4.484789440361797858e-02
-8.060663697260469496e-01
3.893863144320952596e-01
3.861077357063734117e-01
1.990187809234736649e-01
1.836978551867280984e-01
9.999726872093117613e-01
3.894205028789402001e-01
-1.000005543689869159e+00
-6.000659226538244129e-01
-9.999230934758739364e-01
-1.083850913460467497e-01
-1.000054647026218824e+00
9.998833149200851700e-02
9.992343157733901693e-02
-5.998668849221542310e-01
-3.541097673959572173e-02
-8.044994044846244252e-01
-7.919431806665001572e-01
-3.694150283722071881e-01
4.050583946162440996e-01
-2.643003939240972655e-01
4.045143946186345874e-01
-8.070629055499494164e-01
-3.513596465039682260e-01
9.998835382923897119e-02
9.991804258760120239e-02
9.999035033948817652e-01
5.401396773496804082e-02
3.978776128425989822e-01
1.000886033046567841e-01
-2.319021896541151873e-01
1.941152243925363952e-01
-3.423196804763011802e-01
-6.001778026963722201e-01
9.999662070011472448e-01
4.117495666303308544e-01
2.124520743669508771e-01
9.993767581756199392e-02
1.000077761281508604e+00
-9.999472111887480752e-01
3.837312802669998191e-01
1.000018867312552517e+00
4.024059616035961517e-01
9.993489104325549433e-02
3.970270843080065393e-01
-6.000112911823411999e-01
4.009438316865112650e-01
-3.439935307808441034e-01
3.880503488901359543e-01
9.998078733711507349e-01
1.000096908195953205e+00
9.987600109986873032e-02
2.020871526762428039e-01
3.906058699328595063e-01
-7.909013446056805119e-01
9.994615393021492877e-02
9.999143011129020264e-01
1.000028223317607656e+00
-9.999633508002465643e-01
-5.999613083399188973e-01
3.795354478084456140e-01
4.560313608311394873e-02
3.792116078492063225e-01
9.993074776958621452e-02
4.034364015898516675e-01
-1.548978854438052589e-02
-3.646874820094897496e-01
-5.999610178171089769e-01
1.912266121366209271e-01
1.000097271721001713e+00
-1.000020369216254146e+00
-7.998935614194687682e-01
9.999526471677110395e-01
3.979620141303962244e-01
-5.998495157204459804e-01
9.993674629288928912e-02
-8.410558077085840412e-02
-3.423106114730380400e-01
-7.960291790538966961e-01
1.971073878111139488e-01
1.001100449101589157e-01
9.999453725145797112e-01
2.063902626034477827e-01
1.961623564853239576e-01
-2.678068347939336902e-01
-1.000154633461016074e+00
1.932438384020203348e-02
3.997376977458945158e-01
-7.948193057391356176e-01
2.121240020908087831e-01
1.000015587258347161e+00
-8.077453462601164036e-01
-6.001069870903097403e-01
-1.000119960977126521e+00
-5.315592056973392904e-02
-2.498860572315519668e-01
-5.999424037155993705e-01
2.449799072566447022e-02
1.986767396246106876e-01
-1.000078828169179479e+00
9.999480839112753205e-01
-8.013604988706034549e-01
3.896962000982214236e-01
-3.560586213237461051e-01
9.999374920365816655e-01
-1.000031528665153324e+00
-6.969984517597781204e-02
1.845982956468303904e-01
1.000802377612829280e-01
-7.903619811201150203e-01
-2.304243104795251074e-01
2.614853252509369286e-02
-3.486509160659051476e-01
1.940555919351849568e-01
-2.407104942041638287e-02
-6.001072843403492119e-01
-5.997955730179499456e-01
3.864410319981280151e-01
9.999819505380157514e-01
1.001006219049644930e-01
-3.112852401774458544e-01
1.901393007701703275e-01
9.994055390054286392e-02
9.997890115068183703e-02
-8.083675116944371020e-01
-5.998847163764522428e-01
-5.998003188997516055e-01
9.999299191472205139e-01
-5.999928116981011472e-01
-5.997818124414977525e-01
1.000045516092565423e+00
2.007305204563082091e-01
-8.128872527371457934e-01
3.957176289555817128e-01
-3.997862519150087446e-02
1.984125073636166525e-01
-7.902894171838260595e-01
-9.999839993247483516e-01
-8.043952376574688978e-01
-1.000006160414013801e+00
1.000046007268797776e+00
1.000013610647783491e+00
-8.013749061976044308e-01
-3.532204368354972535e-01
3.748310725183584546e-02
-8.096165688239832514e-01
9.999887422557880434e-01
-6.001063409365247070e-01
1.000269363907582421e-01
-9.999386503867767617e-01
3.957465044331651693e-01
1.957602792857439100e-01
9.997447447200482618e-01
-5.998498314118397845e-01
-6.001652285870594516e-01
-2.554719290219906180e-01
9.999359831831270418e-01
1.003149305716027478e-01
9.997993215012005441e-01
1.000088646310362872e+00
-9.999033126449213826e-01
3.885474921310828056e-01
9.983549714165627920e-02
3.890026572993796616e-01
1.001557602621231668e-01
4.515868659732730217e-02
-5.634102053111964686e-02
2.026659900096491884e-01
3.744340141237070263e-01
-7.808281616905661249e-01
-5.999165677780572414e-01
3.919096422295405557e-01
1.000052378933696140e+00
-4.564096088008900987e-02
-7.886060361976314770e-01
4.069076746593904836e-01
3.526675333511931215e-02
2.093394826515809215e-01
-9.999430492169746332e-01
-2.068659246040641109e-01
3.928403935898556743e-01
1.870812705167387568e-01
4.668822614685003147e-02
1.000002922214769496e+00
9.997767336763431212e-01
9.998513677772301600e-01
9.997119286073578859e-02
9.555264488698081426e-02
-1.000173597818352578e+00
-3.370620917507676229e-01
-2.544619189989132391e-01
1.000032886639477203e+00
-7.795290014021998282e-01
-7.981701775762707340e-01
-6.000166448992634294e-01
-2.333883184006341205e-01
-1.000006459989964513e+00
1.872816206381630322e-01
9.993117381995314519e-02
-6.000137633329657438e-01
-7.491173890883746911e-02
1.000134294684209335e+00
2.214613711694837506e-01
1.920569366242117215e-01
9.417851432238583120e-03
-3.320337072182508731e-01
-2.395722609376389478e-01
-2.936659415222289127e-01
4.019143578811761319e-01
-2.295421915203774699e-01
1.000008147231260747e+00
1.000000358549476109e+00
-9.056108621116369661e-02
2.061507582367014813e-01
1.924817876566048136e-01
2.103005652655933876e-03
-3.037469112373671898e-01
-5.999492269266820665e-01
-9.999875799477209171e-01
2.062975672323418830e-01
5.322064481430125588e-02
