-5.998607274793787969e-01
-6.000731488228487898e-01
1.000090241540455782e+00
4.851774654190969122e-02
-1.000082212740162513e+00
-8.089544703264617276e-01
-6.002463187069561057e-01
-2.046347318527166545e-02
-8.019474673912926344e-01
-2.507663824425274135e-01
1.000613594364574421e-01
-9.998141999477382358e-01
1.988062610486900084e-01
-2.046652840109226476e-02
2.054482015570088249e-01
4.084631874737663093e-01
1.143685694830218202e-02
-1.000112320672436717e+00
2.016601290898990262e-01
4.743027178326009174e-02
3.940373258110679289e-01
4.029096300687247667e-01
-3.627007758005480476e-01
-8.048456189282844342e-01
-9.999341496909533999e-01
4.002417359054080137e-01
-2.644640334863180842e-01
-6.000045632898872716e-01
-2.938718842896846928e-01
9.988069304638932944e-02
-1.000025037909830994e+00
-8.017285693104261313e-01
-7.955029096592167726e-01
-9.998671765907798381e-01
-2.291466968830454393e-02
1.000048153445889154e+00
-9.999934779278861763e-01
9.998295037805673413e-01
3.996097421063347643e-01
-5.999417322406576103e-01
9.999479701163845879e-01
-8.006040872007061937e-01
-3.593242056366426906e-01
1.000132478472652436e-01
-3.391438377799648185e-01
4.026101883556984506e-01
1.001019927696998463e-01
1.001251690484508267e-01
1.002961033742463537e-01
2.016785150234358392e-01
-1.000076833865234605e+00
-8.076162840972410661e-01
3.829706528673316179e-01
3.863418403500984422e-01
-2.183580280073818547e-01
-9.999904564042986221e-01
-8.065266553604328870e-01
3.999171600446915775e-01
-7.836844303705721437e-02
-1.000038456409727106e+00
-6.508425776113833938e-02
3.930023277429838813e-01
-9.999893528277016275e-01
-2.833898606987013125e-01
-9.998242893164821510e-01
9.991892546522070095e-02
-9.999257417690707861e-01
-6.638574829806169475e-02
-7.941235131144792625e-01
4.027125935132012668e-01
-6.001437533847934214e-01
-3.322362780860683151e-01
9.999524715096157201e-02
1.351591914054460497e-02
2.105523003005718707e-01
9.986523449011081022e-02
2.036393095558000632e-01
1.000285045236972037e+00
3.269538019570661369e-02
-7.906949477085212230e-01
4.100946175169242203e-01
4.086902483245682394e-01
1.934322420153240241e-01
1.977807992850025565e-01
1.000036505877576198e+00
4.085849023629086751e-01
-1.000054181106666995e+00
-5.999493623157632349e-01
-9.999858224326260148e-01
-6.087605545067001356e-02
-9.999755722682924786e-01
9.991864261427921279e-02
1.000021318335832660e-01
-6.001926781291953006e-01
2.114141346035275371e-02
-7.847857284046766413e-01
-7.937883333227115923e-01
-2.149554920379342371e-01
3.864267627140898775e-01
-2.831808686416797394e-01
4.067033122527939915e-01
-8.096190495916549823e-01
-3.925906485490286979e-01
9.992274565406894515e-02
1.000591792467611374e-01
9.998813102986640056e-01
4.900826836217761495e-02
4.012185070230389061e-01
9.986469731810207473e-02
-3.431791762269503776e-01
2.042994194632351546e-01
-3.740977397162705276e-01
-5.999133859794738566e-01
9.999176020373656826e-01
4.101772782558660291e-01
1.834642483981796524e-01
1.000610156379974913e-01
1.000133914714382843e+00
-1.000162520239010755e+00
4.178702667899655832e-01
1.000005740216840522e+00
3.993726541923349194e-01
9.981735083231350891e-02
3.989038097021284091e-01
-6.001424340517802491e-01
3.932992631997835331e-01
-3.143445088267696752e-01
4.053815326795683904e-01
1.000007942057913102e+00
9.999616333719073547e-01
1.000447899636740384e-01
1.991814340495235425e-01
4.021097249529625994e-01
-7.873904445341363134e-01
1.000985693490440975e-01
1.000003761565427363e+00
1.000048806712158234e+00
-9.999713072354381449e-01
-6.001370437531142743e-01
4.156734285341406876e-01
-6.297375142194089857e-03
4.023274999323769863e-01
9.978381617020963545e-02
3.948079978483575170e-01
2.791222585808553897e-02
-2.645367183159189617e-01
-5.999195203412480693e-01
2.060189154269638223e-01
9.998987757590742653e-01
-9.999255288223882765e-01
-8.000453115707106821e-01
1.000059550752747883e+00
3.831894729806861188e-01
-5.999479838604436788e-01
1.000037552492594045e-01
4.280274561027835878e-02
-3.208648311792478003e-01
-8.055604534154521268e-01
2.146989526508413237e-01
9.992847892089809503e-02
1.000042015360400161e+00
1.919310802415235273e-01
1.942832816306482580e-01
-2.359289857407044777e-01
-9.999941312240093749e-01
-3.685307815361123923e-02
3.992172151332597507e-01
-8.032646031217499649e-01
2.095971045772572483e-01
9.998697139495159592e-01
-8.004399286563501636e-01
-5.999858391989636441e-01
-9.999452235817272161e-01
3.962219098861815419e-02
-2.107274381659270945e-01
-6.000142509697293791e-01
-5.004687565942063376e-02
1.788739334360704425e-01
-1.000013594614370893e+00
1.000130097579700061e+00
-8.005279885597289535e-01
3.993182171487444365e-01
-2.826377528829026597e-01
1.000064666923451195e+00
-9.999326912559175495e-01
9.701468327279991199e-02
2.099223609990772399e-01
1.000596565836160690e-01
-7.911219411624663689e-01
-2.852553885349604634e-01
1.208299877421679241e-02
-3.502127100391008163e-01
2.017065086701330390e-01
4.648691817593168796e-02
-6.000788159598430260e-01
-6.000422859388364616e-01
3.900523642956759685e-01
1.000102318523561129e+00
1.000090769824294595e-01
-2.775657790078236431e-01
2.061981857181292843e-01
9.996012781610839892e-02
9.994535346352668992e-02
-7.965117157186428765e-01
-5.999767534483954057e-01
-5.999962923812320881e-01
9.999253683951146998e-01
-6.000049548362490492e-01
-5.999074443797897116e-01
9.999281035707292542e-01
2.016949441765403250e-01
-7.901182479090269606e-01
3.984225000093779001e-01
-1.403087953598077843e-02
1.814449828040367307e-01
-8.089549814049926679e-01
-9.998754534103126979e-01
-7.731781598497751151e-01
-9.999813124907453998e-01
1.000076698691712451e+00
9.998391915335421709e-01
-7.897103315917634037e-01
-3.219835379887017179e-01
-1.642974209497662097e-01
-7.931092669460797495e-01
1.000074883993144592e+00
-5.999442192882614711e-01
9.997651962875435394e-02
-9.999597398396570247e-01
4.071065654647177956e-01
2.016529484741985956e-01
9.998721322962333957e-01
-5.999625039829886708e-01
-5.998833526843585506e-01
-2.560842339502480969e-01
9.999447997691711665e-01
1.000272660504809563e-01
1.000040741334166094e+00
1.000132513492359765e+00
-1.000091366272653381e+00
3.985390256319608637e-01
1.002155821363244492e-01
4.085437300976471620e-01
1.000436678342254138e-01
4.537206696026202524e-02
3.084701232983829214e-02
1.809488533343912020e-01
3.927289690212972251e-01
-7.881455332077190734e-01
-6.002285599897771995e-01
3.975772175798620300e-01
9.999164194873040312e-01
-3.408898720681401151e-02
-8.128364421230456216e-01
4.081361870347074983e-01
-4.321349041397357267e-03
1.965360332942210075e-01
-9.998881221025283095e-01
-3.856789145452724776e-01
4.149667601994810884e-01
2.086480640835424172e-01
-9.209104961116258703e-03
9.999054650428145230e-01
9.998777551741636627e-01
9.999982964848255218e-01
9.984842735045337814e-02
7.962351847717723252e-02
-9.999624022754550756e-01
-2.098596309283933536e-01
-2.716213541652710006e-01
1.000034901868944281e+00
-8.130615454993610491e-01
-7.974152291118737912e-01
-5.998565160164015531e-01
-3.518738424648220064e-01
-9.999207017217169868e-01
2.021413847390999552e-01
1.000172067236402285e-01
-6.001056859020424961e-01
-2.293240382620774509e-02
1.000033000764893432e+00
1.999648074164164790e-01
1.922271969886360232e-01
-8.501546502686663231e-02
-3.151061575842349916e-01
-3.250777885687046731e-01
-3.754363443200409156e-01
3.977595690613296431e-01
-3.074244274362891161e-01
1.000074709203354173e+00
1.000062278654710868e+00
9.800103565909413627e-04
1.975811624067287942e-01
1.852372953791227017e-01
-1.601232011712241596e-02
-3.297444865514864709e-01
-6.000057677050494309e-01
-1.000142357801597326e+00
2.009069796507304828e-01
3.529704043442176420e-02
