-6.000354169271461258e-01
-5.999565687450258977e-01
9.999056923097527916e-01
-2.414344022950132285e-02
-9.999605323996710871e-01
-8.061791620486892240e-01
-5.999119669563212076e-01
3.124854992689262909e-02
-8.034664658598753562e-01
-2.806490959525157480e-01
1.000525367946647343e-01
-1.000017209524303841e+00
2.300463886118704615e-01
1.963222462087371376e-02
1.926092045235760220e-01
4.033014199421942614e-01
-1.055555950423291839e-02
-1.000091143095359403e+00
1.981300619036711341e-01
2.364080970142176316e-02
3.968481673695731793e-01
4.072001805336715741e-01
-2.135192716375630129e-01
-8.118469244286529163e-01
-1.000000151019776684e+00
4.032435193903776693e-01
-3.470537775310301720e-01
-6.000638394636821360e-01
-3.348650882478444446e-01
1.003133062909247614e-01
-1.000021489213238413e+00
-7.983578841146740102e-01
-8.084434675464708953e-01
-9.999377180986670499e-01
3.928995063264025672e-02
9.998170939572961213e-01
-1.000011042714107345e+00
1.000074100097310570e+00
4.054241954824787664e-01
-6.000803359999994369e-01
9.999258032353576242e-01
-8.050389244896106744e-01
-1.920591713494818609e-01
1.001944025680672062e-01
-2.348477133636705794e-01
3.899582209435721869e-01
1.000606967352382498e-01
9.976989683277104337e-02
9.998638369640575063e-02
1.990144492804493681e-01
-1.000026050671008582e+00
-8.023130506876091639e-01
4.043863017898935985e-01
4.142281760652907763e-01
-3.277095447464251632e-01
-1.000103717673797910e+00
-8.040758643001049144e-01
3.934305009638284778e-01
-5.732041966427033064e-02
-1.000120108574848121e+00
1.155281145818789178e-02
3.900383165192075618e-01
-1.000138109775537076e+00
-2.847313134782972210e-01
-1.000042356954684797e+00
9.999266009151638879e-02
-9.998453351987988125e-01
3.084623115569096879e-02
-7.963931574222764542e-01
3.933036967160367103e-01
-6.000680893970172791e-01
-3.257929958347414723e-01
1.000445393875451644e-01
-9.695998822238288684e-02
1.976841887407193576e-01
9.989978860263504234e-02
1.933317164644678121e-01
1.000113225884449397e+00
1.048010882144438487e-02
-7.906111522569841954e-01
3.888856478440906872e-01
4.011952627565755214e-01
2.184699946790059910e-01
1.900467218117891932e-01
1.000060429546820728e+00
4.031043205273376340e-01
-9.999136445944624141e-01
-6.000250968373640470e-01
-9.999557431202155122e-01
-3.332717961003852508e-02
-1.000089540541222455e+00
9.998725485249972122e-02
1.000474645918858208e-01
-6.000363157357401223e-01
-7.987021232587868114e-02
-7.906921764641047234e-01
-8.111161006533178508e-01
-3.092740124966837367e-01
3.867689117182805392e-01
-3.334173058672316725e-01
3.997037375497246026e-01
-8.018890662723824336e-01
-3.552610552495917284e-01
1.000761668388216868e-01
9.997453203997812288e-02
9.999553441531251474e-01
3.548701564961376231e-02
4.178089747671763776e-01
1.002343788099934879e-01
-1.547562354134511819e-01
1.835802255339181177e-01
-3.425474780072190195e-01
-6.001013258623886237e-01
9.999714217769706259e-01
4.001330454769038147e-01
2.139319036652802541e-01
9.998553982608109070e-02
9.999587619877805533e-01
-1.000054938404291605e+00
3.930163235793003307e-01
1.000102212897184373e+00
4.011387403503692828e-01
1.000405677402403382e-01
3.776320531443790873e-01
-6.000864447836895543e-01
4.093122741127647735e-01
-3.287222769794034827e-01
4.071537570093332614e-01
9.998740821167856341e-01
1.000041545189262360e+00
9.990863843807457068e-02
1.978724111838190691e-01
4.039787118617405026e-01
-7.867186835070280049e-01
9.999375754611664058e-02
9.999921378793790172e-01
1.000186788766208590e+00
-9.999045213772281837e-01
-6.000073171860706989e-01
3.980617743491132732e-01
-6.152884760645423168e-02
4.135976050909354051e-01
1.001105315502955756e-01
4.125236419136745769e-01
-2.563158361115674619e-02
-3.238164496069387832e-01
-6.000502055973876425e-01
2.082092768509828384e-01
9.998232787975619429e-01
-9.998920765418719547e-01
-8.180725966369237767e-01
1.000023158080960428e+00
3.866946117654448400e-01
-6.000785221726133711e-01
1.001096950188811591e-01
1.695977334818950938e-02
-3.541915988640618740e-01
-7.928262024292342947e-01
1.996936555870746643e-01
9.998362210659071658e-02
9.999425905345796783e-01
1.931873656867145461e-01
1.980367016697885674e-01
-2.782085343415013345e-01
-1.000112153270752646e+00
4.161224835698448810e-02
3.886679427329193803e-01
-7.951734872403544152e-01
1.950866329092195706e-01
1.000008258063581845e+00
-7.971567508067108898e-01
-6.000404177336265965e-01
-1.000016471941262752e+00
-9.831375354737868777e-02
-3.893112074841065806e-01
-5.998768032873386113e-01
-2.750090796402882704e-02
1.930882336600937277e-01
-9.999192188221495137e-01
9.998253702283697031e-01
-7.889092585010261116e-01
4.134827560837041616e-01
-3.206791168145782245e-01
9.998681241642999318e-01
-9.999913219818119536e-01
-3.181758335344071330e-03
2.135291514621683873e-01
1.000612239190429020e-01
-7.883388704818180548e-01
-3.470556243229681592e-01
-2.248628101922310954e-02
-2.725389933449804958e-01
1.932205987642563461e-01
-5.386669515744553494e-02
-6.000761081572818512e-01
-6.000788036413309268e-01
4.014796064632967787e-01
9.999475877780965583e-01
1.000242929362387262e-01
-3.470197959100320140e-01
1.842082693874383947e-01
1.000279920147561646e-01
9.994072954131728859e-02
-7.827916013748290602e-01
-6.000320087122690271e-01
-5.999070762425403602e-01
1.000144173311688478e+00
-6.000693015921865214e-01
-6.001735538104090439e-01
9.999712431537450819e-01
1.952165452598935147e-01
-8.017722391146264727e-01
3.812275184043119602e-01
-1.001493496708663611e-01
1.999205043579530827e-01
-7.835457380551871243e-01
-9.999085862378096490e-01
-7.917492667383442262e-01
-1.000105975433073446e+00
1.000057244214184182e+00
1.000032364814781527e+00
-8.122193682075884436e-01
-3.778695455923976598e-01
5.023663397972135541e-03
-7.814928566895104067e-01
9.999873993658409121e-01
-6.000607372236433923e-01
9.994061163749046184e-02
-9.999716205835526006e-01
4.029141583388692327e-01
2.051905242319072842e-01
9.998974757383095602e-01
-6.001012446789421029e-01
-5.998668796254157387e-01
-2.929355543584450938e-01
1.000091715174519891e+00
1.001005162829015221e-01
9.999998290955887104e-01
9.999845647816784089e-01
-9.998954794246872613e-01
4.184058153314897943e-01
1.000453694306928237e-01
4.115568173706029009e-01
1.000068130674949402e-01
-7.770320272350192403e-02
1.096308283629828378e-01
2.084709892215927396e-01
4.131062945171358192e-01
-7.950304175565007236e-01
-6.000205440781227750e-01
4.023287539097065157e-01
9.998060465295065535e-01
-7.322927668270592938e-02
-8.027960733087320389e-01
3.981188726182890991e-01
-4.335063160324913178e-02
2.023942529233800913e-01
-9.999318262368662724e-01
-3.412172942361954009e-01
4.072359257171225266e-01
1.957748757185524824e-01
-4.861610214065981150e-02
1.000002020349800791e+00
9.999965490416298231e-01
1.000094271026887416e+00
9.983216910591019566e-02
6.794855627024649902e-02
-1.000024163819767997e+00
-4.270101952309700577e-01
-3.460971120096601461e-01
9.998939744499566462e-01
-8.060805133238131415e-01
-8.073402962767542990e-01
-5.998800175802971868e-01
-3.429324039800024648e-01
-9.999437946052018855e-01
1.874776924684068424e-01
1.001304704982212274e-01
-6.000273048492048567e-01
-5.640970330279224815e-02
9.999955274223956136e-01
2.100366702420285447e-01
1.941741732389048181e-01
-2.823718957958405024e-02
-2.613779599412153765e-01
-2.920366273646516353e-01
-2.604132446711312499e-01
3.810183165161435404e-01
-2.530425513390482384e-01
1.000039365705275740e+00
1.000044978881313495e+00
-3.266686812972359466e-02
1.854547437729588411e-01
1.989230197392839739e-01
-5.733308443503925753e-03
-3.461512546968206205e-01
-5.999464494902235767e-01
-1.000177583304327378e+00
1.984014196058080381e-01
-1.440860458634514799e-02
