-6.001206954714418673e-01
-5.999644035559583699e-01
9.998914205230684527e-01
-6.830748958452699526e-02
-1.000166114945371998e+00
-7.907176363482768533e-01
-5.999220969198262310e-01
-3.169439714640033545e-02
-8.026403613771965206e-01
-3.096348624141655459e-01
1.001907360359591548e-01
-9.999560064236446832e-01
1.953694550638249983e-01
-3.450374511875137218e-02
1.895583988432225919e-01
4.010624187684995179e-01
8.635388232203058956e-02
-9.999338877170592665e-01
1.985524701552204840e-01
7.869157876507051896e-02
3.881717821585287664e-01
4.023372189229046936e-01
-2.375239269504377249e-01
-8.076282647631285450e-01
-9.998279358296696673e-01
4.057717177341836345e-01
-2.791582505431837724e-01
-5.999570152628743713e-01
-2.212856816568485874e-01
1.000300733966880268e-01
-1.000032212460332914e+00
-7.955594538499789481e-01
-8.138073774482413869e-01
-9.999404279072594548e-01
-3.691541159861661675e-03
1.000001750898823261e+00
-9.999388862729899907e-01
9.999648013536009961e-01
3.919397411724244162e-01
-6.000195469809029847e-01
9.999703508792445739e-01
-7.859090212466713909e-01
-2.821398630770344251e-01
1.000701083338073200e-01
-3.145943456950124339e-01
3.944941833973014678e-01
9.990310399369797811e-02
1.000174022642553173e-01
9.989977278986340858e-02
1.984656813225000038e-01
-9.997087548651520938e-01
-7.986281515963886690e-01
3.878737553326317977e-01
4.130782321129737866e-01
-2.900072161705612439e-01
-1.000016742553693438e+00
-8.164825136520295068e-01
4.044121570391940312e-01
4.934412269743680690e-02
-1.000032955888946917e+00
-4.972271072318293350e-02
3.991899938682510474e-01
-1.000098350405487224e+00
-3.469966262730662110e-01
-9.999704261685040674e-01
9.984812036416830516e-02
-1.000046551687730156e+00
9.815165754739060139e-03
-7.941990638671355685e-01
3.972386057024521189e-01
-6.000892321485448155e-01
-2.546731106858207139e-01
1.002221459772047740e-01
3.696703151851676167e-02
1.855015984749827651e-01
9.996174305802817128e-02
1.965636879277305460e-01
9.999040479215279831e-01
3.705489304732384470e-02
-7.958068338679056275e-01
4.009434530315779677e-01
4.073848084801793834e-01
1.946611042819686721e-01
2.072004344522025143e-01
9.999327617261892787e-01
4.191967257895614640e-01
-9.999931348751994742e-01
-5.998840146169620580e-01
-1.000026239906655956e+00
5.038091492931182774e-02
-1.000038030466004590e+00
9.999974039833703365e-02
9.999571210506617847e-02
-6.001412502511098701e-01
4.367267261206468631e-02
-7.988703039036602060e-01
-8.061825932241453163e-01
-2.489925520234658185e-01
3.848706180411952116e-01
-2.150797196572830638e-01
3.952497138748501948e-01
-7.920338858393362047e-01
-3.359392314466081442e-01
1.000377387543075203e-01
9.988280273971787693e-02
1.000082863699769842e+00
2.158648619078937236e-02
4.145876782915990932e-01
9.997347360691409557e-02
-2.220558129073559317e-01
2.027320450140111252e-01
-2.449799821397018462e-01
-6.000101402531865524e-01
9.999978409832215309e-01
4.061730197222874761e-01
1.941985035381754154e-01
1.000115632976409097e-01
1.000002984860628663e+00
-9.998831327513463263e-01
3.726389174934373050e-01
9.998669319662398802e-01
4.144764090751200669e-01
1.001663558613418992e-01
3.954598921902313657e-01
-6.000391993461690054e-01
3.925203085669658476e-01
-3.961005974955221776e-01
3.992577037550327779e-01
9.998453526796581281e-01
1.000041607543044053e+00
9.995308849254368189e-02
1.839551272669555093e-01
4.070346253060763142e-01
-7.942486269854911463e-01
1.002007401352565524e-01
9.998890348714650766e-01
9.999676515597694104e-01
-9.999064230951257848e-01
-5.999024825282250895e-01
3.877492871878034375e-01
-5.197564775116625402e-02
4.010548573003916428e-01
9.997292752882154521e-02
3.939458145817638091e-01
5.801715043899438595e-02
-1.765421971569743897e-01
-6.000062366263072544e-01
1.902561150493913278e-01
1.000097043262300422e+00
-9.998275681267727588e-01
-7.998044673405992899e-01
1.000156323099002709e+00
3.950766136834253373e-01
-6.000434942971658581e-01
1.000743371340879623e-01
-2.519803495676272743e-03
-2.138299840781313632e-01
-7.988953845188981884e-01
1.998358937712346184e-01
1.000922537525201911e-01
1.000147728356697518e+00
1.961754320470079915e-01
2.109808119211851185e-01
-3.662656857775243857e-01
-9.998580339374341097e-01
-2.063022750894327392e-02
4.061949200465732046e-01
-7.971269774607022685e-01
2.040308054699102314e-01
1.000002051640087375e+00
-7.983696448145541913e-01
-5.999309737100855244e-01
-9.998756235464174580e-01
-4.978008214811661947e-02
-2.968435128034422887e-01
-5.998148554997567716e-01
-6.474805960454894926e-02
1.981614143363916725e-01
-1.000055337285284285e+00
1.000082372682924881e+00
-8.100155896622505125e-01
4.061376371927000184e-01
-3.305497141579321063e-01
9.999548115581455843e-01
-1.000001579007534946e+00
-4.192512600111769627e-02
2.092892153117265064e-01
9.993762660042583568e-02
-8.000152324157139283e-01
-2.470066402123888838e-01
-4.179305425262452162e-02
-3.630011393116495677e-01
1.899229328295104491e-01
9.612916369608638656e-02
-5.999477853792248849e-01
-6.001232747793002753e-01
3.824057276657550908e-01
1.000019226045044007e+00
1.000027962032158657e-01
-3.072657412391778253e-01
1.982027104549748675e-01
1.001096760570622801e-01
1.002241833879482374e-01
-8.146541418142607682e-01
-5.999581434527921919e-01
-5.999038025512062333e-01
1.000019525755301508e+00
-5.999513073645530437e-01
-6.000012100124347825e-01
1.000088215269158587e+00
2.046592510569759382e-01
-7.988163155920984249e-01
4.025963095976624606e-01
1.022929099085200660e-02
1.958684234525662760e-01
-8.045158395652014516e-01
-1.000046582632650560e+00
-7.970552868641913591e-01
-1.000052797630953449e+00
9.999951165930237584e-01
9.999444928257290588e-01
-8.121586992103054792e-01
-2.056363956582346608e-01
-1.972126667264021901e-02
-8.152832767791969859e-01
9.999575707871773966e-01
-6.001198875125365317e-01
1.000263611092588600e-01
-1.000055980863522320e+00
4.180962880437827378e-01
2.104287279271455091e-01
1.000130162944156798e+00
-6.000551189064586843e-01
-6.000217348813714491e-01
-3.020365190600140526e-01
9.999567284583135152e-01
1.000574082240965473e-01
1.000076514264243599e+00
9.999960299180401524e-01
-9.999546659724435349e-01
4.120373675308286465e-01
9.990324553943655261e-02
3.968857045001638606e-01
1.000640300627622659e-01
-4.417344984468796892e-02
-1.120068771350333503e-01
1.842089238032480480e-01
3.845819088380036388e-01
-7.995778209745043608e-01
-5.998892534559771006e-01
3.979524670198029690e-01
9.999611249783005862e-01
3.732714669752931758e-02
-8.134480566421344871e-01
4.113963934970734648e-01
-8.095918142195559705e-03
2.061999802711465268e-01
-9.999085790236094118e-01
-2.921490257056587603e-01
3.793897475530808583e-01
2.292435996809829846e-01
2.874382530991734241e-02
1.000086547855759900e+00
9.998293977670721366e-01
1.000105866922991638e+00
1.000980479646648297e-01
3.933177846579513637e-02
-9.999069299018746859e-01
-2.946737273090745957e-01
-3.235770273742840097e-01
9.998288280437487296e-01
-8.158660538403993412e-01
-8.015858787961400722e-01
-6.000360036350848025e-01
-3.261863801446002187e-01
-1.000006951144621681e+00
1.891507505267732148e-01
9.991441621982452559e-02
-5.998541435176479864e-01
-6.583185771162511314e-04
9.998659956593265452e-01
2.026976667468687321e-01
2.168844546772276949e-01
-3.604337181770417980e-02
-1.856163235157879399e-01
-2.882287407255453848e-01
-4.210454670813855160e-01
3.877272085959605485e-01
-2.936259125352388977e-01
1.000104196529334466e+00
1.000085749512750866e+00
1.314357969794168780e-02
1.894380206550791701e-01
1.894059153758722303e-01
-5.251233856539468114e-02
-2.468105481728425088e-01
-6.000135407829371159e-01
-9.999543641309999176e-01
2.020851274205811843e-01
-2.187897182702782002e-03
