-6.000501181679160911e-01
-6.001758478605068170e-01
1.000005262694718455e+00
7.695857342256628986e-02
-9.999639893682229497e-01
-7.935699562125226869e-01
-5.999446489384164805e-01
1.943579910881146344e-02
-7.929469854680316621e-01
-3.467590886432916353e-01
1.000081385213061475e-01
-9.999553947593295966e-01
2.024882895451159959e-01
2.522464001582012949e-02
2.114441821976725533e-01
3.717704652573346480e-01
-1.703327409673657464e-02
-9.999618247409611804e-01
2.186376566057015025e-01
-3.525983554010435339e-02
4.156823445201393019e-01
4.029058422963002761e-01
-3.206316566457297346e-01
-7.987874132817969208e-01
-1.000005116664237192e+00
4.034310158401897550e-01
-2.812918696773176741e-01
-5.999771314243900200e-01
-1.314688912042067948e-01
1.000637362952736531e-01
-9.997398093287991339e-01
-7.987939824308907255e-01
-8.002192600849669102e-01
-9.999069841351466703e-01
-6.576707561814974790e-02
1.000113201473090685e+00
-9.999596469874270088e-01
1.000009086484103360e+00
3.893937858232847660e-01
-6.000834268296467711e-01
1.000057857816155416e+00
-7.887068764093015938e-01
-3.239131223745753130e-01
9.981670438534198664e-02
-2.900856721554450068e-01
4.042533499107344164e-01
1.000708292670154514e-01
1.000859016996318018e-01
1.001280566227322477e-01
2.090491171826966144e-01
-1.000142096490356458e+00
-7.979651389075075318e-01
3.964885157447635700e-01
4.022883609527926341e-01
-3.177444561813655421e-01
-9.999276490806745521e-01
-7.987604112770091414e-01
4.161140637720847635e-01
-2.796085508241465470e-02
-1.000067841638677013e+00
2.003895732334781687e-02
4.000910376285815029e-01
-9.999446720053684068e-01
-3.355143097444216460e-01
-1.000025775501015568e+00
9.972254714880741944e-02
-1.000013062848834844e+00
-4.901614265819349142e-02
-7.833133206838874818e-01
3.962078051510339316e-01
-5.998654804833989385e-01
-2.593645472197682045e-01
9.994985837813769036e-02
-2.174163210682035496e-02
1.892016652086597195e-01
1.001969524880018392e-01
2.240072922692438462e-01
1.000006526072781288e+00
-1.370578306758149598e-03
-7.981051313792391078e-01
3.829107611238932174e-01
3.890390318005954584e-01
1.838517344235766904e-01
1.911263771993687577e-01
1.000011910887217637e+00
4.081229065052924820e-01
-9.999412601088105701e-01
-5.999314922759925173e-01
-9.998719203396120303e-01
5.995632773243850938e-02
-9.999124443819509267e-01
9.987857020055902757e-02
9.996522434020609083e-02
-6.000681428044662979e-01
2.669894514500758056e-02
-7.980999727836098900e-01
-7.940718202011035620e-01
-3.111954535399231170e-01
4.041258604945090482e-01
-2.751159381495950629e-01
3.954714501763872403e-01
-7.905371094075930305e-01
-2.384019337602198141e-01
9.986156101571522226e-02
9.995708808986392135e-02
1.000060322777727162e+00
-1.290815444835619573e-03
3.941951358103084058e-01
1.000809482894157720e-01
-3.003345285318016478e-01
1.998710157346592908e-01
-3.243529313087870070e-01
-6.002071272726295925e-01
9.998792241863012631e-01
3.934839450979056297e-01
2.073747522890805328e-01
1.000365806460020018e-01
9.999044036221740317e-01
-9.999277091945818485e-01
3.972178642657877012e-01
1.000070015228794684e+00
3.872615730878651297e-01
1.000632005627839771e-01
3.888912754247349501e-01
-6.000932880382338075e-01
4.130071199855805397e-01
-2.840435853231094154e-01
3.809689239396251148e-01
9.999955208971585963e-01
9.997499756877078481e-01
9.987863045177480803e-02
2.044188922665911567e-01
4.083468219522236042e-01
-7.833830278971196659e-01
9.999800427209164233e-02
1.000019527905529282e+00
9.999835500312787007e-01
-1.000042843939247472e+00
-5.999766254749563377e-01
4.015338575173660884e-01
-2.925711126311550392e-02
3.984324683266511902e-01
9.997144457313958399e-02
4.013681645831581601e-01
8.814251806353858021e-02
-1.817955369820505873e-01
-6.000732470364258386e-01
1.927465459599778663e-01
9.998181320452154131e-01
-9.998814770087236514e-01
-7.887297279892809820e-01
9.998499378751576350e-01
3.947910733974316355e-01
-5.999065552624255337e-01
1.001714602320756126e-01
6.518900198137138335e-02
-2.775554721695063787e-01
-7.855485209259926993e-01
2.080806157084658381e-01
1.000271792391278086e-01
9.997927034842004623e-01
1.905132504662480908e-01
1.806369280049261727e-01
-2.686749284429831852e-01
-9.998999266908058514e-01
-1.680338791710814586e-02
3.744663001938867142e-01
-8.081875018735439342e-01
2.060346369937222921e-01
1.000011249532033242e+00
-8.015992574891812605e-01
-5.999979351957602791e-01
-9.999844844641084807e-01
8.199959550084852389e-02
-3.358601507845002665e-01
-6.000773204190389398e-01
9.525586157012999600e-02
1.900967836781586595e-01
-1.000212114268283825e+00
1.000104071050781140e+00
-7.991053119179701847e-01
3.975237508878732839e-01
-1.881744913132075703e-01
9.998123336472809486e-01
-1.000015049596355787e+00
-4.035029731120699445e-03
1.987825558462728293e-01
9.977741001904032181e-02
-8.034335953163516120e-01
-2.630819093037566891e-01
6.891827892317065052e-02
-2.537772281873912905e-01
2.036404835001020819e-01
3.043961585162119343e-02
-6.000814080740456413e-01
-5.998638455489081478e-01
4.164164914925145289e-01
9.999532747327596338e-01
1.000028686913852355e-01
-2.929340118843206664e-01
1.990033956956710204e-01
9.991591981138138456e-02
9.996867066664817669e-02
-7.991726541193538980e-01
-5.999315987164555164e-01
-5.999354646779213596e-01
9.999600273030234687e-01
-6.000681857859254675e-01
-6.000924250642785118e-01
9.997747245752190981e-01
1.973372402304185980e-01
-8.049575619218349853e-01
4.049105293084421797e-01
-3.911678221484652523e-02
1.990534630126434279e-01
-7.977602554938575397e-01
-1.000027833222239870e+00
-8.033461613481740482e-01
-1.000035785566449009e+00
9.998601670852818035e-01
1.000182733239578292e+00
-8.012427479022953269e-01
-3.459208888705607721e-01
9.061444762131906291e-04
-7.904410111112392112e-01
1.000140056654779341e+00
-6.000377216327902330e-01
1.000420635763341892e-01
-1.000182371684432692e+00
3.890936891494176653e-01
1.997342698901310720e-01
9.999387495556063543e-01
-6.001253086314818352e-01
-6.000925411281607946e-01
-1.952344453081382714e-01
1.000006602058514771e+00
1.000752978160626139e-01
1.000129691542573918e+00
9.999327547695421314e-01
-1.000095003204346300e+00
4.061749000047608082e-01
9.994707632950414200e-02
3.903651039371350828e-01
9.975851548057448892e-02
2.002124457989018502e-02
7.553575055379856129e-02
2.047830264047666993e-01
4.030801903862192281e-01
-7.919974663039983653e-01
-5.999515054757995625e-01
4.109384865054566127e-01
9.999825423882882092e-01
9.467504747933085107e-02
-8.070221736423149883e-01
3.951051075669262946e-01
-3.554589816825035921e-03
1.923896347844157306e-01
-1.000018874558723070e+00
-2.489341347219785061e-01
4.085289488548293213e-01
2.095075797646782645e-01
-3.887436396774859859e-02
9.999722516486746482e-01
9.998722982546915938e-01
1.000030228046105529e+00
9.992551957386214267e-02
4.180778680901737349e-02
-9.999480594869427641e-01
-2.513245118675420109e-01
-3.638275853338190924e-01
1.000124787972857421e+00
-8.047376196185279662e-01
-8.027362633616305088e-01
-6.000117793738807270e-01
-3.410782377430700008e-01
-1.000123031769525106e+00
1.973612506210625783e-01
9.992472432594788623e-02
-5.998766867067452102e-01
-1.513215717499789663e-02
1.000123638189571063e+00
1.944394722408079867e-01
1.927093691212548587e-01
-6.066419178445422999e-02
-3.432735800211192956e-01
-3.465970175287505506e-01
-2.818080787290749289e-01
4.108898527448506810e-01
-3.366539503591588489e-01
9.999965798397011385e-01
9.999880133052031495e-01
4.097071691368915983e-04
1.952716735152882355e-01
1.981336709355782100e-01
-3.888226288303707479e-02
-2.544220154454301941e-01
-5.999968271466009639e-01
-1.000136929112794171e+00
1.957902763692409287e-01
4.493615580362704531e-02
