-6.001142901250143824e-01
-6.000059663406964727e-01
1.000016194010501458e+00
-3.895394174766930728e-02
-1.000159751750715920e+00
-8.045590076683567515e-01
-6.000810547540997852e-01
-4.736286340994595029e-02
-7.990030269705347132e-01
-3.241715484000042835e-01
9.999639928125129973e-02
-9.999613215609491901e-01
1.923652257148553979e-01
-4.997439002945312791e-02
2.088981650895090358e-01
4.091933793043043277e-01
-1.103671644024447306e-02
-9.999386400058075663e-01
1.922599723373422942e-01
2.571298915122015652e-02
3.983475510060934810e-01
3.922623764543972102e-01
-2.622126682009233711e-01
-8.039293077303166779e-01
-1.000060654459779652e+00
4.029926092802247339e-01
-2.872450912836163606e-01
-6.001390879321799599e-01
-3.004251866914240954e-01
1.000050705846709798e-01
-9.998824874336363910e-01
-8.024382276185307861e-01
-7.818266254802630488e-01
-9.998533622969776324e-01
3.978027526827970783e-02
1.000004673018237922e+00
-1.000025952530647633e+00
1.000041297742108926e+00
3.890054477315568748e-01
-5.999378086230480189e-01
9.999348808698333979e-01
-8.125942124129933442e-01
-3.612705392014832206e-01
1.000253915791252945e-01
-3.351065083187377835e-01
4.064620458778696599e-01
9.997165217659276237e-02
9.999345083131655487e-02
1.001537756967359472e-01
1.976996997205256734e-01
-9.999255012833324630e-01
-7.966735712946287906e-01
4.036078656212954141e-01
4.168121309673769592e-01
-2.517796364731358372e-01
-9.998636851818598625e-01
-7.937115868211539471e-01
4.058631427670942871e-01
-7.838032487669370496e-02
-9.999115331104052595e-01
3.511792082709568746e-02
3.959259568606533497e-01
-1.000043761228717409e+00
-3.748226659493910651e-01
-9.999794585250529888e-01
9.993611754140162284e-02
-9.998712879485612826e-01
-2.705923262580911537e-02
-7.988887236321683405e-01
3.972552872970869786e-01
-6.000136153074606682e-01
-2.121361306905278354e-01
9.999904983215941734e-02
-6.087428367576178806e-02
2.132749408984784822e-01
9.987402141464497840e-02
1.859247360689066653e-01
9.999823549410321588e-01
5.089787494686597719e-02
-8.082176467799135899e-01
4.050882329439973728e-01
4.000214630034901742e-01
1.856526165932664008e-01
1.940442134609242919e-01
9.998803379576344241e-01
4.037067799666039791e-01
-1.000189670222161986e+00
-5.999966056786587565e-01
-1.000056398727757090e+00
8.824165895406119176e-03
-1.000038011389791981e+00
1.001373037521666037e-01
9.995058120643379729e-02
-6.000530568008179966e-01
4.466560228662803250e-02
-8.004543535781698527e-01
-8.136186963604908895e-01
-3.004139801426788381e-01
4.010901621296177888e-01
-3.167574723817735971e-01
3.989565167796385037e-01
-8.121166306526741430e-01
-3.158784126938015691e-01
1.001541365139455853e-01
9.991630630683848158e-02
1.000114325548366212e+00
5.338367464643815202e-02
3.898688819125372684e-01
1.000483338925496485e-01
-3.304387994273308427e-01
1.870168439039811281e-01
-3.228096829643092858e-01
-6.001019098856084089e-01
1.000222890287083333e+00
4.133408932040048001e-01
1.808869122765053017e-01
1.001675535140877926e-01
9.999942603717840717e-01
-9.999478162689551253e-01
4.122719426069729187e-01
9.999675036257904548e-01
3.969119959350546623e-01
1.000459038354215568e-01
3.978185304529102684e-01
-6.000875933341307533e-01
3.855461766831522197e-01
-2.269742621695241547e-01
4.052083307841951032e-01
9.999580225270597866e-01
1.000189626866574200e+00
9.996151190227073324e-02
1.983637599769162430e-01
4.102395104629843470e-01
-8.085845851725389499e-01
9.984904590700224847e-02
9.999720209687376071e-01
1.000051461519682050e+00
-9.998983769622841189e-01
-5.999783733961878696e-01
3.917245249153652464e-01
-1.886074683386098835e-02
3.899358319853150068e-01
9.997357999221920255e-02
4.108737514409663283e-01
2.135324234348680295e-02
-3.567325272404239245e-01
-6.000074308662501910e-01
1.965911306314613860e-01
1.000159005739155837e+00
-1.000082446234637157e+00
-8.062616623369116553e-01
1.000108082792788844e+00
3.937151605905028218e-01
-6.000884362112770543e-01
9.998717407669770185e-02
8.373588784599632351e-02
-2.370786248851403100e-01
-7.832440777998737058e-01
1.922322245243975047e-01
9.985211670150073715e-02
1.000072809106549165e+00
1.747598897659366768e-01
1.973841055560503488e-01
-2.348402126824190861e-01
-1.000052806441419806e+00
-3.946236672170612414e-02
3.982407534818124262e-01
-8.029772662118208615e-01
1.999835030033564054e-01
1.000023349188463362e+00
-7.949924777691153022e-01
-5.999403671094096779e-01
-1.000046944451521203e+00
9.228613962695295103e-03
-1.777047488764977312e-01
-6.000291587140216265e-01
-8.564264708294816453e-02
1.888894495181261401e-01
-1.000124494990948909e+00
9.999966049881154895e-01
-7.935515030276766302e-01
4.105879223046426385e-01
-2.674918780059846179e-01
1.000063499165135372e+00
-1.000086840744877970e+00
6.834311332464468314e-03
2.115102191232802187e-01
9.998272019663997923e-02
-7.992338541282247855e-01
-2.838210652406746304e-01
3.611511121277077851e-02
-2.124967846128161808e-01
1.916152062673438516e-01
1.708568928076911742e-02
-6.000578968966283622e-01
-6.000436842042184971e-01
4.034292324382018902e-01
9.999564602117240186e-01
1.000148016260693218e-01
-3.279785283615153646e-01
2.174329792917797655e-01
9.986749943868827861e-02
1.000351174467844773e-01
-8.018156680471634212e-01
-5.999962213681534484e-01
-6.000198772378284584e-01
9.999319778213398013e-01
-5.998234476588403252e-01
-5.999800298762842932e-01
9.999876618717410404e-01
1.851549359094303293e-01
-7.976439662336400893e-01
3.908301563775212206e-01
2.070734438173790770e-02
2.005073821243460175e-01
-8.046517887852273621e-01
-1.000032843363139357e+00
-7.917632079238285936e-01
-9.998393957383341357e-01
1.000041311714555681e+00
9.999874139230598979e-01
-8.051320631541025730e-01
-3.416885751716008945e-01
1.096150842990312180e-02
-7.974992579308156637e-01
9.999530837212601275e-01
-6.001335397602864941e-01
1.002875111178901796e-01
-1.000129542554949458e+00
3.951384201831411591e-01
1.994407476450578143e-01
1.000156423896043867e+00
-5.998646428132090591e-01
-6.000683962641629732e-01
-3.101424603286451198e-01
1.000074131049051296e+00
1.001939855054879008e-01
1.000002749652341150e+00
1.000001518408250245e+00
-1.000069097992899891e+00
3.932264467390393925e-01
9.999474680828754347e-02
4.014928780221759252e-01
9.992611630391232125e-02
-5.518998788367486530e-02
-2.260980027919836516e-02
1.984108308902014506e-01
3.941711573864593032e-01
-8.006242610004576932e-01
-6.000709505254322451e-01
4.038904118202776283e-01
1.000099613725351944e+00
-4.253537460805350418e-02
-7.683111544039888940e-01
3.735542318368259562e-01
-7.585603328258724853e-02
2.053622021922871244e-01
-1.000135287637465620e+00
-3.290430813400272991e-01
4.000442922951961133e-01
2.094870746327094357e-01
-7.347798839413410962e-04
9.999740142032600421e-01
1.000040897986785193e+00
9.998932998854808130e-01
1.002653773083772709e-01
5.968094458705315575e-02
-9.999083608995573691e-01
-2.529748229231108536e-01
-3.094514613450466411e-01
1.000147516943804327e+00
-7.884405818871327298e-01
-8.008200387679560439e-01
-5.998999744311845905e-01
-3.776056734524098069e-01
-9.998954810720306341e-01
2.139500913393703185e-01
1.000336959867444975e-01
-5.998880202063092693e-01
-7.526768978821984923e-02
1.000063708904570747e+00
2.186778136593255373e-01
2.040809305829657527e-01
-2.630017817755840592e-02
-2.246272394674480033e-01
-2.743727957730298650e-01
-1.573496180907226483e-01
4.069810349205375544e-01
-2.724295776920018786e-01
9.999948521172388194e-01
1.000101695500202226e+00
6.366251291208288587e-02
2.135861642696121054e-01
1.885155505769799678e-01
-9.157570707690038114e-02
-3.102236718835947316e-01
-6.001245284458606166e-01
-9.999548586951426676e-01
2.034307180397000037e-01
1.097767397784202813e-02
