-6.001214990107923697e-01
-5.998621620515018904e-01
1.000203713739620026e+00
-3.099334973656752215e-02
-1.000004021938405208e+00
-7.905463869960955847e-01
-6.000517637158491180e-01
5.930091823685254560e-02
-7.972655382357736187e-01
-2.650655038075327430e-01
9.992461901107876909e-02
-9.998820294754917626e-01
1.849391273735848662e-01
1.756858405013357605e-02
1.936089327574259944e-01
3.971356862337345195e-01
-5.160281360034218306e-02
-9.999496797307565465e-01
1.933986822504581982e-01
-8.343218824586451365e-02
4.085696653842303960e-01
4.204114991610302665e-01
-2.533175203949542542e-01
-8.004504553529843136e-01
-1.000022440091210996e+00
3.929718457200881421e-01
-2.499647195315777282e-01
-6.000980010937958520e-01
-3.617700532409335867e-01
9.978936631036730565e-02
-1.000120710576225536e+00
-7.981916948633916986e-01
-7.794232933363089977e-01
-9.999631628473835132e-01
-1.124893399715563708e-01
1.000043129303492595e+00
-1.000006454501165765e+00
1.000028690019556965e+00
3.889824021035489521e-01
-6.002315228456300833e-01
1.000012008239233641e+00
-7.947372608443554753e-01
-2.891706673412727802e-01
1.000172134491767589e-01
-2.564159308828707906e-01
4.014104010025394964e-01
9.984947492667133051e-02
1.000655828730649816e-01
1.000662891639071822e-01
2.107583771682936535e-01
-9.999695693125251195e-01
-7.937952911592908167e-01
4.057472230935142421e-01
3.890465661231844452e-01
-2.958714670336560770e-01
-9.997704725931276792e-01
-7.950990263885167053e-01
3.758268103054129283e-01
3.905094624440336171e-02
-9.999444415379700191e-01
9.601248184488871823e-03
3.931040025604884969e-01
-1.000003066204557367e+00
-2.346383170243427074e-01
-1.000037750321328245e+00
9.997692833322728567e-02
-1.000123561157421737e+00
1.953825806974664181e-02
-7.951582967726879003e-01
3.953212812083518601e-01
-6.000092919880033460e-01
-2.597190430958208340e-01
1.000929861151369782e-01
-1.601286947305653047e-02
2.108038947121028128e-01
9.994829732001694889e-02
2.036343768433145907e-01
1.000153529404618657e+00
-5.791247802378911985e-02
-7.995135278612320873e-01
3.855083698915701129e-01
3.872396147212245898e-01
2.202836609870271189e-01
1.998573306182112597e-01
9.999937438899648701e-01
4.001173117884991859e-01
-9.999258764654966880e-01
-6.000097997557284346e-01
-9.999606272914756122e-01
-2.689986032353452669e-02
-1.000037135066815797e+00
9.979430807830751149e-02
9.996196831911073610e-02
-6.000198108143688369e-01
-7.454758743910265550e-02
-8.039834031616510668e-01
-7.990656671354527951e-01
-1.976711643784108130e-01
4.108417948259019958e-01
-3.611113478472978700e-01
4.114273219122701608e-01
-8.051951121154418134e-01
-2.723961038136867296e-01
1.000394438821803622e-01
1.001890886541205866e-01
9.999772897449092923e-01
1.092872575287653046e-02
4.142940267057511616e-01
1.000486440595959176e-01
-3.185500906997492110e-01
1.971229435099355054e-01
-3.916735170337573568e-01
-5.999426235553758646e-01
9.999266397686317198e-01
4.022513611255552624e-01
2.145268380640080741e-01
1.000355554786532819e-01
9.999073167487515512e-01
-1.000240299364934193e+00
4.095802951337175757e-01
1.000015804589260204e+00
4.088329063702365040e-01
1.000216817793834478e-01
3.926886556613758406e-01
-6.000179306503755639e-01
4.218326382234848793e-01
-3.182331948793131193e-01
4.000055181005363059e-01
1.000015526996752779e+00
9.999188939491613359e-01
1.000504774633974026e-01
2.151108648895924402e-01
4.115194345448894286e-01
-7.976698942171469575e-01
9.999122739590107778e-02
1.000022375072369574e+00
9.999384758660686545e-01
-9.998856861209977076e-01
-5.999518098493240581e-01
3.955441931981674708e-01
7.480458489760720420e-02
3.899485179195407714e-01
1.000053901025291098e-01
3.956284275178522658e-01
-4.573567705311464698e-02
-3.085390896225895796e-01
-5.999806208017495202e-01
2.070467552655395893e-01
1.000193696216032047e+00
-9.998445487127517461e-01
-8.132017054309845783e-01
9.999136433164799165e-01
4.024083430955310292e-01
-6.000544813024824009e-01
9.987873281860552843e-02
-6.452013924369484621e-02
-3.674118402926679905e-01
-7.909516715605920956e-01
1.927579530809403197e-01
1.002367464788757184e-01
9.999490024664646759e-01
1.941736554106369694e-01
1.967119549654859634e-01
-3.043884894880610203e-01
-9.999245696866432276e-01
1.204486254410484965e-02
4.100306860460716796e-01
-7.807207995163275571e-01
1.776888933837912632e-01
1.000109571274747644e+00
-8.120914600234185876e-01
-5.999500229535632556e-01
-9.999190199158335401e-01
-1.908431232060702268e-02
-2.733276723696799193e-01
-5.999873960973730602e-01
-1.087421081151074623e-02
2.136514261916108159e-01
-9.998600880006746072e-01
9.999893946624986985e-01
-8.075788459525536922e-01
3.982656051918455620e-01
-2.274766033140885602e-01
9.999037229959062412e-01
-9.998963831498171029e-01
-4.806965995559332044e-02
1.907729736508132490e-01
9.987938719930986031e-02
-8.046174610304740460e-01
-2.551146814108520289e-01
-9.402332197314941520e-03
-1.922483356125609943e-01
2.031444629269573421e-01
-7.588601690753801754e-03
-6.000315162613926168e-01
-5.999136634225094022e-01
4.082885738022707378e-01
9.999783989134960471e-01
1.000505978796227685e-01
-2.571631897428576230e-01
1.955382049444055192e-01
1.000408324787424863e-01
9.998464603745808865e-02
-7.962751691888640959e-01
-6.001297695801137699e-01
-6.000586720756102554e-01
1.000059194301242682e+00
-5.999191686847119565e-01
-6.001178800683277803e-01
9.999686424072832258e-01
2.046346982793164071e-01
-7.966649260718630110e-01
4.070507459345453771e-01
1.632720839987104183e-02
1.858042445354854411e-01
-7.969868995390236854e-01
-9.999790207081937776e-01
-8.157640117089649534e-01
-1.000026734866079625e+00
1.000039213331330057e+00
1.000222026954002752e+00
-7.916363764326161956e-01
-3.268706035346449768e-01
-1.390931562950945694e-02
-7.912329705489726805e-01
9.999483226596167507e-01
-5.998587664273143938e-01
9.989980253490095274e-02
-9.999087016437905318e-01
4.177490063852302704e-01
2.015342528669342437e-01
1.000132005766218191e+00
-5.998999585940243406e-01
-5.998826335542366550e-01
-3.524205796076395059e-01
9.999567278993278796e-01
9.996280388851234988e-02
1.000176711328104595e+00
9.999508353727184495e-01
-1.000003243188544610e+00
3.975578908522370836e-01
9.996250686171306854e-02
4.069524818051489801e-01
1.001027895610076407e-01
-3.892751332621965411e-03
4.230933198335272427e-02
1.879313204081090316e-01
3.970742442268315742e-01
-8.186542037048412102e-01
-5.998098841921093438e-01
4.097849841889482092e-01
9.999076963788422479e-01
2.741091061390327904e-02
-8.184484789699847385e-01
3.877206489117439037e-01
7.761514012426535235e-03
1.966492526272335395e-01
-1.000031298022894699e+00
-3.425025778795492970e-01
4.014890035701050852e-01
1.900680318946872671e-01
-3.684379166002729744e-02
9.998486655091196607e-01
9.999623611030191705e-01
9.999675777911176677e-01
1.000544331392306252e-01
7.718600885867840829e-03
-1.000007671830414280e+00
-2.768163306642638655e-01
-2.445601061879612570e-01
1.000135380609147528e+00
-7.983277261385244294e-01
-8.127280424379905721e-01
-5.998986529219070274e-01
-3.830209624372166166e-01
-9.998925217863314785e-01
2.020374674509950175e-01
9.997794532295750658e-02
-6.000405258466677827e-01
5.201017465811688667e-02
9.999811712188634294e-01
1.967338787356497365e-01
1.876371464575736780e-01
3.852076359212807527e-02
-3.478821050994215236e-01
-3.388877864589684430e-01
-2.686244826777644534e-01
3.995852699812626474e-01
-2.303967833641574203e-01
1.000257987846785213e+00
1.000071545072284573e+00
3.991533021276640059e-02
2.092569348476062685e-01
1.969662629347104232e-01
-1.450868304173381397e-02
-2.475882785298700040e-01
-6.000936286276279397e-01
-9.999498148376573248e-01
1.862622074592664156e-01
3.166536671883201509e-02
