-5.999321275184206215e-01
-5.999145808943567859e-01
1.000132581514674879e+00
1.746066769860538104e-02
-9.998337181703325083e-01
-7.960408553100402074e-01
-5.999565837475561159e-01
-2.775508290241006717e-02
-7.839485862011561501e-01
-2.435727071600967131e-01
9.996698699106056074e-02
-9.999832241742802053e-01
1.996015219474153168e-01
-2.411980999949163776e-02
1.719538412151923046e-01
3.948800583246400153e-01
-7.666288430052217717e-02
-9.999984970617489255e-01
1.813763560112952311e-01
6.658109117262986376e-02
4.009579478804613517e-01
4.071817873253226194e-01
-1.889101403118798039e-01
-8.008143774422824546e-01
-9.998846481365821770e-01
4.251452107472320496e-01
-2.676428920370546582e-01
-6.000997546957715922e-01
-3.028628168148805311e-01
9.976853330421078803e-02
-9.997625904670102148e-01
-7.952039283304506156e-01
-7.941390586307975896e-01
-1.000001196723176555e+00
1.376021089409382725e-01
1.000081230495853957e+00
-1.000099602233017526e+00
1.000051758482515041e+00
3.836935328945992874e-01
-6.000184477981040931e-01
9.999871350333917608e-01
-8.010749361350312236e-01
-2.778865896966652427e-01
1.000119400668559172e-01
-2.670233632957020875e-01
4.041599440314005420e-01
1.000924304795794972e-01
1.000446559197613466e-01
1.000484309663154242e-01
1.972867617435397625e-01
-9.999636956721552616e-01
-7.986901993479582629e-01
3.710034854964914253e-01
4.054748637564176139e-01
-3.247938349954556103e-01
-9.996820687867373767e-01
-8.133640873707622676e-01
4.059705133803842014e-01
-5.995304038581839023e-02
-1.000017146599739615e+00
2.376999692707668088e-02
4.012827097757197814e-01
-9.999206564277741682e-01
-3.069117569676659274e-01
-1.000021285278226424e+00
9.995385048750596302e-02
-1.000031894533998988e+00
4.273585955120315361e-02
-8.082463903948146067e-01
4.234414978748615166e-01
-5.999412628923670443e-01
-1.989449490189285630e-01
1.000875278849952116e-01
-3.722319934445824513e-02
1.977351998347854356e-01
1.001743974513837482e-01
2.003170734106559381e-01
1.000075988665309445e+00
-7.092920812530392749e-02
-8.119087761377422607e-01
3.787171637340975838e-01
3.914066265962616309e-01
2.219842335449013493e-01
1.932931568109004516e-01
9.999967190320956378e-01
4.069135158257637386e-01
-1.000026965533524770e+00
-6.000454625871048941e-01
-9.998411531685101883e-01
1.519264158711087533e-02
-1.000057535272926401e+00
9.990547640827725229e-02
9.999630478130944189e-02
-5.999960691466857954e-01
-7.989320569004249029e-02
-8.159105182868060524e-01
-8.069458867925978218e-01
-3.729461449002979267e-01
3.927992472699239346e-01
-2.797422846585216893e-01
3.953906178527825110e-01
-8.000035227923253389e-01
-2.847182557955871829e-01
1.000242234066989061e-01
1.001054108953377819e-01
1.000023371963624230e+00
-5.135898825763306815e-05
4.016994777943747041e-01
1.000171510514604178e-01
-2.887254846273235587e-01
2.002583147783468520e-01
-2.813576086958285982e-01
-5.998873853052665295e-01
1.000065323755370938e+00
3.952977057651804738e-01
1.939843327876111800e-01
9.995379658058201056e-02
9.999008026937762361e-01
-9.999702119649436227e-01
3.941631738230097493e-01
9.999118900545129751e-01
4.166657415024771494e-01
1.000023446028925067e-01
3.912423596529201464e-01
-6.000233500222799110e-01
3.963810361523060766e-01
-2.677261498115655614e-01
3.981750854803192685e-01
9.999054691316227039e-01
1.000092737874728854e+00
9.993574651442421741e-02
1.904829972417904638e-01
4.094517066246307624e-01
-8.011145666997139259e-01
1.000344301632222627e-01
1.000000071952834801e+00
9.999316140164828948e-01
-9.999347785930944310e-01
-5.998999280676264867e-01
3.944904717882988798e-01
-4.023860846599574409e-02
4.044887591839537166e-01
1.000877903128835344e-01
3.915839038536383931e-01
3.588222635282908163e-02
-2.917571997873609768e-01
-6.000270594652235001e-01
2.037660665736976684e-01
9.999984786253501845e-01
-1.000037765501953890e+00
-7.803122111433604680e-01
1.000081028014909279e+00
3.791451249155753378e-01
-6.001678100254086434e-01
9.984138099466274840e-02
7.484384131827066799e-03
-1.594071684294018076e-01
-7.973656454227623369e-01
2.223265063669268016e-01
9.999188008455942023e-02
9.998846240716148248e-01
1.974093399418310468e-01
2.153537700730656090e-01
-3.716161875641665335e-01
-1.000259310817842584e+00
-4.796115264802293388e-02
3.885581037613377031e-01
-8.194321014412144777e-01
1.920659893280230179e-01
9.999569025993682025e-01
-8.079260248140467393e-01
-5.999214781431597698e-01
-9.998865110070686013e-01
5.959405968118428043e-02
-3.020947020441056563e-01
-6.001157384084164770e-01
-4.743978178248662442e-02
1.846058113844572246e-01
-1.000021770483255024e+00
9.999621638089812858e-01
-7.875753077417975145e-01
4.033645494165868373e-01
-2.790168948432507623e-01
9.999085251413004638e-01
-9.999060365945730000e-01
2.434795029377380372e-04
2.192680480465566684e-01
1.000661090480703397e-01
-7.878111115850976454e-01
-2.683012545900543833e-01
1.300007489489987764e-03
-3.450677793020524020e-01
1.848707120797239700e-01
6.123859103458183933e-02
-5.999585414628083591e-01
-6.000537945720066935e-01
4.101921045822461420e-01
1.000039062031987891e+00
1.000179251963860122e-01
-3.071867386451112014e-01
1.998740045274830790e-01
9.990017242655027663e-02
1.000728557030310523e-01
-8.154952743057702902e-01
-5.999683127216082212e-01
-6.001247059203290712e-01
9.998880296234610165e-01
-5.998528106622453837e-01
-5.997866838951853019e-01
9.999680097807214230e-01
1.970117085014215508e-01
-8.174488431335045213e-01
4.012872267851973485e-01
2.410344841987456868e-02
1.933701812180847468e-01
-8.099277182306953149e-01
-1.000030685665832086e+00
-7.963427630767632159e-01
-1.000027210531161392e+00
9.999893973527754776e-01
1.000033817028587846e+00
-8.094330722375693288e-01
-4.267040459000118746e-01
-3.218935941445465188e-02
-7.879240524628157161e-01
9.999014722924205456e-01
-5.999967989229334497e-01
9.989997293290880931e-02
-9.998937163895152969e-01
3.929328283680691980e-01
1.914155367926543005e-01
1.000027844520484877e+00
-5.998637507309467765e-01
-6.000149968871290040e-01
-2.472279579751986700e-01
1.000083834747443667e+00
9.988881065965256323e-02
1.000089571101851815e+00
9.999805141679345422e-01
-1.000150912350317389e+00
3.972767429752461776e-01
9.992635583614871420e-02
3.872069469698348199e-01
1.000210100182999384e-01
-2.882406928796439963e-02
8.446074723000102091e-02
2.112546886371945154e-01
3.977215012468141575e-01
-7.883241380235656015e-01
-6.000158696198778507e-01
3.899645305785124916e-01
1.000057207612206511e+00
-3.661042778420792870e-02
-7.955452722611990879e-01
3.968414912922023086e-01
-7.125240921994067944e-02
1.996591798478866975e-01
-9.999695379485039615e-01
-3.072006156822719158e-01
4.151776773235057449e-01
1.926394816767675322e-01
-7.929245159961463563e-02
1.000248705279370709e+00
1.000032211748248967e+00
1.000029633321081857e+00
1.000263276870779483e-01
-6.159614390047300769e-04
-1.000031011203580178e+00
-2.394677253689502516e-01
-2.527241007740832490e-01
1.000022902446434214e+00
-8.101607490976167059e-01
-7.836947776149488787e-01
-5.999506801814388224e-01
-2.762261240293077402e-01
-1.000035973346966811e+00
1.944475273308290952e-01
9.995127744832432715e-02
-6.000844791690108648e-01
-3.373981060927740139e-02
1.000129982172697662e+00
2.119873716039454847e-01
1.993085622938915724e-01
-7.717138706954984606e-02
-3.083741988294561032e-01
-3.070001154843398083e-01
-3.282931623786647934e-01
3.971981492290618254e-01
-3.505701172020255774e-01
1.000035645795585904e+00
1.000033290871290559e+00
-3.084680936025945355e-02
1.896395700944658591e-01
1.995007848059576483e-01
7.946535241244202796e-04
-2.639723091457750748e-01
-5.999625262687037219e-01
-9.999697967472852556e-01
2.026392316891732215e-01
4.550745679774544777e-02
