1.068730858335749101e+00
-2.338664106145302568e-01
-1.018051067202430937e-01
-1.490771627338368099e-01
6.980962424701659952e-01
8.531481644514044005e-01
-6.047407961436175317e-01
-1.408890961968435329e+00
-9.811016161982916151e-01
1.651830680019697739e-01
-1.664585551253300322e-02
1.409326707139855195e-01
-7.251721300578094498e-01
7.957408150919007550e-01
-1.764385412609697779e-01
-1.633434529802586521e+00
1.553497798151429465e-01
5.474259983284915920e-01
1.437603112168865105e-01
1.302209792157288382e-01
2.271719514800614736e-01
-1.053729128116536184e+00
1.531753024425929421e+00
-3.264935837443563305e-01
1.466845170475920668e+00
-5.541288675149712573e-01
9.666753728401993317e-01
2.401796487274638625e-01
1.003144336345547089e-01
-9.387914568843859220e-01
1.205818556417159515e+00
4.189720107584766762e-01
-9.025006997557641353e-02
1.207374986768000369e+00
8.858019739351671862e-02
2.209805589290623207e+00
1.016677119951384878e+00
-3.307090758070692638e-01
1.358381887871005445e+00
6.085638452785779168e-02
2.005891440375175083e+00
8.165836317712996117e-02
-7.920936567177569443e-02
9.396829975542771163e-02
3.995066830779557820e-01
1.549311260467852280e+00
2.928569206424722071e-01
-1.067149250049791026e-01
-4.934600210686959643e-01
7.856812957685703758e-01
-5.543451306135317447e-01
-1.168830321967322616e+00
-9.422464403062601468e-01
-4.649276043843699746e-01
-1.244343714088363695e-01
1.053172069856286308e+00
-5.772435517429559404e-01
1.197128452467760340e+00
-1.637706287146900808e+00
2.634602800838406367e+00
-1.586423925220094455e+00
1.980870384931375516e-01
-2.175800173915109492e-01
-7.853147218429327170e-01
6.764086845449899243e-01
1.057214164194443917e+00
-1.721861101765655988e-01
1.209384911963886644e+00
6.405769200289954113e-02
-1.063779966744665240e+00
-7.918750580583677756e-02
-5.274960662887697715e-01
4.602147716051034343e-01
-3.991668922613496595e-01
-7.418319534933172366e-02
-1.085357442231532632e+00
1.069356468124726289e+00
-3.556284234610498918e-01
-1.069477110788059182e+00
2.631474301847840813e+00
-1.412974373922038618e+00
5.074303058021131241e-01
-2.163665561003782933e+00
3.085227496408254333e-01
1.881135200182480482e-01
-2.523779686841727821e-01
-1.363544010454631028e+00
-8.585309451529440361e-01
-8.065607745013283481e-01
-1.174123629190504614e+00
-9.480458444663584228e-01
1.435125891304225743e+00
3.912090121732648695e-01
1.330827650338805679e+00
-9.888421037221284404e-01
-4.313032376956794089e-01
-1.737049554446876032e+00
-1.190455732292971858e+00
-2.911131476955788333e-01
-4.206063528726664558e-01
1.777353775521014478e+00
1.080465734718704107e-01
-2.650998837424730636e-01
4.594625920794160323e-01
2.687855274239261613e-02
-1.085703536597849128e+00
-6.268877439627491555e-01
1.398956882627307108e+00
1.303787700964381679e+00
2.572353183361757445e-01
1.019485231639314593e+00
1.642809234392312634e+00
-4.417257122177495332e-01
1.843148397986261178e-01
2.210909029565910067e-01
-8.268135316929665635e-01
4.464316280745284082e-01
-1.143678019041974858e+00
1.022599851715735170e-01
-2.689138918396051792e-01
4.295471169127261235e-01
-1.354861213483027127e+00
-5.210994753938542612e-01
1.883164146633178770e+00
-1.348460508936667468e-01
6.814415817952207410e-02
-6.695713849281262897e-01
4.537092683674631699e-02
3.797713865389971133e-01
-4.755639821750215490e-01
-2.494963003791745848e-01
-1.664597266836923273e-01
2.957374388461356252e-01
1.130517335211745245e+00
-6.693256986576540113e-01
8.059806605109512967e-01
8.046057241154725981e-01
2.548323453429383600e-01
1.081651752644684272e+00
9.906836308200220320e-02
1.078162870374709537e-01
-1.735524490419048660e-01
-2.703637915368669042e-01
-2.104981490263564403e-01
-1.860821173997107003e+00
6.002736547867639771e-01
-3.222564029992112111e-01
-1.468865876686654692e+00
9.703219872252617506e-01
-9.755422379377541864e-01
8.594921358486820040e-01
-7.415559723866658182e-01
9.588875887899702688e-01
1.898921022876496556e+00
-1.595062640129899512e+00
-2.549622084201182415e-01
9.568085535656984941e-01
2.796890697140306803e-01
2.816965133234475283e-01
9.156034382368172242e-01
-7.888602568316244179e-01
-1.283046959285195854e+00
-7.138098179196208370e-01
1.333552162153426757e+00
-7.639064506388854037e-01
-1.534958100371853096e+00
1.156781001474246340e+00
-5.121814114444011024e-01
-4.490087586100963701e-01
-1.393872355629271809e+00
5.303887363061817739e-01
5.679660232045155022e-01
-5.504558558562480108e-01
-1.193732451852267396e+00
-1.892100017900748776e+00
5.680582929035041806e-01
2.596495281153555101e+00
4.043229111596519654e-01
6.083219326593530818e-01
1.465612178195722093e-01
3.495766044131567996e-01
-2.330164573599614042e-01
2.941886439334481795e-01
-8.010068495784444798e-01
-1.240693282327165026e+00
1.112386577875710686e-01
9.816224345928167838e-02
-1.174422442243612252e+00
-5.514314180709902757e-01
-3.500730280729042465e-01
7.157834832427297789e-01
1.586675489389537952e-01
-1.676100789915017653e-01
-1.592215884785585622e+00
2.704105592062632235e-01
5.291992449175445534e-01
2.198112496185372411e+00
4.463334359795242956e-01
9.241106957635746300e-01
9.336605439721427091e-01
-1.812702175149916606e+00
-1.246180172582210671e-01
-1.696453418424783421e-01
-4.599695250050315209e-01
8.565337952186947712e-01
1.626720776302837956e+00
-9.244696239819246708e-01
-1.559941952968716961e-01
4.249975137707832085e-01
-7.795514073297667990e-01
-2.116536176559550064e+00
-2.150630257186208205e-01
-1.104090709322169017e+00
-1.938458954558434533e+00
9.018970308683510462e-01
1.635481290281593614e+00
5.289262473107064766e-01
4.159639271163776408e-01
4.340830146473118045e-01
-7.760796518294944824e-02
4.491689917803277643e-01
-1.313019074824083587e-01
-7.509349820524424679e-01
1.277651785368079995e+00
7.487615523702519926e-01
2.657273049114175389e+00
-8.186072750797137587e-01
-1.445151161202823609e+00
1.341763191273198208e+00
-1.051895555239141106e-01
1.356787245053469260e+00
2.014014092532141920e+00
-1.372629648387734935e+00
-8.574284009369551596e-01
-1.681288450323329409e+00
-1.505986541899521358e-01
-7.210639967808063489e-01
-1.940882428190562781e+00
9.990505958835167732e-02
1.281836444927709762e+00
-9.700794014053391034e-01
1.245376549440333047e+00
6.968713741003972340e-01
-6.455201895753388819e-02
-1.057840324980103608e+00
-4.692222763041774547e-01
2.128395482538143924e+00
-3.892407948042350685e-01
5.696129372942311253e-01
-2.742994634216303629e-01
-1.098416857661530965e+00
6.897208619605293967e-01
1.649248241877650178e+00
1.065132641189860507e+00
1.609044975886479323e+00
1.430166742945605529e-01
-2.557095205001198857e-03
5.276804771962433360e-01
-2.226212590894304511e-01
-4.914850199883160631e-01
-1.593839508519544923e+00
1.018373096048808213e+00
4.968521593657181101e-02
-1.601848753587892249e+00
-1.818410706614237204e+00
1.771656667792382622e+00
1.075603283213240724e+00
3.834028007471857458e-01
-1.466997459953160110e+00
-2.647817627810150065e-01
-1.032079012011609453e+00
-3.644350805405889848e-01
-2.168742109304846177e-01
-7.252820469086562749e-01
-1.393769450535566445e+00
7.387053177945938076e-01
2.493469356130846581e-01
5.485517784032251098e-01
1.134898199352542658e+00
1.102947403048723185e+00
1.663230233797479585e+00
9.258661960884992936e-01
4.591159461848912104e-01
-4.123454482898639695e-01
-1.289731348542696443e+00
5.902590078870354473e-01
-2.920606120476348933e-01
1.997626290383829328e+00
-5.045529733467954969e-01
2.800784997871991200e-01
2.846641526356933349e-01
-1.473233880491572334e+00
-7.650971680304989864e-01
-1.986660274782134250e+00
2.745036203204034297e-01
1.866807604628875628e-01
7.437629614008844925e-01
-7.251887020881637724e-01
-1.059525574130986358e+00
-3.219626748828830487e-01
