-1.552710290999083087e+00
-2.278260969603161712e+00
5.435818406563448502e-01
-7.756474007760094658e-01
-8.102022718449096716e-01
7.467972661246913280e-01
-1.917952007250280921e+00
1.047488386952643902e+00
9.469841490786020666e-01
-1.456610240353128360e-01
1.146581258344250953e+00
-9.958525339717727576e-01
1.092987155592827886e+00
-1.648112831303190751e+00
-8.613976825537403847e-01
-7.145510579830862685e-01
6.588898196681073349e-01
-2.646700633995720864e+00
-1.551646872916517594e+00
-8.890617707597581187e-01
-1.146964414251136821e+00
1.257766392083287776e+00
-1.883688660513337942e-01
-3.691107230926279348e-01
-1.197570022714044141e-01
-1.319248679950755010e+00
-1.127004435971165730e+00
-1.922746984751903199e+00
2.170828955756598067e+00
7.374829871963868577e-02
-1.017088080555838214e+00
4.558795165666567062e-01
-1.802465531344391581e+00
7.964550626832822555e-01
-6.644913725964737283e-01
3.136447025714994563e-02
1.785021811044364304e+00
-1.119959753936682206e-01
-8.744239325591626200e-01
5.409951702931183742e-02
-4.405691468468591609e-01
-1.886574447022998813e+00
-4.699537711680040197e-01
2.809610791324447243e-01
3.113669703308809544e-01
-3.916008996606367143e-01
-8.038459034070091769e-02
-8.547270137902861498e-01
2.202725409779785759e-01
5.869519964546269231e-01
-4.332418919279729663e-01
3.758372729107919974e-01
5.612851841096981875e-01
-3.408025464217611517e-02
-2.971298088379130675e-01
8.213347133763941876e-01
8.050254529270430837e-01
-1.318471694273530004e-01
8.534733131400769057e-01
1.110045155533371020e+00
-3.950552869730474814e-01
-5.017303176436993528e-01
6.320006589505235972e-01
1.053974820353494435e+00
2.105448863748249078e-01
3.804487236001425909e-01
8.652407466718610163e-01
-1.821984473679640448e+00
4.815899419131876580e-01
-2.663641429917095182e-01
-2.193447209852533442e-01
6.438407732824625862e-01
2.794876385841810196e-01
1.058810945358536593e+00
3.648422848667703389e-01
1.860628840225123870e+00
-2.657361682564199912e-01
3.261132229938938476e+00
7.932612789202245773e-01
3.380782709444490886e-01
-5.480163637197634774e-01
4.610320213900959141e-01
-2.097602643808427203e+00
-6.047851863270096162e-01
6.226155477998990273e-01
-1.992618043144277706e+00
4.677224829632187775e-01
-1.387741013892639375e+00
4.921664143486498277e-01
1.128041753408319137e+00
-9.643109665300503286e-01
-3.596876547018968973e-01
1.170672148710822480e+00
-8.866185292341776103e-01
-1.133479964005490226e+00
-1.782576330919245500e-01
3.263837362785350082e-01
-8.240668866081331256e-02
-1.309371364657164083e+00
6.874788235062858632e-01
1.142227754412589585e-01
-1.062749995016195381e+00
-3.045424707201407205e-02
-1.365688701963140073e+00
3.123920326766084776e-01
-1.690580223658988857e+00
-9.314878434965623288e-02
-1.816366528194962582e+00
1.263344179245445176e+00
-1.200079277380177584e-01
9.294025332549147311e-01
4.818504569207338606e-01
5.218741810551745797e-01
-1.543168691403071557e+00
1.092229605455425023e+00
-7.119282026917465034e-01
-1.088275747770019786e+00
7.358970235524239234e-01
5.104928139335292991e-01
1.312593988758995245e+00
-2.102422222103907057e+00
1.419780638508839843e+00
-4.882355791836143211e-01
1.500473679143301577e-02
1.719111206507136336e+00
1.060436313453244850e+00
-6.111412844865181659e-01
9.120233503708591316e-01
2.282719085326077924e+00
2.924171371282406895e-01
-1.068237738327920683e+00
1.418675489714970039e+00
-1.068014408911036606e+00
8.731404773518687268e-01
6.501543078143816601e-01
-1.451380574605174889e+00
4.392037822867144725e-01
-1.049525666207879321e-01
-1.083331377282158892e+00
-4.573538140167195398e-01
-1.102804139134492933e+00
3.067917643257022653e-01
2.086009915774083567e-01
-7.908911168473543585e-01
-1.294657472240315688e+00
9.457862514567679790e-01
-3.593482861645823090e-01
1.115964815970499346e+00
-8.635421730455207223e-01
-1.137377626650936557e+00
1.067152380530431044e+00
-2.691316399276549864e-01
4.370170456592144537e-01
-9.782637747858522470e-01
5.360071893871264370e-01
2.649933109523035402e+00
1.030535118060759370e+00
-6.585505598147148865e-01
2.269206656394978650e-01
3.253290588485783230e-01
-1.740251853343336153e-01
1.768533753729125413e-01
-1.666077513663226206e+00
8.339238651170397532e-01
5.668182577882471262e-01
-5.333507160838599770e-01
-9.610751693091197367e-01
-2.208398533800843389e+00
-1.606493482264780059e+00
1.549612250091123578e+00
2.098913382258862093e-01
-2.322757706633441277e+00
-1.345624970732116898e-01
-1.374218495856139421e+00
-1.806236546284615552e-01
1.008086591518287500e+00
3.506806040020147841e-01
-3.521521330996921773e-01
2.184780440587345829e-01
-1.993953610020436362e-01
9.503456984139527775e-01
5.079159983295697955e-01
-5.203379447624919933e-03
-7.891006773461959334e-01
-1.412949969040527609e+00
1.470119346411844496e+00
5.728281540231949798e-01
-5.107635774007540652e-01
-1.399945042043849286e+00
-7.266566984315024902e-01
1.724796517648735428e+00
-2.218886455385476797e+00
-1.818525362288525793e+00
-9.220385200677954085e-01
-2.544673410999527263e-01
-1.088357206336593386e+00
-3.240253109558841049e-02
1.643103454363923799e+00
-2.809204292920742252e-01
-1.724468256610245387e+00
2.940295006927254318e-01
-1.905647276658433420e-01
-1.279318564239163292e-01
1.812104599821741990e+00
-1.446539377056747788e-01
3.220177169486342361e-01
-1.055370236981310883e-01
-1.391406634250830665e+00
3.187660910087927735e-01
-1.476035469226652852e+00
-1.353398942877749755e+00
-4.276538625335806199e-01
1.037186214901452130e+00
1.450712535857271168e-01
-9.072790318016006328e-01
-2.489894426204311562e-01
-1.330197449409619592e+00
-1.542310894128479548e+00
1.576428055683132046e+00
-3.820518220101579709e-01
-1.872827096595516050e+00
-4.315486680617836718e-02
-5.998609457250748678e-01
4.251876396961788429e-01
5.731550031680641144e-01
-2.137806884706130006e+00
-1.799927657289134952e+00
-1.369896683373411861e+00
-3.355178135873433942e-01
1.440943155765820771e+00
-1.817575523605124310e+00
4.313981560795873138e-01
-7.288489266058112426e-01
-6.278369606744658160e-01
-5.297430346408776858e-01
9.058046972099740302e-01
1.016515549464526380e+00
1.183580808293912989e+00
-4.200788472354312075e-01
7.453264652375809485e-01
5.249147579392949847e-01
-4.045190382776362448e-01
-2.225003522084147978e-01
9.800017510520024899e-01
4.879862735717184208e-01
-5.466343621353310089e-01
-1.458603668148283461e+00
7.832659102714471799e-02
-1.138695006692810874e-01
-4.280725592996260653e-01
-5.096430838565136900e-01
9.649909544517767390e-01
4.693779358951014058e-01
-9.820969987806906776e-01
-1.217532196837235237e+00
1.171951001765611622e+00
1.102577328729915790e-01
-8.501813812677146975e-01
-7.438349795200135395e-01
1.347781378142823616e+00
-6.424635632461908052e-01
-1.449044715467059152e+00
-4.050259575848266791e-02
2.105991045014754093e+00
-8.088580991997650349e-01
5.743035047105985447e-01
-3.484120055709602481e-01
3.378073003498143212e-01
-5.985037331182715414e-01
2.279334903569313064e-01
7.927254733767971073e-01
-8.238746223824511272e-02
-8.421333600850186007e-01
-1.291056990330723631e+00
-9.661940376029554134e-01
2.233332758020185049e-01
-1.138473868470155859e+00
1.327153598590585348e+00
-1.535949094010174321e+00
7.310702971066789235e-01
-5.436152889179397540e-01
4.193981092917410392e-01
1.626436518933507269e-01
-2.630634851212962019e-02
9.845075168066305116e-01
-1.462546911727244714e+00
4.360219434346616074e-01
-2.373565675213265447e+00
1.275365798200542300e-01
7.800478565395245756e-01
6.526578065995656264e-01
-1.936283015163121846e+00
1.720123403346053070e+00
3.439750974975713804e-02
-1.404979592053338999e+00
-1.012876391394377240e+00
1.130134884113622951e+00
-1.638298382582732859e+00
-2.326049447859603436e+00
1.086688922093053122e+00
