-1.225250308854687775e+00
3.316731562471592620e-01
-3.345457732666891060e-01
-7.808714362995432534e-01
-3.813894078657101283e-01
1.376953247592755281e+00
4.888386010146557603e-01
1.758938682966422640e+00
1.267466347955380712e+00
-3.631805519948377303e-01
1.328216638163111307e+00
-2.010076179210166014e+00
4.581592214764222404e-01
1.184326205994246317e+00
-2.138438326200526596e-01
-1.537175106551931902e+00
-6.803300762495859688e-01
-1.224421212895906219e+00
-1.036221923551777335e+00
-1.974679069464606584e+00
-3.134179145566596270e-01
6.151970164267145380e-01
-1.266162027396769529e+00
2.564008505538886151e-01
-8.209794018944458482e-01
-1.332258619477837858e+00
1.858993122198476788e+00
-4.188858044822525994e-01
1.525413466034663657e+00
-8.036678487166916129e-01
9.019129627175068165e-02
1.017699351370620287e+00
-2.592008391083684971e-01
-1.176986961089911299e+00
-1.854015778550883176e-01
-5.094860424231235640e-01
-1.020821012822821450e+00
8.689108730153079219e-02
-2.671563945251006711e+00
5.198017003820106785e-01
1.782112582637069842e-01
1.418322341330787717e+00
5.363840245048949740e-01
-1.007353160386898205e-01
1.470708188862433596e+00
5.940274054247037805e-01
9.068556367511637628e-02
1.101771332821296495e-01
7.223799463523340458e-01
-4.712858939957668136e-01
6.351855205066915255e-01
2.299017485621950366e-02
-1.119079395860189674e+00
-2.954185402918312331e-01
5.485071432291446225e-01
-9.947846232551132983e-01
1.088551413983535610e-01
1.555917467334457127e+00
-2.407802017759918256e-01
-1.760524916481697844e+00
-3.802735862847154147e-01
-1.317271398546319805e+00
-2.047314060029634675e+00
-1.414698264894646451e+00
1.449679498505678787e-01
-3.319703577286677726e-02
-5.890456531193877937e-02
-1.373170100448794229e-01
-9.387946359256482687e-01
2.376059231246793857e+00
3.190789452516302749e-01
7.589046307823199555e-01
-3.990854738202493368e-01
1.986051449796373825e-01
3.468797173110951260e-01
1.834652868219903254e+00
-4.026981161632071093e-01
5.068215906822050032e-01
-8.389719368193210292e-01
4.172816659531517480e-01
-1.557272083480015779e+00
7.908343471938620306e-01
8.500355059557305193e-01
1.046720847493575191e+00
-6.296798450960102711e-01
-2.095741120529987178e+00
-1.205519771329781192e-01
-1.584006274913554613e+00
1.088249715775195137e+00
1.255060923632992598e+00
3.899143096080077697e-01
9.227460766274094839e-01
1.139374078147341152e+00
-1.367736885760120646e+00
9.052975488691836214e-02
-4.656564889591230383e-01
4.850531185248113109e-01
-1.465183419832507994e+00
-1.942569941110576792e-01
2.230087256127672168e-01
1.348242100930210352e-01
1.130405135360973423e+00
6.588224576787320430e-01
1.061858977530804882e-01
-9.006739703913262118e-02
1.212589702471702058e+00
2.291976168933694824e-01
-5.724064294348243376e-01
1.968486840980148700e-01
1.309870046063195570e+00
-1.563400429231782685e-01
5.403893036139633121e-01
-3.425569109277113444e-01
2.448997058868800092e-01
1.029661838005902386e+00
-2.143353611892512278e-01
-2.063397200612995697e+00
6.765873474594139014e-02
-1.234699987554838785e+00
1.379426674685993559e+00
-2.925503536233222124e-01
-5.161638420219232248e-01
9.652604455092196334e-01
7.185122768277205640e-01
3.264527962160710950e-01
-1.101745300240190434e-01
-8.295623494720676394e-01
-5.196014784497563488e-01
-1.435549794169058258e+00
-8.425602293400288323e-01
3.957486302871828787e-01
-1.316792524387115471e+00
-1.344347714787675674e+00
-4.190397440584040512e-01
1.192547576336282500e+00
-1.553736115877638158e+00
1.833382189538309337e+00
-1.802209982985089609e-01
-1.122408481770038824e+00
2.423725674523028728e-01
-3.173111019371971375e-01
1.144363928069520808e+00
3.775060518422965194e-01
-1.686162874184571558e+00
3.435804073748741083e-01
1.650580738947666548e+00
-3.279903126332614605e+00
1.737008459069384614e+00
1.388157330494836916e+00
1.210799386238103015e+00
4.743593489637680238e-01
1.317689591958206563e-01
1.032974307887678522e+00
-6.677525864529407773e-01
-4.820535760087036881e-01
-6.293932466238966184e-01
4.804093512055831322e-02
-1.388457108263802642e+00
4.965486262038642379e-02
-1.917139626096526994e+00
7.510323860975430810e-01
-2.347009655312796705e-01
-2.543459063285087238e-02
9.791723468459537782e-01
4.042357649873048325e-02
2.347199465895785375e-01
-1.814152233860284458e-01
-1.895604158709092435e-02
6.078664200970228249e-02
-8.094796781504326466e-01
-1.602143121634235223e+00
-3.429772513186979399e-02
-2.388251976669147680e+00
-1.992541209798259105e+00
-1.609550171946468655e+00
8.919549528496585333e-01
5.175042657958144054e-02
1.061616331419859227e+00
-5.429517463636950314e-01
-1.506538984432783224e+00
1.528419745176880618e+00
-1.894273314614912385e-01
9.473686005456478654e-01
2.649110443880658625e-02
1.166369138735340760e+00
-3.471005243852093858e-01
-1.299179399903024335e-01
5.862990980083446768e-01
1.236248142532675454e+00
9.629436978090998300e-01
-1.166978819773806936e-02
1.073686246126522192e+00
8.366745298799135311e-01
6.594595591859915285e-01
6.321843550882807472e-01
1.247811708656557439e+00
-3.566009316417814712e-01
-4.045889786038228686e-01
2.133689344538532429e-01
-8.828421634956876707e-01
-5.614864777177416139e-02
2.777836788878967345e-01
4.044064475255220170e-01
-2.635001316374037117e+00
-8.188028092843695482e-01
2.508068333591783716e+00
2.246784800388320902e-01
-1.406979036647814651e-01
8.586818329658663096e-01
-6.705145518425196238e-01
3.666029076656104196e-02
3.807777435474731242e-01
1.095554900061307180e+00
3.474474244181706140e-01
-3.141852037226705585e-01
1.097443770055460011e+00
5.793980718236536598e-01
-4.505510916804864041e-01
-5.496425962172493129e-01
-2.440144977997299458e-01
-1.332751477287652253e-01
1.018633504889131514e+00
-1.263714806305991978e+00
-9.533105268276633737e-01
-4.903563000343547085e-01
1.860201902580196909e-01
-4.448873808916341543e-01
-8.024176993278190340e-01
-1.776328692400384046e-01
-9.560922617442951799e-01
-4.964695218225568807e-01
-3.913415986067574903e-01
1.671336850269127483e+00
-3.655699523465644751e-01
1.051556548079115722e-01
2.223006092472899417e-02
-1.573246588912692312e+00
1.261596947256014456e+00
-2.228001525588647058e-01
1.198219323735432384e+00
-1.202451308961664855e+00
-8.489416019126472257e-01
-5.811631449213464640e-01
4.701765241936328721e-01
2.529352670221237664e-01
2.879241449254478155e-02
7.624276693702675134e-01
-1.369574840810452665e+00
-3.974925136668997494e-01
8.848612649190361612e-01
1.111031615528243144e+00
1.242784422190707783e-01
9.393551624054332638e-01
6.753498587181214208e-02
-3.425141947081975502e-01
8.692262315509664550e-01
-2.237365577784876935e-01
2.163125072088085243e+00
6.859866117088735393e-01
-7.247930610647546068e-01
-2.079002223660393611e-01
-1.509792159629374424e-03
-3.980071400665678993e-01
-2.486336259850292774e-01
1.673797839561272482e+00
9.201766322472390014e-01
1.594655370641656633e+00
-1.211819671220811134e+00
1.180048637963875935e+00
-2.885631417482402150e-01
1.092980401466611351e+00
-8.122235455153138384e-01
7.061575988074045851e-01
-3.547287685983747108e-01
-1.056156513959937149e-01
4.706349239280802621e-01
3.768221875772621021e-01
7.967282376440090186e-01
4.939836572754160438e-01
9.057395028636608947e-01
9.616567010892808354e-02
-1.475820415929717910e+00
9.728749116316178780e-01
-1.032376030175558235e+00
1.651157038725814319e+00
6.921002766314767740e-01
9.647680053537461831e-01
-7.757100002062599087e-01
-5.044743264585567211e-01
8.566529862633275316e-01
-3.843070425823584269e-01
1.829046057581776852e+00
-1.440529118145740473e+00
1.219484511054726328e+00
6.010614829605051002e-01
1.246437836594248560e+00
-1.018925324257030418e+00
-1.385821402593212071e+00
2.547847727195052259e-01
-2.741610557707021556e-01
