-2.775022183214575500e-01
-4.163025424265466290e-01
2.409440538147213484e+00
-1.178290707427057660e+00
-2.917316288779421729e+00
5.537250161890113626e-02
7.499238446830845950e-01
-7.972014920438950242e-03
8.149171504960590617e-01
5.459101039920022380e-01
4.111688175615495489e-01
-5.447293370839267901e-01
1.306517419173233385e+00
1.423417519606966053e+00
-7.228452796957490246e-03
7.646764426143775051e-01
-1.639727769700137117e+00
3.341072720243271066e-01
-2.488281006339001511e+00
-8.423363393946905475e-01
-1.258702810768488715e-02
8.695514760374597474e-01
-4.267435199587035211e-01
-1.689794427212912287e-01
6.824413477202079248e-01
1.469762971853013104e-03
-3.981554961343143906e-01
8.559305881393337589e-01
-5.092203619348721899e-01
1.130304573927781053e+00
-4.836628446137546389e-01
-4.950039516173820875e-01
1.912636431540506998e-01
3.378230796962520821e-01
-6.673802159624162567e-01
-6.863341733811654244e-01
2.180078531662713370e+00
9.284903236791463010e-01
-1.314175038775017512e+00
2.541937344602760995e-01
-5.841149764497698404e-01
-8.107320740072549992e-01
1.379881770270653396e+00
5.811512724423997245e-01
-9.554326326529614111e-01
-7.321395609027366858e-01
-1.019058294849044394e-01
9.328511164833357405e-01
1.501301658745779255e+00
1.006348031949115596e+00
8.564541224002109043e-01
-1.490315409171026895e-01
2.430426469938284928e+00
9.841004379073218233e-01
-9.441771756957952899e-01
7.897911181290065974e-01
-6.458888070480546251e-01
1.108036819518195104e+00
-3.303315279170390695e-01
-6.429350307471954906e-01
-1.329317146912421643e+00
-1.230947825267081130e+00
-2.818698660254195798e-02
-6.965183088876733541e-02
-2.447369869817273835e-01
-4.008439381711847438e-01
8.962115778519548215e-01
-1.706076518001351516e-01
-1.154968383376604235e+00
1.280011333096882975e+00
-6.488347701568260018e-01
1.645814707828234358e+00
-1.023750315844341591e-01
7.011990967399732710e-01
-1.121091218468153461e-01
-4.179015789973514750e-01
8.174935874582180961e-01
-1.287063486345614960e+00
-1.015271596405917798e+00
9.250902751060414708e-01
-4.399226926775121060e-01
-1.172765578976558087e+00
-5.870046942384209432e-01
2.122377906955100979e+00
4.119776723305215022e-02
-5.295405070931652469e-01
4.077114263354135182e-01
-7.027377837571493480e-01
1.245095935604680015e+00
2.668304549192044739e+00
1.354895278867415342e+00
3.342544946135279221e-02
-3.481462971340461010e-01
-1.180787481031117636e+00
4.441049567208756321e-01
1.117464877308157689e+00
-2.417325259833808804e-01
-5.563240176487547206e-01
9.310706291963656289e-01
-1.034973579241871056e+00
4.520493671504436928e-01
4.404097106278436202e-01
-3.220310680782279444e+00
-7.911871860445951476e-02
-1.565426029313482958e+00
8.225965827966041921e-01
2.590660588543933218e-01
1.287572736304653631e+00
-2.024113861737218967e-01
-2.287012479911934293e-01
-1.229174184171243134e+00
-2.113926991388241916e+00
-1.658887927318763555e+00
1.375660448849699957e+00
8.402885941673243764e-01
-1.120765076039871078e+00
-1.215320284701183917e+00
4.721111609144032495e-01
1.035392349487916253e+00
1.585741090537878151e+00
-3.685110868147409291e-01
8.946340109249772965e-01
4.814323221312756251e-01
1.150592892600203809e+00
2.331399138868620824e+00
-8.642408772083879365e-01
1.057841213024691251e+00
-2.726628310437276617e-02
1.252952792632949092e-02
-3.229456792171229718e-01
-4.426635549373503231e-01
2.707534479498103774e-01
4.327340747394783915e-01
2.644307586765561324e-01
8.655491242145364472e-01
3.109752031721952359e-01
-5.966798005045299558e-01
-1.669247067061987166e-01
3.813245394872437632e-01
3.313679655948301717e-01
-3.024896135222207683e+00
3.603134947726850390e-01
1.838601821003665204e+00
-7.844712822637117666e-01
9.486640097844726283e-01
3.113869096894410493e-01
6.061917422701023073e-01
4.224964593346124953e-01
-9.245203664948353772e-01
8.690151691590672356e-02
-5.646770596260136665e-01
2.436553131462636801e-01
2.711589589934016775e+00
-2.995275433788922581e-01
-5.121546461838977216e-01
1.982215281933999984e-01
-3.800429903704705126e-01
-1.834282597720892527e+00
-7.838149861056839529e-02
-2.536310316888334526e+00
-5.770301141423380686e-01
6.332539039616398302e-01
9.052130404690053034e-01
-1.040579992782422636e+00
2.179910425606918611e+00
2.044664042060610587e+00
5.290976641833409211e-01
4.754370319228812813e-01
-1.199431838053480887e-01
-2.086735416946833288e-01
4.112656384618997851e-01
-7.752953081400697499e-01
3.202285421558673933e-02
-5.389410382971897562e-01
5.523178366139034345e-01
-4.082033248301669692e-02
1.207369795554715131e+00
-1.469974857283830871e-01
-7.161244540004773063e-01
8.288391499432394838e-01
5.448494785132470541e-01
9.580870538852660490e-01
2.767482120324428752e-01
1.161132125394764986e-01
-1.958613174588582195e+00
2.269020461997739158e-01
-1.720327470474334458e-02
-8.036382311292815661e-01
-5.207117634075337197e-03
1.513995282460682601e+00
7.802660713160255446e-01
4.240632799783002338e-01
-1.593261636691381433e+00
1.292338557970358348e+00
5.652076155499911048e-01
-1.200802076216041375e-01
2.266659504694350513e+00
-1.272034554853903376e+00
-9.575892696276766536e-01
-8.986169746699189664e-01
9.279111152647689931e-01
1.010742244389064293e-01
-3.264526808915512168e-01
8.416163895383295124e-01
-1.117333314422463753e+00
3.565982158167171345e-01
-7.601602888540473502e-02
6.577774832226007673e-01
6.345424900210512309e-01
-1.074374834518227573e+00
6.906945240188593349e-01
-1.701797206362901937e-01
-1.365654632828070536e+00
4.913913338101223993e-01
-2.076269339382592616e-01
8.266877020977723145e-01
-1.828954439403147614e+00
-1.504721744605399092e+00
2.193147466265033332e-02
-1.359933626859961997e+00
1.941004316017394649e+00
-3.559878424654742690e-01
-5.393076927327010717e-01
1.936765899624476539e+00
3.456742133336940248e-01
5.729125074878163026e-01
1.154553087131381162e+00
1.883233717447532207e-01
-8.532830801130394938e-02
-4.169362901867894045e-01
8.937483059265695085e-01
-9.467313189734344325e-01
-1.015464856259499893e+00
-1.149753635788740125e+00
-5.790208671221892534e-01
-3.049686532344351164e-01
9.155554748036146551e-01
-8.369376343047379985e-01
8.740882338222670800e-01
-4.283903423608138861e-02
4.921448737843155952e-01
1.483311322509975605e-01
-1.000756270569979955e+00
-8.639539149968228360e-02
-2.050294359409998712e-01
-1.747530100913914142e+00
5.955353172250604787e-01
-7.737101435351592116e-01
-3.161308970316199507e-01
-1.302615582962063923e-01
3.023282113405536403e-02
-5.674344669051574197e-01
1.619211430427289100e+00
6.203297158386189558e-01
-3.607135115307958523e-02
2.454951930091659185e-01
7.876159848685875264e-01
-1.026087305709134867e+00
-2.117709219588828629e-01
-2.287795150740494221e-01
-1.849453717170508882e-01
-1.612750666112024778e+00
5.268669569190046476e-01
9.174958647909644549e-01
-6.996125830414161584e-01
2.112180445328925682e+00
-1.850978114788792039e+00
1.463570353814505953e+00
-6.809347433056588406e-01
1.210840996148432547e+00
-6.810101127034523527e-01
-1.087686158960248894e+00
-1.152056091598522736e+00
-1.087431095476734777e+00
-9.285705389964813428e-01
2.875484661539207676e-01
4.685600856489108290e-01
7.000873113342522824e-01
-8.799511431187133637e-01
-3.865083912419165491e-01
-1.078794781652418378e+00
8.572812268765049870e-01
1.121723864660749692e+00
1.444592927489739331e+00
6.624876504117588327e-01
1.133494835092584641e+00
1.162517654884112073e+00
1.271699054747219559e+00
1.244799690641684276e+00
-4.873546428528922614e-01
8.956123583067573390e-01
1.225262435411894890e-01
-5.313880217342097367e-01
-7.181823928118187261e-01
-9.773699613595935309e-01
-2.777362562837480731e+00
-2.295100323155422339e-01
-4.413764929228489176e-01
-5.027230501435627774e-01
-5.569370153526808087e-01
