4.167716904251705240e-02
-8.513631197279424301e-01
9.070179470273027622e-01
1.634058383032518824e+00
7.340896319687180149e-01
-1.809266602868513596e+00
-1.015762603184318547e+00
-1.674127174773459292e-01
-1.051448312908717986e+00
-7.722487412803396602e-03
-9.046871739206466811e-01
3.874636026961635338e-01
9.559742042290402253e-01
5.443957570132486046e-01
8.695561500483350859e-01
2.179327827517929084e+00
7.742934705264795658e-01
6.449415701282179558e-01
-2.247932048127421645e+00
-7.483714701781781775e-01
-3.933594173769518476e-01
7.424903285606286596e-02
-1.574079420654069361e+00
-8.992392934223792933e-01
-2.348808874318655260e-01
-1.368715067305946442e-01
1.091048565641832502e+00
8.198743920859061785e-01
-2.013295773761199392e+00
1.376081438780843325e+00
-6.077029877633226967e-02
-3.927162312218156481e-01
3.854008952316623771e-01
1.896639334304552754e-02
6.556752412562416588e-02
-3.899737551139389469e-01
-1.324110540984325957e-01
-4.654868424791716586e-01
1.168266467668334307e+00
-8.240806372322707629e-01
-4.015009788336839497e-02
-5.718053550064573498e-01
2.543975546828520784e-01
4.951376118547892169e-01
-3.740708747939179291e-01
-1.176833651597958275e+00
-6.085615479883759171e-01
1.844711493017718418e+00
4.130763516872226759e-01
-8.611758159503291044e-02
2.241933850953081453e-01
-3.288492219970174379e-01
1.131753553392679246e+00
1.452284123854113540e+00
-4.814683765791617498e-01
-1.071791640757312702e+00
-4.191733401018714056e-01
-6.727285680508962029e-01
-4.396798849015064875e-02
9.213926418157122322e-01
5.473469528756437219e-01
8.945738956216618964e-01
1.169042682300321490e+00
3.891772304988546094e-01
-1.279997596417869143e+00
1.235058296487252960e+00
-3.502133538698210535e-01
-2.402390340379509492e+00
-7.864907774367430049e-02
2.113469135835239696e-02
9.076219268308572952e-01
1.077868565862074135e+00
1.351900566142328675e+00
1.434273483911538083e+00
-2.935827122796530464e-01
-6.444838193761016631e-01
-1.087009812160950606e+00
-1.469825282073965678e+00
8.927320136816402352e-01
5.838167141144159911e-02
-1.780409320020968633e-01
-5.638907320453514505e-01
-1.745991142368376881e-01
1.729873288469540915e+00
-5.247041026482381909e-01
8.790785843373190023e-01
-4.101189075282891672e-01
2.034311305113352397e-01
8.067247344814528764e-01
2.287594782574339902e+00
5.857962635420345399e-02
-1.757679389930368041e-01
1.291607772782365160e+00
-5.897660026655224819e-01
-2.060534627412861752e+00
-4.982358784529444806e-01
2.556267685707301229e+00
-1.827654065903610570e-01
5.530417240385641087e-01
5.779794349936539372e-02
2.558049718519630478e-01
1.124375726469958536e+00
1.812806614358113633e+00
2.177222190392710477e+00
3.107288038387900908e-02
-2.333889754686839513e-01
-1.659845742283156678e-01
6.774550212084662348e-01
-8.757614414767475042e-01
-7.837396650100338091e-02
-7.443016576591081346e-02
9.900103143644983783e-01
7.167689397433729681e-01
1.439772465366190968e+00
-8.630696431375433075e-01
9.048547047868454873e-01
-1.883935740847721751e+00
-8.859836126250467681e-01
6.553468639495559911e-01
-4.967881645123684575e-01
7.774537464241942919e-01
4.212865820431265229e-01
-1.296893686947762747e+00
5.469543050997618394e-01
1.561833284659775556e+00
-4.440249322532177634e-01
-2.594616099170410917e-01
9.000555639172267419e-01
-1.853880410553789826e-01
-3.326080321437210330e-01
-1.202309886082496698e-01
-3.711546661173887873e-01
-1.544822030462963625e+00
1.459747331189772401e-01
-6.551475401215667294e-01
-4.207258054440456418e-01
6.262580207821875911e-02
1.517188393762749499e-01
-1.286197294039989891e-01
-8.941113036851530138e-01
1.405684286606571742e+00
1.460623665758854939e+00
-5.897474288861671576e-01
-1.629357224262076853e+00
-6.411186880956023515e-01
3.567927050851262272e-01
-5.038645368523013701e-01
1.350492568441489238e-01
-9.330748817833561803e-01
7.337365541457088192e-01
-6.829509346339704967e-01
-1.393432806739723251e+00
-5.985014518313426235e-01
3.001289900605647598e-01
-1.533934385716138049e-01
3.223622749952050892e-01
-1.698630488529788707e+00
-4.813609058104385552e-01
5.025003686153232119e-01
-2.659503686971081415e-01
1.581759069692425745e+00
9.971019833388913289e-01
4.554275625036788844e-01
-1.298747856479967079e-02
-1.157661266738448935e+00
1.679732051102694967e+00
1.312253306813811582e+00
5.175296683073037363e-01
-1.721701424299795224e+00
7.843786200101022787e-01
-1.144573445924090688e-01
7.039948836413874311e-02
-2.166324615830526490e+00
6.587337404462684232e-01
3.281580299751046259e-01
1.629240249649311911e+00
3.322094382654012246e-01
7.807300315591654549e-02
1.829582547469685183e+00
8.077487513877366077e-01
6.430078090526796242e-01
-1.891769874082674274e+00
1.073174101048662399e+00
8.875346650178689289e-02
3.076735056644488986e-01
-8.052912034576050759e-01
-1.979797210881535152e+00
1.444525023831531030e+00
-2.016806099358875171e-01
1.101579004646795479e+00
-7.722221737874730707e-02
1.991939894805636158e+00
8.454625734097698242e-01
3.924858099653487642e-01
-1.437119829603689780e+00
-5.222784773448280182e-01
-7.883587820462302220e-01
-1.456750311709889889e+00
-2.738491714245527286e-01
6.004998862436349283e-01
-2.198465217783607539e-01
-1.693694528268575361e+00
8.689657793764038463e-01
7.932408712058516276e-01
-1.580509604538268831e-01
-1.356358743599706429e+00
7.713937929783706293e-01
1.730634365503550098e+00
-1.670144528959211838e+00
-1.314117095814611336e+00
5.456772393215932881e-01
-4.800357394992247131e-03
-1.826673755466260651e+00
-2.439601971149883697e-01
1.535004270184580522e+00
-2.295796239028083940e-01
-1.165412834614027171e-01
1.285209055822960744e+00
5.176136139958765758e-01
1.786431378204601295e+00
1.129386550815208778e+00
4.815168738501580115e-01
-3.211124352392591974e-01
-3.123090984773915779e-01
-7.281345864266119960e-01
-9.874025150654115457e-01
-1.127527334442471441e+00
-5.409128682981829105e-03
1.122996205376834977e+00
7.623558198284188236e-01
-1.912058371872646712e+00
-7.760387186198298703e-01
1.104589106645839314e+00
8.933811573177760298e-03
-1.896307969346965050e-01
9.376128976404284332e-01
-6.071894937898918432e-01
-1.067950161769917417e+00
2.316206423998885822e-01
-7.715458835157936734e-01
-1.739623635310952876e+00
-1.719042788449141046e-01
6.932969389365349622e-03
1.984758666779244951e-01
3.058976195195802772e-01
-1.323867939940345684e+00
8.782658807582414962e-02
-4.832044996272524817e-01
-2.340073316930810221e-01
2.077525177942903145e+00
-4.283911677318986144e-01
1.254370986960163359e+00
7.372076244809596668e-01
-9.575214811389893832e-01
5.967096071760311093e-02
-5.774386205510004810e-01
-7.033398687741008182e-01
9.791030822261367339e-01
-4.711392196908215646e-01
-1.074138561464677677e+00
-1.209736575856514618e+00
-6.243201194196947856e-01
8.929361353315581895e-02
-1.621369394910896045e+00
9.392554578930448761e-01
-1.892446426189951847e+00
-1.101565827937582620e+00
-4.773474588803377494e-01
-1.533490432899957456e+00
2.835556249072972990e-01
1.101839917158932147e+00
4.593325368222525018e-01
-4.455532085672238019e-01
-7.827972667494040859e-01
6.359977842514861202e-01
2.532920621120365867e-01
1.221799047669628102e+00
1.330640367970426785e-01
-1.776342323225425790e-01
-3.595461406434861118e-01
6.468316459352660974e-01
2.771957080570786047e-01
5.140264107176488739e-01
3.869399672257390344e-01
-5.042573633601342420e-02
1.000861384617826866e-01
4.562265305300541307e-01
-1.097034099909748983e+00
7.109742919055849208e-01
-1.740340305107368923e+00
6.243239881952784565e-01
-2.690845049321347049e-01
-2.905460681992487193e-01
-1.529150356719914727e+00
9.400903458968939974e-01
-2.626034907415375486e-01
-1.333093201881907719e+00
-5.587882028368015286e-01
8.866566654274536941e-01
-1.572743779194730518e+00
