2.158280928125828058e-01
1.692318108499593743e+00
-9.911565949086488247e-01
9.755772417384597217e-01
-1.791833781369646036e-02
1.513490174702151858e+00
8.084382098796698557e-01
-4.152351853301299855e-01
-1.149681731668902307e+00
-1.104371096983755018e+00
-1.040257559980875435e+00
-5.952265838396305631e-01
1.142879656954701589e-01
-5.551278409447900630e-01
1.854369395834445600e+00
-8.161022413538925324e-01
-2.920691310042546340e-01
-1.674970809527518201e+00
-1.228310370705870957e-01
2.083351899978241328e-01
9.848252386602693864e-01
1.848905144359577202e+00
3.776397453408555371e-01
-1.776633913810678755e-01
1.586806008509596966e+00
2.093961505102866827e+00
1.113780850538711231e+00
1.806677320595050817e+00
5.546676299971957658e-01
-2.128630253330312083e+00
-9.349863359489244408e-01
1.865966090546056000e+00
4.052932564159880680e-01
7.899547463013912862e-01
5.096050288628298786e-01
-3.875599743179648504e-01
-9.066633018975228664e-01
-4.169341193981987437e-01
7.540887307044127352e-01
-1.791364708722903876e+00
-2.044811853234050972e-02
2.923396401926376509e+00
1.368369014166815889e-01
4.015625099672883169e-01
1.356246021300858251e+00
1.164320116511343928e+00
6.045310809070589819e-01
8.317306664480699219e-01
-1.781793848242787803e-01
2.660543291651848996e-01
-1.917168444639729907e+00
4.145674307510632262e-01
1.108949323973193790e+00
-1.388758060247199833e+00
-9.178306153840591897e-01
9.877496515759279783e-01
-5.919443367992530680e-01
-8.467418293408465191e-01
1.850199707095028512e-01
-4.051069131917319627e-02
-6.057489657366011970e-01
3.375906475915171900e-01
-1.293410491015723363e+00
4.213954154559749754e-01
-3.560513791023381946e-01
7.758620571506545938e-01
-1.665903157525224221e-01
1.755642241860427485e-02
8.272570557379990142e-01
9.873742560901438425e-01
-4.897302599576784932e-01
-9.696597507285867890e-01
1.451061035034173774e-01
-1.048839803070711341e+00
-5.765009302937175173e-01
-1.634148502654406254e+00
-6.463157128901583226e-01
-5.442509348405135672e-01
-3.479310451491663958e-01
1.102868903911205622e+00
-6.879419426329211884e-01
4.634656812992520025e-02
1.464666089620458855e+00
1.255358116523177303e+00
1.685468159653316922e-01
-9.337805555788687428e-01
6.073997451262941327e-01
4.884718173977194156e-02
-1.621078008087150746e+00
-1.131757981432181648e+00
1.041628052267511206e+00
2.550981406230627524e+00
-9.591560729120414130e-01
2.069473535471495415e-02
9.983417875344811065e-01
-3.428823880428961690e-01
-3.199460765079956692e-01
6.306625102388144777e-01
-3.977176587849320932e-01
2.935898446925325755e-01
1.505536630295704281e+00
-1.918619112308524999e-01
-8.303157442466314875e-02
1.175111613152993950e+00
2.509990985269813457e+00
-7.655660928291051492e-01
-1.027756963991605793e-02
1.621793984905048336e-01
1.129051733392139045e+00
-1.383531273786231530e+00
-1.953072224314209571e-01
-3.074099112639296361e-01
-1.102122063545712738e+00
1.503775676562306263e+00
-1.024319957752406696e+00
-2.649491089194941917e+00
-1.913313527473192027e-02
-8.939434952777042254e-01
-9.405764214500793308e-02
7.830789564110395284e-01
1.740664320752434158e+00
8.271268750561075467e-02
-3.283174027121232852e-01
2.029065916868563413e+00
3.479795088649519919e-01
1.030051581364026247e-01
-4.890652943993355206e-02
3.468707137415827368e-01
2.517127032286224919e-01
8.051319812021069389e-01
9.461970110756758034e-02
5.741033650911956387e-01
-1.138730210969808088e+00
-1.237888455855796987e+00
-3.122847147346112864e-02
5.701636244172945123e-01
-1.521001346178235902e+00
2.440148899291034290e+00
-3.078509107848941273e-01
3.471168719072031950e-01
9.372848405003748606e-01
-6.298937690598962469e-01
7.494519528970561284e-01
3.791495656848064000e-01
-1.070357604787644190e+00
7.712201232006812290e-01
-4.742717052109938214e-01
-4.769235831583568119e-02
1.091844163389462885e+00
1.153727485995807100e+00
6.089920854149788454e-01
-8.248643176278647182e-01
2.014088658159510561e-02
5.197433035765580689e-01
-5.892702394711522018e-01
1.065330601429778534e+00
-6.584335856041575452e-01
3.116694957012298706e-01
-3.343067401616072742e-01
9.650547037411729701e-01
4.568506938528645311e-01
-1.044354420238751358e+00
9.270532456891085182e-01
5.165357648579613770e-01
-5.628214198914948119e-01
5.761563856518568949e-01
-5.504212059919648681e-01
-7.210936224128847716e-01
8.383108491895329140e-01
9.606163610594078417e-01
-3.145645989779801699e+00
6.121096326284606315e-01
8.207909783503392065e-02
1.809884833090965373e+00
1.245787519989166370e+00
1.199791244664978773e+00
-1.029334656243388935e+00
1.166493457108034537e+00
-6.725388846694457801e-01
-1.969829010302685812e-02
-1.127497267753705262e-01
1.723611492841828075e-01
4.193287455909732730e-01
-8.661492850732193105e-01
2.082128539527805799e-01
1.085855356927169085e-01
7.297355170059436347e-01
2.538927255579823475e-02
1.667420887926882589e+00
-3.974307028499072247e-01
1.679479938664101002e-01
-1.785258684160468068e+00
-4.685284605741598107e-01
2.073227701613868490e+00
1.756767481310343548e+00
-8.653309778521962592e-01
-6.879891147854716449e-01
8.195755166759338683e-01
-2.322411962503129201e-01
1.020198541341520659e+00
-4.089032019789863859e-01
-8.654433993983431939e-02
1.340260206048671243e+00
8.926414697531285247e-01
9.290454829430643269e-01
-6.836104396649520520e-01
-1.505932348594942960e+00
-7.064622681548859452e-03
9.434043344061325553e-02
6.166021343051570902e-01
5.929270345608276260e-01
-1.757226979312030313e+00
-6.525105962132986548e-01
-2.967945097792157316e-01
-4.315664276365562269e-01
2.200422759185378108e-01
7.962039712908284272e-01
-6.003013567937492967e-01
1.164137012969043816e+00
7.291142547978480826e-01
6.789347775320179190e-01
-1.414558010948572697e+00
7.322394114614279026e-01
-1.939425392141820526e+00
-2.146321072845139621e+00
-2.183217964255969867e-01
9.718878665247950854e-01
1.897356779040193508e+00
1.500912106488045683e-01
2.602907393268187874e-01
-6.705497931747492757e-01
-1.560045644393518172e-01
8.939279577966842139e-01
3.841985677537790855e-01
-1.248223465110004371e+00
1.148055779243269542e-01
-4.226902303521945514e-01
1.207509841318081145e+00
-8.897497774907324741e-01
4.841276308739002054e-01
-3.644463671998100507e-01
2.041672096390017010e-01
-7.047028691205721174e-01
6.137918911314186460e-02
7.570837431104376902e-02
-1.876774751108063743e-01
-5.180391207827533123e-02
-1.211637803471680375e+00
2.676140320714359699e-01
-2.319272415596752346e+00
1.128235216054862544e+00
-3.037293171894983601e-01
4.782217204731952220e-01
-1.400785381801650520e-01
8.695485545268026861e-01
8.109905853446658375e-01
-1.710524579929218747e-01
8.610648907610589653e-01
1.742025189626708714e+00
-9.930207081598213525e-01
-7.648742472589922237e-01
3.444762926521963142e-01
5.624475805553615787e-02
-1.523559355604783949e+00
1.107373063059752250e+00
-1.356052209240731887e+00
-3.691862319970856676e-01
8.138562774920277132e-01
-7.782233232205140183e-01
1.073833740285030924e-01
3.602351867689909670e-01
9.815178373517873256e-01
9.737831306777975371e-01
5.474900894369054694e-01
4.644106935839221739e-01
1.014133223621601188e+00
6.483445129217130232e-01
-2.497170285126519840e-01
1.493317607708188222e+00
3.787480528984924488e-01
-1.667832758058364728e+00
1.631845445854628318e-01
-4.005338770337240617e-01
4.383677693468128189e-01
-2.039074114690933470e+00
2.163284763116804232e-01
-1.487167988748563374e-01
-5.752131745044730682e-02
2.339808930447235813e+00
-2.864746873770488977e-01
-2.481962914529169673e-01
1.429392280498031020e+00
-1.602360047307215263e+00
2.655076317644507466e-01
1.752247828426219289e+00
-1.234950340940669244e+00
-1.122211434801615670e+00
2.202791693745497978e-02
1.895173911336409223e+00
-8.624743168620834233e-01
