5.197678379996104603e-01
-8.278009017467605757e-01
-5.658567833372776246e-01
-1.005414126255820412e-01
-5.456068363850041791e-01
-1.037533026706576766e+00
-1.699504791316403418e+00
1.147644174442309373e+00
-1.042861594230306999e+00
-4.342073978497379416e-01
-1.617336936126002378e+00
7.160813024301339036e-01
3.965715068694587453e-01
-1.238252408103717395e+00
-1.815312283303708307e-01
-2.134205573045053206e-01
-2.108424892079371116e+00
-4.652821259575189439e-01
-2.844203083968886991e-01
-1.715436538065513217e+00
3.767432250124373994e-01
6.052818883625729063e-01
-3.510226375124819720e-01
9.373304540169003982e-03
-3.149168355354234894e-01
9.510618962317853864e-01
1.910577908740587749e-01
8.490515522686875594e-01
5.022870003546855422e-01
7.250598306564631779e-01
-8.653397521305732365e-01
1.486117031643540365e+00
-9.246173540137233582e-01
-2.457281949886595651e+00
-1.189748023720047509e+00
-1.566273478509603745e+00
7.985318816556886967e-02
-1.852755434946192326e+00
9.211022515148623580e-01
-3.264101901048838683e-01
-3.554279427309480766e-01
-3.965912133756281377e-01
-1.315956971462051428e-01
1.235838790500879414e+00
-1.049859163187948363e+00
4.860341505675289109e-01
-5.060252107354477058e-01
-1.135246949143524864e+00
-4.660316079760504215e-01
1.939098097920565755e-01
-4.146966397807677063e-01
1.354221219687955946e+00
-2.127085690782714866e-01
5.844193239102802861e-01
-8.793749896982075431e-02
-1.133100753827477547e+00
5.431234219404434960e-01
7.884487242621560643e-01
7.538002890769661402e-02
-2.400622748779388527e+00
-9.931259941899379662e-01
-1.884504364745521521e+00
1.653759062834244009e+00
4.422526554386169151e-01
-2.309960334740106092e+00
-1.139477114345914366e+00
1.361379031935914807e-01
1.089146726087680678e-01
-7.795499419664383423e-01
-5.830370288389483679e-01
6.822497125082784830e-01
-1.113964121923488593e+00
3.600979607269618188e-01
-3.711657506184838917e-01
1.392151897194767174e-01
-1.136251721164392769e+00
-1.664228030333104458e-01
2.695996621813724348e-01
1.270382151221932210e+00
-1.042820518607868313e-01
-1.181834515564717636e+00
-1.446259361961419243e+00
-9.917746167497835108e-01
-7.463434230162059313e-01
-1.569713753429479830e+00
2.337496758490136273e-01
1.350284296682697782e+00
-8.891479744493659965e-01
1.155586146549857141e+00
1.130024871561013722e+00
-1.529104084872585645e+00
-1.137059575417601387e+00
-2.310839579073165340e-01
1.278742676964876201e+00
-2.910840026296764374e-02
6.382114820017297241e-01
1.499381831333722326e-01
-1.966513054723897092e-01
-5.056560221151683576e-01
-1.464696722565501874e+00
-1.170451327202140623e+00
6.023897772021475916e-01
-9.104111238613184220e-02
1.342271494054557701e+00
-1.401481174810155217e-01
-3.469259082592976440e-02
1.394554226800974295e+00
-9.670731045184681740e-01
1.379505791606467691e+00
1.447830815668882609e+00
4.129412239200941359e-01
-1.147367855817357229e+00
1.194356380676766518e-03
-8.737118977346741699e-01
-1.070119803073496856e+00
1.773023504786195026e-01
-1.498082765492360968e+00
3.514734148608893247e-03
-1.304103120254177739e+00
-6.385869662553235182e-01
3.358209301154258530e-01
9.450078365095246902e-01
1.158462997607404121e+00
1.013590461557956068e-01
-1.560822909959546534e+00
-1.550782278483909371e+00
2.647798875840785479e-02
-6.687056782353992812e-01
-1.321626198576518529e+00
8.431595737299699689e-01
-5.006582148835203583e-01
8.879122000999783992e-01
-4.158530095032053620e-01
9.645081861098173670e-01
3.735753851617244492e-01
1.287605818864260732e+00
-1.874548952816802727e-01
1.261784397076473885e-01
-2.022880162091539591e-01
2.737634169444801424e-01
-2.024653992847069706e-02
-2.428730066860762538e+00
-6.391875314601918046e-01
-8.776765427476361792e-01
4.472873073114119191e-01
2.163966237318828423e-01
-3.364580112489845565e-01
4.476614846700264772e-01
2.946227552054134780e-01
1.020639976459983167e+00
-2.222785465707693420e-01
2.450578889219939605e+00
-1.179580280393923930e+00
-3.506964538102917694e-02
8.283356565439450869e-02
-3.654426419919110658e-01
-5.057579315820321525e-02
1.822404134383137642e+00
-1.038086041053270847e+00
-6.016534506834137624e-02
-4.036098109942543588e-01
-3.829579958913584270e-01
-1.179994589239951597e-01
-1.237288467454206620e+00
1.607337799107482201e+00
-8.505688885051071457e-02
-2.335313768738582763e+00
3.102294366385769941e-01
5.120323294916717671e-01
2.756537295213478123e-01
-8.452069875179575309e-01
1.646336514401662843e+00
1.241357896137776917e+00
-1.698710121527365446e+00
-1.996206788906098872e-01
1.653168367564568531e+00
-1.185369288443208990e+00
-1.225957546360837203e+00
-4.832815025724869762e-01
-1.773403771138188478e+00
8.699647828912353553e-01
2.812114849186189591e+00
3.913516282484212905e-01
1.107043635843818707e+00
1.174787255094048133e+00
-4.537158287963885539e-02
-9.126741296249717417e-01
8.637601452847630812e-01
8.125301982286380342e-01
1.106925512948953472e+00
9.466751507764311624e-01
5.682410672527711260e-01
-8.758510569007971203e-01
-8.059654176006540993e-01
7.309283512522450899e-01
1.404424179616853507e+00
-1.224384945223817356e+00
8.178562434277916182e-01
-5.844149389614790024e-01
2.461843579480268475e-03
-2.860109225671519234e-02
-5.555744474945253364e-01
-7.239130284068630294e-02
1.945936978023247999e-01
1.966299073226081551e-01
4.821185615628120064e-02
1.478650169686226423e+00
-1.281610001290181211e+00
-1.020450380951813063e+00
-2.566222208082368450e+00
-2.015375476104979580e+00
-3.874038832472749272e-01
-1.483667457820048163e-01
-3.700907922280952111e-01
1.152761158567953970e-01
6.312197016526800430e-01
-8.256969473984864250e-01
-2.201629709339201213e+00
-3.845878723496682916e-01
-9.484549523464675946e-01
1.775619204401295281e-01
4.831635155320647135e-01
-7.569653004495662252e-01
6.339471306857642485e-01
7.699871444210685256e-01
7.669582263388002863e-01
6.666781408125626029e-01
-8.366676823478582659e-01
-2.502032425033623997e-01
4.879350717957365857e-01
-6.702963704242038689e-01
1.727802022413392091e+00
-1.000412703823425065e-01
1.275992288737272939e-01
-8.087053331152825875e-01
-6.103320860602441389e-01
8.175071249812223551e-01
1.333313522987138455e-01
1.089437756109900679e+00
1.204170149536169937e-01
4.224895740051180515e-01
-6.014212324959600231e-01
2.734756522125291744e-01
1.148936673821658649e+00
4.147050405884087909e-01
1.026472191974770798e+00
-1.324817503961775556e+00
5.196131571499220669e-01
-5.204495327574840680e-01
5.980107554230901235e-01
-3.683718049785911774e-01
-6.298499671269314204e-02
9.724068463407822271e-01
-1.793444253402849187e+00
-1.216427391887563880e+00
-8.727944025664187144e-01
-1.270087870480775427e+00
1.657372921811415489e+00
8.196959702966404304e-01
1.360044209514332803e-01
-7.510798818792612241e-01
1.559820141137350458e+00
-1.387152412892909359e+00
-7.386820538191203322e-01
3.225390548818213299e-01
-7.380809377488009027e-01
-2.766622074101648954e-01
-2.281745414154837448e+00
-1.099429861205088788e+00
-5.512990912389986731e-01
5.735518648800508323e-01
1.378323500525284739e+00
-3.248824720244287145e-01
-3.680694211465130317e-01
-6.321103278066840803e-01
5.038983851833298555e-01
-1.024223897345158285e+00
-4.460492936083038651e-01
-8.967966753198357566e-01
-4.142537123104395036e-01
-1.287190982054524868e+00
-8.619562392284528807e-01
-1.022766692180338222e+00
1.545500849242947172e+00
3.512360495608151112e-01
-8.085334511393210688e-01
-1.695735689683595337e+00
1.225459808423545072e+00
-4.061106071649720622e-02
8.874510274961001643e-01
-5.933850316084905430e-01
1.201383073575847060e+00
-1.229580846540964778e+00
-4.568008839869322490e-02
-7.017608612569611326e-01
1.472632682200133436e-01
1.421235973279751930e+00
1.319550620420377962e+00
1.057651364741033495e+00
2.454271270135835348e+00
