9.975902544894407198e-01
-2.431927891362534400e+00
7.397155939915832368e-02
1.460810287657260176e+00
1.107320612640874558e+00
-7.214357469748845508e-01
-1.629725844281874891e-01
3.407158747164689139e-01
1.346384826075379681e-01
-8.219685485523920976e-01
2.966372693636110114e-01
2.814456906994574625e-01
2.096378536683084270e+00
-8.788088014750314314e-02
-3.403376842759282539e-01
1.049492622063382813e-01
-6.176381592291556588e-01
-2.402854088081231243e+00
-2.566272278717671163e-01
1.346403507264551713e+00
-2.616470856401868425e-02
-9.464187131304729883e-01
6.715191354762213294e-01
8.647822847978881011e-01
1.193849897601233084e-01
-1.110072594850127548e+00
-4.505709774342344098e-01
-1.411996301569922840e+00
-1.256291565504613406e+00
-1.419980652643779928e+00
-3.138955152765754170e-03
-1.013147204919605082e+00
-6.294432674255253657e-01
-1.188957993547998138e+00
-7.496178320897195491e-01
1.487630391939741281e-01
4.299862065916839060e-01
3.723812884709846727e-01
9.535121595409584705e-01
9.566208344379496797e-02
-7.020898603096449586e-02
-6.797531437515577091e-01
2.773304357763015648e-01
-8.267837263462022301e-01
-2.280029408122378864e+00
-6.724293172313557942e-01
-4.854422694775770708e-01
1.239045147059008034e+00
-2.254841584971251367e-01
-1.077910474797864726e+00
-1.905882787941027390e+00
-1.505654891992321831e-01
2.244312375625200917e-01
1.264733564676196798e+00
5.599489188741954004e-01
1.026323570425258236e+00
-3.567918328415763951e-01
3.392861273499132024e-01
2.838928653775810163e-01
1.281691729613590569e+00
-1.987716241412546436e+00
-1.174366815945671272e+00
-1.545551435849472410e+00
-2.056787144756476449e-01
8.457391323971996666e-01
1.203417506630869299e-01
1.579952165067307623e+00
-5.465863274869753319e-01
5.432605232390994576e-01
-1.776738573991374359e+00
-1.846756373501108106e+00
3.349594765990513562e-02
6.192901041295020281e-01
1.207328493495346100e+00
6.080907383471717553e-01
-8.852357992746623383e-01
1.670052718410792947e+00
1.916418212171721591e-01
-9.131664770583756141e-01
-1.026945390258068525e+00
1.186663930395850386e+00
6.983917083109462132e-01
-5.320658376593591088e-01
-1.242168969626723796e-01
-1.057475064213630328e-01
-9.490227146417814022e-03
-1.309394963823520053e+00
1.194468847486126029e+00
1.144672035361095908e-01
-1.483504803814181150e+00
-3.399816039070510110e-01
7.673670216001887701e-01
2.364996110146303232e-01
1.951171186727038931e+00
4.076336058405951035e-01
-1.090451886410732409e-02
1.215434410208591776e-01
-1.191492760524693661e+00
9.200868183577182169e-01
-4.066832646964469999e-01
-2.622810871048029124e-01
-1.067944122508029281e+00
-5.522749607590306947e-02
-1.020658500988461531e-01
4.465861520240179683e-01
-4.691457704144150892e-02
4.907259380983809982e-01
1.534977318794822798e+00
5.447187091899599043e-01
5.479099354728498295e-01
1.886737665112679707e+00
1.450119278852155080e+00
-1.630527517431520801e+00
-7.692748139078895431e-01
-8.365773893029674335e-01
-5.540323279053512850e-01
-3.679993776331079158e-01
3.821435097973743811e-01
3.613296054727642148e-01
4.170008514002302574e-02
-1.832178932023824869e+00
-3.977034782743009700e-01
-7.822163865382968373e-01
-1.480516925719976618e+00
-1.340096174791860217e-01
2.753738810159762629e-01
-1.359903451501339455e-01
-1.423349342113993110e+00
1.346710313665058889e+00
-1.584277455093029641e+00
-1.357971643731317624e+00
1.178516499415309005e+00
-2.469523555924985070e-02
1.355650157731606242e+00
-8.737540448964297157e-01
7.312882059988252692e-01
7.599112583356799622e-01
-4.218811611821045027e-01
2.025356781389477945e+00
-6.926915663382914035e-02
1.696267860640226832e+00
-4.607373849193071580e-01
-2.364578096984352729e-01
4.710632420137800258e-01
3.559794916767470840e-01
-3.012774207859713615e-01
1.178586247006996546e+00
1.230726089635021836e+00
-3.291500985065484719e-01
-9.815473514517831025e-03
1.287416416764326721e+00
1.265685157579050368e-01
-8.761427746884721257e-01
9.458650290029121943e-02
3.718921410120540338e-01
-2.248758161409787792e+00
-5.283393767375253736e-02
1.154208230520764822e+00
-1.565645625294622700e-01
1.312447715438340490e+00
-3.486643302200687078e-02
-8.276007522240061975e-01
-1.995375704542696083e+00
1.637068206761771894e+00
-4.199100372527609371e-01
-2.246167966352762002e-01
2.332283706666211324e-03
-1.576289715762807297e+00
-6.671210731657862825e-01
5.598103163635868018e-01
2.517497071773401096e+00
1.493815967078063744e+00
-1.661926504832673401e-01
-2.742791844296823753e-02
5.830855307042009938e-01
1.156456270614422799e+00
-1.567868181669843874e+00
-5.592105250662483540e-01
1.175956408020603527e+00
-1.343588250501817294e+00
4.839117264249529482e-01
1.915730189874156608e-01
-4.543125429451428388e-01
2.514432089794228276e+00
1.846733085171451960e-01
7.621134492066622412e-01
-9.431409886037059320e-02
-6.997782658581669368e-01
-3.219470751362962235e-01
4.308069516805377863e-01
5.220314207120893002e-01
-2.041919931806214006e+00
9.397732716471470793e-01
-1.470244391460322708e+00
3.792216136490940692e-01
4.935497055583349946e-01
9.764666997011889338e-01
-2.015228769434674050e-01
-4.731063028662892966e-01
5.556885711986714327e-01
-3.926646434928925955e-01
-1.181308424574694538e+00
-8.680147361253431892e-01
-5.195702483813923189e-01
-8.460356162013603631e-01
2.197280409274597335e-01
1.827582340278842921e+00
6.441009657393245158e-01
-5.139763519693423266e-01
5.164306336852826362e-01
1.021811318723563788e+00
9.367624336329326562e-01
-5.827828970861507196e-01
2.593955698571256407e-01
3.268053802371039263e-01
-1.135579526235439340e+00
-3.885740090391439638e-01
4.020760975936821247e-01
-8.269667958640869454e-01
9.782619419495634794e-02
1.229194826377732475e-01
7.621488891557522960e-01
4.469680582187012252e-01
-1.040261491813545269e-01
-3.478441647527364712e-03
2.376945259210201111e-01
-7.587782145007121448e-02
1.418235238668729359e+00
9.266193050800579645e-01
1.356525680962634484e+00
-3.859611730350623882e-01
7.388893658228123940e-01
7.164754182714040687e-02
1.510078694964411550e-01
-3.246522030349955346e-01
9.434327526646751894e-01
-6.574467629695062154e-01
6.172754090763796775e-01
1.149651971488975466e+00
-3.991274301939154445e-01
-2.524743252032937146e-01
2.117892500667168942e+00
7.207121912801400798e-01
-6.101227102449323647e-01
-1.000290587943332143e+00
5.848475875210769059e-01
7.552197470725576789e-01
2.072635473525942462e+00
-5.057563240571054664e-01
3.535869659643116614e-01
1.433395398255837283e-01
-2.650407026149053658e-01
3.489473158089992366e-01
-6.641117411543311366e-01
-8.682802241702719526e-01
5.122127603271443841e-02
4.418730994782480437e-01
-1.336433944394260109e+00
-7.228629468535452407e-01
8.684067383035887211e-01
1.174850120654619134e+00
3.572495806257558471e-01
9.156356450281450191e-03
2.147142753775072244e+00
-8.289844052090650228e-02
-4.445257591517212670e-01
-1.034364431002042561e+00
1.496607227462953826e+00
-1.372127389188876334e+00
-1.112041937514464743e-02
-2.093007960188078442e+00
-1.783486799818817081e+00
-1.265250353532388239e+00
3.375678611050976219e-01
1.141334497723974772e+00
5.940052352602215313e-01
-1.311926559561503280e+00
-1.848424432526106331e+00
1.209856755938813144e+00
2.185221161456097239e+00
4.151590763244289439e-01
-6.733231193592115194e-01
-3.370328352782316766e-02
-5.079223834343612465e-01
-1.589519098249527307e+00
8.816980859971131901e-01
-1.338266245787677722e+00
1.198645785804797415e+00
-8.724235345037040235e-01
9.818525100021059382e-01
-1.102585842840912322e+00
-6.943151761499384289e-01
-8.820510589429115811e-01
-2.417481019461656722e+00
9.676857379108454449e-01
1.470592578017545227e-01
-4.333871074024615022e-01
8.636473248604328301e-01
8.356907460358974360e-01
-8.695062920671283724e-01
