-1.720950594438528103e-01
2.101723788920738800e-01
1.035412812324068677e+00
3.217763104214998449e-01
-1.356469945897953222e+00
2.485770188014508886e+00
-5.685424418361755272e-01
1.401476235293152239e+00
-8.776751864625581545e-01
3.966977726450376385e-01
4.526930229611562662e-01
-1.265799939167931765e+00
1.109743529647807980e+00
1.014641935239494641e+00
9.335930468837629892e-01
-6.535600145451853082e-01
-1.846298687377254000e+00
-5.868572715657532912e-01
1.787722400740295647e+00
1.903991526137640555e-01
8.889103840232101539e-02
8.687014145493345829e-01
-1.172442849356716971e-01
-8.754315804899679421e-01
-5.428362739545837812e-01
-3.597891845549810452e-01
-6.384192390590293087e-01
5.466816864657443320e-01
-5.653445224180948525e-01
-9.770086471609690237e-02
8.357447115708251106e-02
-7.112511200724649929e-02
-1.451230326182426422e+00
8.105382928922518285e-03
-1.278997962023821211e-01
1.062916593788268527e+00
6.687543580858583414e-02
3.348120210618401038e-01
-8.923889627620003040e-01
6.520691179801038073e-01
4.390092528682382755e-01
-7.241090175709354870e-01
1.601095788804643094e+00
1.151638175649517315e+00
6.224654133405278511e-01
2.327246747334501265e-01
-7.031204051668500377e-01
1.747690695763715274e+00
9.259815594283616891e-01
-5.115144006612453165e-01
2.198867616529947555e-01
5.876228065559547797e-01
7.783101222720997248e-01
1.066359696411916524e-01
1.014162095431149879e+00
-8.646384778379087033e-01
1.683599792767506820e+00
1.313804802066583122e+00
9.858605309329488975e-01
-8.369576534219568265e-01
-1.202917518716360989e+00
4.806290557542742259e-01
2.961255341245262462e-01
4.941746043010015327e-02
1.064830016995969908e+00
1.951897404572791594e-01
-1.980705982100018081e-01
-1.024690971136279494e+00
-1.054981869646970827e+00
-8.253139982177085110e-02
1.762346868463066762e+00
-6.956695612775957993e-02
-1.629427969588880254e+00
-3.333004791659769928e-01
-3.405369976542780286e-01
4.258314354838632632e-01
1.407427842643085070e+00
-2.261809939939810332e-01
6.374259888974478372e-01
2.640299382375490556e-01
-2.812338976723932404e+00
7.765260869866126292e-01
-1.664414717364597118e+00
8.953210537083475806e-01
-1.308681390371434050e+00
2.155629870971329964e+00
-4.488102252931464031e-01
-7.269285444573018173e-01
-6.330085726294590875e-01
4.077775778743069485e-02
7.478937006294726908e-01
4.804687486116662187e-01
-8.755328688339466536e-01
-2.658273044137779095e+00
8.009341416610869790e-02
1.147155048249025588e+00
-1.164659271830643217e+00
1.052502273790547171e+00
1.030097926307757206e+00
6.573784667596543896e-01
-4.467301907574427466e-01
-4.783954908106341497e-01
-1.529578535445994980e+00
-9.431677727161948133e-02
1.978903261118167278e-01
-7.225442942894872989e-01
3.400183898677067856e-02
5.930408735497586514e-01
-9.273772295859192827e-01
-2.764854358795719169e-01
-8.789796895986535796e-01
7.634184014663542017e-01
1.297934777898271053e+00
-1.602762366912232062e-01
9.105577079644007199e-01
-1.111796146386871076e+00
1.014254052228410252e+00
8.462839495719859384e-01
-5.786922097683059318e-01
4.447622567096076174e-01
6.191192839074193266e-01
1.178176748224420978e+00
-1.207269069253508853e+00
3.793312132123113304e-03
-7.899965338081066379e-01
8.969632208757525316e-01
8.616629430027197278e-01
-1.630754829774481440e-01
2.129990550674507876e-01
-2.693433103646691862e-01
-1.341945870924194373e-01
5.358729302206501899e-01
-6.662650526436613152e-01
-1.194676016696989196e+00
-5.703977523313373821e-01
1.324497430998603731e+00
5.055308939636156129e-01
2.096418471326245026e-03
-1.035078216742387092e+00
1.005842022226269172e+00
-8.892010097637275123e-01
9.993585099602283472e-01
5.215118557720117565e-01
1.687103663905964224e+00
2.946011519565965298e-01
-1.022469017450325257e+00
-1.287151964224395151e+00
7.241956560671714005e-01
2.479746815727339904e+00
-3.077809642634210877e-02
2.612276483701746477e-01
-6.054583863936456867e-01
-1.414303522242421396e+00
-3.890350540164480009e-01
-4.032732755010371983e-01
4.415133507637157284e-01
2.585797536142251385e-01
-8.686973843793650563e-01
-1.262728536389285505e+00
-5.224525164974656022e-01
-1.137884749770249754e-01
-1.177439567810244919e-01
-4.841142763273770799e-01
4.464126318014366990e-01
1.059054978544612169e+00
-2.592525738850746109e+00
-4.021728435639851384e-01
1.015997505444794502e-01
-1.133398299555729849e-01
9.293500669141609993e-01
-1.998201585902138699e+00
2.049610874803858618e+00
-2.749874034821057633e-01
2.057836229081519530e+00
-4.059230567965967929e-01
-1.211732650282395962e+00
1.662374352382188336e+00
-9.559922799408754335e-01
3.196874536670415989e-01
1.063634772731691047e+00
1.054102413388762871e+00
-1.328452564263762792e+00
-1.355790074387792199e+00
4.605212559114121168e-02
4.857080511972938774e-01
-1.453002165189527739e+00
1.578561165500444341e+00
1.021252824691792904e+00
-5.329190680361718391e-01
2.929257597003551705e-01
1.627740045564340265e+00
7.878987478879988515e-01
-1.895223824600130946e+00
9.237158859505183450e-01
7.167370365921377218e-01
7.690616756260092446e-01
4.559555221041050599e-01
-2.490874283867706040e+00
-3.351799157569069765e-01
4.726526836147796895e-01
1.002622284619056892e+00
-9.351208408968749719e-01
-7.153465187071945675e-01
2.235915664335079267e+00
8.376131090631901976e-01
2.748283407689802171e-01
1.381738868249108521e+00
-1.158806608027908469e+00
1.192154046000587053e+00
1.352496145118597948e+00
-2.340309974594523723e+00
1.965680259868325619e+00
-1.805786503954771804e+00
6.962462062872495361e-01
9.481405841434611959e-02
-8.369188575701402844e-01
-6.105478777345472174e-01
-1.750765006095960752e+00
-1.962008862071093152e+00
-1.224850036330563663e+00
-2.772963541537729615e-01
8.422989629485924112e-01
4.353729226672243269e-01
-8.731519848094803082e-01
9.999908478201510187e-01
1.295197133900601871e+00
-1.150619321059541011e+00
-8.876176651882711210e-01
6.745341643646928231e-01
-1.834186071492253323e+00
-8.788358829841852460e-01
-9.750919939874160836e-01
-4.126124717267820596e-01
6.510524238345533066e-01
1.740099175232374451e+00
-5.194466650031863419e-02
-3.335481504188900770e-01
9.507009858077955511e-02
-1.922967696494906342e-01
1.755353111249118747e+00
-1.870637917881830425e+00
-3.882804344379179318e-01
-5.430012272506642423e-01
-1.563513410121321057e+00
6.217025291517310759e-01
6.368650121664874986e-01
-3.362808447807739687e-01
-1.636645390192830174e-01
-4.496229434074704989e-01
3.373736438846309804e-01
4.954208337302096199e-01
-8.095338714214926901e-01
-2.071433266912557636e-01
-2.327422208580088303e-01
-4.916024001738660831e-01
1.452763342893093335e-01
1.165939951769082494e+00
-2.798367928660283610e-01
1.912082806377836675e-01
-3.865738627252230941e-01
3.550446929354844072e-01
-1.594140003687652685e-01
8.236346391289477431e-01
1.083558866942069043e+00
1.785391811123710371e+00
-4.148035041669900780e-01
-1.000637353342663516e-01
1.442243351626907866e-01
1.257275658186563616e+00
-2.088120499377782990e-01
1.009723847645903200e-01
7.429980996243210623e-01
-1.536502101165710732e+00
-5.322158307197079052e-01
7.527367330281736768e-01
-1.254247206090087108e+00
-3.069083809039976352e-01
1.053188377701106626e+00
8.465939261989264830e-01
-3.134765344803078779e-01
3.212719412295312327e-01
-8.356020288460231926e-01
9.100912165985836078e-01
6.850111778319463440e-02
1.092214569236277688e+00
6.627656774337116197e-01
1.095300805931433752e+00
2.221869581642518465e+00
-1.091587806820239814e+00
2.765880849210610171e-01
-2.150962736898585637e-01
-1.217427181577088291e+00
2.855058341278917181e-03
2.061230163723831055e+00
1.180843346608652755e+00
1.596862761949585208e+00
1.253503382813786038e+00
1.280808505747244586e-01
1.219707488916007110e+00
1.624617393063489290e+00
