-1.112526446210142961e+00
4.724858011890897269e-01
1.852140878328100593e+00
-1.262429302596887126e+00
1.094210836430733469e+00
-1.918642032299459732e+00
-6.130597181315851074e-01
-1.308021434879459211e+00
-1.442531998375067070e+00
-5.521811521963370523e-02
1.220708875018370776e+00
1.903975804137935990e+00
-6.954988520534098884e-01
-2.967209636820027807e+00
1.461499797631132580e+00
1.947257313188972105e+00
2.673283445309300177e-01
3.500389244355793239e-01
-9.977222410440489409e-01
-7.915028742291750907e-01
-2.198741962664907401e+00
6.495334899704550136e-01
-1.551813550329947278e+00
-1.424220553500930242e+00
9.998713808344307230e-01
-1.122076059367788314e+00
1.564303682150859576e+00
9.498295697490755085e-01
3.378367295610795185e-01
5.683179992886320253e-01
-1.748805333612628854e-01
-8.787518405422521939e-01
1.743281973825167697e+00
8.263661265801258704e-01
-8.322810753015152940e-01
1.361811955957332732e+00
-1.159218597494504344e-01
-7.885262293865542560e-01
-9.400894659702344613e-01
-5.167680269438037488e-01
6.902633536680188309e-01
-5.241219837391022374e-01
-7.766514848238175173e-01
-1.566869770140269791e-01
-7.054237132502710894e-01
-1.183515104328513035e+00
-2.677263135344165601e-01
4.420844705114633788e-01
-8.314861567845501789e-01
1.138223209678880465e+00
3.905520570502110655e-01
1.583800926713043955e+00
8.618075404168559217e-01
7.176021973030807244e-01
-1.284642563835896478e+00
1.871471666316105176e-01
-1.869861078864434756e+00
-9.833659470800181213e-01
-6.846005251362271560e-01
1.529266852951467193e-01
4.295245379128608820e-01
1.072795546881747386e+00
-5.079719439189824826e-01
2.796782178558387955e-01
8.064134374949220863e-02
2.383550557923062585e-01
-1.073371680789737104e+00
8.638972340315548282e-01
-4.510401805106449835e-01
-4.287345484824312547e-01
3.973284187248811716e-01
-2.307942837772647138e-01
-2.137991991652195445e+00
8.798803917581146106e-01
-1.047540416368995198e+00
1.616853178332230412e-01
8.986931675078958792e-02
7.508344108713824738e-01
1.987751866226353248e-02
-3.770803824682235073e-01
-1.797688648989104188e-01
1.699436063678906539e+00
-8.857047453125386216e-01
1.348720179731031088e-01
4.668139206154969245e-01
4.180419839396993242e-01
-4.045126755431607268e-01
1.576024854825889943e+00
-2.537739558372967275e-01
2.308056464531301089e+00
-1.525171866197049253e-01
-5.342940450539613861e-01
6.334895027329560113e-01
-1.337181567754262002e+00
-8.390656181560371962e-01
-3.006918378496841182e-01
-7.109616293826276356e-02
-2.452981673457952372e+00
3.809848536527033480e-01
1.745311737174744804e-01
-1.027297471871683632e+00
-5.624560242863312076e-02
6.916614555082027938e-01
1.690996532431195964e+00
1.802558730707194412e+00
-9.696250240962152045e-01
-1.348696144323464387e-02
-8.974486922566304870e-01
1.121648064610270001e+00
-1.558436033170749746e-01
-1.727328568658528463e+00
1.479540657387314884e-01
-7.663420721189759810e-01
-4.304130355053753521e-01
-9.650635824941659058e-01
8.694549702940651548e-01
-5.949644515582255266e-01
-1.726076129877061049e+00
-4.310427071805841281e-01
-5.025580627707418868e-01
-6.202480039824521257e-02
-1.429975260762815115e+00
-7.808350595179066600e-01
9.716696517704594138e-02
3.498022390832024597e-01
1.031894579684220492e+00
7.864652644070434517e-01
5.747755434703356592e-01
-7.074595310861589992e-01
-1.278743810067272779e+00
-9.533006834625501469e-01
1.812868038840231844e+00
4.812910407027118920e-01
1.812898391818996480e+00
6.750348743614189573e-01
3.329874695827870212e-01
9.101183718762589914e-01
1.402693471430928707e+00
-1.684244983996020517e+00
7.247238322050306158e-02
9.754465228041779845e-01
1.883464289762427357e-01
-9.221705970708989897e-01
1.395602290142446744e+00
1.891823620807015827e+00
-4.413689855894143421e-01
1.940504231885422648e-01
4.523148495411425940e-01
9.475202850052806269e-01
2.040401592030415046e+00
-2.303781771419987356e-01
-5.117627024129019903e-02
-8.198161196179100108e-01
8.732915682101167754e-01
-1.075656533494896649e+00
6.022800186127592603e-01
4.962759653106688790e-02
6.457728208462591990e-01
1.107873948016306481e-01
-4.169044255403656085e-02
-5.136799428147101887e-01
8.841753852944075343e-01
-6.026217363542404337e-01
-7.343163420177352130e-01
-1.476843814912895292e+00
1.099285674912469535e+00
1.081541106442938993e+00
1.403555905016819594e+00
-2.466787860436834567e-01
1.459815287625875646e+00
7.598938875698844908e-02
-1.270130409771587088e+00
5.738674550147103703e-01
5.922813092410647018e-01
8.707559743901056581e-01
7.357470772749503674e-01
1.441060366238627877e+00
9.553689057381528071e-01
-1.031472649949911835e+00
-6.991507878118183861e-01
6.979590865650461273e-01
-1.189259265740639504e-01
-1.245681224316040892e-01
-3.010519461608089364e-01
1.881857920840914078e+00
4.194211074170415277e-01
-9.599058757202466596e-01
-4.750018874718609507e-01
1.469413412726396917e+00
7.281009910566272891e-01
-1.521788064800601692e+00
5.316164267728787918e-01
6.792039413814261462e-01
5.316020657378486280e-01
3.130245451473150919e-01
7.601737331532303354e-01
-7.436626412272435704e-01
-2.395332328403956476e-02
2.594543830238166260e-01
-1.032602111314679660e-01
1.089403986391288770e+00
-9.749182590544327454e-01
1.126026501719170403e+00
-1.241932874876498616e+00
1.968680710720009663e-02
1.294915654261716564e-01
-6.430676389455695086e-01
-1.105085132899535028e+00
-1.240313009929560950e+00
4.726864044279859844e-01
-9.581980800422088551e-01
1.310264492137216130e-01
-1.860063499499924056e-01
-4.584762939036036156e-01
4.013791265001785957e-01
5.728558173828687261e-01
-1.254472105575072050e+00
-2.156752802799020985e-01
-1.279777544348486451e+00
6.705579619687500603e-01
-9.115998128435396364e-01
-7.452518517016198940e-02
-6.421598575010577514e-01
9.851676086087036710e-01
1.566541026311513596e+00
9.691256723218052427e-01
1.892264531796141069e+00
-1.098049925498497670e-01
-4.509960968195383946e-01
-5.636753841901702700e-01
-5.592021042207228065e-01
-6.623365748510957607e-01
-4.341857064428682467e-01
8.239689936355983901e-01
7.672552918770931818e-01
-5.666682708953210135e-01
-3.540871132668443333e-01
-4.179189271670330497e-01
-9.543936106414026288e-03
7.652882727572112298e-01
-2.698007890503589246e-01
8.660614339153117625e-01
-4.867996475238908771e-02
-2.061966629688206376e-01
-1.355800145402537904e+00
-2.707302050617492739e-01
4.765806721027053272e-01
-3.141065613059096928e-01
4.623035939129908622e-01
-9.187452746073211385e-01
1.605221132599147449e+00
-1.826266806185580238e+00
1.301524865676155773e-01
6.440645965761683245e-01
2.318231074627198629e-02
-8.826898350626247169e-02
1.188439117036396819e+00
1.164855152702638286e+00
2.001714281091183101e-01
-4.823635879200314225e-01
3.892313479363536666e-01
-6.109007311111359639e-01
-1.961985253974406929e+00
-1.667422594084856824e+00
-1.076830297561905958e-01
-5.319160432890890355e-01
-6.458107420214458383e-01
-1.946220231036905446e+00
3.115571416544461042e-02
5.753564059201317082e-01
-6.467810417512996901e-01
2.034240564125786577e-01
-6.494287479460336687e-01
6.686090504024119752e-02
1.722821340005782631e-01
-4.613910146922750033e-01
1.020007516815856219e+00
4.114366926155728077e-01
-5.808441847255404328e-02
-1.722049155290210409e+00
-2.218351097230011337e+00
-9.349037421895374234e-01
-6.235699437829019809e-01
1.313358053399236725e-01
5.768823021470428358e-01
8.014651593301077570e-01
-1.453931017255591041e+00
-1.420964616330633090e+00
-1.052996415679602782e+00
8.504177321138256529e-01
1.019690015144186335e+00
-1.981811278806411725e+00
2.014458551215680404e-01
-9.122697466691088719e-01
1.027175984372267203e+00
-1.564553423500832485e+00
-8.695183702768756184e-01
-8.931038309078332960e-01
1.409829521645813655e+00
1.234681836882832284e+00
