-8.631118999602489517e-01
-9.629397049745669346e-01
1.062460494890969109e-01
-3.651741238282565916e-02
9.792937764099753917e-01
-6.683912863890465461e-01
4.032471706470767692e-01
-5.334749160999424644e-01
-1.167666362426401205e+00
6.431412887630925113e-01
-8.863410402801961130e-01
9.481284808649220741e-01
-1.472434265107422924e+00
1.892208596234036477e+00
1.453381290708369022e-01
-2.022339305651657870e+00
-3.963195525035453914e-01
-1.472013959536528915e+00
8.681201455027972580e-01
5.402867242472405573e-01
6.264996586916402044e-02
4.531037337087597816e-01
3.989344871557088945e-01
1.778599135011910581e+00
-3.067884481376581540e-01
5.347259625010000184e-01
-7.484344797528739157e-01
3.598269516553735392e-01
8.684667362684820313e-01
-3.748364274596007739e-01
-7.440170923050397622e-01
1.226310231441067433e+00
1.524272346344955453e+00
-4.485501162690542776e-01
-6.915059360345825468e-01
-1.242505630404914019e+00
6.300733644289894242e-01
8.991704547702472627e-01
2.468150597816499425e-01
1.053012178799639237e-01
-1.219666929838605141e+00
-6.612312668828858042e-01
-5.230035595836215467e-01
-9.487466114617393309e-01
-8.425649610369323472e-01
-9.910284008278996692e-02
5.251362780336340519e-01
8.960015802088898695e-01
-3.208924148788155906e-01
1.134517029616231243e+00
1.068681932610767715e+00
2.144253388485079181e+00
-3.341781782669638878e-01
-1.225007860819480765e+00
9.624998544503617914e-01
-4.812719376799449722e-01
7.991201992051440162e-02
-1.175382229294579250e+00
-8.379208982771993441e-02
6.952091089169353255e-01
4.536201025853102697e-01
-5.711363669230474782e-01
7.755215011241662904e-01
-1.557664738659390924e+00
-1.560334798924013944e+00
-1.951510897135142697e+00
1.821876678406028960e+00
-1.276761240452009671e+00
1.563264581460022562e+00
6.766395378507283898e-01
1.346903654049695642e-01
2.054065180474389518e-01
3.229388600639042373e-02
3.762210069523067579e-01
3.325722649507750761e-01
7.686344187122315930e-01
8.606086512357112861e-01
-1.813814852729621396e+00
6.693803275262981689e-01
2.861384866818352801e-01
-1.517233184776162425e+00
-4.252833969825903782e-01
6.384755756748100586e-01
-1.682426876013446426e+00
8.601160440153886588e-01
-8.990011145177280449e-02
-1.040407302173686821e+00
4.886395737923389659e-01
1.271925167222721087e-01
1.022691136479208396e+00
5.814461368270033015e-01
1.420954069102270401e-01
-5.144837450934661716e-01
-1.991032888587765948e+00
4.697893400116703311e-01
-2.705487963569097598e-01
6.733164883156097513e-01
-2.449987144509223391e+00
1.769795083723175511e+00
-3.060431066573257031e+00
2.497228782819540527e-01
-1.051633920210985673e+00
8.092638389522174291e-01
-8.619586392791136475e-01
2.459787318988692295e+00
-7.405626601469582626e-01
-1.124814154066446470e+00
3.676284851489681205e-01
1.411456341143441762e+00
-1.752232263328821482e-01
-4.295896148480503052e-01
-1.127104841787289757e+00
6.229946616414239191e-01
-3.152477635503069253e-01
-1.573970814273676577e+00
1.044900784376041614e+00
-8.174574596463228537e-02
1.589423308717023975e+00
-1.096250697541560237e+00
1.755446112835285621e+00
8.613373137605594421e-01
2.869255056928152747e-01
-9.320008572887223952e-01
7.364693513469715569e-01
1.728936073679180341e+00
-7.757425617381182859e-01
8.691438376246031217e-01
-7.722921699182712096e-01
-6.862451121283104083e-01
4.645784500806350303e-01
4.859354543139766669e-01
-7.651462517509622918e-01
-9.034374846646027191e-01
-6.577947808077019287e-01
2.185807860337073194e+00
2.092861117227840795e-01
5.205184256666866432e-02
4.014359786556591092e-01
8.333470609701361109e-01
8.428299632937551467e-01
1.732070387948974055e+00
3.928997560035937808e-01
-9.694488734631117044e-01
-2.685440925363749912e-02
1.252541439080592442e-02
4.758309636716994695e-01
-7.967499813616435445e-01
-1.346347043990992143e+00
7.989735384753630099e-01
-5.020678430397894354e-02
2.921783789926306607e-01
-1.242716998964032565e-01
5.379226997089092688e-02
9.071451262860145137e-01
-2.932162017762506359e-02
1.986374450318212359e-02
5.473585969866522349e-01
-1.214103817998286594e+00
5.940509382301999430e-01
7.774950653875013495e-01
-1.100854668709417769e-02
-1.736860352887056758e+00
-9.472955707086108124e-01
2.019934645442773569e+00
-7.559847594854059993e-01
7.941916994718042910e-02
1.087707303290583072e+00
-1.629648937862790692e-01
-3.874296938981493243e-02
2.941807850048553524e-02
1.332738972818921508e-01
-4.150914989212711181e-01
7.188812768392226493e-01
3.798618585976702988e-01
3.773537953461099659e-01
7.928487170123011962e-01
-1.275737862622847496e+00
2.551067895890445136e+00
6.767094478226604037e-01
-8.973754120118988542e-01
7.547954851848578395e-01
-7.958434111887054130e-02
4.328954105647034312e-01
-1.024740629206088771e+00
1.006009651114554843e-01
-5.275226645835894707e-02
2.999045329908401891e-01
6.382626504716973903e-01
-1.166370456269183453e+00
2.459720737680339830e+00
6.128223817873729162e-01
-1.044793337144911849e+00
6.796791156305401205e-02
-3.377827028580026036e-01
8.164837189248888571e-02
-1.319879351835074877e+00
-8.939642488958848832e-01
3.552380160927293695e-01
5.838239258883070049e-01
2.903887929419342595e-01
-2.404041954731473418e-01
-8.709560909624569636e-02
-1.065031777192288809e+00
-2.622740525048457449e+00
-1.368283751739240994e-01
1.163324260642921021e-01
-1.958266827419432032e-01
2.433889195388015680e-01
7.197831908364392406e-02
5.675732288191663866e-01
-1.733668855607470582e-01
-4.488009042085222555e-01
5.293466177208928647e-01
5.153993201316185990e-01
-8.580047342150542988e-01
-1.185921707588527552e+00
-2.504930282448617485e-01
8.919851876917845868e-01
8.094298105015275413e-02
-6.120084113834146633e-01
-2.554745623237902330e-01
1.188653245597486086e+00
1.171282020817181246e+00
1.134032079694262896e+00
2.996618259932284922e-01
3.534081538666013489e-01
-4.613542064540788745e-01
1.180186148511069844e+00
3.779178655193072278e-01
-8.202756880292606800e-02
-2.367549716235471113e-01
3.735762174769005628e-01
5.204968771982914078e-01
3.629693560389470053e-02
-3.658684895517377300e-01
-3.926995169730836954e-01
6.186601916711895743e-01
-9.677201309389533712e-01
9.409674095749404055e-01
1.222467242681512634e+00
-1.078946478795527408e+00
3.963342197003152934e-01
7.010744782766804573e-01
3.579484700454987678e+00
1.113483985982888225e+00
-4.160723700431326333e-01
3.232059641620320667e-01
1.743876550961712901e+00
-2.810309216517579145e-01
-5.030025524413967997e-01
-1.856252725509616619e+00
4.891359886860140449e-01
-7.277227329615951201e-02
9.960235988004183527e-01
-8.202581008747285019e-01
-1.860477811805012927e+00
1.201830642823961570e+00
-1.610451252000848710e+00
-5.082748374969598970e-01
7.012242031681317211e-01
-2.195897051724954030e-01
1.073296632671909556e+00
5.056086975691279628e-01
1.413013293228188305e-01
-5.377073297016304876e-01
-3.632057065064663304e-01
-3.773218309908452639e-01
2.693775119465862677e-01
-1.233536183102029504e+00
-3.038980205911457344e-01
-8.027817984213904412e-02
-1.712108910930405958e+00
4.229857876915430470e-01
-1.649572228140824048e+00
1.130695619953023145e+00
-6.314760556817965442e-01
-9.347509954363403262e-01
-2.197636662373807226e-02
6.035612727745177652e-01
-2.671498740155077711e-01
4.149447538946422487e-01
-6.279168808310514605e-01
-2.558794945373238927e-01
9.513654258572976641e-01
-7.517657740175079928e-01
-5.674714536875364868e-01
-2.215411822580376777e-01
3.314623174589068078e-01
5.098976997750055418e-01
-9.402327882441883222e-01
-1.039774220137386740e+00
-7.352055004526830695e-01
-4.700327380451656545e-01
3.654166016282625051e-01
-6.904707324211251107e-01
-3.053821254359143089e-02
-8.929226272009287424e-01
-1.301251562738422463e+00
-1.260427477656217654e+00
1.399750888096022106e+00
