-2.940832871031561768e-01
-5.330749737645085196e-01
1.185735356712695754e-01
-6.188857605294129094e-02
3.164340201171221278e-01
-2.160824188598478579e-01
1.117303941546468504e+00
2.025626138038016499e+00
2.342614445828051783e-01
-9.665078221578220496e-01
1.244044222283949008e-01
7.762552417156407536e-01
-1.431353238140695261e+00
7.511543071428521401e-01
-8.914083609175912359e-01
-5.305388928959942074e-01
9.125713918983543449e-01
3.850067486829337332e-02
-4.268167721955281602e-01
-5.633714249018528797e-01
-5.639815963285016442e-01
-1.674545524701229082e+00
-6.093399314351923834e-01
-4.308165066355002515e-01
-6.134158008075527892e-03
3.250666652773836485e-01
-1.112473477374295722e-01
9.015723759044342867e-01
4.687028072640916920e-01
1.555671293281168654e-01
-1.936055635742055248e-01
-1.020541165262108141e+00
-1.344282429703708370e+00
7.850368257698786545e-02
-1.998281404547443685e-01
-2.076123892792822723e+00
1.214511216330818488e+00
1.609470834752237678e-01
2.850461631231687373e-02
1.912262290920300423e+00
1.281766064895416335e+00
1.323820888559550657e-01
9.246844335003341353e-01
-5.414679304929996828e-01
-2.287274241715124834e+00
-2.126591100254799915e+00
-1.140696011798564058e+00
1.167259361177221955e+00
-2.554146990339996592e-01
1.135916598194041671e-01
-7.656438228319026318e-02
1.069362770917451133e+00
-2.527443201869477019e+00
-5.650112496477395219e-01
1.281977285793142851e+00
1.069714218483400342e-01
-7.882699703236466515e-01
1.072793499429901543e+00
4.953350197562870760e-01
-2.082957839821830970e-01
-3.596635293332577366e-01
1.126539639883523014e+00
-9.419250540993181486e-01
-2.644484928768865966e-03
-1.533014798124396061e-01
4.557457378470672893e-01
-4.391644170169630157e-01
3.684047428488898546e-01
-1.001431496418097311e-01
9.085394340657423351e-01
8.543448341212135366e-01
-1.108523579019845995e+00
-9.405488333755197550e-01
-6.863315082387342336e-01
-1.790599621213925519e-01
5.333657670757899760e-01
-7.692404190573200184e-02
-1.495560321047580077e+00
-2.207011397276287812e-01
3.675582945657064338e-01
9.508617222940974889e-01
-5.860385564035054395e-01
1.143778444313569842e-01
1.003751612270053828e+00
1.047498892049574248e+00
1.052213756601027006e+00
-6.416754245719921146e-01
1.383686580732681914e+00
2.303531017413459892e-01
7.935438148966513783e-01
6.272477988591644849e-01
-1.229209409807448861e+00
-7.185560342168538783e-01
-2.007838992237661824e+00
4.766044588186177933e-01
-1.566881632502170607e+00
1.785833441927901388e+00
-7.271373716426320355e-01
1.171766848002708805e+00
-1.153607907540811439e+00
-6.344696861986558467e-01
9.239421548680168961e-01
-1.033984720242057120e+00
-4.479661505831375456e-01
6.366680218184439521e-01
-1.948838620374420127e-01
-9.028927332839484787e-01
1.345139783822092205e+00
7.518358235089199759e-01
1.209585036257661894e+00
4.232777425580247499e-01
6.908517517152107379e-01
1.140658590727375632e+00
9.403746376737663892e-01
-1.145462506989522344e+00
1.060080057847196944e+00
-1.142508175373610158e+00
-2.919109994864696467e-01
9.293494407353863895e-02
9.440923661888408480e-01
5.089498080629220600e-02
1.085338999861309717e-01
-3.216545432289921735e-01
1.028555290120431120e+00
3.507991676311980611e-01
-2.063254039215643432e-01
1.228421049667732357e+00
-7.485199626167973186e-01
1.677231583755192379e-01
2.941730813924136601e-01
5.774537384053717304e-01
-9.735193933408756717e-01
9.302487532926264624e-01
1.162185184340899458e+00
1.313750577284358956e+00
-4.139433387252640650e-01
1.156783989440745453e+00
-5.989412757565441003e-01
3.715228424828014298e-01
-2.362432306693280637e-01
-1.809684369020805983e+00
-3.952123693578973862e-01
-1.064125784568021871e+00
6.213584486451990685e-01
-6.537456895589810468e-01
-1.851174006161734775e+00
3.758230476664413677e-01
3.194834219775146145e-01
-1.226590967162494605e+00
-5.524313620244247769e-01
-1.793390576976252107e-02
-2.330079662258280615e-01
1.333380180748945376e+00
2.483524594092499704e+00
-6.661417441660040240e-01
-5.743508779906754125e-01
8.943506294632618259e-01
3.793891822286663551e-01
1.424559714923127607e-01
1.472341496011498219e+00
3.064622809483086852e-01
1.770175092590992733e-02
2.155180820911478001e+00
1.107712340154666686e+00
2.035883975185620365e+00
-2.367346341588641323e+00
-1.987078886449588522e+00
-1.093427602828359158e+00
-1.017788452358264345e-01
7.462522097383107733e-02
-5.053149325670388409e-02
-2.560229122108349520e-01
-1.301088919112764808e+00
1.287948248129822115e+00
-8.426241443354614002e-01
2.317796250953015336e-01
-1.292685117541635120e-01
5.561619601500326082e-01
2.898196130586042640e-01
-1.268305253516827547e+00
-4.338593358674054934e-01
-1.189477155425675337e+00
-1.090446290505229676e+00
-9.049860672750043022e-02
-5.204097493884535242e-01
1.616961157151026451e-01
-6.341745055642618034e-01
7.613004680983772587e-01
1.593347705527681235e-01
1.303938924279490319e+00
-1.539561564462349486e-01
-4.648487043467191548e-01
-7.885775551309573417e-02
-4.509872668195754053e-01
9.959791465807378286e-01
-5.103972901437677789e-01
-8.367170963985636201e-01
-6.030101118595785348e-01
-2.035767635284110588e-01
1.300286916235316115e+00
-3.857821266693329809e-01
-2.011716753340602182e+00
-1.046406020642389745e+00
-3.375234846831791646e-01
-1.162101812394280564e+00
5.898754791283543630e-01
-1.727845590745226589e+00
9.835518836221217587e-01
2.982909640416734343e-01
-1.128020448371681445e-01
3.669556120908177288e-01
-1.733219965557693809e-01
-2.303799777854076691e-01
8.689316804141775652e-01
-9.165056168917117274e-01
7.619396597944948502e-01
-5.017251365769530569e-01
-2.278908934807578390e+00
-1.524075225544171686e-01
-6.702336655260346387e-02
5.012412115222321211e-03
1.652882710124772725e+00
-1.414100569837372978e+00
3.895839274497359117e-01
6.055102090739195031e-01
-1.322812763418170778e+00
2.043319430664263692e+00
-1.411612757170518151e+00
1.012924546516599911e+00
-1.287489967819708703e+00
-3.152973215920962247e-02
5.144740914307536217e-01
-2.643174937293499838e-01
-8.195881831405504858e-01
7.136867009747437374e-01
4.586147343957368006e-01
-2.027273705021829381e-02
1.673173348778537184e-01
7.855537172512293553e-01
-1.867419081968024530e+00
1.654372920320240636e-02
3.841855313355322377e-01
2.181817965035109386e-01
6.082095378910329364e-01
5.948575206723049069e-01
-1.245484709547071411e-01
4.219908616302774362e-01
-6.450978747337242636e-01
1.773335663697141740e-01
-6.844306853099795251e-01
7.505050704010371998e-01
2.394351764619575107e+00
9.797297111734697417e-01
2.925116384677385883e-01
1.952643422717732724e+00
-1.547111606548845220e-01
1.952967183675502927e+00
4.588476576470032486e-01
-1.183834843931295122e+00
7.110043610834373973e-02
-1.321132838387379715e+00
-1.131978335357489707e+00
-5.825508190500803263e-01
-3.217547933391551873e-01
-1.709428760275523707e-01
-3.602048157698898856e-01
-1.581030268146926820e-02
7.940040439311989440e-01
-4.513990996912612963e-01
-1.871504137786754507e+00
1.058969630337790457e+00
2.747281412914589493e-01
1.990598610373165211e+00
-7.615146029857065013e-01
-7.694926995978170758e-01
-1.380465887896418442e+00
1.326591001631599598e+00
-1.117684123445495947e+00
5.887187830861873028e-01
-8.603107311361827270e-01
4.176951190132814351e-01
-1.920625059057075701e+00
5.621673872759459512e-01
1.645240183777761267e+00
-5.015298432640218351e-01
-9.635947043724040206e-01
-1.731706166191004370e-01
1.533408177877129963e-01
-1.348390738204371248e-02
5.739448186115219119e-01
4.846131471535498614e-01
4.347998700556269802e-01
1.654866544828069719e-01
1.284243427039230223e+00
1.266916575462377681e+00
7.282038695875853174e-01
-8.730776334504554426e-02
4.013505721115749880e-01
-1.353311471290653989e+00
4.662678194773776652e-01
