1.605726697720310847e+00
4.519873991641705224e-01
1.593071824651800250e-01
1.313440187635627476e-01
-5.003291408724227507e-01
-3.430656914007974151e-03
-1.137872672762007577e-02
-3.437596113220168781e-01
-4.218264593575952737e-01
3.205492991472599917e-01
-2.754884911996015595e-01
2.651826446282022243e+00
-9.989947474360823254e-02
-6.939232082770421250e-01
1.257783686647946375e+00
-2.232726561997765646e+00
-1.562011294619786439e-01
3.494620235765477645e-01
8.930665335036309660e-01
-4.884730872393409640e-01
2.379461157419955786e+00
9.926809340476753230e-01
4.614141205993766426e-01
6.667926855116163010e-01
-1.863874585804035755e+00
2.612740860525342712e-01
1.808792707413138245e+00
-1.939286254661624520e+00
6.454985303878433278e-01
1.874927071872139805e+00
1.343732281382938321e-01
6.288234026007659683e-01
3.015512095192356967e-01
-4.848877456267101649e-01
-1.181632494318183291e+00
3.832020517575065455e-01
1.494458247414564289e-01
1.177950181708490529e+00
3.348632206071052719e-01
3.076828026414831219e-01
4.467378873637619097e-01
-1.032230216946939283e+00
-1.477932913131889237e+00
-1.017379060603558427e+00
-6.349684142555621635e-01
-6.356787064113722518e-01
2.603550407854549498e+00
2.160469860203944048e+00
7.862682369778596359e-01
1.195715243898815672e+00
-7.635247451577102940e-01
4.576501176897751488e-01
3.063326864800791083e-01
2.134423500946131813e-01
-4.197023193720481743e-02
-4.065131043912574293e-01
7.471057371133841274e-01
-5.836438173255814599e-01
-5.543842836599470747e-01
-6.941239510526501233e-01
3.934073153222219510e-01
1.159415069676787979e+00
4.324756507954163331e-01
8.215885654313311859e-01
9.098617093870481343e-01
-4.418424521531158500e-02
1.393257662344529635e+00
-9.769299317327577725e-01
1.331966155145536623e+00
-1.420610753271966953e+00
-1.682554179781623471e-01
-1.664626230509601845e-01
7.163824069614167511e-01
-2.917282715184648101e-01
1.524997492187955217e+00
1.053204523777213186e+00
-6.852263510901585031e-01
-2.874929139697795399e+00
-5.510173970919869380e-01
1.232516166583746298e+00
6.122578151767735788e-01
-5.273855245741698727e-03
-9.525100082490077502e-02
-4.783961365147116895e-01
1.192192997298466617e+00
-8.635693003343228868e-01
8.652565283573210309e-02
-1.163573106756239511e-01
2.113278260800212305e+00
6.913617792014941088e-01
-7.987431241121137337e-02
-1.895249361132786137e-01
-1.493861208017671416e+00
-3.309602698431665102e-01
2.876845086973197629e-01
7.251687587373201183e-02
1.062926130281336645e+00
-3.999568183131407828e-01
1.363346724356788942e+00
1.226688496152238961e-01
-4.978434372954944065e-01
-1.391780145205195662e+00
7.909859868729521848e-01
1.198126999357597366e+00
1.174264469935461852e+00
6.735971986919281340e-02
-2.367461860227425274e-01
-8.000326663446155617e-01
2.608517565365064073e+00
5.331609874409178884e-01
9.806941134966992157e-01
-6.686506521146752258e-01
-3.373570598853425917e-01
2.423183349409425424e-01
1.437665479669717694e+00
5.530028254591748960e-01
1.143132971050542235e+00
7.734110556073664489e-01
1.064480520350913562e+00
8.440995403514357509e-01
1.288246546045323793e-01
-1.590150378471754666e-01
1.898920611036752248e+00
-1.005969408627948480e+00
3.258147755139123580e-01
7.066607746505736420e-01
8.021988526049103063e-01
-4.821045161590311601e-01
-5.751969769508021857e-01
-1.722712850559041109e-01
9.616155368358496325e-02
1.702267046632961744e-01
-2.443990704318358964e-01
9.151157706873498578e-05
-1.607268398014102706e+00
-5.201126628335307478e-01
1.076492991639515368e-01
-1.871636271750493075e+00
2.079026678521814220e-01
-3.428893536424373334e-01
-1.497098658918120551e+00
8.405186954299228574e-01
7.198168175346193465e-01
-2.536099366727111448e-01
1.738298327761460760e+00
8.721337963012038008e-01
2.053112836249013917e-01
1.067441002895633595e+00
1.650440667421725072e-01
3.923139753850222178e-01
-9.762048687055981111e-02
7.487476626535986002e-01
-1.044368133743327487e+00
7.192760641755610029e-01
-3.649083395393387663e-01
1.159529883802906225e+00
1.108573655986016537e-01
-1.180613723246743518e+00
1.495260782275273925e+00
4.294137573317721168e-01
-2.077621915034469247e+00
7.989232661871202845e-01
-2.115863910057567965e-01
-2.182429855253279261e+00
3.261201048589565943e-01
-2.122804401958817977e-01
2.623978153160781979e-01
3.803564483568745436e-01
-3.051418652122723230e-01
-6.462082628446249588e-01
-7.641078720329771423e-01
4.835888837787468697e-01
-2.601648025823134758e-02
-9.770773904171367041e-01
1.244875042234759421e+00
1.167800933548704512e+00
-8.138452708758797671e-01
-2.388191398423636258e+00
-2.310543946877016003e-02
8.086665304980990010e-01
-1.331520323773953907e+00
-1.940347637360794186e-01
8.853681201655262401e-01
2.656707856086920616e-01
-1.649284337667516143e+00
-1.356318034769678604e+00
-1.425027623329630622e+00
6.293174009807560587e-01
-8.291339823234220585e-01
-8.442470914773907431e-01
2.509319025840411332e-01
8.513589684984257389e-01
1.098315994201521928e+00
-1.282220969397915022e-01
-3.421417275509915923e-01
-2.324411021890506468e-01
6.557539382625300339e-01
6.652327790075355241e-01
8.998472981306195884e-01
-1.073626526717420315e+00
-5.849648026122697964e-01
9.509446939869636850e-02
1.391583517013557092e+00
-1.133820534352657061e+00
5.606749315387897781e-01
2.671989592441087122e-02
4.565672625562406939e-01
1.123145425904650940e+00
7.471957342182513617e-01
-2.742697462360945138e-01
2.111901199801486939e+00
7.098375654472036667e-01
-8.000349866071640448e-02
1.695982894491279980e-01
4.465383793563315051e-01
-4.583721706781384575e-01
-4.777491065520672597e-01
-4.424857807424477651e-01
9.544504175438858207e-01
-1.478552879894755312e-01
-1.222558479278523347e+00
1.677748850812529613e-01
-5.801707733619364538e-01
-1.029154542813556006e+00
-6.287093006326400779e-01
-7.690150247528189098e-01
5.432312458022666712e-01
-2.439849582686156815e+00
-1.771015386495131960e-01
-4.046629119294604116e-01
1.047155805278773055e+00
1.570851456815840042e+00
-3.769017967702955607e-01
1.175928381345668461e+00
-4.100609798661226657e-01
-1.138469710976563576e+00
1.360585236377195972e+00
-2.348457052259436961e-01
-1.700608100077302121e+00
-8.306164559196588248e-01
1.303382044779127225e-01
6.241648468514050530e-01
8.957383060545908160e-01
-2.914096346372791135e+00
-4.925019006075333911e-03
-1.244350178001353724e+00
-5.262287971185135582e-01
-9.641464863732084334e-01
2.325767378994912093e-01
-3.151220659220397291e-01
-1.863706761719814142e-01
-1.156684373109330588e+00
-1.128452190370557773e+00
5.301662442422684363e-01
-4.121111092521362873e-01
-1.679083473016401706e-01
1.120604948997402817e+00
2.382926809834974569e-01
5.105692448566756525e-01
-8.980120639795796667e-01
-8.368976996643134880e-02
7.118007362397372750e-01
7.781178025520435471e-01
-9.207663228812453804e-01
-4.498223778918194471e-01
8.458296690519337968e-01
-3.226857079856383648e-02
6.217924434016203206e-01
-1.643422337436068581e+00
-4.570694447349472056e-01
1.962890472438524103e+00
-1.041417456865890045e+00
7.541125854738912615e-01
1.002997610747784041e+00
-2.039549681870608921e+00
1.666078958415513622e-01
9.102598018562327864e-01
1.414688091083718069e+00
-1.416653797556474692e-01
-1.282887305436382519e+00
-8.877997981521943416e-01
-2.286695489045497132e-01
1.610611884605443800e+00
-1.090769421488534674e-01
-3.678662276103461526e-01
9.602257104851736891e-01
8.647627487201323682e-01
2.935005502985891801e-01
3.427302600252539744e-01
-7.788529592403962143e-01
-5.561484591749784601e-01
-9.141442582421850371e-01
-9.692949508555169513e-02
6.994044744070816444e-01
-3.511337538648476864e-01
-4.698324455124209265e-01
-3.602969308014964400e-01
3.195483883916097056e+00
5.725226464118915448e-01
-1.596457764527821344e-01
