7.213100777889320803e-01
-1.069377820346879560e-01
-1.237054649963117647e+00
8.476329229247164809e-01
-1.486990794119211090e+00
-4.844913010891576111e-01
-2.132481499240274747e+00
-4.586546300993716435e-02
1.862516945185467954e+00
-4.016338379299724815e-01
1.508933845028647414e-01
-7.523267084512375025e-02
-6.219487704299683228e-01
9.258568068629011716e-01
1.801654484452036575e+00
7.679552097043629288e-02
-2.139645405885902685e-01
-9.249168075674876754e-02
1.826118791303067646e+00
-7.768857777008436605e-02
-9.265306873473592164e-01
-2.427384169521128177e-01
9.164277633531258127e-01
1.337296944000200494e+00
9.900939286734489198e-01
-5.730840524480389497e-01
-2.210436973822285933e-01
-1.606469734917147951e+00
3.821890031057269266e-02
7.873888441736264232e-01
-1.566651147714936743e+00
-1.056716983210988392e+00
1.155030724078418142e-01
-2.323546194631238571e-01
1.276117280846560398e+00
9.323713000233956327e-01
6.695736372272121928e-01
1.257697978263552896e+00
-6.925339118790847515e-01
-6.999022765053583006e-01
-9.573891406916480440e-01
-9.598034045050668484e-01
8.861124903263699615e-01
-1.708194631590706392e+00
2.595297936508924042e-01
-1.358107039811798700e+00
4.187381054774114847e-02
1.311181653130213259e-02
-6.899372032723917192e-01
7.959595131757343234e-01
4.188411187175888895e-01
1.943960462317761095e+00
-2.592290574397752567e-01
-1.247799622172078182e+00
3.690695190192714858e-01
-6.701897105249365882e-01
-6.175463544557889817e-01
-2.254495118736065784e+00
6.306654074958850664e-01
-1.249982041552197165e+00
-2.006394621002437761e-01
1.545814104795928623e+00
-5.911872970167026953e-01
8.994644600642637267e-01
9.004251264085355588e-01
-8.230586473166524586e-01
-7.880925846543974655e-01
5.939694722414746303e-02
9.650405897825412582e-01
-5.628809221006397800e-01
3.320447702133292323e-01
1.521732001774724008e+00
-6.688171146375500031e-01
-1.291208872339267399e+00
2.245797046548627107e-01
-1.794582761438603846e+00
-7.402350147906738842e-01
2.292273054334299953e+00
6.148998349034082156e-02
1.519534389919384720e+00
-2.340122590391191970e+00
4.557855525397816465e-02
-6.253379840318695759e-02
-4.212803929624382993e-01
-2.235336868615074302e-01
-2.191469730035783492e+00
-1.461925507313291406e-01
9.258508555173392551e-01
4.556764478944371755e-01
-1.159289393300511506e+00
1.292987197590228954e+00
1.450394105090671015e+00
-1.863832689663685871e+00
4.250903469297902526e-01
-1.366526258519162318e-01
-9.215152204976958528e-01
-1.446860831915694590e+00
4.539492066445568463e-01
1.989142161553483223e-01
8.515859442404341006e-01
1.453750923128299954e-01
1.129241856220560170e+00
2.131845669511277741e+00
-1.009331645551870160e+00
1.501761766407750054e+00
2.016545327254888054e-01
-1.368162087411369576e+00
-9.579860753992317512e-01
8.657952869276429597e-01
1.576062821674792946e+00
-6.312017550645923070e-01
-1.013023486465463252e+00
4.353836318375171877e-02
-5.137685669624008078e-01
3.932563130040691579e-01
-2.142980042312426781e-01
-9.163232411740778183e-01
1.802322893291730954e-01
1.527573176843651792e+00
1.052199593910534858e+00
-1.635619980189532141e+00
-2.059598758989334755e+00
1.241609741885647100e+00
-1.412682283762555890e+00
1.716759891194482440e-02
-8.675780875758664079e-01
4.646456521936735418e-01
-3.170079810213456417e-01
-2.641383723990475274e-01
-1.550221185395881829e+00
-7.745117522760428530e-01
-6.783231996589650370e-01
1.291462527826250817e+00
1.098611185800028589e-01
-7.775000306890359481e-01
-4.491790723150533848e-01
-2.026153467130936137e-01
2.937038568194507149e-01
1.377926373645065872e-01
-1.234395209523264300e-02
5.632725160466889314e-01
-1.233903640537133972e+00
2.497539993772121270e-01
2.687599179718264786e+00
1.066352676676528333e+00
-6.542715685675253301e-01
1.780202584078514061e+00
7.539496843991748409e-02
-1.139456368777101769e+00
6.702736025350127802e-01
-1.952665516615601282e+00
7.550864029344621642e-01
2.654791311147729482e-01
-2.640762397175725612e-02
8.086452036766101914e-01
-1.937081113876141791e-01
1.239689809585210911e+00
1.038177900713775692e+00
-5.260303790378534350e-02
-6.974207145228771276e-01
8.996941723933590263e-01
6.952466981024602033e-01
-1.211511609710009374e+00
3.250612855132499202e-01
-1.037874835600940404e+00
-4.102190242799008124e-01
1.171408561903445555e+00
1.881077773917440299e-01
1.125108711873266526e-01
-1.465499327389935935e+00
-1.801649455762436070e+00
6.589805884536718006e-01
-1.130194357859677590e+00
9.354862941637727136e-01
8.745779854968920297e-01
3.643384780899396741e-02
-4.714040028602162202e-01
-8.896172982550043518e-01
-2.062684232209810897e+00
3.298785986867215358e-01
-3.239220212804148902e-02
-1.467324493509930106e+00
-2.314537014412348104e-01
-4.074923188165360810e-01
1.409681815224274881e-01
-1.808308591809865418e-01
1.709171557651560647e-02
-6.888104473046884335e-01
-1.329687031408100406e+00
-9.366623858307177031e-01
1.016668145929488842e+00
4.596433215819681339e-01
-1.620390376866716886e-01
1.514704811644963955e+00
2.147303724891976628e+00
-1.412254136464249077e-01
3.192603790915182760e-01
1.348465597121193849e+00
3.626135001691179749e-01
-1.388639070369040107e+00
2.282989914945077747e-01
1.506153584858616723e+00
-5.657261696635815795e-01
-6.149449474865097409e-01
2.842430624313178611e-01
2.426178209443682621e-01
9.981813808344605077e-01
-6.027811150044756205e-01
-8.165013006678357721e-01
5.615396852388221394e-02
-2.204948478349906538e-01
5.491772130929137852e-01
-4.372660798468824273e-01
-8.666059210804238910e-01
-1.306764673894219131e+00
2.858076244323620174e-01
-7.814390476316394052e-01
7.013751194440123182e-01
5.747990219675881418e-01
-3.991648453656272966e-01
3.054136847777256247e-01
6.031915835780427004e-01
-1.465718669103669214e+00
7.135431000318470662e-01
4.854439990869914220e-03
-3.339209967089036279e-01
-3.451733854976288263e-01
-1.427097056628629790e-01
1.144017593164937674e+00
-8.811409979338388210e-01
-9.186362825181568770e-01
2.751502310909214599e-01
3.972519396563014560e-01
-4.603996480187318441e-01
7.255399554111079397e-01
-3.114917323501664170e-01
-1.759222545490114253e+00
-2.514680680207400876e+00
-7.135909418502184298e-01
7.243472336930104616e-01
3.721049772672457290e-01
-4.236689993336076876e-01
1.426673763178988530e+00
-7.806269315373232098e-02
1.371055865486206615e+00
8.402793095329375017e-02
7.670245015963860213e-01
-1.532315532843982586e+00
-6.965053202658979536e-01
2.734790347104646191e+00
-7.062441226677118600e-01
4.165693850004589804e-02
-1.686578705224400343e+00
-1.524604562288714105e+00
-4.710448496359790349e-01
-1.300029457281111744e+00
-2.543476902266206263e-01
-1.026363129776561633e+00
1.357623730478571267e-01
1.173893186657550380e+00
2.091291655447107711e+00
-6.864279040235773399e-01
5.224269416174817104e-01
4.552040150951583986e-01
-1.007904651054698064e+00
6.844103471935290006e-01
5.314144858080201983e-01
6.259695307758176286e-01
2.580924367410086795e-01
-7.092037692147687977e-01
1.372418057424529270e+00
-1.661863593362051583e+00
1.389841353753106024e+00
-1.281843172525296559e+00
5.933326640757666248e-02
-5.489585301479125157e-01
-7.566338256971643084e-01
1.056985847888255725e-01
8.649055811530107496e-01
7.205387196443200359e-01
-2.425575247298135742e-02
2.738989884803060271e+00
-1.047744050650868397e+00
-1.605257627734800741e+00
-2.448544892007294305e+00
5.098409776852999009e-01
9.721376217083733673e-01
1.259646496329108745e+00
-5.338525144881862694e-01
-8.488063413929978207e-01
-1.398727810693201290e+00
2.058391373069215824e+00
2.920223675373446737e-01
-3.965729101609995477e-01
-4.183804675328364753e-01
6.221830032458958853e-02
-4.354159095444286032e-01
7.633894923777057029e-01
1.845135066268400292e+00
-9.654844663874719013e-02
