7.555082390415145399e-01
-2.873141154008967746e+00
-8.303419472118266365e-01
-1.806494296539139066e+00
7.060134194954286180e-01
-2.321478894974139118e-01
8.882696313904753227e-01
-5.910167899476047593e-01
-1.543978974253236824e+00
-1.186792875640108491e+00
2.600508853732769743e-01
1.127897907555172052e+00
9.068335285591966333e-01
-1.484036746822065655e+00
9.550165563364129140e-01
-1.579129798351626368e+00
9.333560264751178392e-01
9.525124775367966867e-01
-2.561864368785734050e-02
-6.436514694126607150e-01
2.108908869970732847e-01
1.478557740082368399e+00
-5.306010232306020979e-01
3.363801973815323532e-01
2.082636668389931389e-01
-1.954956558381786558e-01
-1.205632324422922341e+00
-2.917856897690722651e-01
-7.810332257005658807e-01
-6.154815365128839533e-01
-8.325784708682916202e-01
1.272409905006886555e-01
-2.748270163405164279e-02
1.595030384639142818e-01
6.205625557908737155e-01
-8.590089131024809532e-01
-7.311930901616694456e-01
-5.561723338427355667e-01
-5.413472109120045506e-01
-1.400993766524150974e+00
6.085918743446208090e-01
8.467805909011636434e-01
-1.462350213311301994e-01
1.399294021456795045e+00
5.526398137879118266e-01
-6.300515732355012055e-01
5.418027745854001598e-01
-3.349699002265492664e-01
4.532590259743727312e-01
-1.558147654771574242e+00
6.562561856790437576e-01
1.516560866613193004e-01
1.374889070477259001e-01
7.435198857596466704e-01
1.305411488968555300e+00
9.068650880585202856e-01
1.486576031238678430e+00
7.334043620186888601e-01
-5.483587851855219464e-01
1.411411786316259243e-01
-2.693518721247403658e+00
-7.765834278310069783e-01
-2.875630473421724939e-02
8.876884349594154067e-01
1.367712246354474859e+00
1.176497912395207734e+00
7.637225266766731746e-01
6.931600664658371658e-02
-1.915974936460911549e+00
2.606491631531737685e-01
6.723128879174851413e-02
-7.148101987596071627e-01
1.573816946000578421e+00
3.086914937259123692e-01
1.944073920856376203e-01
3.939844844489741593e-01
6.939849900955703532e-01
-1.648030971275851464e-01
1.406134755052020069e-01
-1.060286116874455065e+00
-2.318068998013187887e+00
5.520057615072145873e-01
-1.273651554505748074e-01
-5.224897250453940101e-02
1.926515136438154308e+00
-1.063324478687721397e+00
-1.000640316074215885e+00
9.839819800750114753e-01
9.513861437750803507e-01
-3.540981207636987801e-03
-9.959379388389647675e-03
-9.811713152576242436e-01
3.441694219377102182e-01
-2.766727937667544657e-01
-1.375565149103506801e+00
1.294554586413122932e+00
1.037188446323256408e-01
4.054748801984460194e-01
1.860561499548456066e+00
-7.981868078264890698e-02
-6.370221613747036882e-01
-1.742977056095917077e-01
-1.556840022401583035e+00
1.764480682038583118e-02
7.205991478399549274e-03
3.487294282566698045e-01
-1.357907042449224777e+00
8.560519541003182020e-01
-9.179529901219320998e-01
-1.305237943623168029e+00
2.967710820067609445e-02
6.213131002859230423e-02
7.761506078758894089e-01
-5.253936899984913422e-01
1.189640782494667759e+00
2.050560485569257185e+00
1.492995514627000420e+00
9.197054921069469646e-01
1.032310729688723283e+00
8.362145612755002011e-01
-7.383875367390914102e-01
4.462709600526620218e-02
3.243265748753112326e-02
2.400930744243469708e-02
1.197764275741164258e-01
-9.256342850607150730e-02
-4.698825646326167949e-01
1.730120182294179743e-01
3.525398266364711541e-01
1.486600901841652334e-01
7.027009028112870537e-01
-1.083035042709627582e+00
6.952913181708016976e-01
3.126296955816046719e+00
-4.676087444587619102e-02
2.984738068126799315e-01
-3.096931405586976771e-01
1.531366997308216016e+00
2.159007057737296620e+00
4.103812415068266994e-01
-1.560495911544968195e-01
5.963335493240629059e-01
-3.065443812224760145e-01
-2.735504468633120911e+00
-8.770676094458507155e-01
1.067807787483864068e+00
1.751810174623008587e-01
-4.622265271480063831e-02
-1.127848357028874871e+00
9.247419151122907577e-01
-1.641392520051186965e+00
1.062696182395187483e+00
1.285511508841291617e+00
3.820861623565554033e-01
1.948605044657399088e-01
1.950321362642675194e+00
-1.272424910999463421e+00
-9.175019918526847174e-02
-6.941877512239907899e-01
1.074429037465702619e+00
-3.269799708293110174e-01
1.509195804711087163e+00
5.228703547040884914e-01
9.248461623060478809e-01
-7.066801569826887119e-01
-1.567877441936119665e+00
9.088982773933285131e-01
-1.050959077777157358e+00
9.593391421809045749e-03
-3.235820957732351566e-01
7.843512077533751903e-01
-3.766150379875716214e-01
1.847093400243775774e+00
-2.311924441948540465e-01
-5.027049928689584224e-01
-4.966166332220032231e-01
2.603611508836029542e-01
-1.569167593758929113e+00
-2.044339228978631073e-01
-9.700027002466042880e-01
-8.988152800523497854e-01
-3.773705300305782440e-01
-8.071212571714332373e-01
-3.136562404686042416e-01
1.008105822563740261e+00
1.268789343028636996e+00
1.633671779397968482e+00
-9.105614014012320956e-01
-5.610918672990874434e-01
-1.312855626407707088e-01
2.554643173158228642e-01
-1.568138379787545000e+00
-3.864931913647182138e-01
2.065504613725964445e-01
2.977793260305387490e-01
-3.197119410001225126e-01
1.173562031365156910e+00
-7.508305775233906632e-01
-1.223556749799707077e+00
7.770629076354175213e-01
-1.418722138394299837e+00
-3.599145404106549734e-02
-2.453763922319410484e-01
-1.557825266485735272e+00
1.158122732666869048e+00
-1.532213461075360605e+00
-7.488619993233661676e-01
9.099869882821093325e-01
-1.659172321620041357e+00
-2.067191026509240526e-01
5.172514880853126273e-01
1.209308861044606914e-01
4.514465816898032835e-01
1.018053476509618971e+00
5.199955766592261330e-01
-5.638269510802604856e-01
-9.567768798926957752e-01
-6.533083746053206520e-01
-1.468113570558935210e+00
-2.229857223797854004e+00
1.226550727679569297e+00
-7.936698894096261281e-01
1.554227034569837018e+00
1.761162255829189283e+00
1.584055131419443152e-01
6.744282647749292314e-01
2.223918325882249802e-01
-7.264802497206118703e-01
-1.970950488366898901e+00
-1.477688977737154019e+00
1.583359111438418232e+00
1.696374863714411374e+00
-3.643830875984265250e-01
9.357278065682617108e-01
1.190663657945719489e+00
2.217880706775872124e+00
-1.082288080979148193e+00
-3.404482183586096111e-01
-1.252909811414621100e+00
-7.744091571106052063e-01
-1.043135911109225100e+00
2.516030200336146105e+00
-1.006077589145993434e+00
-1.114044403338229960e+00
-6.434784060699246799e-01
-8.162737196189349953e-02
2.302011564248840902e-01
2.942768081218550269e-01
-1.231782828290262977e+00
-6.415735486660359976e-01
1.061452528298210130e+00
1.164762001810052405e+00
2.493833765393218105e+00
5.333739973414127755e-01
5.732463061991057707e-01
-7.128629499272702841e-01
-2.773852602171024695e-01
-1.035646860614287013e+00
3.460302474327761058e-01
-1.998611718401622495e-01
-8.733040108366446619e-02
-1.395574450471503525e+00
-1.262702568703773176e+00
-1.200922229515267725e+00
-2.165736686077217032e-01
1.401513961378051842e+00
4.314042448183360579e-01
2.572146114053141391e-02
-4.479227516168695633e-01
3.222951820213782459e-01
-1.782034867189869587e+00
8.361705490535316088e-01
7.376169608193408056e-01
2.356647700958945657e-01
8.076296826613782454e-01
-1.840020045109992619e+00
1.717708071031609052e+00
4.342362175363646548e-01
3.077980410570936964e+00
-5.994720662777236475e-01
-7.504433688792166990e-01
4.615774726096787822e-02
-3.176552006209512613e-01
6.115590116939600973e-01
1.250684284635126264e+00
4.318143243310111346e-01
5.155463217037284940e-01
-1.277834738703973239e+00
3.090947296763529195e+00
4.580389584764794630e-01
3.907517274513162830e-02
1.740873813242228008e-01
1.361767741381010866e-01
6.572799624866858537e-01
2.063315273632192470e-01
1.228782933069323624e+00
-7.714431093964089214e-01
-4.388169130889188474e-02
-2.871437709667544746e-01
1.224431370569274202e+00
