-5.949620929362495758e-01
-3.127043062139692187e-01
1.810879304486038066e+00
9.174086753804183703e-01
3.669058341916627275e-01
-1.321034611351927124e+00
1.548032627359400504e+00
3.257955056942231087e-01
-4.940990574774062893e-01
-1.236397324918877993e+00
9.790882995093909136e-01
5.787623634586179788e-01
-2.072613215454231772e-01
-5.163494256565981377e-01
-4.510456071067172057e-01
1.288628195008022725e+00
1.412939863099840210e+00
4.764452587753376100e-02
6.159885515631700059e-01
-1.579636683503188588e-01
-1.797554922976759340e+00
-1.520766606969048862e+00
-4.357696064736847341e-01
1.331666579067595002e+00
3.145881326685504020e-01
4.690979120629197308e-01
1.472126032375180860e-01
-6.411331043487232817e-01
-1.714652790368646151e+00
-6.133149715328591878e-01
3.784625776599625513e-01
-1.697005829031501323e+00
-2.102175345878342094e-01
7.813396530728889955e-01
6.535820230050257695e-01
-8.272016734655804893e-01
-5.855249640093876939e-01
-6.905775003676762891e-01
7.391799293059565512e-01
-4.438715094721071286e-01
-9.913349445237051860e-02
1.245600896145837355e+00
-9.652069183707886468e-01
-5.496478688756402109e-01
3.942273301787706935e-02
-5.073879533838526745e-01
8.054157254924684262e-01
1.054210335177812707e+00
9.397476686630900078e-01
4.368913397309243662e-01
9.622778160789010604e-01
1.379402529549979439e+00
-1.023209738713032335e+00
-5.186997301608664568e-01
5.380906911470827447e-01
-2.521242546509354643e-01
-1.950216584400717768e+00
1.135980858450653885e+00
-1.349606858121332076e+00
-5.943065668313278482e-02
-4.985527004699888964e-01
-1.239540522485289120e+00
1.362839854186564725e+00
-7.440946199408551287e-01
-2.895041467466872298e-01
4.637319548301387373e-01
-1.791658122272497211e+00
-1.259193597136365250e+00
-4.833210369175925392e-01
-1.323997681254088232e-01
-5.511839874934715278e-01
-1.783396072505785357e+00
5.083209156590229316e-01
-8.753758052109240628e-01
8.271948350228051083e-01
-1.060916948348024524e+00
-4.266110564136009198e-01
9.572553368945454499e-01
-1.606516924391235612e+00
-9.621087910137384736e-01
-1.254357199723013627e+00
-3.952568084218156530e-01
1.163884400306779199e+00
-6.357841233011993776e-01
2.421660144617499011e-01
1.804770867979967441e+00
-6.978964772132763283e-02
-2.947550349447594642e-01
8.631580814091712739e-01
1.567335074182791832e+00
-4.858477101635209627e-01
-2.886101657691005351e-01
2.445141708037512074e-01
-1.706853377754069978e+00
-1.394505499999916021e+00
-5.011047260413956650e-01
3.258972186141569360e-01
-4.133089668451790377e-01
-1.798294760133369030e-01
-1.050431644216277549e+00
-1.099284805634866413e-01
-1.917897948636718974e-01
-1.449932729026159661e+00
4.587422934433325050e-01
-1.279183759508585538e+00
-2.049581891813466505e+00
-6.448075297674286110e-01
2.747414676380681153e-01
-1.404693647624608577e+00
7.311377207592650862e-01
-8.290975178289213821e-01
7.574648163196032735e-01
-1.252163341003981412e+00
-3.085740060191817236e-01
-3.000905304196353485e-01
1.056095707545282592e+00
-5.026016870483663856e-01
1.441487559551626774e+00
1.899558238699337043e+00
-1.445861893553915811e+00
-1.723773296698864588e+00
-7.291376449422432016e-01
-7.798671368003545767e-02
-5.440230907432407753e-03
3.143541545096224521e-01
-1.991702710681942101e-01
8.919163714745881322e-01
8.934465933265435533e-02
-4.480173923057244045e-01
-9.907421627872321779e-02
8.865219427904340588e-01
-5.916346063261688215e-01
-1.508335581820944515e+00
6.780560191659580349e-01
-4.196987877451954785e-02
6.022372159220882315e-01
-5.145550759131599650e-01
4.224585816825291995e-01
-1.639726047004170351e+00
8.148994873778969000e-03
6.532319559581479806e-01
1.083312388430286655e+00
9.967925640610786342e-02
5.188034472586939422e-02
-1.235023128892731442e-01
1.182248473620789664e+00
4.005950929529584759e-01
-8.856666505319672478e-01
-1.555821372755465504e+00
7.356360675956896689e-01
-5.874965278153151393e-01
9.658294404917701081e-01
1.793689218598893520e+00
-3.048586688400417022e-01
1.055294165989267618e+00
-1.084800489492431463e+00
2.035462458068385327e+00
1.139937408247641670e+00
2.676548719392977671e-01
-8.263785029230124035e-01
-2.453231565315998342e-01
9.016661102267806704e-01
1.903061915255763459e-01
-4.398731905095335515e-01
5.118159562156140430e-01
4.662801390395892032e-01
4.002888491994140985e-01
6.881548123572888143e-01
7.829848920523380107e-02
-1.840321985030223539e-01
6.667586983510159770e-01
-4.947310479241930348e-01
-3.512843382809365811e-01
3.302359173867831288e+00
-3.350975936739148953e-01
9.933514291604035318e-01
1.674229665396110622e+00
1.093942492946416989e+00
-2.384331693532888707e-01
1.938765573470638548e-01
2.047864366396805538e-02
7.389438919057152999e-01
-8.991761682290792812e-02
-2.318755033384559905e+00
-2.065905504957406269e-02
5.901880121956443181e-01
-7.170247927022074252e-01
2.728234899071244057e-01
5.407469242391812481e-01
-8.581661310235277895e-01
1.107266322920442969e-01
8.508395571602850316e-01
5.081033295704874275e-01
-8.927955764448458620e-01
4.378007601004928473e-01
-5.994192799852905429e-01
-1.161465529737155222e+00
4.760152614988455988e-01
-2.364475570441003094e-01
1.315856774436761079e+00
2.006806679559514639e-01
-1.687724844111367251e+00
-1.524851267389780496e+00
-1.510917486655702469e+00
-1.506892659267909496e+00
8.662340082149305731e-01
6.897736844326980421e-01
-1.509558290493844046e+00
-7.944886837908696764e-01
-6.098544304512746317e-01
-1.673844031948731770e+00
-1.872455878438187060e+00
-1.029988281737429956e+00
3.284262679289434161e-01
-4.269817517771455906e-01
-6.698696999377612427e-01
-9.392629369839279596e-02
5.487993424545021259e-01
-3.253254555037917717e-01
-6.933996644217105265e-01
1.375710624859499021e+00
-2.424955089790085394e-01
-1.151177004488701971e+00
2.306149371294173023e-01
7.946964453409933737e-01
1.627078711596682048e+00
-4.369495732369271801e-01
1.458757081453363691e+00
-2.047054702770695900e-01
-3.860202427066341396e-02
-8.127482379592866346e-01
1.341118683987078120e+00
1.158633079722896225e-01
5.209622930138411157e-01
1.940494577364914597e-01
1.281702632539878151e+00
2.058918861847364834e+00
4.644442874859771586e-01
5.554256758852732512e-01
8.964394296086866110e-01
-1.250619319746441305e-01
1.023928826007882015e-01
-1.846810606863091286e-01
3.454505869648801575e+00
-6.403669521099333295e-01
1.643016812252495296e+00
-1.004308671824827720e-01
-1.302831250707584099e+00
-6.806965998879193069e-01
2.721695736643321428e+00
-7.767220057310801618e-02
1.341818860839994798e+00
1.211711258603671709e-01
1.110373267982957823e-01
2.021979641315849729e-01
-9.032342555598720235e-01
-2.130218360625435903e+00
2.371810886090929549e-01
-2.963971771645413367e-01
-1.914540644992115848e+00
7.707332339476625771e-01
2.038610823124530125e+00
-2.206053874830554359e-02
-8.300220927818281469e-01
1.171349290376339169e+00
-1.591450938346659294e+00
8.578254397753803939e-01
1.002891197705478410e+00
-8.902043254266883698e-01
8.454582964078244389e-01
1.635057336838608710e-01
-5.404255996401030604e-01
6.212354043049576058e-01
-6.559996218866723794e-01
-9.363636509815471964e-02
3.161025302186805663e-01
-1.991858964950012245e+00
1.949106065343967575e+00
7.330747325431162809e-01
4.947314205986546032e-01
-4.067898765964499397e-01
1.455993311673341895e+00
-4.249363496290994302e-01
5.840662788449738629e-01
5.275644885667709616e-01
-7.674622545027874609e-02
-2.021445809914377278e+00
-1.025714855674842996e-01
-3.240942086477677786e-01
-2.090435371253968611e-01
2.261673082932348922e-01
-1.215016670230027129e+00
4.368083947965225033e-01
-2.562212219643998923e-01
-5.938000037592052749e-01
7.568994146700518399e-01
1.892852532544150868e-01
8.824844358195116367e-01
-4.429514750005716373e-01
6.273204450670658572e-01
