2.468593838600736390e-01
-1.395967194732452343e+00
3.204259458273446826e-01
-7.325482392292326228e-01
-1.943891263894362564e-01
1.625139481489869864e+00
2.018147500925628890e+00
-8.218163466427905531e-03
1.130820519099158705e+00
4.470424562088634590e-01
-5.121431279691146532e-01
-6.263081884201975313e-01
-1.249986387520161391e-01
-3.597831457626237683e-01
9.812971651913304783e-02
5.685682556082056749e-01
-1.483809978456562539e-01
2.360355199533245296e-01
-1.704256050907870523e-01
-3.485415510078713752e-01
-4.053159046309689484e-01
-2.679596127002122352e-01
1.779670935497120077e+00
8.069681991271731025e-01
-2.046625891098286854e+00
-1.071532764133146021e+00
-1.933552302984338001e+00
-9.658740147006786292e-02
1.974311798838496723e-01
-8.386748914012006617e-01
5.070173748928982205e-01
-6.577082378905390048e-01
-1.984558069988566542e+00
-6.382814999895343178e-01
-3.200133983255195047e-01
-8.034305967020356765e-02
-1.371122389142234610e+00
1.414658189908643449e+00
-1.038316019177245364e+00
2.684212860812361878e+00
1.083214330651069313e+00
-5.879148236642406378e-01
8.190537797025494449e-01
-1.447794784415255553e-01
-1.198983232343885597e+00
-1.296077070885676807e+00
1.833291114774057429e-01
3.584850532708797055e-02
1.799486308626019548e+00
-4.194130406982517906e-02
-9.009434608900038777e-01
1.235707536953833952e+00
1.935304152916468068e+00
-1.093757853635777044e+00
4.187057897907419529e-02
-6.554695644625651019e-01
1.570485167340481270e-01
-1.699833287045207919e-01
1.252686560607753519e+00
3.361750657078859672e-01
-2.164366135079614506e-01
-1.499205740161989597e+00
-2.452260293673470759e+00
-6.025089393930310733e-01
2.932458423524982316e-01
-8.977004677967954649e-01
3.703608362893070494e-01
1.225182977187390387e-01
-2.716263882653059403e-01
-2.305783552908229339e+00
-3.397549262443024798e-01
-1.985370759756919457e+00
4.041974944464524211e-01
-8.368485989149068160e-01
-1.559251619152800750e+00
-7.730331582470461038e-01
8.837096125890069320e-01
-2.258293981126376360e-01
-2.060607051000918677e+00
-6.717445880616419451e-01
-2.257444220299204662e+00
1.251338555866338353e+00
-8.267773676256192639e-01
1.902764282031119136e-01
1.096928643072311166e-01
-3.505428321960966098e-01
5.628866160848043643e-02
1.717648990413716437e+00
-8.265532988994808150e-01
-1.306559120948483477e+00
6.589020373387817209e-01
2.142268805057172543e-01
8.293703235595299983e-01
3.794902180250249168e-01
2.977242264053249210e-01
5.834296726797612020e-01
-5.827234099976928983e-01
-6.647839348800711479e-01
9.108612898247858691e-01
4.602549738760789433e-01
1.278929259327453050e+00
9.255449245894770138e-01
-9.102845324723811693e-01
1.245618773415613001e+00
-1.370342280359368115e+00
-1.508775310157949301e+00
4.762257653115906653e-01
-1.780558948303349931e+00
2.219864584669847818e-01
1.126614900082157478e+00
-1.281348046500475846e+00
1.248175859512368646e+00
1.113849719042763642e+00
6.719446031341758108e-01
5.295672805282244378e-01
1.956835836934328832e+00
-1.583974273876810113e+00
1.515604413358493385e+00
2.735224976087017867e-01
1.642874148105629706e-01
-2.037969555239198538e+00
7.778499999301146106e-01
-7.774509964985396593e-01
4.722665790726262580e-01
4.817489367647265902e-02
-2.500202908389553169e+00
-4.667408398164573091e-01
4.158713211999902071e-01
-9.430610558892787987e-02
2.356019467768859232e-01
-1.260787392347495484e+00
9.818231726227558132e-02
2.790032287050774329e-01
-8.977448386626715182e-01
-1.512649505070199352e+00
1.200383180023258500e+00
-1.845766210226462423e-01
-7.433677765452496589e-01
1.327830839071268698e-01
3.310873469634352251e-01
6.704941000120724359e-01
-1.373474782123690119e+00
-5.891002953829946875e-01
4.939216364805998905e-01
2.455718984256385351e-01
5.503397909064364768e-01
-1.401216669106490897e+00
1.024560735227853403e+00
-7.961311857923916158e-01
3.940111864191657709e-01
-5.479175599370910144e-01
-1.387698812554750916e+00
-1.306750507474231382e+00
6.776014811298114449e-01
-4.480411834874513666e-01
3.017035877194355065e-01
4.053252328591802067e-01
1.155080290718043523e+00
-2.584781095196319045e-01
9.273844282112406745e-01
-1.926397595730106049e+00
5.035891935847367495e-01
-4.608657464225037748e-01
-6.183810024899671909e-01
-1.419910619309328270e+00
3.387472860241909633e-01
-6.519830429720266940e-01
-7.688168423407394370e-01
-1.544205920159995138e+00
-8.809480572335400828e-01
-2.337834468688276546e-01
-1.557916692772098877e-01
-5.197130197393619033e-01
-7.547144098823567182e-01
5.912636777933314436e-01
-5.054188100106917769e-01
1.058653996908301087e+00
1.409013182026363220e-01
3.710640047579620293e-01
3.961864438727270010e-01
-1.099384494020740899e+00
3.135099629737394533e-01
2.615203301240188738e-01
-9.938743593336088478e-02
-6.840030789611817319e-01
-9.723371669724847344e-01
-5.970154716930984318e-01
1.011634348984060017e+00
-1.482190678470837741e-02
9.677112030902964568e-01
-1.357171963499106848e+00
-9.534725974342100896e-02
-2.510107758055368232e-01
-1.114730583634410133e+00
-4.505913735227173866e-01
-5.463581458947522895e-01
-1.036854909578012407e+00
1.237838547532908784e+00
8.263463488003912616e-01
1.400903927688933237e+00
2.389017497565235071e-01
1.199673417764974825e+00
-3.799701053347058766e-01
-1.738708559872167159e-01
-3.885787712784918302e-01
-6.711052800941034180e-01
8.093185855131916906e-01
6.137609114400800481e-01
1.172001762934614222e+00
-1.062137389805510423e+00
-8.062324145033124279e-02
1.001765432896535080e+00
-3.874588800783654863e-01
-8.979397943835524254e-01
8.639425989236403369e-01
5.161046072695124609e-01
-2.289212267787327448e+00
4.063992754967147847e-01
-1.041777280043476861e-01
6.489092990755320756e-01
-4.491556633108510499e-01
-1.006538036243770584e+00
-2.529719666016858048e-01
-1.917794254976041168e+00
7.496045931317535382e-01
-5.325990825008272145e-01
-1.582579294806440995e+00
-5.585700575650083266e-01
4.598307228508564104e-01
-7.605688841236919462e-01
-1.354644097243615786e+00
-1.291765051054886815e+00
-3.391125677794344928e-01
-1.408730308729368164e-01
-1.115289789123361519e+00
-7.156353748815285076e-01
2.736087457821687399e-02
-1.383864616438613103e-02
-8.857541896690650507e-01
-8.780152806063874771e-02
-2.524407256396769550e-01
1.149653063086631732e+00
1.565668355790550637e+00
-3.006451009598480328e-01
1.923524990714233635e-02
-4.261428279007044018e-01
4.120670979849241355e-01
-7.598245589351381168e-01
1.894410030466777028e+00
-9.489792872937612145e-02
-4.154486937975300220e-01
-5.729767975247930245e-01
5.479017518734798919e-01
-3.328692483100715444e-02
-8.144098162903352645e-01
-7.503498174297879020e-01
1.424663974583279424e+00
2.167374452564322096e-01
1.541543057948328910e+00
-3.715424922560355281e-01
3.798061053886659377e-01
5.861644809777998288e-01
-1.296894582262729245e-01
7.648991969917461331e-01
1.892911456256177738e+00
4.913728091158671707e-01
-7.157002516844453988e-01
3.752333709655686356e-01
-5.490287093246227768e-01
-3.447694782651223866e-01
-4.999418216686460914e-01
1.019693152598623032e+00
9.342066613621898830e-01
1.111879214582206288e+00
-2.679083635544288744e-01
-2.065491878400501413e+00
-1.699263753349628869e+00
-1.250380870797497046e+00
2.344257589823328936e-01
-7.733263218063127775e-01
1.021291187708952775e+00
6.881449718611334053e-03
6.554091225045706459e-02
5.024413160740872630e-01
-3.098843118970959765e-01
-1.470554307562097762e-01
-9.674182168691612960e-01
-2.201500653150568088e+00
-3.975808141555403075e-01
6.717719549089217201e-01
8.675025928671031838e-01
1.233516467861971222e+00
5.982820828013422076e-01
-6.696317634047004308e-01
-1.012446351576898218e+00
4.655472802851370329e-01
-1.116458003522991627e+00
1.232066211402233630e-01
5.337943187700857628e-01
1.068215067780212246e+00
